1005001464417653
1005002450868689
1005002413613777
32995309750
1005001642601328
32565040054
1005001834634836
1005002348449471
1005002497370734
1005002450546277
1005002492396480
1005002268912821
1005002191259610
1005001547572808
1005001557005326
32850450666
32850572260
32681440705
4000116353162
4000049556167
1005002488606294
32823859757
1005001436163730
1005002086536536
1005002258228806
4001045121843
4000555390568
1005001304535084
4000811051565
1005002023762844
32588885514
1005002387756646
32999453163
1005001632073714
1005001463936610
1005002444705245
1005002137194759
4000094144729
1005002273259857
1005002237676867
4001075040094
1005002226076471
1005002114893420
1005001899967882
1005002400478962
1005002170941762
4000201064535
1005002460791609
1005001930861958
4001215079801
1005002378856647
33046384133
4001240999945
32882566942
32829464721
4000899505197
32797803873
1005001609020826
4001321801688
1005002363684308
4001203882394
4000286438424
4001203965478
1005002367562641
4001094864586
1005001338611240
32728802545
4001220858364
1005001340209447
1005001731033858
1005002323246257
32430282787
32990494552
1005002362691161
32860785978
33003796993
4000807290284
1005002458309350
1005001675413159
32955982127
32990307237
1005002381470394
32818176939
1005002364028798
1005002358822854
1005002423538092
1005002380790408
4001217764850
4000309603616
1005001733603895
32956891631
4001218859770
1005001718130826
4000070970776
32763917030
32857170536
32919242805
32906681020
1005002387996442
32967188613
1005002274266148
1005002438143525
1005002427289754
32746435171
1005002259184448
4001099255678
4001253121118
33015928472
1005001629292555
4000384690038
1005001503039620
32952220490
32635732995
1005001922379647
4000216092068
4001207464493
4000832068994
32878253730
1005002239992837
4001150126316
1005002120297914
4000789295950
1005001690594757
4001060538894
1005001626825934
4001049133228
1005001836248927
4001294555179
4000720594885
32954653967
1005002443473372
1005002023083936
32890523313
32945013557
1005002316558372
1005001849263143
32856733604
1005002322020817
4000842613731
1005002310695072
1005001438790356
1005002060816522
32975565954
4000945283913
1005001703475834
1005002267318889
1005002386626879
4001221503627
1005001975836182
32995797996
1005001579901088
32980028831
1005002433253986
32998099521
1005001664493375
1005001894866886
1005001866559056
32946007000
1005002320957844
32940976985
4000027646622
1005002318056557
1005002387072072
1005002478593417
4000480065383
1005002376094719
4000781092166
4000200556029
4001244358998
4000719757530
4000594695204
32863532904
1005002379233096
1005002012238098
32997055377
32881299172
1005002465999113
1005001332228209
1005002128174411
1005002400589243
32879945864
4001090700140
32858640139
4001021399407
1005002346573619
1005002322581243
1005002275555995
4001360890919
1005002348500213
32844993630
4000386502156
1005001906966755
767354925
1005002334804173
4001272450950
1005002298113263
32841473288
1005002271031234
4000336089844
4000051026483
33016737563
33022853829
1005002058727770
1005002283075785
32878821934
4000343760309
1005002418605515
4001066567836
32933174020
1005001767208778
1005002247094279
32857008133
1005001454117322
1005001604582542
1005002483212284
1005002010935467
33003385414
1005002350507566
1005002283919570
1005001918033374
32880436857
33038446511
1005001993273326
32962706800
33004600060
4000554541395
4001062600994
32962390879
1005001484424795
1005001704196152
1005001901788049
4000534370112
4000050900046
1005002460452163
4000033359515
1005002390270833
1005002267721044
1005002318433374
1005002468141381
1005002334700238
1005002465820259
33027605886
4001036077977
4001235850768
32710072496
4000209773150
32858806797
1005001585023537
1005002381761777
1005001752337174
1005001546875996
32933881567
32580537314
1005002439746464
1005001762244655
4000395513429
32908959577
33045737609
32853733463
32379412244
1005002343577668
1005001600246044
1005002315742267
4000057472930
32903807715
1005001605696730
4001249181683
32920950120
1005002339394471
32960496905
4000533268269
32946032213
32893581864
1005001496970482
1005002290025174
4000725257439
4000052588794
1005002226222408
1005002104542216
32839110764
1005002258213826
32970065368
1005002395812590
1005002063489833
1005002038393487
4001037215464
4001163377807
32798725984
4001084997693
32629610408
1005002208345047
32860122797
32817794180
1005001810397378
1005002387142595
1005002001750902
4000440218281
1005002369505091
4000484164931
32951124292
4000411893438
4001094912503
4001039238532
4000555404221
1005002484417063
32684080487
1005001590918437
4001026822203
32952548817
1005002275795086
33008515035
1005002148564835
32801300183
1005002039849583
1005001317471012
32858850510
33016357019
32853101076
4000673337007
1005002258398043
32842016240
1005001922208039
1005002418329857
4001208288716
1005001779751866
4000480212293
1005002435966328
1872936319
1005002375337328
1005002166266528
4001121761818
1005001450761656
1005002314099005
32878153454
1005002323280462
1005001887562682
1005001924136393
4001202176614
1005001824937768
1005001819052684
32626093987
1005002434629023
32832463629
1005002288397480
1005001292574279
1005002217952697
32956465385
1005002394676305
32606533233
32893424805
1005001908457834
1005002378400713
1005002341412959
1005001869404330
32903460313
1680427553
1005002211480352
1005002007874178
4000269269527
1005001821525986
33020092908
1005001876827113
1005001514786651
1005001278009099
32759904440
1005001762452205
4000893418320
1005002339153718
32868384875
4001263524567
4001365378453
1005002336804835
32838526634
1005002315989671
1005001468132935
1005001908963118
1005001648878971
32897941939
1005002069189942
4000864856583
4000196830878
32840792611
1005002094465554
32645945189
4000167543106
32851180468
32958477756
1005001331402273
1005001962757900
1005002279305570
1005002292805074
4000093021510
1005002490488037
32825539803
33009236128
1005002168296156
1005001546540059
1005002314419037
4000901336637
32806115353
1005002389027658
4000365588085
1005001667803077
4001021896095
32717413716
1005002052552447
32998617623
1005002450086585
1005002428055643
32741947789
1005001704921268
32979586020
32919630122
32610593168
1005002495026148
1005002288262527
1005002334895661
1005002494249273
1005002447022268
1005002426627589
1005002347055635
32952940358
1005001997076937
1005002401230809
1005002461861108
32970013002
4001255472595
4000745013153
1005002280857828
4000701158285
4000770329237
4001244255929
32912503530
32749935019
4000760584745
1005002289930874
4001275094334
4000354968826
33013259866
1005001960522859
1005002255173369
33033365123
1005001361311538
32637683389
1005002253421651
32951340206
1005001332945879
1005001338630861
4001022789351
4001000054525
32970127503
1005002274055129
1005002346304488
1005001570563395
1005002447835797
1005002426238596
4000310352874
32917819320
4000595214807
33000533815
1005001483486013
4000245909955
1005002058531001
1005002234348453
4000447536324
1005002329091611
1005002006395840
1460674543
1005002352099987
4001025870139
32915045206
33009536405
1005001809984199
32858707729
4001307712571
1005002321337378
1005001830826034
1005002019539835
4000546034525
32989396680
4001091542781
32896927068
4001166210604
1005001652909621
1005002284509243
1005001693328549
1005002364876076
1005002375421692
1005001709652384
4000693368683
32930952375
1005002262283619
1005002305785546
1005002348873612
32827779319
4000850552657
33022544771
1005002499958656
1005002318383326
1005001289676532
1005002311168603
33017943393
1005002338000202
1005002074317932
32973960659
1005001518186869
32797667614
32921854930
1005002175058578
1005002320596499
1005002286605798
1005001439836173
32948288666
1005001781790676
1005002273635095
1005002352048232
1005002385677641
1005001321646963
4000039405584
1005002253741303
4000820576678
1005002417061741
33010752811
4001147091084
1005001324680444
1005002261284873
4000505406061
1005002342132088
4000473776583
1005002303797188
4001273356162
1005002345396765
1005002400528058
32868220621
1005001840622999
4001263449610
1005001688397470
4000770245138
32839434846
4000586283242
32953846818
4000694031994
1005002389060599
4000935604117
1005001770573007
32742591057
1005002029352386
1005001829166940
1418219050
1005002341292590
1005001782309519
32994573228
1005002481459755
1005002207670884
4000857406737
1005001329855414
4000233401985
1005001576068849
1005002054514648
1005002369469868
1005002166243226
4001264951718
4001033702703
1005001462203806
4000035897144
4000328092292
1005001490782484
1005002387253523
1005001821741650
1005002434752269
1005002196304184
1000008323805
1005002270184626
4000075552728
4000352811286
1005001470900184
4001067068540
1005002362772033
1005001954059622
4001030154279
33018865916
1005001465237189
4000001631726
1005002424181722
32975559970
1005002052422030
4000333824303
4000301910610
32785371604
32899260268
1005002424025999
1005001608929344
32968192746
32955677693
4000170483643
33046016742
33005988427
1005002495606353
32934295082
1005002277628751
1005002021476766
955439075
1005002420587729
1005001619021012
32900892552
1005002292569232
1005001386965039
1005001809623580
1005001531571572
32848578365
32996805391
4000704751798
4000182113236
1005001658250562
4001270086266
1005002011582471
1005002061052591
4000895645571
1005002458783895
1005002345196067
1005001672323676
1005002252287908
1005002417195605
1005002202171050
1005001535930354
1005002443646851
1005002052138198
4000842296457
32981796389
32970038336
32861187888
32942129517
1005002427905145
32837891560
32866976676
32779332864
1005001369958901
1005002166159900
1005002406020900
4000627018978
32772719392
32809321178
4001278958395
1005002380832443
1005001303541110
32961938339
4000623279277
32904981049
1005001725613602
4001208847454
4001340217726
1005002333677355
32835097675
32938817789
1005002336283137
1005002440882225
1005002333918338
342672208
4001115868549
1005001923803992
10000103633959
32611228830
33010970529
1005002331817126
1005002205235114
1005002320265918
32946266337
4000832300825
1005001639332906
1005002167372305
4000330102996
1005002453766734
32982414058
4000761066495
32995867879
4000800882379
1005001413141997
1005002256096851
1005002290949556
1005002315379310
32918526122
4000719816855
1005002281514904
1005001735476035
1005001645453067
1005001519422507
1005002304449991
1005001507697419
1005002304443491
1005002454430160
1005001896620878
4000279751613
1005002491368372
32968905426
1005001482600261
32212067919
4000703991315
1005002252623416
1005001880772812
1005002347028987
4000589052357
1005002386614997
1005002487058690
1005001655006219
4001327506146
1005001638225194
1005001525478148
32375933646
1005002167904011
1005001376536280
1005001398198589
33028892616
1005001518597821
33020984801
1005002305342264
1005002366170110
1005002233913899
1005002320942947
4000029259389
1005002328590061
1005001614349528
32883465201
1005001439117722
4001120121255
1005001504387921
1005002046674059
4000955793592
1005002443150156
32820125238
32918924865
32950524405
4001139184177
1005002196603252
4000041415198
1005001670713771
32830576239
32989911166
1005002263604047
1005001638475701
1005002089161903
4001093892964
1005002129870711
1005002224254522
1005002286588326
1005001624948261
4000876816237
4001106427331
1005002274137571
1005001877551425
4000183942444
32919171880
1005002268871375
1005001976035998
1005001516005107
1005001370117761
32966847910
32971157791
1005002245897626
1005002313372355
1005001954178031
1005001424452359
1005002213662622
32956742930
33004285380
4000876493799
1005002352825392
32888480053
4000589937698
1005002271639186
1005002361693872
4001140056954
1005002211875767
1005001829568482
1005001505674501
1005001679225883
10000334330274
1005002265702225
1005002204810388
32385176713
32863451685
4000971818223
1005002449755311
4000801302228
32805638862
32862844074
1005001626650069
4000318597703
32524940527
33005524478
4000727595090
32974656631
1005002482913669
4000655900157
4000811643727
1005001671612303
4000905560085
1005001692826274
32819999079
32915953628
32969798134
4000186565105
1005001705976457
1005002053235310
1005001694998792
1005002495978281
1005001867419197
4000458129372
32813542009
4000089597190
1005001494582229
4000235160677
4000576261977
33004549412
1005002429029195
1005002007356008
1005002278585947
1005002028009208
1005001485408153
32898887767
1005001679065402
33053215393
1005001441469355
4000026375142
4000602780897
32932564525
4000909745066
4001057266986
1005001803462864
32904787350
1005001780564683
4001111654031
32610636215
4001275370450
1005001810394293
1005001762404111
33044121537
32949803246
1005002034586515
1005001800630840
32906119027
1005002001605558
32636192836
4000712895819
1005002428064514
32847147098
4001288038637
1005002259010710
1005002380839229
4000341227998
33018041067
4001217395074
1005001709099295
4000433473598
1005002363109291
1005002355586364
1005001599858893
1005001967137205
4000805429076
4000555890434
10000277500602
32892008883
4001245798390
4001227417888
4001340384878
1005002431302941
4000194936797
1005001506446176
1005001577556900
4000972244936
4000905650933
1005001966513354
1005002336263653
1005002279513185
1005002312817672
1005001403666141
32900885621
1005002046504054
4000594918299
4000671700941
32813323457
1005001899580997
1005001369023153
32799496152
1005002073857789
1005001629323111
1005001455888391
1005002212359284
1005001693321253
1005002499676877
1005002408460493
4001337968324
1005001699141092
1005002014289084
32831516945
1005002417096079
1005001461875985
32921272964
1005001295548693
32916074970
1005002281993045
1005002406419579
32884728111
32800888834
1005001694987146
32657732604
1005002185416423
32854759731
1005002360131625
1005002171691486
1005001953790543
1005001633171123
4001057829790
33025249293
33040535964
1005002293451060
1005001399180685
1005002311363012
1005001596432087
4000460691883
1005001580831943
1005001370774250
1005002364249564
1005002293763245
1005001453039007
4001155334695
1005002122377605
1005001884362858
1005002243298581
1005002349157916
1005002316553730
32986507850
4000926238790
32864904139
32974722543
32963478800
1005002094360101
4000600488017
32611344303
1005002218919882
1005002291879393
1005001928910862
1005002443566166
1005001771077043
1005001731398702
32970172152
1005002315863562
32858187823
1005002248561819
1005002265127907
4000823000412
1005001781593802
33052496280
32805301415
1005002288945833
1005002156667584
1005001872667326
4001271871528
4000631924497
4001041685452
32883409786
1005002405461814
1005002101755926
1005002396319282
33021405506
1005002462614134
1005002376675196
4001364576443
1005002302202855
1506451917
1005001450096875
1005001386888155
4001097932664
1005001830632865
32996931187
4000823100363
1005001648343605
4001334701389
32920511828
33026757179
1005001713533332
1005002314064320
4001228678087
1005001694958404
32974440952
1005002003209629
1005001528547794
4001267983842
1005001930799974
32925999892
1005002371395984
32580885448
4001230395290
4001240081828
32835673162
1005001886128710
1005002003447928
1005001512120173
33027035284
1005001611620911
1005002031008209