1005002316876542
32908583902
1005001465392497
1005002293287127
4000058900483
1005002124314995
1005002231957631
1005001979943756
4000955638800
4000127805607
1005001504355836
1005001314368562
4000992959290
33055604655
1005002165854676
32983880412
1005001829761108
4000849684974
1005002336634258
1005002410366082
4001282836165
1005002246683890
1005002355801793
1005001325636639
1005002359174649
1005002063620633
33048463911
1005002080562973
1005001780384202
1005002244458448
1005002345932010
32444161758
1005001334789054
32291055630
32893738024
32840726422
32788899812
32994472318
1005001851383384
1005002116503902
32987898356
1005002399076438
1005002351504152
4001244727183
4001152598001
33021992994
1005001524191089
4000712519387
1005002313391675
1005002241829580
1005001894228610
4000720237317
1005002304316777
4001238244695
33031851675
33013070998
4001264043053
33013643075
32951269168
1005002341574082
33044167720
32944208448
1005002341155101
1005001762865605
1005002186799226
1005002384115687
32996312300
1005001798463470
1005002364697893
4000243767059
32977155568
1005002088002123
1005001326111674
4000760602594
32816700728
1005002359514736
1005002346029939
1005002123633947
1005001704584510
32871938117
1005001280274289
33039989016
33013726269
4000114230360
4000956129863
1005001264758543
1005001351943267
32918916411
4000604550441
1005002458573738
4000221221332
1005001689609496
1005002315600999
1005002317320590
32713622901
1005002254779483
4000611134529
32797933248
32810042427
1005001342903661
1005002271734464
32977821398
1005002122434216
1005001491281511
32908272292
32991164181
1005001847276649
4000112360578
1005001323308323
32852587525
4000929367557
1005001793052501
32822932045
1005002284046612
1005002224081989
1005002293219358
1005002291137022
1005001505312362
1005001984976810
32377368801
4000196726673
1005001851147384
1005002335100241
1005001602702646
32817375625
4000424388785
4000655879359
32961635729
1005002361556355
1005001719244975
1005002336857159
32814742880
1005001441356347
4001057500952
4000763135668
1005001307518471
32831708006
1005002365039056
1005002115266615
4000385937598
4000756129249
1005001860210617
1005002492605480
4000094571872
4000163469648
32880898958
4001110320855
1005002307526721
32965091880
4000393132027
4000961546534
1005002132599079
1005001873193918
32963607766
1005001348181299
1408528579
1005002464848446
4000236547252
4000196281685
10000142397610
1005001541332400
1005002345102286
32841787703
1005001653895102
32966294761
1005002077678453
4000035019059
1005001975618540
1005002051758906
32862427592
1005002378978086
4000822292822
4001138616455
32847109532
4000735466758
4000528839905
1005002287221293
32835214626
1005002365236485
1005002388079779
1005001868656012
32914684071
1005002301875848
32697759075
1005002219846553
4000957391302
1005002412033208
1005002277786919
32688857086
1005001958826183
1005001962837388
1005001500485074
32906984905
32809370319
620423064
1005001560857468
1005001722618826
4001130975546
4001334640866
33011072999
32882594422
1005002452572929
1005002282760537
1005001610539270
1005002282411143
4001300205379
1005002395284555
1005002122438792
1005001793814600
1005002310060622
1005001651572328
1005002095651185
1005002475393123
4000266458360
32961774185
1005002111564015
1005002111247524
1005002012417709
4000216976584
1005001860489755
1005001731279961
32869764584
1005002303992104
1005001998343762
1005002422749182
32972689269
1005002393927041
1005001619824501
32917465091
32824492882
1005002255016089
4000286145875
33001610103
4000945651089
1005002323113672
32947964378
32242699155
4000563945296
1005002341886772
4000758050456
1005002252564168
4000960651429
32913834678
1005002443330703
32886457142
1005002332439483
1005001874595324
1005001962022111
1005001333516302
1005002053340717
1005002372401458
4000396714368
1005002028155839
33059816244
32821311941
1005002483148707
4001014815556
4000534023773
4000889738867
1005002256311288
1005001846038148
4000394087402
32721970668
1005002298184941
4000061072382
1005001572097754
4000024568515
1005002134283766
1005002306953039
4001189254312
32946317165
4000301217947
1005001855557522
1005001591496704
32850608900
4000979225092
1005001885255040
32823375474
32729677884
4001115238918
1005002295820094
1005002369546345
1005002473562493
32846014004
1005002475399765
32830438094
1005002055999095
32816733813
1005002268470978
1005002388214891
1005001844124398
1005002406235988
4001221981654
32534095824
1005002357522909
4000240166986
1005001693278706
1005001664964409
1005002012802330
4000109537925
1005002333029717
1005002256016770
1005002483286705
32991450187
32815108692
4001215249784
4000962013458
1005001850024391
1005002389473680
1005002483123219
1005002181349597
1005002356208308
4000444152439
1005002363967790
32979151267
32915584267
1005001486921858
1005002347540427
4000084653903
1005002304624528
4001310691909
1005002291522583
4000460458516
4000773851302
4000215559746
4000997019909
32688047015
32557561239
4000505352392
1005002246626643
32553737896
1005001960358730
4000123093075
1005001334476993
1005002054025338
1005002007863913
1005002394801191
1005001785924152
1005002293454682
821215997
1005002083912134
1005001580236063
1005002275775863
1005001491121244
32875387762
4001141606512
32998979466
1005002351999343
1005002119364752
1005002291687096
1005001818883650
32585112950
4000643217156
33042062057
32671768391
1005001524062220
1005002286855409
32618760103
32982305899
4001363769695
4000987525005
32820628353
32463512334
32867248600
4001198171155
32899936335
1005001830476097
1005002271954127
32962702472
4000994063730
1005002443136238
1005001625312354
1005002435217413
1005002278275058
32934995036
4000537048533
1000008079499
4000230413310
4001034462000
1005001917900253
10000384992357
1005002426168016
1005002286820858
1005001645486764
4000244896758
1005002350648815
33024778103
1005001929541555
1005001965760086
32968707651
4001066349302
4000019389558
4000916886682
4000423935405
4001242451803
32870088403
1005001381392121
4001286957467
1005001285870489
4001027209276
4001344966087
1005001797093345
1979614430
1005001671059298
1005002219186979
32537599283
4000865311075
1005002360266924
1005002386826668
1005001305939323
32837023263
1005002436138493
4000966331246
4001069607285
1005002220258737
2031087637
1005001329826008
4000532226610
4001061777024
1005002210873788
4000145855794
1005002443788932
1005001889632827
10000235498944
4001247697664
1005001869653157
1005002038491621
4001228709171
4001013809700
1005001769180175
33010074730
4000902028199
33014259108
4000218800893
1005001519611739
1005002182377987
4000732948795
1005002193777805
1005002288292157
1005001482713377
1005002259955082
4001254334444
1005001670820520
4000061307057
1005002306103698
4001225187195
1005002280913047
32893872331
4000812304750
1005001309361202
1005001743575722
4000278453594
1005001525316932
1005001713805939
1005002317556163
32976966018
32324260257
1005002316660982
32689161027
32987071793
4000817294303
1005002427770051
33003622352
32988428233
1005002485488061
33011165169
32998642331
1005002304035947
4000983497930
1005001588342569
32978023871
32623600791
32990211656
1000001548401
1005001686060467
1005001311110000
4000035520784
1005002072152918
33006209300
4001061827835
1005001649058119
1005002206432200
1005002352388370
1005001764064074
1005002317662054
1005001274281195
32822657758
1005001930749105
1005001881798765
33026906137
33044846414
1005001725916258
32848903497
4000641272141
32992115605
4000996476518
1005001519994222
1005002306792099
4000700086384
1005002433914116
1005001382323071
33042954525
33039534099
4001331513519
4001223333480
32938265432
32710689248
1005001430134502
1005001883158533
32979840185
1005002100792863
1005002139684686
1005002350367421
1005002277342730
1005001470894186
4001232856312
32960710533
4000118586337
1005002474451159
1005002205520930
32617889062
4000396380002
4000781855227
32975655966
1005002281978046
32537009688
32456400884
1005002314289573
1005002350767858
4001358886105
32790901507
1005002371578722
32827389709
32924981734
32959866304
32954361341
1005001971344613
32851011451
4000481702252
4001158449653
1005002371790919
4000230913188
1005002375272557
4000894750868
32681790174
32919414394
33028600816
4000618973641
1934411181
33021663924
32882041086
32995667446
32919360494
4001003566086
1005002477790673
1005002303344252
1005002217504624
4001350843483
1005002411564456
1005001501221686
1005002330871069
32997120104
32974018554
1005002245778987
1005002319642479
33054001161
1005002444001055
4000420393591
1005001502937134
4001105769281
1005002359474193
4000028335899
1005001381167473
1005002492661390
32809421148
32809136103
4000173188684
4001271437383
32922973805
1005001515881713
1005002292078257
4000405381511
1005002317056938
4000970724686
1005002495507915
33051579810
1005001733255210
32615200697
32952159707
1005002406240922
1005002143499575
1005001640435472
1005002049543086
4000336856104
1005001762338751
4000965166646
1005002446881375
32806335884
1005001822201187
32918375062
4001014400073
32720008209
32727836258
1005001308371759
1005002434713514
1005002054568974
1005001954676115
1005002346950306
32841070743
1005001798543865
1005001844111649
33000713310
32918023765
1005002297992818
1005002240221575
1005001835834143
32868000940
1005001515921280
4000321199144
1005002352530017
4001228475472
4000890715894
1005002124023184
4001317681526
1005002314275284
4000082958661
1005002254864627
4001119471918
1005002073620784
32613259998
1005002363472325
4000342247732
1005002351353826
33025908410
33020597462
4000696212518
1005002091147849
4001006791903
1005002396229694
1005002319080506
1005002272026840
4001068914960
1005002064827314
4000523732732
1005002210788237
1005002147185086
1005001699323472
1005001653159025
1005002312679828
1005001515322217
32953896778
4000202613495
1005002477761745
32233345195
32631800771
4001044151424
4000482656799
1005002294132303
1005001277770365
33053581417
33010499398
4000979657036
4000084399535
32903102978
4000732864864
4000028973420
1005002329584705
1005001581371714
1005001935591332
1005002305341055
4001085649188
1005001719113958
4000245896920
1005002315983473
32899577793
1005002144959863
1005002275848542
1005002275716114
1005002342546629
1005002398358827
4001241754475
1005002467660664
1005002034508617
1005001877224922
33020928464
1005002286349061
4000544444557
33052181642
1005001929578616
4000682421210
1005002482320828
1005002337912647
1005002253499133
32851187151
1005002124945344
1005001786527241
1005001498557498
1005002399878366
4000832695932
4000656380691
4000155479433
1005002331747461
32510946527
1005002241253685
32981208260
1005001528505351
4000902589078
1005002272247245
1005002334017985
1005002383805030
32761846944
1005002305148398
4001230601641
32929368223
32846675915
4001156810455
32967518971
1005002043333978
1005001456095024
1005002291262179
32746319041
1005002358301444
4001174001140
2036663913
33029159880
33045481171
32556340953
33049189208
1005002340558421
32855521629
1005001763261267
1005002333515652
1005001579934485
1005001695061143
1005002460756495
1005001608722791
1005002467711408
1005001622256475
4000711639244
32705069959
1005001850574266
32951594046
4001220649830
4001278978134
32831628086
1005002460704002
4000415492837
1005001901077253
32955068388
4001204549959
32984795500
32848560436
1005002337105522
1005002378898120
1005001616817324
1005002228517973
1005002443177121
4000784427957
33010135378
1005002434083778
4000808053871
4001320552237
4000336638079
1005002292982534
1005001384170713
1005001860156179
1005002322210660
4001147291596
1005002259361772
4000910424868
1005002375039096
33034412051
1005001688957754
1005001505266852
1005002337005399
1005002032822697
4000224538518
4001316813868
1005001386363454
4000509400166
4000961373503
32889795020
1005002029494746
32379755084
4001013568503
1005002220355807
1005001998648172
1005002405277116
1005002302742032
1005001423041652
33049762025
1005001870068075
4000030765809
1005002355934682
1005001779934035
1005001793142465
1005001665177780
1005001987735357
1005002302698663
1005002334729511
4001163796419
4000064850284
1005002425543207
1005002260116093
1005002150152482
1005001869397947
1005002213534920
1005002487445877
32993225251
1005002270295768
32883495796
1750113704
1005002473722971
1005001862838048
1005002383278955
33001922765
1005001473681411
1005002106189557
1005001405918100
1005002220542239
4000785768210
4000181579085
1005002318696910
33027505935
33040831690
1005002329298802
1005002347321877
1005001937458894
4000287503334
4001183493023
1005002363634851
1005002227917208
4000156059254
4000145680376
32854388010
1005002180721703
1005002003526042
10000377651392
4000583510759
1005002398385012
4000963569678
1005001499972030
4001235749499
1656555792
33004274084
32997558761
4000453862660
1005002280883566
32551772668
4000186079099
1005002171721152
33049593632
4000944995945
1005002417928594
1005002055742256
4001061705792
4001090456240
32853311663
33048643496
4001032277218
4001053921034
32608987661
1005001612313315
1005002333633136
32790481621
1005001780702418
4000521556270
1005002219769174
1005001767805679
1005001830471763
10000397747199
1005002305546671
1005001726647108
33032288888
32796499081
1005002339261773
33037477335
1005002287811515
32986952137
1005002318706308
1005001771021056
1005002324384618
1005002344017830
1005001789001800
1005001540755024
32878384472
32898048315
1005002347181509
1005001834500766
33028442007
1005002440689193
4000563669768
1005001923325514
4000456732784
4000973202995
4000334364370
1005002484767710
32969761152
32794329099
32967364904
32876292875
1005001762507294
32833757639
1005002314593450
4001340505206
32890614613
32886074613
4000807408893
1005001351076430
4000752613454
1005002265056750
32926403340
32685130643
1005002122552328
1005002073884516
33021712958
32810678358
1005002138028842
1005002397642949
1005001862876905
1005002319292749
4000168022882
1005002166975722
4000661037935
1005002276974817
1005002353508925
1005002347111282
1005001529384003
32908462339
1005002114976955
1005002255284430
33043202989
1005002343218050
1005001631468755
1005002275813723
32951597589
32835887989
32839305765
1005002399022197
1005002229432436
1005002327228534
4000258465575
32808716849
1005002221867841
1005001849752355
4000179549735
1005001834735253
1005002286942752
1005002450501974
1005001417392386
4001230446025
1005002233289922
1005001450499838
4000096396880
1005002162223183
1005001682166793
4001094590482
1005001682818431
32287073735
1005002300860996
4000200485071
1005002245310554
32868337523
1005002168861859
32695536756
32969964361
1005002232049729
4001272379339
32999478644
1005001721619474
1005002466529982
32914545291
32888666556
32975871766
4000354928130
1005002319096796
32974692913
1005002318190298
4000377578746
33054465894
1005002347259080
1005001362573674
1005001489069258
1005001992526272
1005001793046765
4000020760979
4001265578530
32486957616
32980770230
4001014381095
4000104260488
4000214135797
1005002427294475
1005001569686691
1005001413615323
1005001352555653
32972969952
1005001929025058
1005001885577422
32583413147