32975547716
1005002313990061
1005001930830872
1005002314267753
33009321998
32823632833
4000117332259
32886754613
4000256389207
1005001644063981
4000760874466
1005002296725882
32362985986
1005002459920671
4001338434506
32887175751
1005001921691967
32851853696
1005002265228789
4000784634123
4000317059614
1005002212225969
1005002045930585
1005002317001392
1005001872114505
1005001966469399
1005002449812414
1005001557727916
32982622315
1005002400403378
1005002185854865
1005002299365662
1005002314227429
32849963298
1005002283385657
1005002327292852
1005001365709721
1005001928874260
4001065913306
32604387410
33013397706
32790721428
1005002238724535
32840367789
4000504097614
1005002397792530
32970182729
1005001708719681
4000910276009
32812318305
1005002400089878
1005001397701759
32882548952
1005001977129670
4001186228809
1005001943003228
10000293433495
4001251907482
32953449096
4000801237068
1005001763728644
1005001487347703
4000838427798
1005001635118516
32578207791
1005001905943164
32834942123
1005002333908066
1005002474927598
1005002371618078
33051707159
32996158226
4000071863068
32954756678
4000479091116
32699173602
1005001933820950
1005002322740103
33035530866
4001022787881
32961374843
4001295095294
32898716148
1005001645322656
4000109884115
4000216052655
32987698335
1005002262244340
1005001693625716
1005001749162106
32680392217
1005002312622203
4001063452065
4000227453375
1005001844472321
4000865299765
1005002281603160
32851961217
1005002253084387
33034607419
1005001683759307
1005001804421501
1005002460108792
1005001874259185
1005002258924731
1005002212674762
4001198468340
32407647344
4001079431978
1005001447177843
32997795067
1005002348849605
1005001619747669
4001214234617
32909642988
4000863233760
33006907128
32854756790
1005001652169663
32953795330
1005002095130722
1005001927700264
32313386242
1005002221797955
4000277894605
1005002374871646
1005001872811083
4001052688025
32833596705
4000094596661
33027804690
4001358681333
1005001633646701
32962879120
4001192733420
32600565215
1005002454367121
4000804895870
1005001488964382
10000051786093
1005002487981979
32920835264
32853403656
1005002224787774
1005002440133582
1005002316244249
4000203386991
32913056604
1005001489083595
1005001506006343
1005001894688126
4001020401477
1005002341216887
1005002283307775
1005001398238898
4000489447347
1005001732930104
4000833250502
4001113100609
1005002271366258
1005001334075225
1005001998572750
1005002313005560
4000912456597
32894360617
1005002281946239
1005002414570766
33036959470
32983148870
1005002359151257
32852623754
1005001526361696
32898987118
1005002145949572
32819481635
1005001462248007
1005001855047612
32992545683
4000278341021
1005001334508553
1005001868430818
4001135756383
32926510498
32830651048
1005001520276641
1005001670946454
1005002345005082
1005001364166333
4000345182217
1005002307387803
32981261261
1005002400856898
1005002318958513
1005001966166936
1005001707940195
1005002286941658
1005002421441342
1005001456803958
1005001737076777
32964663945
32871387369
32652669926
1005001731147481
1005002483537814
32908452249
1005002468893990
4001327537635
1005002286703817
1005002250591458
4000223511694
4000816134236
4000142336545
33026997448
1005001833685852
4001085293754
1005002275899931
1005002341788279
1005002129729385
32865622846
1005001495827222
1005002369147085
1005002481748393
4001145379341
1005001690325694
1005002317642381
4000408176410
1005002331155622
32865935172
1005001375611608
32958125375
1005002039886129
1005001947831120
1005001947942330
1005001480261745
32740102553
1005002427395655
1005002302373560
4000778932037
1005002347975848
1005002352071772
1005002253730887
1005001587470717
1005002062912744
1005002427762556
1005002387585211
1005002171578071
1005002327526307
32833606737
4000158299297
33032308905
1005002393225797
1005002477692439
4000188809247
1005002310082532
32961345600
4000155349654
1005002291392487
4000478515946
1005001491115323
4000749320933
1005002313775410
4001057253230
1005002198121745
4001295189057
1005001840321527
4000393434876
32815139584
4000318385516
1005002459404318
1005002475797143
32791622565
4000884971094
1005002091429494
32369692240
32953936352
1005002430594803
1005002377368113
32857178239
1005001485692049
33040681152
1005002027941367
32871514669
1005002318882038
32962215375
1005002328131490
33044489536
1005002137477003
1005001551845919
4000726286883
32856828311
4000297405695
4000378929476
32753419526
1005002138961700
1005002166618908
1005002059794931
4000429622210
32986039418
4000694135812
1005002305082945
32948769199
1005002417512353
32948242219
1005002468471934
1005001693975150
33007383302
1005002340061830
1005001447452565
1005002342477549
32952894453
4000291816107
1005001786709954
1005001844742902
1005002422698892
32968087310
1005001792814314
1005002125808673
1005002304470257
1005002319296105
4000630976367
32857483186
1005002171050730
32893884836
1005001446811700
4000778899044
1005001645428406
33053440055
4000776424297
32622593587
4001050024104
32981567731
4000813565524
32400988673
32839653840
1005001885734963
1005002347886846
4001018911988
4000661013375
1005002355336172
1005002322674994
4001349190469
4000926842724
1005002368075579
1005001608972318
4001079497224
1005002319168218
1005002318657063
32996311650
4000780261902
1005002333075478
1005002310818698
1005001456695505
10000395848954
32535982882
4001080674139
1005002300066743
1005001886137483
4000153067613
4000945101936
1005002243937899
1005002206014604
1005002328395898
4000105050627
1005001863079622
1005002432030231
32883515845
4001054037151
4000372186277
1005001789714245
1005001504795996
1005002332640886
1005001518737763
4001166637551
4000629236365
1005001966207073
1005002273005046
4001014501683
1005001894095376
1005001915140966
4000842857706
1005001710329118
33058921529
33009437656
1005002394977163
4000046873257
1005001965855134
1005002269131219
32922426056
1005001867215818
32659240568
32989889284
1005002345242007
1005001977972965
1005002334987287
4001271547467
4000862756789
1005002359254207
4001134591087
4000737250783
4000271570284
10000395875867
32849022374
32936349284
32997883204
4001205118117
4001360672765
1005001999993959
1005001709913321
1005001703574286
1005002218936729
32921803954
1005002345501141
1005002450120477
1005001621038368
1005002370445930
1005002317397163
1005002307202497
1005001695923777
4000539674721
32912943666
4001185978428
4000516533775
32681944970
1005001709644726
1005002302708417
4000999386037
4001127322501
1005001387347897
32940632958
1005001870437588
1005002443262947
1005002287228131
1005001639703786
4000163681118
32263424706
1005002289422942
1005002198690594
1005002034124064
32827891719
4001160730042
1005001950341286
1005002346428854
32953860373
1005002289761435
4001171753148
4000402339756
1005002301164447
1005001899889330
1005001325996131
1005001481582017
1005002072371810
32853093095
1005002325035609
32884074718
32924779588
4000670625283
1005001273923668
1005001604034030
33007034793
1005001452228248
4000349080980
1005002393006189
1005002246951185
1005002136458232
1005002450770507
4000273997463
1005002464916664
1005002412201823
4001157101526
32855152519
1005001894738483
4000990885466
32969442326
1005002427614965
4000626120781
1005001516899044
4000661257713
1005002326439958
4000543736165
1005002358368306
1005001837865192
4001302265450
32873759274
1005001671219538
1005002476110392
1005001835469419
1005002314341091
1005001549213010
32813332846
4001350760612
1005002357412146
1005002342227948
32773906930
1005002323263466
32871555692
4000079800615
1005002339994975
1005002330427703
32845181164
4000282564860
32847978819
1005002129309062
32778469397
4000959256801
1005002466590918
4000989069461
4000066704410
1005002341631103
1005001576521957
1000001702811
4001209349886
1005002363625011
4001318740325
1005001908627344
4000472671212
4000938412408
4001022328030
32919139748
4000467561470
4000693239264
1005002055736799
1005002233163377
1005002239588555
4000334998017
1005002339213208
1005002340471998
1005001338024805
4000908532006
4000960647245
32851859444
1005002304979067
1005002351295896
1005001430713990
32882922649
1005002312179219
1005001512902379
32922569774
1005001356361361
1005001726232501
1005002281570823
1005002313386222
1005002239325677
1005002275321165
1005002299101512
4000448479073
1005002191687234
1005001930853796
1005002277480304
1005002449244603
1005002022898753
32854525786
4000878123494
1005002439866747
32432638493
4000934792085
1005001629649009
32962356808
1005002231651856
32937150192
33011598563
4001140646854
32974338662
1005002409537076
4000798117644
32831143989
1005002142791500
1005002439356149
1005002490613712
1005002488597482
4001201187625
1005001422481351
1005001835294147
4001264525418
1005002287960190
1005001454073938
4001122906421
4000923141325
1005001561594567
1005002249454426
1005002498399815
1005001851050788
32877056898
4000165833089
4000685142495
1005001813426916
32723479466
32788569128
33010053165
1005002351075339
1005001301927437
32744661563
33043692654
1005002185271875
4001247191067
4001065372446
1005002468038094
1005001692564000
32672900591
33023386079
4000687783883
1005001833960929
4000774941436
4000850482244
32995828532
1005002198022117
4000544367603
32835843699
4000385807634
1005002344172312
1005002103772252
1005002259559753
4001278625006
33034831432
33008682611
4000160012093
32813999188
1005002223972320
32881986279
32810447249
1005002303662198
1005001957491450
4000382611959
32965241192
1005002250336921
1005002244722462
4001016605753
32657597739
1005002150919139
4001276435593
1005001914589003
1005002451225411
1005002384889634
4000283919339
4000551133219
1005001479965211
4001005654511
1005002322577184
4000712630719
1005001864291101
1005001645610873
1005002397445556
1005002123371334
32953678508
1005001630750393
1005002363983299
4000829306706
32884556754
1005001515028288
4000989820490
4000076567554
1005002233189716
1005001579965867
10000396728001
32378789533
1698992965
1005001621045332
1005002484686981
1005001745420455
1005001705506333
1005002319051793
1005002357489664
32920555871
1005002253211995
1005001665795548
1005002233414511
1005001490729015
1005002287758931
4000299972148
32698990419
4000087188891
32854724145
32869131662
32888001909
1005002490196650
4000979929823
4000626823872
32956375618
32834918637
33000483459
1005001861104122
33054356448
1005001317470657
1005001489026678
33008492765
4000334005286
1005001703197805
33040282089
32995509358
32819248277
4000263027725
4000918240961
4000959576056
33011899778
32820649454
32305696622
4001117981505
32679241233
1005002281505321
4000957537433
32811436015
1005001482919090
32780045922
1005001580981976
32884360826
32983112008
1005001570367967
32819511898
32938285250
32882643204
32641264761
1005002440101922
32989115974
1005001733933452
4001110774770
1005002312798272
1005002314822444
1005002152136833
1005002053652628
33044571283
1005002382338012
1908301244
1005001598442180
1005001456822373
4000036127175
4000189863144
1005002324615736
33061274792
32918748928
32818289409
4000552974592
32955609131
1005002116567437
4000619730945
4000857503957
32802292254
1005002213638293
1005002413128800
1005002482917528
1005002451148141
4000620636452
4001288073090
1544520899
1005002287121548
32884500034
1005001705204719
1005001525294713
1005002211146900
32805269605
32674121744
32820749178
1005001989079620
4001251585722
32832171512
2026367811
4001064091811
32800996170
4000120953553
1005002428191094
1495185068
4001267494395
1005002254126907
1005001467362969
32994693343
1005002348649108
4001209155705
33015823591
4000287160902
4000135819412
1005002314379270
4001167540811
1005002256869165
1005002447464993
4001031816365
1005001497526107
1005002126225406
1005002401167594
1005001602641322
1005002181062506
32798113883
33000818625
4001025728275
1005002174467881
32816421097
1005002372299513
1005002306670207
4001294143768
4000714178856
1005002428733403
1005002273080232
32992293303
4001346215629
1005002239567437
32305743524
1005002333558282
4000289674475
32818617693
32861701445
1005002260229420
32978135879
4000459107918
1005001596936978
33027163113
32849693364
32869488869
1005002387961148
1005001961019520
1005001516281617
1005002314487027
1005002386884772
459718330
32919087504
1005002090351182
4000204452566
32478862738
1005001452958257
4001159492980
1005001953508646
1005002007199177
10000055707360
32803352376
1005002341466959
33018621103
1005002310688599
1005002310064447
4001290868720
4000401549721
32898210559
1005001868427042
1005001789148505
1005001494221737
1005001507182745
1005001349425382
10000005983040
32837458047
1005001948823458
1005002433507311
4000041739829
4000499926641
1745978823
1005001633262030
32853692445
33000497847
1005002488454402
33012566037
32974995713
4000038063101
1005001722180396
1005002427899163
33002018224
32909286213
33049753440
4001000949028
33048923860
1005001319672225
1005002345080757
1005001802568234
4000751739129
33041002007
32718419296
1005002243345197
4000764017233
32855221844
1005002363668593
1005002295231518
4000926414816
1005002288401763
4000595775817
4001197417921
1005002401025623
1005002491867514
32969489290
4001236831198
32618716538
1005001687270101
1005002241701763
1005002457312450
32906424159
1005001500000921
1005001602054110
1005001397447427
1005001942620837
1005001631172425
4000864062113
32932989271
4001305653096
1005002116180444
32850137693
1005002212169987
4000314084338
4000904070608
1005002371625852
1005002410835896
33005540242
33046534695
1005001926077610
4001029487563
32974157945
32842573053
4000049378874
32856301423
1005002333885588
33008061980
32814048491
4001282998079
4000401286753
1005001645136888
1005001555068430
4000995890593
1005002298433774
32955407257
1005002129667519
1005001351930673
32979337237
1005002294107826
4001247772408
1005002430973479
1005001793898950
4000345380290
4000819632092
33022039468
32857148278
32914307074
32965718660
1005001765727807
32858058715
1005002248313803
32908133732
32992194482
1005002388517466
1005001456454751
1005002286045114
1005002403986788
1005002387561917
1005001864908293
4000769312273
4000334079014
33060235847
1005002105323043
1005001714418740
1005002298343108
4001271792980
1005002315247063
1005002352013467
4000275546531
1005002319036750
1005001793176253
1005001502853066
32918600747
1005002365056430
1005001388757654
1005002400101716
32854640117
1005001840473572
32974318478
1005002265831567
1005001867978918
1005002467740199
4001294630389
1005002268388911
4001125522821
4000354751825
1005001459635925
32964914020
4001269679496
1005001723988550
1005002053697754
1005002301572596
4000897645806
1005002316335764
32552577101
32914864493
1005002367226634
1000007390844
32964387017
1005002315019671
1005002324618739
4000626563848
32782465815
1005002237868914
32974688168
1005002354318534
4000026607717
32794277214
32568885823
32996862101
4000689674285
4000944646390
4000073956438
4000685625262
4001167636615
1005002384879290
1005002460028672
32876973957
4000812691075
1005001683669101
32964234020
32718128088
1005002305746581
32967038302
1005001877981291