33030000397
1005002336572661
1005002396365924
1005001430896537
32855493428
4000696436919
1005001597424524
1005002318406457
32905999820
32969677990
32965405738
1005002323153591
32994115087
32719222503
1005001678473896
32975690136
1005002332094382
32867144243
1005002424629335
4000772007673
1005002295119730
32975899511
32830833959
32213553098
4000079733825
32244413855
4000671194856
4000053392362
32982001746
32908899911
1005002404552436
1005001682442867
1005002124185832
32860219819
1005002297431456
1005002253144409
1005002475906830
32854000304
32865575875
32895999925
1005001620609445
4001112023213
1005001472425494
1005002243677289
1005002368727847
1005002383446914
1005002314313626
32819951709
1005002095999474
32873375246
32980951909
1005002219471924
4000052699424
1005001876637625
4001264255473
1005002310274006
1005001915174549
1005002368888919
1005002359377393
1005002353616803
4001255270693
1005002081339874
4001250698501
4000148009335
32653334139
4000183342262
1005002419076830
32918803303
1005002443075849
4000955788698
32568332546
1005002283184355
4001098502983
4000824043449
4000226742498
1005002428094375
1005002403667581
32811919779
32918264443
1005002461155463
1005001621961532
32658386719
1005002460918249
1005001714515687
32846653315
1005002315325322
4001218118079
1005002399608958
4001276662960
1005002368343083
33035057940
1005002259153763
32801267320
1005001374654151
33021450248
1005001541559027
1005002071743029
1005002093892528
4000849798985
4001233236403
1005002026975574
32949993462
4001271631064
1005002019460276
4000081454553
32981936375
4000682623699
1005001511094348
1005002108085164
1005002018225291
1005002310961383
4000130697996
1005002314299448
32852953832
1193851101
4000619072358
4000916450849
10000051197341
4001275504921
1005002279310000
1005002007235766
1005001678978299
32856587256
1005002474726110
32996060452
32952921320
32821229048
32711015874
1005002432143047
1005002500534673
1005002491604588
1005001585981814
4000031705491
4000497439853
1956836471
4000551986576
1005002413320151
32921482358
1005001976725022
4000828427519
4000929517371
33019804404
32767939238
1005002376885116
4001244310019
4000905514502
4001299926304
4001152362628
1005002297907947
4000039355836
32970601273
4001282459642
32970028512
1005002301468231
1005001267124075
1005002312061080
1005002110308818
32866942907
33005324761
1005001304128100
1005002109766437
1005001658770036
1005001671115513
1005001927954635
1005001737533340
1005002270569840
1005002386943620
32973287112
32957406585
1005002318157014
32629872896
32971882870
32970425909
4000219540590
1005002264225150
4001271585417
1005002255016738
1005002467597418
1005001397592330
1005002264101081
32916320152
32772453953
32839251385
4000909342014
1005002341286777
1005002000310306
1005002010505674
4000019275511
1005001657967067
32956844459
32885381484
4000025806816
1005002281936336
4000689047433
4000444341792
1005002473907945
1005002327154871
32693727434
32796487306
1005001688325080
1005002143347900
1005002382804348
32994138657
1005002296137261
32835547572
1005001834765400
4000144787925
1005002224628942
1005002438230513
1005001338770975
1005001789773485
1005001381274451
1005001864815410
1005002312040245
1005002206276223
1005002420570262
32615221492
32599754782
1005002258478366
32858909129
609000907
32978563019
1005002187529921
32794420268
4000756670532
4000025774844
1005001471933969
1005002386558136
1005002334079463
1005002259647209
4000070011037
1005001375682727
1005001494918357
1005002340325314
1005002450311545
33055373094
4001003834074
4001129312687
32692215952
32318411737
33012889243
1005002176504712
1005002273435708
32270216355
1005001793179944
1005002371598751
1005002130845927
1005001783144661
1005002396857282
32849719134
1005002433425021
1005001387642011
1005002223817206
1005002440403896
1005001446941483
1005001656284540
32810417259
33063859863
1005001397145192
32900679909
1005002205378150
1005002327342424
1005001589109200
1005002060123576
32363781749
32838717391
1005002313865144
4000109477994
1005001965850287
1005001970526737
32763536395
1005001333314306
4001010467595
4000161710713
1005002412935339
4001130579622
4001315112527
1005002043582639
32812317117
32719451031
32667882367
1005002357589657
1005001511883883
1005002384377193
1956490351
1005002167396690
1005002344227911
32905294394
1005002289041096
4001278535491
4001155251514
1005002369006248
1005002396592889
1005001800370310
4001266083287
1005002468865340
4000556032174
1005002122449478
1005001441395845
1005002274885046
1005001970834589
4001314940513
1005002109893826
32915882342
4000179656061
33048862773
4000683379175
4001201349535
1005001511317423
1005001506825015
1005002233853816
32989168483
1005002389526681
1005002314560171
32964913890
32984570173
1005002219491256
1005002233652090
32967281251
4000703551107
1005001350266381
1005001942040894
1005001926942429
1005001792661272
1005002208198079
32939577631
1005001470930628
1005002213692236
32989722945
1005001888856044
32845030631
1005002333977791
1005002304410789
4001183487060
32871903780
32761123073
32974389915
32887399752
33060990780
1005001834609346
1005001761960365
4000263593040
1005002453052790
4000298235818
33050870919
1005001930912722
32611499799
1005001439099683
1005002394950506
33006175953
32955817314
4001270343978
1005002247400235
1005002362517116
2013018869
1005001668261241
1005001605726474
1005002038904103
32961001978
32795090319
1005002421382778
1005001406547510
1005001695398712
1005001478739747
1005002280499359
4001227803689
1005001848643840
1005002176454389
32919941061
4000067391357
4001236142008
32571449091
4000709721688
1005001305259970
33025675115
32691405169
1005001627036042
1005002434361243
4000314349035
1005002476611172
4000290905740
4001290238481
1005001588017635
1005002459274322
1005001989460448
1005002277749218
1005001583104157
1005002314375341
32854701055
1005002476382058
10000395867524
32472217664
4000865435141
1005002286606124
2055076596
4000589614152
1005001928517553
4001258650991
4001078748285
1005002346722240
33026151610
1005002474476587
4000880327565
32654442865
32916180211
32995489403
4000147235671
32739622690
32740595746
32822591320
4000990715918
32983330123
32966605000
1005002070017720
4000199045934
4000589163440
4001296894302
4001198410233
1005001350157912
32991156668
1005001344738451
1005002175965766
33011019108
1005001355625823
32796095296
4000663014716
32963165400
1005001369221226
1005002282287139
33046814129
33038270984
2054359184
1005002273534902
4000595766967
4001041250209
1005001638673223
32852560145
1005002213370318
1005002313927563
1005002314346031
4001324065512
4001014384248
1005001780664800
1005002262351803
1005002449766401
1005002120493958
1005002212834740
4001230077925
1005001806002212
4001170484171
1005002413359906
1005002387089176
33001899769
1005001299148513
4000842994453
1005002316661231
32852355694
1005002317086105
1005002375615435
1005002014330048
1005002262502278
32842066094
1005002201459666
4001240855924
4000911195562
4000980825573
1005002273883114
1005002292692144
1005001552932833
4001199047285
1005001405593165
1005001670952358
1005002037440432
32555563522
32871210730
1005002122455275
1005002337513495
4000469552563
32652251710
1005001794133412
32959753731
1005001530440850
1005002329250360
4000941141230
1005001917481088
1005001695038177
1005001662875965
1005001909606427
4000913011808
4000946668296
1005002272929565
32863986875
1005002244362302
4001165720729
1005002490437420
32863492199
4000329707886
32993241270
32865652149
1005002196978984
1005001648263174
1005002314327804
1005001604115575
4000225232174
4000781346167
1005002000117310
32817230991
32958818970
1005002376634617
32902825029
33024627793
33006207113
32975286201
4000590775039
1005001825014498
1005002377929273
32979943914
32662990339
32860294278
1005002245595825
33031625579
1005002373461786
1005002286378032
1005002490390475
1005002000108097
1005002340275993
32857564884
1005002239644101
32909550953
32970563469
1005001574737874
1005001369298976
1005001511032409
1005001581556199
32571441512
1005002073729996
4000679391500
32990438092
1005002318822662
4001313727056
1005002351779733
32899022187
32941287709
1005002485128882
1005002029714394
1005002286475862
1005002334109707
32756086851
4000932185999
1005002356038998
32967606536
1005001580999961
32815457303
32807619936
1005001362974173
1005002269069640
4000283268674
1005002218458157
32848896163
32978993022
1005002403615050
32987950484
10000056946746
1005002327034191
1005002295408848
4000397025145
4001046312778
1005001710069679
32798456938
1005001321911378
1005002268777727
32700014498
1005002375231653
4000161694923
1005002485914361
4000035942582
2033591213
1005001515886761
4000277764792
1005001518684420
33018656329
32321271037
4001120631050
1005002238085538
32869831064
1005002275251569
1005002332589883
4000544757821
1005002295969910
1005002276422316
1005002239937669
4001198968289
1005002388099659
1005001354741448
4001158438963
32849816256
4001235966380
1005002357783066
4000394679216
32967821098
1005002480256242
1005002252575483
1005001803089735
1005002293842324
1005001588123425
1005002483959140
1005001303832838
1005001849643775
1005001441309054
1005002235615816
32861622469
1005001743198010
4000655831982
33006946550
32863830153
1005001833725620
32756349065
1005001732316939
4000666398066
1005002323193842
4001235511201
1005001597713932
1005002426996761
4001274541572
1005002112299046
32879904907
32855703701
1005001355436676
1005001335575682
32793266892
4001283648590
4000340952282
32375425693
33025695344
1005002466991399
4001116568217
1005002428710103
4000023537980
1005001840744091
1005001890765656
4000353909477
4001238420202
1005002387671329
32975457038
1005001525539047
32966873632
33033720482
33042639302
1005002001764660
4000022810646
1005002400402222
32973720495
1005001939128416
1005001571473482
1005002139807718
32830688299
32919030902
4000921499319
4000340762791
4001207834460
4001365562598
32867748811
1005002339033319
1005002383204442
32962417305
1005001656765917
1005001450688421
33035315517
4001268377353
1005002264776279
1005002410875547
32736181287
1005002054537051
1005002441786398
1005002496670302
32858966781
1005002187535514
4000959688384
4000842638750
1005002246350693
4001167920571
1005001768478581
1005002322556538
1005002428042626
32917428447
1005001763398717
1005002315945454
4000181935699
4001278775422
4001271782583
1005002454879540
32953783348
4000521997052
32863923748
1005001678149170
32843176725
1005002364094115
4000583068490
32824026260
32457529848
4001297049741
4000709427514
4001220446947
33053768140
4001341382343
1005001644587129
1000006224553
32849509158
4000955846715
32848723241
1005001329728525
1005001464357309
4001027693144
32984088085
33039149800
1005002496901580
32985209548
1005002346465324
1005001450769750
4000595609483
4000854943229
1005001948363749
32987937371
4000193362224
1005002370656483
32932396377
4001183571497
4001085278464
33020347165
1005002317786837
1005002436257170
4001107422528
1005002367347054
1005002381680735
1005002413443246
1005001602234153
1005002206321185
32893836894
4000124480881
1005002304110058
1005002295220904
2031521235
4001148682792
4001088562727
1005001765045780
4000087435132
1005002264570806
32889040738
1005002317786653
1005002078911354
32867222033
4001057083975
4001079594000
1005002076554111
4000389841246
4000056829955
4000155318840
1005001986837907
1005002408060689
1005002328075596
4001233068308
1005002244391337
4001280625018
1005001597575999
32811716937
32919232308
1005002206071020
1005002452928017
1005001465143254
1005002425975559
4000340881392
1005002368003191
33003489975
32989525772
4001154064601
4000028982336
4000041664927
33052875352
1005002259562360
32391147723
4000763666967
4000079156144
32761612627
32334868262
1005001828524684
1005002378880041
1005002207072167
32951748990
32953409290
1005001639617710
1005001844483379
1005002406378077
1996651876
32954808437
4000249101202
1005002310190062
10000158518040
1005002240571048
32371331691
1005001412654300
32529843927
1005001441328590
4000036308260
1005001656992220
1005002267896224
4000401736486
32989799930
4001327322552
1005002333510946
32954097200
4001326199252
4000289744204
1005001927782167
10000157034968
33042578414
1005002260295765
1005001923499956
33031273627
32946478984
32832518978
1005001640431857
1005002218640900
33054170270
4000381029492
1005001632761765
4000492710933
1005001656846575
32813378703
4001218247268
4001315303097
32860129960
4000550897207
1005001366153378
1005002311278781
1005001842834765
32907863490
1005002003277329
32591183284
1005002040113862
1005002345216789
1005002371540995
4000326679886
33002452226
1005002354558158
1005002322371802
1005001609305230
1005001998251070
1005001519259993
4000874250904
1005002423620300
4000437424798
32904936656
1005002281479921
1005001939569599
1005002357599018
1005001849703870
32956053386
1005002413401777
1005002212540607
4001156779008
32841689233
4000799985855
4000696764614
4000749486509
1005002454796781
1005002456635713
4001031899650
1005001792326294
32298218267
4000680650752
32925974525
1871212397
33027686213
4001221443772
32789116881
1005001941499755
32736048448
1005002052594292
1005001813871945
1005002474976612
4001316178747
32962245790
1005001818008425
32993870312
1005002303593068
2027493396
1005002395148836
1005001485132987
1005001371669650
1005002396454829
4000463144920
32998413273
1005001518303833
1005002357664222
1005002489360217
1005002039766765
1005002252505880
32968493130
32888141196
4001227552757
33026163092
32810384719
32861011116
33055822909
32756101934
4001293073715
1005002150748954
10000399944689
4000937394616
1005001397160825
1005001763447903
1005001680218265
1005002394846400
1005001561252310
1005001721396481
4000706593147
1005002466123480
1005002242594967
1005002307300482
1005001859856793
1005002328835961
1005001998383186
4001130986197
32999053267
1005002020070585
1005001714582448
4000059389139
32964065171
32957398286
1005002254233388
4001197653312
1005002443061903
1005001692278591
4000405306728
32665377578
32886380086
1005002167978062
1005002347796745
1005002122316543
1005001560685994
4001138083116
32580840084
1005002443552192
1005001709513239
1005002336125551
1005002033926930
1005002398638889
1005002317413470
32358073269
32757136652
1005001508089297
1005001563681469
4000340529578
4000796950048
32958674286
32793321447
1005002317851027
32872720168
1005002271068612
1005002263780725
4001054273947
32824860165
33049779224
4001039350734
1005002453655371
10000349594985
1005002327794388
1005002338813558
1005002262513335
33039149592
32724897032
1005001649007177
32282042454
32969979954
1005002406559540
32508484640
1005001313260624
1005002362649841
4000585180096
4000172394980
32906314612
32914369667
1005001345486699
32639535573
4001210083274
1005002350667687
1005001441280926
1005001831343440
4000990841456
4000808515248
1005002340154804
1005002069777799
1005002371733850
1005002213672998
32801090521
1005001872478692
1005002393564191
4001130226635
4000852152127
1005002447732138