1005002263461598
32893905769
4000866228177
32357937778
1005001432850332
1005002095547719
32886443248
33054781681
1005002347134113
1005002454975026
1005002255954791
1005002263225108
32973217734
32764362551
32887788447
1005002413633237
4001135626613
1005002363474222
1005002392753671
32881887264
1005001962957500
1000008769239
1005002400683584
33036750608
32617754376
32806283791
33045221336
32979643929
4001142905399
1005001556119662
32835156757
1005001348061708
32586703954
1005001429136305
1005001965156689
1005002270619700
4000465075846
1005001334197578
32910414113
1005001658185416
1005001872982805
1005002088726980
1005002378147221
1005002296172554
1005002264738893
4000238039038
32731397664
1005001639864093
32851456432
1005002033089978
1005002311994150
1005002431047226
1005001357566322
1005002427779365
1005002378199660
1005002286338324
1005002103007944
4000297244576
1005001456635630
32475185708
4000333555740
1005002371986270
1005002235214858
1005001368951083
33037565038
1005001846034029
4000241914555
1005002445023140
4001211501455
32807774113
33001219101
32861228854
32825425850
4001232191046
1005002133689791
1005001955298371
1005001489833842
1005001867200891
1005002277619356
32844362626
1005001466571822
1005002464943711
1005001948364740
1005002357735672
1005002317932157
33043270215
1005002413236798
1005002328416783
1005002034633120
32819241245
1005001820465841
1005002496597480
1005001346311349
1005002480620559
1005001988432823
4001295437124
32898558712
32957057221
32806215211
32863511051
4001266943386
1005002433422019
1005002283033966
1005001709576601
32796847600
32911704775
1005002130516589
4001029214047
1005002213587000
32921988518
1005002450375709
1005002281007602
1005002179187740
32846848168
1005002480408073
4001278880755
1005002482130803
1005002291326068
1005002247043361
1005002340635584
32727444181
4001174705916
1005002448364190
1005002281233623
1005002376170981
32810214271
32863803307
1005002419717153
1005002359733139
1005002393282659
1005001931229359
1005002297981165
4000801068090
1005001923058440
32848890953
1005002417127453
1005001616856570
1005001870653464
1005001996625218
1005001615589057
1005002282604617
1005002242382756
1005001849113846
1005001645800772
32857334873
4000598518000
4000821705939
4000020579008
1005001484419185
32848186321
1005001468070152
1005001525423593
1005002242431281
1005002108337733
1005002445006653
4000971371302
32847980568
1005002348408753
32490288950
4000750869926
1005001918639577
1005002141170209
32362331677
4000924150240
1005002369136649
4000870963882
1005001561736158
4000287693494
32870466016
4000065171835
1005002023834992
4000977810790
1005002428573076
1005001736676618
4000699904028
4000639204408
4001093086691
1005002254368027
4000284627398
33006055979
4000196738152
4001177728037
1005001726021819
32790112786
32970059570
4000343016675
1005002393496892
1005002218967122
1005001874441371
10000364912830
1005001960671917
1005002280593666
4000783030118
32856475553
32916661480
1005001511296409
4000600548523
4000301282480
32539918861
4000996967884
1005002375185667
1005001292037510
33005362800
1005002290687071
1005002476798744
1442590323
32711809651
4000940983787
4000483280403
1005002433882172
1005001957150952
1005002244169189
32798384351
1005002339742758
1005001757366479
4001127721407
32984666640
1005001316212928
33042933021
4000672849605
32858155705
4000686328117
1005002072403661
1005001325143936
1005001286271900
32536169625
33030071758
1005001638779422
1005002314470510
1005002198236441
1005002470315642
4001302264721
1005001523839676
4000834028525
32951219288
1005002357402322
1005002495301803
1005002012801468
1005002272317314
1005002318376581
4001285771425
1005001800524514
32895304536
33044402443
1005002283752058
1005002003251822
4000857753193
1005002393654181
1005002139975004
4000185727849
1005002310455853
1005002390130683
1005001400181459
4001235893993
1005002226231415
4000348540964
4001290217001
32948581208
1005001725792398
1005002345072580
4001054382734
1005002311008886
4000481153831
1005002276562965
32954057859
32878841278
32970554180
1005001773366569
4000855885855
4001132492292
4000703969484
1005001741222833
1005002190746362
32961937256
33052447332
1005002341148835
1005001860148532
4000990868654
1005002328573561
1005001704188330
1005001892690543
1005002024736093
33061491324
1005001721470127
4000297771064
1005002241404434
4001038969558
1005001452404295
1005002238878921
4001130987475
1005002146189453
1005002304379834
32844325935
1005001737089525
1005001833492296
1005002484529353
1005002271326926
32959973912
2031734017
1005002372004366
4000863928174
4000959698651
1005001290550689
4000545927778
1005002443067651
4001230950043
4001243418473
32955427878
1005001668844446
1005001942783854
32890809540
1005002450756086
4001081036466
33036523575
32849465052
32890130563
32847386905
1005002381221080
32852408629
4001189189908
10000059399966
1005002143329113
1005002453341397
32785074877
1005001410576869
32891355780
4001165885862
1005001967540095
1005002179317010
1005001860585868
1005002064336023
1005002166246493
32715119908
1005002261505081
4001034868916
33000159410
1005002423837113
32828261585
32835033594
4001313498176
33032982608
1005002286463862
1005002335247648
1005001872758639
1005001829798372
32841796013
1005002351298108
1005001632272429
4000633029430
1005001488388304
4000929722566
32621137303
1005001284386904
1005001834691448
33007673679
1005002291330857
1005001948430489
1005001398491560
4001143157821
4001295317783
32758127457
1005002284567953
32913571922
1005002321052907
1005002462578397
32557907320
32798201897
32974317446
32844323925
4000402838807
32953235705
32880185975
33009441755
32894421912
1005002224980574
1005001850013023
33004345964
1005001506933679
4000133152108
4000152624453
1005001452178522
4001175505307
1005001858944599
1005001618239261
1005002369505779
4000576549848
1005001688497293
1005002248772455
32844302400
32845672976
4001214276272
4000313718698
32763882616
1005002322409026
1005002399650689
1005001429526630
1005002394202200
1005002276033244
1005001685797960
1005002225938800
32704085021
32883650049
32281085232
1005002019284745
4001175552632
4000035790552
32931525718
32695372664
1005002271054944
1005002337809442
4000599404405
32662525415
32800609565
33035658844
33028460792
4000886894296
1005002291438552
32896061229
1005001452800740
32848568504
1005001855750547
4000996171198
1005001502642955
32809633548
1005001678566041
32962418796
4001314257434
4000589525113
33060122434
32842222500
1005002488794223
32956933755
33018337721
4000725922750
32906072175
1005002221948846
1005002440964656
1005002036140633
32945921178
32816861749
4000332134221
32906561089
32884975481
33059090300
1005002282096248
33014138661
1005001935401965
1005002388293579
1005002121778472
32957722919
1005002413214771
1005001505377202
10000310481924
4001061175587
32815422563
4001010824390
32908362289
1005002400653635
1005002413376565
1005001703321388
4001086615680
1005001905422747
1005001617463007
32926040017
1005001553618965
32573433374
4000227858851
32819865690
33022115423
1005002219225955
1005001531077792
1005002125380604
1005002180546335
4000699451782
4001037160472
4000272253857
1005001314562673
32735283843
10000243030506
32861039396
1005002314383332
1005002324264087
4001224843745
4001208991281
32859681867
1005002032708256
1005002304334851
4000990799687
4001294962854
1005002378809809
1005002103435133
32915390928
4000148051043
32991450206
1005002261083022
1005002408415134
1005001660447053
4000848955159
33028382100
1005002345016110
1005001279639313
1005002452959362
4000808759797
33022976505
32790897768
4000946804826
1005001412736276
1005002258996680
1005001512552799
1005002443690418
32790488707
1005002313837065
1005001967758990
4000020906786
1005001831941341
4000479397163
1005002292491922
32989139265
1005002225543027
1005002314067494
32982132719
1005002326040213
32943439718
32816636856
32643201448
1005002251956904
1005001926984085
33037586301
1005002427326535
10000050267874
32916452187
1005001621400960
33045720951
1005001297700717
1005002305179491
1005001834897791
4000732709627
1005001825621329
1005002248905714
4001221167282
4000099526099
4000959781025
4000857208328
4000923595631
4000867748351
33059022488
4000049808849
1005001841882395
4000546589037
32833428444
1005002316890049
4000761241479
1005001307746721
4001165347455
1005002325000463
1005002333974076
1005002337998099
10000309454229
1005002489985929
32959106089
4000976353449
1005001603548474
1005001315235543
1005001843443006
1005001731250201
1005001521787271
4001234671990
32848465689
32896739525
32887398784
32607999930
1005002284474329
4001035810030
2013325194
1005002275701211
1005001975722874
32957298919
1005002432810673
1005002095983139
4000305434951
32981138004
32933602337
1005001853221090
32827476133
32862506262
1005001345854318
1005002063544507
1005002132878461
1005002067955858
4000315626330
10000399961046
4000052651608
1005002010625424
32882322904
32989431307
4001094301756
32852306458
32953155710
32926169397
32842626652
33003715798
1005002293486224
32952403673
32856658892
4000856653840
4001092276045
4000510656564
4001317256846
32983061987
1005001928505953
1005002288314174
1005002221361878
4001225150654
4000902585722
4000848597270
1005001859905280
4001167919984
1005002350757391
32522017732
1005002389437245
1005001555173828
32997476497
10000383666956
1005002259531569
4000717815952
32852639999
32983320633
4000376206353
4000078122656
4000256535626
1005002367303719
4000191072439
32845583391
1005001444453196
1005002340400086
32946417562
32728761857
1005002207592818
4000594668551
1005002345217760
4000182154846
1005002314601145
4000449563757
32964420355
4000893718315
1005002352719377
4000449684014
1005002314397187
32659132665
32769126919
32976228657
1005001397996477
4000207549177
1005002310055665
4000076779270
4000504932980
32831225991
1005002383875070
1005001966513009
1005002351669428
1005002237606120
1005001703182404
1005002426453598
1005002409318869
4000544449995
1005001797241212
698210534
32988710286
1005001512992724
32892075124
1005002226103692
1005002254635401
32889503474
4000940754312
4000197911014
4001270907314
32975552568
4000990812660
1005001585963876
33006223662
1005002256862786
1005002390134349
1005001411612730
4001033710526
4000641039569
1005001626642007
1005002425790182
10000243328548
1005002500482815
1005001984797645
1005002400811145
4000917952683
1005002086108810
1005002253109766
1005002352597105
1005002312478402
4000404628570
32984077781
4000730926444
1005002423685646
32346527836
1005002284781140
1005002483292084
32923739585
32824517743
1005002423413007
1005001763892807
32861695652
1005001707879439
33038975579
1005001888633107
1005002307850714
32823295415
1005002423572356
4001066449990
1005002383004272
32869303656
1005002498234034
4000750784266
1005002482108586
1005001873933179
1005002300979163
32918938863
32648823901
1005001475755403
32831478116
32847257754
1005002455272346
4001238812018
32903066422
1005002332049101
4000925748995
4000170313147
1005002316026518
1005002263608783
32803028750
4001197482608
1005001321994947
4000867117757
1005002238640489
1005002287483915
1005002341750627
4001156170511
1005002359045795
33031201682
4001338596956
4001062422414
32853794505
32848287481
1005001494749703
32986084764
1005001633315289
4000030155463
1005002353664160
33003688530
1005002289766229
32974976805
32840700647
32845461338
1956753515
32694983532
1005002334981512
1005002433575142
1005001274611153
1005002428246645
4000887925232
1005001321694318
4000099133441
32845942613
1005002333015591
1005001906195376
1005001854782873
1005001418896196
1005002166663912
32976758589
4000105112107
1005001828484591
32690407595
1005001275803882
1005002363831774
4000167317473
1005002450090484
1005002428097005
1005002398003783
1005001429766731
4001270453683
32919486031
32622798040
1005001959837881
4000780640192
1005002382894774
4001059946276
32922559882
4001078797530
1005001637795298
32961328224
4000674878564
33015986739
4001099352306
1005002023529372
33057327926
32878116740
4001245054798
1005001303711880
1935764306
32860242681
4000389368606
32454396500
4001055719357
32727342837
1005002180084362
1005002345231181
1005002477243482
32841232531
32852218536
4001084893035
32468293340
1005002363013263
1005002373356410
4001168070115
4001163153518
1005001922183722
1005002206627277
1005002494958642
1005001901877224
4000511502767
32860984604
32983156459
1005002359310425
4001217446425
1005001441325697
4001002079073
10000332790823
4000891589637
33061643075
1005001962248890
1005002478689940
1005002482730797
32893093352
1005002317216081
4001360974096
32851953081
32949248060
1005002323342194
1005001656989090
1005002330701615
32848512956
1005002360294084
32573561017
1005001405371910
1005001653125256
4000630064003
32808540718
32950509096
4000489266090
1005001695404776
4000689215228
4000669885412
1005001592451644
32347434676
1005002175194067
1180635246
1005002286573419
4001298758826
4000072433979
32957765946
32851862468
1005002382012369
1005001851221178
1005002264523876
33035704874
1005002426936037
32894342906
1005002196733334
1005002365623227
1005002277956648
1005001742389688
32975530016
1005001354985485
1005002268001805
1005002230592056
1005001884320190
4001214892622
1005001851854750
1005002414461771
33004054092
32948185364
33026582129
32898213132
1005002342480553
32890678970
32818594730
32893600645
1005001592352316
32856242795
1005002322739035
32969392333
4001220490057
1005001284991850
1005001335956345
4001073053659
32658611535
1005001588165173
4001271313062
32794263248
1005001851808116
1005001475405530
4001108489178
1005002238149052
1005002320071077
33023691202
1005002246203013
1005002232838235
1005002314316525
1005002288668993
4000543989875
1005001636632477
4000027745385
32953981225
32892582668
1005002408721081
1005002238348706
1005002459310688
4000551222624
32859236531
33027792966
1005001875800834
32991409487
1005001705940328
32924587743
4000196976688
33033325784
1005002305719602
1005001494717521
1005002454252898
1005002326642957
1005001966369812
10000000292312
1005002432804486
1005002316170842
4001220765782
1005002328895481
32988907476
32902545969
1005001750015164
4001166969951
4001227873775
1005002314533148
1005001446886787
1005002034199951
1005001526363453
4001195121669
1005002288561627
1000001532455
4001000537671
4001294068799
1005001622785982
1005001529423202
1005002346400118
1005001742597178
1005001721421790
4000188434265
1005002413673076
32848248028
1005001901064328
32947683203
32952451632
32783176977
4001162628611
32589644686
1005002383276639
1005002346614968
32907670914
32916812024
1005002347686907
4001358725468
1005002289834393
1005002346614207
32868151269
1005002418363727
1005002488518310
1005002334525575
1005002123189743
4000052149409
32850901223
33028757322
1005002347598132
1005001587600361
32905766664
4000088731872
4001193295960
1005001657356147
32900345922
1005001793178404
1005001405054416
4000174926033
4000180164000
4001262565170
1005002454323107
1005001643772105