1005001667461525
32536280411
1005002452455299
1005001495434872
1005002325249961
4001263749594
32841729241
1005001958667310
4000444102207
1005002279026125
4001282905117
1005001495519211
32840743404
1005002319127241
4000987757947
1005001736742904
4001310041247
1000004895112
1005002288503524
32856964265
4001126344324
1005002352133554
32985632779
1005002228965873
32920939219
4001181289226
1005002264348322
1005001775519515
1005002487043462
4000359842154
1005001413287723
1005002339647312
32822649766
4001059525411
33014090291
1005001327415780
1005001840803221
4001078116558
32991255499
1005002399589025
1005002252731470
1005001889818511
1005002468285271
1005002482851002
4001221427993
32982351697
1005002353116607
32931637292
4001211987139
1005002014468272
4001139362422
1005002364158013
32869238921
4001177857938
1005001903045619
1005002275943645
1005002139240807
32953390024
1005002287174893
4000397565026
32987805479
1005002285525739
1005002424571934
1005001869442546
32890351756
1005001536159964
33046149768
32989555011
32852518714
1005001622094262
1005002445652985
1005002354286997
1005002340048815
1005002314446288
4000831274896
32971649388
1005001303238412
32503850675
32930448917
33040376608
4001228576017
32975305876
4000315136514
1005002364261573
1005001968054894
32965928193
32313816343
1005002275993929
1005002357395273
32853737619
1005002341691036
32890347868
4000766950855
1005002049413314
1005002227839089
1005001505995518
1005001768725726
1005002327935757
1005002268496030
4000248278361
1005001590675084
32368443150
1005001838907209
32764544739
4001057513213
1005001625352557
4001036449422
1005001906757599
4001212896132
32911040206
4001217403898
1005001490418833
32432242129
1005001859526471
33020818920
4000626870333
1005002435598587
1005002035905727
4000429614826
1005001405864519
4000183320328
32833212333
1005001992189404
1005002283111878
1005002443483677
32315204437
4000349855853
1005002268268217
4001223061452
1005002352657563
1005001822900926
4000041864558
32851980904
32807942213
1005001792610977
1005002215802377
4001352462536
1005001846710354
32813997661
1005002453231551
1005002265365145
4000545898896
1005002264205432
32954923987
4000025921691
32842268152
32999899867
1005002418650323
1005001946443076
1005001972187557
1005002263882113
32840169302
1005002336384060
1005002167879607
4001298644620
1005002314094186
1005002314337483
1005002206511335
32598432831
1005002374504121
1005002137054622
1005002198244008
4000061263213
32888929983
1005001798245107
1005001972220340
4001157226919
1005002210227088
1005002221026722
4000850159971
4000670940743
32807185818
32949714825
32962584883
1005001598238682
32938390957
4001062346874
1005002291024595
1005002379047907
1005002345797571
1005001522317050
1005001519455711
1005001584625736
1005001469762216
33001604646
32981446297
1005002404094389
1005002360447281
1005002382441727
32785916360
1005001307396834
32976939897
32805526785
1005001773618631
1005002382416926
1005001741152157
33059290173
4000156989164
4001038995913
1005002417036451
32809472850
4000097183192
4001244984253
1005002495403329
1005002341575554
4000444021519
1005002304295912
1005002357689560
32860263010
4001231664718
4000602123684
32917308348
32837749489
4000717346143
4000465981936
4000258247992
32836914141
1005001437755736
32972113138
1005002404404502
1005002428119012
1005001815035655
1005001355462484
1005001804600967
1005001704899144
1005002333462806
32723476116
4000642208644
32905085092
1005001957513340
1005002328259323
4000689015447
1005001774932561
32915623260
4001170594675
32998887669
4000301746894
4001268434698
2049380625
32824331544
4001264690177
4000657015070
1005002252811261
4001263379649
1005001506193022
32811594351
1005001836079084
32646159069
1005002467403908
1005001526010774
1005001284342956
32586489085
4001310303844
1005002288829457
4000420329244
4000180088436
1005002065128968
4000415759004
1005002337758045
4000260967395
4000391013054
4000972645818
1005002219454086
1005001552412824
1005001377398090
1005002447738218
1005002224997772
1005001694841352
32361018058
1005001954979070
1005001770130133
1005002474081921
1005002412778593
4000340825079
32952692430
1005002161356727
1005002460203762
4000834004374
1005002279009827
4000779129908
32947445635
4000803230054
1005002353561839
32971103186
1005002035317070
32892941977
1005002434725984
1005002377727101
1005002276099871
4000801173142
1005001912397898
1005001840954721
4000059058031
32809986825
4001193542273
1005001467890495
32553645085
4000704900810
33061226610
1005002448693653
1005001469344186
1005001723812035
1005001693379886
1005001438867096
1005001846527739
1005002397916810
32959416337
1005001403857411
1005002304886779
10000022141194
4001227479778
1005001685275685
4000166853432
32857700219
1005002090361224
1005002348451400
32822760450
1005002303551801
1005001394185330
32889148689
1005002165227526
1005002314302841
32967583754
1005001836284531
1005002298236240
1005002370064506
1005001560062516
1005001762418600
4000448322315
1005002252432334
4000842630530
1005002277050587
1005002319607422
1005002173205487
33030119819
1005001798640767
1005001862611783
1005001954771453
33005560157
32976930188
4001240570985
1005002467222406
1005002337252123
1005001860798506
1005001844263141
4001306132037
1005001506414581
1005002203176843
4001230196369
1005001468047314
4000892012704
1005001265529735
1005002425630332
4001005131984
32965250588
32613747164
4000120488847
4000626621186
32407136546
4001192592766
1005001656855887
4001112602114
32798794980
4000404949830
33029953141
1005002224308562
4001080062435
1005002423710606
1005002313683791
4001235067427
1005002326829110
33061630074
32801013581
33008316554
4001225036977
4001233598197
4000850447615
1005001627556491
1005001608005385
4001276846842
1005001814922011
32962372094
1005002310995382
1005001981951702
32988189552
1005002376512269
33058568404
1005002106474472
4001358687530
32965340350
32815897171
32848829151
1005002426995688
1005002289595293
32300538188
32409017094
1005001452613924
4001357891466
1005001736415326
32959685315
1005001859700372
1005002358656702
1005001999060952
32953773573
1005002107990770
4001204653867
1005002255766135
32905473100
32828911050
1005001631156985
4001135748449
4000197765562
10000289514480
1005002060189286
1005002322909801
1005001768338957
4001134913263
4000400024862
4001290615519
32843944988
32948576051
1005002428834151
1005001392761705
1005002451093738
32694812216
1005001993230836
1005001398980372
32822767936
1005002378267625
4000385071877
33005298960
32881748734
1005001834329119
1005001654801563
32960694863
4000227488377
32975385442
32971890225
32946993230
1005002368824723
1005001847896282
1005001779443711
4000130716754
1005002279342599
1005002260954363
1005002413207944
1005002260757590
1005002309711717
1005002245008061
1005001855643042
32647297528
4001271640723
32826345604
4001137446744
1005002316609038
1005002288607281
4000145554801
1005001607856367
32966317313
1005002323609743
1005002074747481
32993899914
4000674737131
1005002281049137
1005002004511454
4000233829003
33057051747
32927140845
1005001469470817
1005001940043224
1005001854472705
4000927393185
1005002061934306
1005001982903608
1005001825603416
1005001798813168
32801774544
1005001386241970
1005002130213899
1933176667
1005002260610561
33043307535
4001230353670
1005001617231917
1005002278309768
4001025128447
1005002242537448
1005002241824198
32699480036
1005001326273354
32873201402
32843510328
1005001934754000
1005002476349604
32829991154
1005002382350137
32988815389
32367992727
1005001393694361
1005001398688056
32976699180
4000708966272
1005001908436348
32903111453
32950310695
32729538138
4001231512694
1005001976604827
1005002314301537
1005002082470442
32964488888
32983539481
10000395336212
1005002413322866
1005002069115769
1005002265061097
1005001957144834
4001259911569
4000607449137
32953711191
1005001412071328
1005002142825944
1005001567276314
32668067992
33060702789
1005001612596678
4000220506476
4000601695974
1005001397716603
1005002465386667
32880780308
1005001780572082
32863120919
33025137003
4000960357081
4000870109240
32886376975
1005002125620858
1005002258595615
1005001587672899
1005002468185504
1005001570442282
1005001606142362
1005002393984681
32969581162
1005001965350475
1005001421517266
32979585161
1005001296131177
1005001524335760
32882544783
4001061137347
32833304791
4001210140420
4000253299016
1005001611782406
32692022581
1005002214628128
4000348903995
1005002362452578
32865583081
1005001431559105
32923627243
1005002198516835
1005001733347381
1005002347319603
1005002186024613
4000163286212
32962675708
4001079108287
1005002276800960
1005002350709884
32988192597
1005001636517166
4000039098086
1005002271498501
1005002425851305
32865215880
1005002318469453
32833040396
1005001777310716
4000479182894
1005001748975263
4000188812742
4000745902786
33003875866
32982104469
1005001850741161
1005001362195426
32596462253
4000006942960
1005002287313982
1005002401520697
4001218471888
33022855809
4000257975012
32703279584
2005594060
4001175663841
32951649850
1005001556172547
1005002336773781
33009474731
1005002496135892
4001018296735
1005002280976260
1005001966165227
1005001926106637
1005002459991282
1005001628126436
4000879638830
32833449078
583910861
32855597762
4000264998875
1005002466996874
1005001567423588
4000618213710
32649660511
1005002319134171
1005001659864264
1005001420595541
32863909640
1005001394674011
1005002318013238
1005002344276924
1005001287355773
10000395936606
1005002275542684
4000141639359
1005001652231169
32898259577
1005002359155639
32758372527
1005001889272336
1005002412286201
1005002271454870
4000374197839
32971112671
1005002185308453
1005002326908392
4000159060389
1005002449804515
4001195271447
33047142806
1005001901649574
1005001632938212
1005002011684601
4000744878106
1005001564700474
4001159635551
1005002322345635
1005001769381384
1005002440349591
32881258066
32968428142
4000499193256
4001082477508
1005002461222914
32848870081
1703200589
33031963288
1005002441772123
1005001365556730
1005002246739649
32987885736
4000298514867
1005002132453801
1005001681972802
4000100623647
32852324772
32875685664
1005002470843181
4001159655839
1005001590500871
4000353667782
1005001562642860
4000286515338
32964837247
1005001864089065
4000975182681
1005002438725905
32855339766
1005001397323000
32822107037
1005001638141197
4001212519963
1005002389617395
1005002259985259
1005001346467422
1005001685808631
1005001463805490
1005001571671497
33057354268
1005001877524607
32848597605
1005001732970272
1005001726548348
4000825581757
33043548191
1005002348543368
33036226313
32654607994
1005002351569819
4001254142686
1005002264772833
32616502620
4000088397430
1005001339884287
1005002416808050
1005001488707273
33021900861
32973123263
1005002314324992
4001091224196
32934955696
1005002293148681
32995281404
1005002336523110
1005002191205478
32855521160
4000353374602
4000894837920
1005001966539929
4000074138090
32773940369
1005002221767787
4000987324445
1005001620690457
4001076585316
1005001954935439
4000986729370
1005001303028899
1005002317072796
32862292863
4000822828249
32834602658
1005002293217287
1005002119139692
1005002021686949
4000004318849
4001106113588
33017526504
1005002190547464
1005001471910800
1005002265431887
1005002281183660
1005001460366767
32378382823
4000259012012
32855962980
1005001321559125
1005002240343997
32862327646
1005002382373781
1005002292490640
1005002404244250
4000793944446
1005001829834798
4000185578056
32817127485
32859075162
32891087638
1005001706237896
1005002167823797
32804525642
1005001508127524
1005002475992229
1005002357408772
1005002323195507
1005002342391835
32799119181
32912476940
1005001933662905
1005002439449098
32916074805
32961884966
4000761208606
1005002484841041
1005001523739036
1005002302304108
33017355528
1005002389648177
1005002316361480
4001339652780
32883907004
4000857230934
1005002143241444
1005002395451534
32955255719
1005002328518724
1005002316098618
4001126452885
1005002469115012
1005002429203236
1005001335635733
4000820639308
32845824730
1005001284416777
32824734974
1005002348222179
1005002068747707
4001039309312
1005002064017848
33047740272
4001170592637
1005001325581202
1005002306643927
4000730826099
32893956665
32623937752
1005002425651594
33029026954
1005002406274763
10000120988528
1005002286121377
1005002419485770
1005001962460139
1005002243384746
1005002468576229
32811084820
33023996382
32915634166
1005001645929378
1005002314565268
4000504914334
32666735827
1005002340805209
1005001813151844
4001184294117
1005001669844988
1005001957534721
1005002359780059
32523425970
4000511627259
4000127707732
1005001692317729
1005002387127771
4000808154743
1005002277526753
1005001858837130
1005002421065304
4000701148437
32951485572
1005002033595956
4000124368497
4001143890775
1005001322951574
1005002033378711
4001286312368
32891075962
32824324353
32362857201
32822551718
32969324330
32636097709
1005001920760957
4001005221240
1005002301888685
1005002487684314
1005001492795950
1005001786921250
1005002426493131
4000437023596
4000296985084
1005002092570125
4000981828408
4000427541980
32793287524
1005002383756507
4000445501432
4000134021389
32825812061
33001677918
32852529087
1005002492310407
33005003314
1005002057151651
1005002316286344
32999837971
1005002220659341
4001114966997
1005002369143398
1005002328731161
32854792769
1005002367410793
1005002475083467
33008764324
32966651383
4000287928289
1005002440067964
1005001825370754
32883499747
32997108699
1005002245993244
4001326012132
1005002235779648
1005001824167705
4001217554585
4000108607940
1005001489034034
1005002319085160
1005001645228401
1005001824645510
32873439358
1005002470993994
1005002340051653
4001080988061
1005002282910757
4001280407448
4001170757974
4000970411413
1005002373754848
4001273236182
1005001419770360
4000641321784
1005002146944994
1005002473363747
32914726685
4000773714839
4001224824003
4000041879695
4000012501935
32834139776
1005002241119019
33003567642
1005002114577435
1005002122413273
4001146342196
4000746330023
1005002367829251
32839650272
1005001681523131
1005001284680632
32908026697
1005002337056788
32662086663
32271186926
4001256643320
1005001888343440
32368108734
32835206696
1005001782641416
1005001883692757
1005002243143126
32961272277
4001219745311
4000252775806
1005002428113192
32890852563
32802213779
32844259998
1005002197176615
32858862930
1005002392354862
1005002277964152
33008895761
4000206349607
1005002370103763
4000063549346
32969082862
32652579119
1005002060287662
4000801074531
10000160072063
32761890343
1005001616675690
4001249146340
4000960952511
1936124438
1005001379720536
32544449347
1005002287811624
1005002363950022
1005001607532554
4000562841481
4000727068138
1005002324027696
33005881935
1005002316542753
1005002247083168
1005001582147309
33014247485
4000220777751
1005002311985854
4000938039965
1005002411659085
4001238346482
4001320795788
1005002317511024
4001150043831
4000105641546
4001023867361
1005002340641312
4000989067103
1005002282235792
1005002236175347
1005002381521531
4000178866448
4000546642738