4001358716853
32961613329
1005001310066246
32842702990
1005001871808932
4001221841913
4001119364770
1005001656986542
32961439351
33048090728
1005002040092394
32970617416
4000555683004
32317050792
4000517271880
4000071550390
32742158561
1005002345745803
33048513825
32832633577
32825929403
1005002281714403
4000244633656
1005002282975404
32344633787
4000610104209
1005002122448657
4001016578626
1005001625806998
1005001976346843
32730313333
1005002431507129
33028088859
1005002419342955
33027119774
1005001808360412
4001291692649
1005002287718758
33061466752
32907810331
4000785862715
1005002224580500
33009671412
32856779652
33055735183
4000657235184
1005001604003808
33046932431
1005001483826614
32991191312
1005001640367189
4000539661179
4001045124671
1005002124673611
1005001480337254
4001142694967
4001315757511
1005002350719449
4000460488347
1005002319361339
4000236626172
1005002308562230
4001252919269
32984150887
4000808751690
32988021263
1005001418692649
32971501680
1005001525330717
32895389857
4000077121432
32987244351
1005002338462781
4001359199771
1005002081806478
1005002386258540
4000264604824
4000237990467
1005001561658230
32960577672
4000812781152
32364106209
1005002428110838
1005002238167093
1005001898728674
1005001650462538
1005001977256152
4000920437833
1005002304033789
1005001689644928
1005002353295785
4000349261585
32302890986
1005002043290673
1005001873894606
4000858905665
1005001325682742
1005001594676496
32918028359
1005001763433624
1005002254611771
1005002069211397
4000631483347
32959665033
32596738065
1005001785721159
4000112671294
32802225270
1005002376281220
4000761246235
4000193249702
4000437430379
32917932277
32795424174
1005002025007969
4000228904198
1005002310139974
4001030315700
1005002351475581
1005002485218608
32883926407
1005001590599232
32614487811
1005002265260806
1977409642
32883300922
1005001694381169
33051321253
1005002353682132
1005001899325179
32884623491
4000308230583
1005002236303927
1005001758793103
1005002377307332
4000381842485
4000099556896
1005001670701817
1005001598073951
1005001465914767
1005001556674258
32793691729
33014620682
4001268962224
1005002383162259
1005001427673222
1005002323611464
1005002293847618
32964182136
1005002442191964
4001041148174
32904285618
1005001436170483
1005002458176749
4000338693361
1005002368480015
1005002244507561
33055317718
1005002162418638
1005002334405186
32919233143
32775609338
4000459820398
4000449676810
1005002328959273
32683137852
4001314960607
4001255894139
1005002198662817
1005002110908790
1005002447535501
4000339929290
1005001450324185
1005002304599252
32788649381
4000223463705
1005001915283422
32929433121
32698721298
33003986071
1005001709932484
4000140927003
1005002270414168
1005002003615158
32393575283
32881109827
1005002383170269
4001066639249
1005002315640159
33034144271
32990211877
1005002488324882
4000043738910
4000096057606
1005001479312164
4001042136270
1005001590722345
1005001724024396
32871675008
33002096344
1005002408011207
1005001977448294
1005002376466812
1005002363665223
32964728283
1005002460145464
1005001709691449
1005002003460477
4001135337907
1005001510441538
1005002454354832
4000575963650
1005001878746090
4000309069989
4001025395502
32818553826
4000065982632
33064143416
1005002350566485
1005002228751476
1005001841913195
4000381145622
1005001929030525
1005002289738929
1005002412085989
33045754418
32817683868
1005001289879314
1005002305727154
4000032452022
1005001426091496
10000027099515
4001351012898
4000352922545
1005002353709521
1005002428667191
1005002495770788
32802704554
32874385454
4001366083028
1005001470158371
1005002011489395
1005002292659490
4001285122179
32650363286
1005002293871802
1005001774819290
32793043137
32995823225
1005002064133593
4000615990312
4000793324852
4001077707833
1005002315508865
4001339192065
4000070688439
1005002166777232
1005002271368387
1005002393985925
32909331537
1005002448143215
1005002363216128
1005001392363549
1005002436029503
1005001799785972
1005002315612487
4000829963224
32955544076
1005002291710109
32814609840
4000086574484
1005001809787779
4001031423540
1005002270892571
1005001718016907
1005001774502658
1005002214463996
1005002239083418
32994164129
4000448920122
1005002307569463
1005001556212852
1005001877531554
1005002312064741
32968115551
32871803634
32631844288
4000008956881
1005001695464713
1005002057239412
32906404046
1005002416509565
1005002071038436
4001324826645
4001276801815
32967855581
4000016030128
32709450176
1005002254018889
1005002339222206
4001359548050
32978751204
32973708154
1005002378763546
32458917525
32971411794
1005001376115633
1005001577521423
4001230479030
1005002175073610
32445638544
1005002414078279
1005002133067167
33030574391
33029242955
4001031035147
4000519679896
33046139328
1005002316709022
32344371788
32914308352
33031246686
1005001793801545
32817729400
1005002483005429
1005001809890208
32882602763
1005001658205877
1005002347030613
1005001489480453
4000362682112
32757683094
1005002357758566
32989810368
4000984212057
33056646443
32856763997
33024486920
1005001910408082
32804516937
4001171987489
4000033379294
1005001421302933
1005001585904827
1005002456967089
32963768894
33001472969
1005002170906173
1005002256309653
1005002207958533
1005002089843828
4000378650757
1005001878181448
4000036418665
1005002286294246
1005002427795806
32840258490
1005001645816010
1005001554357415
4000960328992
1005002340596504
1005001889522250
1005001715845902
4001248596749
1005002200424034
1005001643822464
1005002420907500
1005001510745120
1005002128309210
32861720016
4000170802935
32912390247
4000879298578
32751874250
1005002129065456
32898508393
32971815750
32831759605
1005001490236062
1005001891281846
1005001818739265
4000129070015
4001174835453
1005001859904547
33049871769
4000791510216
1005001652169805
1005001781301052
1005002194286594
1005002416776049
4000052718582
4000132552246
1005002003994104
1005002268034775
1005002388272940
1005001339269603
32910179940
4000758344176
1005002185511013
1005002371800189
1005002345396202
32958520534
4000907472469
4001028403831
1005001889741992
4000830133550
1005001900974204
1005002278495873
4000928130233
1005002323532833
33047598806
1005001727056268
32903504323
1005002317205228
1005002363209586
32454002414
4000219000855
32944397446
1005002329173039
1005002452939571
4000856931108
10000019980927
33055787982
32854991117
1005002377093626
4000401971164
1005002095847035
1005001556274091
33021014367
10000250891780
1005002301745301
1005002223953319
32886067837
1005001848879294
4000130253135
32954015000
4000396096956
32885114281
32997191682
1005002085648441
1005002353638324
33008797640
32962060816
32840625271
4000142076772
1005001580222405
1005001484780673
4001164327523
1005002323610087
4000944516415
4001275022243
1005002238331680
32992304310
32830722158
32906238700
33032322022
32793402846
1005002317111203
4000028806396
1005002314541287
33052196797
1005002240196248
32901497802
4000857222423
32844270426
4000906495084
32849446247
1005002384901066
4001084899972
1005002014193796
33062223956
2053416194
1005001603452071
1005002399095830
1005002351141912
4001331580254
32915314715
1005001290482588
1005001694225672
1005002330379961
32764652288
1005001946169694
1005001310113053
32954199695
33018834996
4000963582458
1005001435649804
4000594463261
1005001714564289
32755936877
33008539400
1005002438573156
1005002086458675
20000004548212
32912010627
32866573087
1005002294438976
4000696653355
32846719474
1005001948706541
32978460674
4000662803173
1005001677398542
1005002241139909
1005002323690543
1005002428186816
4000851566986
32966011832
32597520575
1005002438297502
1005002387767680
33025032147
1005002388148223
1005002245340769
32946626742
1005001947642709
1711252356
1005002327538912
1005001742347968
1005002317522475
1005002206451634
4001364351020
1005001297876708
1005001783170938
1005002294148177
1005002425215837
1005001602059315
1005001847874713
1005002400899877
32784135172
1005001406021782
32565599318
1005001382376650
1005002350829548
1005002416659514
1005002258855345
1005002387461571
1005002314546985
1005002363861410
32951153817
1005002490040919
1005002340759853
32864665700
1005002400781242
32973720856
4000677005282
1005002442551329
32860876973
1005002335813417
1005002372651884
1005001525477352
32873315557
32824791849
32860416669
1005002311166878
4000983430796
4000223294512
4001233631552
1005002124891740
1005002233634161
4000020044974
1005002307407190
4001130928886
1005001303840475
32842677449
1005002411151767
33051774891
32804258585
32767899523
1005001835580291
1005001303601424
1005001757108793
32411044606
4000794734279
1005001281908439
4001167641341
4001144924689
4001064725368
32878756055
1005002373420717
4000983468140
32833584398
1005002293046533
4000708335124
4000986732564
4001242340813
4000921108172
1005002484410278
1005002080580151
4001044725410
4001132105127
33008082128
1005002414041078
4000955761555
1005002328605303
33042069104
32655550284
1005002166041165
1005001432140484
4001023077410
32994727540
33014911084
32793435142
1005002224266780
32680653242
4000828712852
4000678717704
1005001590744978
4000801024044
1005002198958527
1005002408321459
1005001304047061
1005002225402685
33022250472
4000156061433
1005002395030302
1005001381179776
32969389259
4000690610139
4000119024937
4000148782446
32871479403
1005002298431625
1005002351251744
1005002304565299
33009769812
1005002368995284
1005001845563175
4000898032833
32982867777
32613921978
32824154746
32824650607
1005001491619950
4001260934946
1005002318431072
1005001621963133
32995482576
1005001786008479
1005002313899500
1005001470832347
32972269447
1005002312534001
33004260612
4000207856441
32980732789
1005002222056661
1005001685614453
32809886526
1005001804375620
32966638202
1005002447096062
1005002297870595
1005002335274143
4000551543214
1005001500763537
10000362512241
1005002233871144
1005002271935968
1005002314076849
1005002440668204
32870316590
1005001761971327
1005002272273904
1005002395414981
33019461797
4000084686421
4001079800658
4000053984412
1005002285994718
4001023064135
1005001873412801
1005002314341525
1005002382255145
1005002467768575
1005002431396720
32987832508
1005002231190403
1005002428044635
33026194869
10000099429804
32783268527
4000960603059
4001178210867
1005001407284926
32944573788
1005001511559462
1005002207241311
1005002499468813
4000182491469
4000057942573
1005002281153841
4000349356758
1005001579226245
4000833828939
4000785042682
1005002383903982
4000447986109
4000228779070
4000515830668
32931193470
1005002133052010
32589509037
4001030940621
1005002494670070
32946818547
4000237972139
4001013452105
32861411353
1005001521206047
4000464752651
32649677544
32853973057
32803688919
1005001770868164
4000742558764
32852043632
32973310022
4001349866294
1605569112
32387912077
4001032242253
32803785380
32866838285
33034255313
1005002224097254
1005002348801036
1005002227916940
33002550215
4000392042979
1005002333872515
4001322287719
1005001657817270
10000380033524
33056213330
1005001813145246
1005001320171516
1005002352591096
1005002242772790
4000711653562
32992556019
1005002267618678
4000595772313
33019633196
1005002229080790
1005002314603605
4001015758791
1005001671693052
1005002466949345
1005001975440920
33030002802
1005002091163334
1005001499931242
1005001620669935
1005002058740396
4001127320660
1005002238082643
4000511009915
10000396960683
1005002250332923
10000025564990
1005002289653516
1005002357704075
1005002198744472
1005001469581863
1005001546386909
4000753324123
1005001441430351
1005002381158319
33012518255
1005001617429158
1005001947983127
1005002372141237
1005002116359055
1005001717822554
4000526472483
1005001425393110
4000617434032
4001061754497
4000012922360
4001158310354
32955685533
1005001514425716
4000182104601
4001251708817
32986668420
1005002342451479
1005002423202528
1005001771196956
1005002226099938
1005002238431246
1005001629072188
1005002248232638
1005001459185609
1005002384214179
1005001448748957
1005001878457233
1005002168133824
32967973867
32970958064
4001057993202
33021283723
1005002346739497
1005002259664449
1005001765320402
33042754795
4001015301412
32428312006
1005002225026925
1005001964675939
32813136651
32993884972
1005002262433048
4000117340123
4000955797295
1005002402225516
4000479050117
1000006210799
32920261611
1005001525479265
4000850231316
10000012898527
1005002316432810
4000767815940
4000244280671
32887845378
32832166417
1005002321227098
33027148407
4000355490802
1913475528
1005002289407965
4000449617566
1005002334024961
1005001754126982
4001079639203
4000791363094
32839763055
1005002375227931
4000781908711
32891274038
1005001771795704
1005001570279320
4001238209283
1005002457002833
1005002420077958
1005002333937376
1005002280702873
32852389300
33032792438
1005002224360948
1005001278905143
32959691183
4001155458159
32956984462
1005001302964251
4000074356524
32998439364
1005002236148464
33034464503
1005001841744226
1005001927303920
1005002231933763
1005001514995380
4001297269420
1005001407534892
1005001879817410
1005002314414415
1005002191994461
1005002122589042
32692975662
32762723993
1005001923327119
32837655651
1005001459034165
1005002214751600
32251377471
1005002367959990
32913122565
1005001570399425
4000922341400
33009167934
1005002358976242
4001277855281
1005002432480482
1005001677894362
32805265442
32950022744
4000013046260
1005002448331904
4000388864050
1005002167090177
4000837176483
1005001558196857
32979382474
4000854020402
32610714078
33059384166
32862489306
1005002133376888
32974560622
4001359904540
4001107721373
32914823752
4001013533411
4000758296567
1005001844777708
4000902765759
4000072240652
1005002447542840
32838022281
1005002406173294
4001256420682
4000910000064
1005002322522653
4000816157492
1005001732250561
4000665129792
4000636014927
32729054226
1005001967149450
1005002059186390
1005001913692703
1005002453782040
1005002090951557
1005002262518077
33030901648
33030006509
33058896771
4001210746933
4001173013131
4001137404582
4000276789999
4000110602559
1005001364491950
1005001441504111
1005002478522180
4001214068489
32869104567
32750265988
1005001863762892
1005002344707666
1427564623
32823997917
4000822622187
4000884782880
4000283133593
1005001753100008
1005002376862098
1005002321193419
1005002335076023
1005002329014385
1005002284397880
1005002446564538
33001680437
4001159591830
32857123890
32893648520
1005002342515622
4000697043671
1005002364932013
1005001349964111
1005002400719587
1005001865377043
4000528614608
4001090613749
4001095530721
4001015056648
4000180915678
4001061013496
32975772299
4001153558777
1005001572541674
1005002247590778
1005001677534044
32697821113
32921155412
1005002434454264
1005002293926193
4000594971775
32922094783
32911842070
1005001619899254
32848627088
1005002315102353
32966437633
4001321844802
4000935288892
4000887087450
4001012991749
1005001792138529
1005001425106990
1005001793284004
1005002339794610
1005001789562075
32975306441
1005002368720475
4000807458752
4000176801939
1005001398463371