32840705510
1005001967167293
32890021005
33004886836
32907110354
1005002335245373
4001134396414
33047628315
1005002350713376
1005001829772516
1005001680490828
1005001307444825
4000055966854
1005001770525372
1005002176304103
4000313412590
4001318048248
1005002274689550
1005002315842920
32842890143
32909454319
1005001651654166
1005002357593344
1005002133670975
4001094573620
1005001585060893
1005002380347972
33006644819
1005002318342758
1005001568917261
1005001723487045
32897760551
32788354695
1005001375764461
4000707671479
32966824035
616787089
1005001733922456
33033570843
32951014993
1005002448357712
1005001365833360
1005002433715525
1005002330321058
1005002277813176
1005001981651311
4000603383237
1005002332348208
4000603160766
33010569263
32857110603
4000761103201
1005001279844581
32818349449
1005001612911590
4001227621701
1005002246551851
1005001616812158
1005002483527827
1005002357821333
32994003287
32972417744
32950177307
32859528069
32834976628
1005002372918563
1005001895321296
4001231349615
1005002189970796
33053265606
1005002310773285
32927296203
1005002350809311
1005002500450837
1005001626533613
1005001609398456
1005002433462242
32757878156
32963314298
32890767341
1005001779252323
1005001322593480
32872284742
1005002167269325
4000105092480
32922114445
1005001737199330
1005002319360813
33012381286
1005001591086090
1005002112154579
32908049222
32993010677
32980580941
1005001939529278
33023691343
1005002273014023
4000118774887
1005002304235558
1005001794732447
4001218074806
1005002122511396
1005002484470188
1005001291294636
1005001856735532
1005002166539611
4000764786111
1005002105842478
32850149472
4001100942957
1005002291191344
32504218169
32967790429
32967024791
32762036923
1005002381446893
4000982682720
4001107244068
4000085820788
32923123904
1005001519806879
32925923511
4001213760654
32971961002
4001116256628
32791596378
10000188492985
1005001843348265
1005001935676389
1005002220132503
32656357325
1005002327446554
1005002350695248
1005001464986025
32791484341
1005001742403451
4001078689504
1730498068
32920424206
1005002034260537
32973972897
32856056752
32897401089
4000893189643
1005001792101444
32958227364
4000804798653
32623027596
1005002063522265
1005002055043893
32817989324
1005001774446360
4001221757244
1005002347091110
1005002372734557
1005002428570360
1005001893464812
1005002122431170
32917413377
1005001590979831
1005001783369716
32360976756
32952948423
1005002318417230
1005001656974000
1005001943579371
32791414060
1005002288405870
1005002170814211
1005002253892502
32556318515
1005002409524049
1005002253861006
1005001462116243
32884689081
32994007459
32548538030
1005002015154062
1005002448427433
1005002301866787
1005001529895533
32961347006
4001128028559
4000730214427
32980909318
4000906897728
1005001960600117
32970178169
10000005751213
32797565151
1005001706456200
33005312416
4001267986401
32837797171
1005002334239768
1005002180875618
1005001778787827
1005002213708128
33047434207
4000921211114
32874758054
1005002276758727
4001267123735
1005002126963606
32847839862
1005001829135153
32829395813
33019604800
32946085220
4000777458484
4001278168198
4000680262675
1005002314376006
1005002423010515
1005002418967201
32829558188
4000222565094
1005002340148461
4000469211123
1005002303428772
4000698195847
1005002314273735
1005002332615371
1005002467511852
1005001966499843
4000766049750
1005001626593729
32961865227
32378213132
1005002292533092
32823641177
1005001487385433
32957716467
1005001897202030
32916627672
32671377997
1005002306443395
1005002243960536
1005001689356121
4000280191317
4001075079727
32829170807
1005002397898789
4001308846386
1005002314585465
1005001717843472
10000136674325
33010744764
1005002190353695
1005001774413888
33037809959
1005002293939498
1005002367585844
1005002259039444
1005002324054531
4000833135843
32853259508
4000876027778
32523434036
1005002404180825
1005002289524741
32471043363
1005001555897011
32697302068
1005001530614127
1005002323134684
1005002033745121
1005002058956729
32860178319
4001038409489
1005001525298822
4000280677185
1005002389884616
32947000757
33011341676
1005002452882404
1005002301518001
1005002422542577
1005002263941680
32959466492
1005002354113068
32700041057
32800620394
1005002400623309
1005002115821753
33057087517
1005002467629658
1005002329099438
1005002287855251
4000766878866
1005002377137166
1005002336614908
33056529461
1005001955315408
1005002388103179
1005001514849787
1005002399206779
4000905728056
1005002052420904
4000174637747
33049041658
1005001798310709
4001234412705
1005001830317146
32732440499
1005002122187054
1005002406546577
32587682970
33008761046
1005001958747525
1005001699159247
32872423060
32882151771
33046000462
4000263431559
4000894654933
1785924338
32941231053
1005001424664119
1005001525478085
4001031480458
32853881224
4001167597680
1005002247122472
4000215846395
1005002352766327
32464756063
1005001665017851
1005001920666288
1005002308661738
4001267206141
4000315268277
1005002351233021
1005002038407612
4001321819872
1005001387295940
1005002315799608
4000806174770
32824659505
1005001686089412
32791492078
1005001784842889
1005001708125667
33023316782
1005002171586917
32926064149
32951601100
32672720016
33008568173
33028971510
1005001680414824
4001285542075
4001193409611
4000006553832
32960639626
1005002118036776
4000965604848
1005002400397818
1005002309347907
1005001999063682
1005001525393619
1136433472
32971434234
1005001482809167
32918410322
33015586512
1005002246852053
1005002475649099
32907768794
32785426661
1005002363622847
4000484610780
4000876868241
4000562717539
4000544000734
32963832613
1005002318914159
1005002444110083
1005001506194077
1005001560039440
1005002224152309
1005001376268873
4000190677724
4000337851212
1005002230505742
32939669745
1005002443125296
1005001839613636
32854403331
32849461013
1005001992312840
1005002482897994
4000848158701
4000969439069
1005002475752260
1005001849817123
32649846309
32529748769
1005001669897455
544156781
1005002167938341
1005002332227233
33036240590
4001041127117
1005002297928193
1005001586218689
1005002474586459
1005002353378679
4001289850996
32391079850
1005001593167247
1005002295387937
4001049100368
32989041778
4001223184509
4001021669594
1005001393127066
4000558064592
1005001464347576
1005002026754846
1005001877668479
32525902966
1005001742481771
32746121329
1005002367659043
32223070798
1005002271065117
4001117151612
1005002314691183
1005001858473498
32871658385
32815433198
1005002313673799
33027320867
4000022096964
4000203745888
4000546627371
1005002260202179
33058671515
1005002310291110
1005002278053542
32847178636
1005001695370878
1005002306695169
4000319268526
33000762955
1005001764036172
1005002326320822
1005002325397351
4000038459979
4001225174446
1005001418208817
4001255090130
1005002033705029
4001198112400
4000168043943
4001268626347
1005002323281975
4000794942933
1005001853624899
32969857721
1005001844116934
1005001858370109
32877041563
1005002310547196
1005002431385619
4001178504964
32763521302
32720058084
4000522322901
1005001561199264
1005002336286751
32810814081
32975228303
32956923512
32864367400
1005001606289537
1005002137747831
1005002033874097
4000126762783
4001031990493
32991169296
32886774257
32973855094
33055333416
1005002480480915
1005002089764926
32855964212
4001161892830
1005002225210462
1005001741992008
4001254922141
1005001960059031
4001280878141
4000693006963
1005002401716729
1005002023540144
4001110900135
10000126963614
4000850534197
1005002364175388
1005001586245804
32370758362
32806821427
1005001920598028
1005001825092360
32997817471
1005002348559798
1005002447712286
4000939617265
1005001899145745
4000425082691
32690351091
4000806098670
1005002486076751
1005001586952047
1005001321659362
4001041997542
4000837859517
4000460340760
1005001957968664
33039430439
32755450367
1005002058358727
1005001516947452
4000911058219
1005001907879557
1005001606907369
1005001998115691
32606255368
32904744177
4000926523241
4000048894665
32844815012
33056400436
4000079807206
33010596871
4001124855974
1005002177994890
1005001733440880
1005002316354670
1005002016818135
33000242344
4001270639555
32828295793
4001305544693
4001273204222
1005002173501424
1005002291816284
32946541409
1005002296796904
32933174947
1005002441756368
1005001493439244
1005001926966156
1005002337779559
1005002345108429
4001237586095
1005001334921341
1005002027686523
32791906219
1005001702204315
1005002150403859
32985964419
1005001684140373
1005001857275466
32919740523
32886117243
4001105700621
4000444352950
4001058802591
1005002080758330
1005002428028834
4000434270715
32835689351
1005001807333932
32962174444
4000625453484
32738155914
1005002258612763
1005002406579030
4000126044472
1005001287481138
32950177057
1005001777298167
1005002401191274
32564980802
4000828462920
4000437594439
1005001643612623
4001293771518
1005002282571563
1005001584579374
10000028251005
4000590584447
1005002480465318
1005002327333469
1005002363044445
4000200665575
4001150481019
4000892004637
1005001872375262
4001293278794
1005002345152377
4001223930670
1005002310952244
1005001602217020
1005001566302498
33007920832
1005002107831184
1005002279102407
1005002361734266
32966642629
1005002305796566
4001304434931
1005001465629696
1005001731109575
1005001786366118
1005001798808936
32864018932
32965915829
4001217280606
32865207209
1005001854675822
1005001860716182
33002104612
4000565969970
1005002260389518
33003326369
33017711029
1005002492624596
4000046571420
1005002378673760
1005001513092810
4001360641231
4000516787061
1005001670809564
32904350955
32919689749
4001276361628
1005002225015256
1005001273510740
1005001603070247
1005002482303563
1005002370246882
4001153114018
1005001356460972
1005002325912535
1005001413820617
4001249104778
4000706945046
1005001462343745
32913399141
32920991477
4000781814789
1005002275119781
33038525013
1005002375824411
1005002265649434
33017375514
32718479799
32952995065
32893852335
1005001523247133
1005001940021366
1005002367128774
10000372175121
32658107008
1005002319395165
1005002342641103
1005002473204191
1005002497383403
32661587857
1005002210691647
1005001730952306
1005001411020438
1005001678390764
1005002120178164
1005002083571551
1005001943234811
1005001958651854
1005001902054555
1005002252518663
1005002401072435
1005001905041961
32841250642
1005002312262744
1005002207001815
1005002457896114
4001238266501
4000488657720
32859098002
4001037871870
1005002313213443
1005002364215998
4001233865597
4000780179663
4001225977335
4001263364330
1005002340974524
4000786916772
1005002110665842
1005002424141561
1005002263360625
1005002245990735
1005001518814209
1005002168765911
4001025998753
32826625524
32979932845
32823262046
1005001993713520
32971703643
1005002412122670
1005002244945083
32844340729
1005002315269919
4000996945939
10000088335112
32984054223
1005002316353925
32912375861
1005002319141018
32887394559
32846175528
32971164632
32523958101
32918299254
4001228611807
718217717
4000037099421
4000971433144
1005001360712142
1005001570869377
1005001857386060
4000401774192
33008141370
1000008497662
4000061598963
1005002310230780
1005001678917035
1005001953438082
32581679089
32953140176
1005001642363596
33060338947
4000856495978
4000164369232
4000978985030
10000157398930
4001054594010
1005001352641070
1005002372334639
1005002304360362
4001083756761
4000059705019
1005001436086670
4000433287724
1005002470409913
4000406043342
4000670565855
4000274950099
1005002464590403
32862512408
4000850573374
1005002280797209
32898245246
32837015297
32297252323
32857462532
1005002264527344
1005002433514034
4001273313012
1005002281527563
33015854186
1005002332422732
1005002239213724
4000109104415
1005002245123994
32855725091
1005002450574478
4000990099970
4000397491523
32819714519
1005001953545276
32907389695
1005001849267227
1005002246033168
2043764622
4000504965161
1005001929441705
4000805503834
1005001887522842
2031755517
32809456387
1005001798783879
4000893368872
4001203623058
1005002219071448
1005001671109318
1005002042348082
32956588852
33005512680
1005002449622282
1005001527545553
4000756659376
4000127643381
1005002440894113
32849036487
32916764261
1005002379026562
4000982150622
1112331809
32763140651
1005001622237427
4000957341945
4000960049759
1005001688288544
1005001442365759
33006535888
4000317701138
1005001469690299
33000678285
1005002076310941
4001308997946
1005001812663246
32405848732
32889817728
32237508762
4000938769398
1005001398619563
4001168966105
32904916494
1005002363852717
1005002427843640
4000990934804
32818213801
1005002318957784
32847388531
1005002480981797
32970502076
1005002341420458
1005001402644970
1005002367649622
32951115523
4000118128268
4000467557182
4000358826852
1005001725864615
1005002317477683
4000479068804
1005002462660136
32757654659
4001128437034
32957189366
1005002258513392
1005001507252531
4000037619715
32835153516
4000042282335
4001138298725
32971065024
1005002347114056
32776202319
1005001984469194
1005001926654632
1005002288520196
1005001525590001
32899411517
1005002301567357
4001197183864
1005002111299310
1005002471197979
1005002427823719
4001290385851
1005001706608132
4001134992220
32580042106
32844188849
1005002419137344
1743051170
1005002488278721
32960393103
32990764646
1005001546988191
1005002352808890
10000401659015
1005002489097597
1005001694969876
33020716278
1005002428277526
1005001943014151
1005002489724350
1000006513440
1005002417771085
1005001570777943
32674498783
33035092328
4000246280522
4000256328508
1005002160159431
4000177705297
33029536475
1005001632824802
1005002454717885
4000768648657
1005001345577811
1005001475543667
4000335784936
1005002345886821
4001235177724
4001237157078
1005002349832402
4000997038613
1005002262520136
32890264089
1005002347757108
1005002208380501
1005002130070051
1005002302130480
4000069041762
1005002273665424
32949113401
33046656919
32826491839
1005002319812454
33053879499
4000711093909
32834449790
4000770209057
1005002204405714
33016121052
32854423930
4000456912654
4001164945729
1005002375626565
1005001439047716
1005002277859770
1005002353041004
33058012471
1005002180216898
4000160654128
1005002076332738
33054515275
4000545910925
1005002407996276
4000325000142
4000110921648
1005002068939700
1005002239012205
32992430469
4000314796629
1005002496771812
1005002316622769
32881300511
1005002482964734
1005002399824008
1005001510837715
1005002039217322
4000201172570
1005002198623994
10000004645137
1005002026839560
32865837715
32976646967
1005002323791874
4001272412498
4000467672992
1005002121468279
4000242165628
32829218153
4001111985144
4000769310047
1005001319190924
1005001559222253
32770055867
32947175260
1869308585
1005001821749488
4000640972358
1005002406383981
32837288711
4000830241303
1005001469703004
1005001819485360
32584335247
1005001470214895
32812006581
4000143526934
4000385231729
4000735718467
1005002077324129
1005002315690247
1005002270167468
1005002033078463
1005002466114875
32965131409
32787011957
32642633513
4000850160769