1005002449495780
4000693296197
1005001321769244
32905739637
32902216777
4000466452757
1005002304134236
1005001328829709
4000244548973
1005002007439950
4000748910079
1005001509724022
1005002499892740
1005001882410895
32984762104
1005002071218520
33008365828
1005001975138997
32959915606
32833721356
32867718277
32907840276
1005002239218451
4000893741198
32892855024
4000590805693
4000677260357
1005002398825398
4000155193450
1005002250311410
4001159769904
32841448605
1005002405136852
1005002269267907
363355151
32844602553
1005002090287880
4000117937541
4000844872809
4000270401843
1005002460362579
4001130905434
4000271946159
32993217299
4000826255623
1005001614577218
32809150706
1000007005545
4000216345059
1005002443180028
4000884747975
32962342999
1005002272614084
1005002054166278
32951505464
1005002317516827
10000395861084
1005001685823295
1005002261291271
4001203258636
4000228234793
4000498348872
1005001512795594
4001203236860
4000127940016
4001235225881
1005002007402460
1005002469932255
1005001695366873
4001085003764
32898150268
1005001970304563
1005001463687443
1005001812441910
1005002211824897
32954641119
4000305582560
1524701347
33017347822
1005002434942727
1005002056358019
1005002351707342
1005001628299539
1005001441291762
1005002255642584
1005002348606420
1005002462314371
1005002346374266
1005002399079576
32994909665
1005002314429517
1005002310588160
1005002011638420
1005002220022884
4001149183778
1005002312499886
4001228589453
4000200151283
1005001525471191
1005002241045198
32469171304
1005002354411469
1005002332067476
32826969031
1000007850606
1005001734922412
1005002361773713
1005001393145493
1005001815810064
33036691058
4000222497902
1005002298306221
32901475304
4000480715950
1005001616907069
32765119030
1005002306034399
32870102026
4000023357219
1005001819372570
4000337113234
32761636077
4001259543039
4000517959768
10000388607952
32884649828
4001220678713
1005002271663444
4000373996402
32869159030
32985689757
1005002282169021
1005002241607070
1005002252100423
33034607306
1005002378961450
4000390719189
1005002326866731
1005002359294195
1005002258371820
32998739677
2016080914
32925793271
1005002317499896
1005001514969621
1005001620050612
1005001799258405
1005001682245142
32977539326
32907977673
1899950626
1005002426937631
32911524328
1005002322633251
1005002316704494
1005001525008344
1005002136174872
33046964408
4000624606235
1005001707905361
32999617923
4000781106218
1005002114838457
32963237367
1747187379
1005001734290470
1005002204681576
1005001917982264
1005001374025427
1005002279497003
4000507147387
1005002408148517
1005002381673543
1005002347351569
1005001340427925
4000078128379
1005001899343301
4000312509316
32961090815
1005001766203151
4001324224058
1005002166894976
4001261679328
32891372406
4000868179918
1005002351998373
1005001811984856
1005001922686675
4001106083126
32810713176
1005001389118402
1005001580088011
4001223459565
32542791314
1005002365945764
1005002071344633
1005002094898494
32959807440
4001106643306
1005002259227241
32898079795
1005002318014834
1005002378617972
1005002095310696
1005002302555038
1005001879164884
1005002234358130
33030472048
1005001447194823
32880839997
1005002369130204
1005001671277594
1005002318905663
1005002440434359
4000453849070
4000759952166
1005002344191419
32908883610
32977260368
4000538153806
1005002129601770
32900868570
4001278918458
32385798557
1005002278958916
32965500000
1005001588275493
1005001913719339
1005002293554944
1005002147288616
1005002329107210
1005002310583241
4000198854239
1005002377077278
10000089175625
1005002258134697
32834738440
1005002348029016
4000347067503
1005002089103494
33022505577
4000826876041
1005001817162013
33060037702
1005001651188458
1005002340172138
1005002254141067
33003739195
4001196557503
1005001952869376
32976070827
4001245599808
1005002275390261
1005002494423328
32921336065
4001355389092
4001331601630
1005002302232594
32846713592
4000415785068
1005001869337914
1005001665712333
32969787431
1005001774052841
32996697957
1005002131696245
1005001707965512
1005001470972800
1005002258299233
1005001989658210
1005002325028834
4000436582559
1005002417904500
4000725285049
1005002277573459
1005002317508731
32858149906
1005001646372814
32717737025
4000475027742
1005001587842239
1005001850754824
32885780825
1005002322774911
4000475489049
1005001556539929
1005002371706698
1005001446399209
4001215133426
4000341863203
1005002353515509
4000693281963
32267345408
1005001438586889
1005001586585823
4001041763088
4000529334966
32668334120
1005002291311867
32956859562
4000204701242
4000853174146
32892406127
1005002259438309
1005002403685401
1005001885329059
1005002055130140
33036739880
4001134960622
1005002271251308
1005002478417580
1005002309691947
1005002296280851
4001263983836
4000046367078
4000864250387
4000545780782
1005002409544213
1005002269006343
1005001744390592
1005002046682295
4000194110416
32828340468
1005001463757647
1005002458779551
4001049621376
32861144766
1005001679480169
1005001500194452
1005001612791568
33026348067
1005001506061486
32621320046
1005002264811646
1005002426206909
1005002310534606
32918928254
1005001660173383
1005002289692500
33040248093
1005002297319335
4001320554246
1005001775682058
4000314272435
1005001552456143
4001066459765
1005002394579305
32973724876
1005002233680108
1005002399945595
1005001795580799
1005001278895786
1005002232853381
1005001686030805
1005002359786162
1005002453687013
32667010506
1005002340636251
4000155377336
4000959528716
4000097130186
4001043981932
1005002367484320
1005001980724379
1005002191743898
4000165587632
1005001596510278
4001299542295
1005002072771890
32959768449
32829737372
32674698974
33010094055
4000975345111
4000095813552
1005002409735061
1005002433645927
4001230450680
1005002473986787
1005002361513237
1005002180155120
32898986457
32986695150
33008523755
1005002462225541
1005002443670496
4001212977404
1005002273191132
1005002434314321
1005002470429768
32958014303
4000627541072
1005002448444570
1005001417629247
32957811359
32821442514
32827140468
4001155333768
1005002171156078
32996198206
1005002386951877
1005001313632140
1005001389685624
1916178552
1005002073566190
4000711170078
1005001317666424
4001265445205
1005002394639157
32993299695
1005002094705737
32920610961
4000115229090
1005001645273979
32954356360
32954016360
1005002454521176
32857126955
32917081415
1005002413315814
32952880541
1005001977528708
4001241773738
1005002271696612
1005001502608482
1005002390819916
1005001584768555
1005002278568091
1005001361329130
1005002395189104
1005002500467457
32962111404
33031732128
1005001319704652
1005002307353934
1005002325450192
33049709847
1005002229109585
4000911417316
1005001605255573
4001042088534
1005002276736154
32320282480
1005001405582007
1005001729153324
32816443075
32893723254
1005001511458809
1005001361938162
1005002293190604
1005002327024984
32833245496
1005002424823057
1005001810588055
32965936861
1005001609049697
1005001555150414
32795918189
1005001902110545
1005002293149939
1005002409631925
4001168816726
32780468090
4000909962639
1005002147967403
1005002483166014
32920331960
32508019422
32992393795
1005001398613454
1005002177086031
4000380895659
1005002396514868
1005002372678201
32890317071
4000144340933
32893902318
1005001736497061
1005002387633023
1005002060662808
32800028578
1005002354157072
4000144690394
1005002301206283
32816359029
1005001993666718
4000954621370
1005001765890022
32900123065
32946592931
1005001493856146
1005001308818257
4000071853111
1005002437974258
1005002413266680
1005001515896813
1005001392821223
1005002264576242
1005001557967255
32919498552
1005001861532011
1005001470140691
32923959202
33019041371
1005001982666139
1005002337239626
4001175926361
1005001848523110
33015319122
4000309778668
1005002473959526
32900395825
32704858101
4000610582245
1005001792939760
1005002079572915
1005002362862589
1005001625109941
32953983837
1005001893355517
32853850548
4000028015002
4000324963687
1005002247874344
4001208839274
1005001608722964
4000064327812
1005002258492672
1005002392066911
1005002314469157
4000736023061
4000909670462
32717025464
1005001683676851
1005002352988688
32825575401
4000086697524
1005002408205600
32378779487
4000907161676
1005002228421596
1005001366121477
1005001350934202
4001224180306
1005002241302674
1005001376143607
32969316491
4000274566859
1005002060550077
4000850410998
4000917940140
4000885430631
4001346650344
4001223758924
4000253208182
1005001835500953
1005001652432540
4000764621015
33051373690
32887406712
1005001854521931
4000953680633
33057495650
1005002235484379
32846795840
1005002293204073
32800550712
32949326728
1005001723909774
1005002323001515
1005002322274504
4001214145985
1005002346344278
1005001926599541
1005002272137545
1005002162471927
1005001608915750
1005002395639662
4000384734072
4001230975619
4000279930547
1005001983010882
32629165642
1005002394232476
1005002110777213
1005002211619787
1005002345386109
4000217017904
32857125451
4000022140792
32861706911
1005002352014400
1005002420806002
4000788922749
4000956027549
4000384505558
4000602676086
1005002295261953
1005002175092553
4000260704831
1005002032992475
32983314208
32699010437
32921183304
4000902746178
32968047710
32952569843
1005001478499970
10000395812657
1005002255101579
1005002490818516
4001000479665
1005002286783815
1005002061936073
1005002253498066
32877238966
32873742933
1005002190961572
1005002212584611
1005001946477453
1005002091996340
1005002390945109
1005002091099106
1005001997892941
4000121141603
32959564646
1005002206541530
4000465511848
622744963
4000179225136
32909473731
1005001659302550
1005001913360006
1005002401572901
32969143902
1005002283887622
1005002280450946
1005001728050111
32647524510
1005001380008834
4000222529671
1005001591080975
1005002467042702
33036832473
1005002111992270
32975678665
32637779065
1005001930505116
1005002363690165
33057382923
1005001937850247
32955591387
1005002260074270
4000152914878
32790225156
1005002139304878
32991285327
1005001604712133
1005002402187668
1005002326492182
4000311772640
4001273297035
4000990786944
1005002037422049
1005001848324793
4001043229523
4001334136390
32915610492
1005001588182625
1005001884148636
4001120572195
4001081202067
1005001517614564
1000008673578
1005001487198277
10000107811296
32922386885
4001245088910
1005001695353780
1005002141163336
4001272000831
32962222051
32748820011
1005001815450185
1005002322709059
4000310938993
4001055602602
32844553497
1005002089200822
4000040170787
32975017215
4000308432160
1005001679136795
4000959227499
1005001339412578
1005001303344207
33053950580
1005001561135660
1005002241580089
1005001504474221
4000068475002
4001237811407
1005001593743168
4001314500212
32890672116
33012804949
32861878438
1005001893523135
4000794114873
1005002274963530
1005002292163077
1005002082442354
33030701168
1005001304592989
4000987373780
4000360628621
1005002309628655
32953952023
32679768616
32851588335
32917238299
1005001349389557
4000315204648
33020027098
4000164631790
4000353457486
1005002018655641
32896895350
1005001538591826
33009319819
32708567863
32909268062
32854407326
1005001741385394
1005001552460973
1005001756176112
4001023336785
33013248396
4001281031011
1005001793691834
1005002253727389
1005001418057265
4000730099972
4000719623554
1005002019403393
1005002292696101
1005001431789955
33053983995
1005001800633058
10000012733733
32381050909
1005002319230228
32957317741
1005001623511672
4001128104023
1005002357648465
1005002035634807
1005002301403782
4000860903500
10000397742854
4001189138302
1005001525546095
4000029037250
4000734935591
4001231944552
4001241766996
1005002288480558
1005001267109105
1005002256764556
1005001670264945
4000142810253
32966505776
4001015224270
32531676512
10000277273146
1005002253586970
1005002368994910
1005002314435769
1005002347345981
1005002359849562
32858353884
32952850948
32998009959
1005001955364113
1005001810861291
1005001442343851
32806681218
32960670941
1005001572654488
1005002226748170
32960194070
4001292825977
4001281979164
1005001708139645
1005002488518388
1005002132866988
32976503918
32966300386
32977150692
1005002337399132
1005002277906837
4001220403436
1005002340265642
1005002246539443
32834004602
1005002396779042
4000626018018
32792348594
4000829771134
32642152859
32900911124
4001063389373
1005002246315233
1005001688838231
1005002496854690
4000133882299
32965632799
1005002399243114
4000012679319
1005002341695122
1005002387110152
1005001914858658
32812985509
492838564
1005001344099658
32922066542
4001275045307
4000578935923
32844695972
4000049741422
1005002499264536
32505398027
33046111060
1005002372868057
32846249435
1005002394684512
4000200140861
32859959717
32812572751
32884554817
32821596243
1005002402145368
1944810898
4000093217412
32982244171
4000497860902
4000989061385
32868181163
1005002352722410
4000180468084
32982863964
1005001418968301
1005001526041844
32951418702
4000534702174
4000558218434
1005002283250744
4000040567308
1005002433387774
1005002337174762
4000380164125
32959587522
32718461243
4000036945795
32603249076
1005001695521047
4000850651709
4000074621961
1005002499646777
32840588945
1005001816733063
1005002323151170
4000806014520
1005002317323422
32508480023
4000209578633
1005002393976588
4000743949594
1005002427280065
1005002284608287
32910440189
10000395803890
1005002319159436
1005002048805381
4000927039756
32854164193
1005001515906622
1005002346799341
32966393162
1005001334492056
1005002400617514
1005001382895970
4000402060761
32833574577
4000031112776
1005001889403177
1005002385391743
4000779999396
32945590463
4000971849581
32837758909
4000915637506
4001179104941
1005002259965725
1005001304509542
1005001982637021
4001133223455
4001264426249
32974325888
32970456544
32961633355
1005002477825508
32978582071
4000179394251
32771713335
1307714336
1005002007572140
1005001405213521
4000199778463
1005002393767685
1005002252973122
32822914290
1005002383404042
4001287951520
1005002313197990
1005002315454146
1005001967105251
4000364198596
1005002182139853
4001221288748
1005002264568502
4000671109984
32966298787
32951774950
1005001637616916
1005002252845767
4001359722294
1005002323538168
4000779888561
1005001300183447
4000164421340
1005001877731903
4000960590849
1005002331136076
1005001783306578
1005001835400833
4001010937114
1005001290104666
4001255391206
4001186192320
1005001609351245
33005408856
1005001389443160
4001221301255
4001194189927
1005002334549128
32948961647
1005002280324565
1005002414121477
4001199476401
32893039772
1005002393091116
1005002367028970
1005001853623982
1005002302421536
4001301728090
1005002246842004
1005002277377468
1005002166471502
1005001690455047
32917378752
1005001320554962
1005001858098836
1005001763660504
4000034929398
32807596927
4001153486395
1005001471987174
4000162230185
1005002285598699
4000939366254
4000089229677
1005002387789631
4000172636244
1005002357201138
1005001468468695
4000607123338
1005001391816387
1005002256115823
4000910705265
1005001758471377
1005001781549392
1005001298284570
32764257441
1005002294907461
1005002288274266
4000114714541
4001207965619
1005002403955069
4000200007994