32888869546
1005001460040067
1005002283557430
1005002425004703
4001285794585
1005002051592934
4000048624551
1005001996985712
32937148233
32851325150
32647744620
33005543380
4001152167583
1005001441360309
1005001981172080
32863775861
1005002273854194
1850860254
1005002409306484
32983371789
33027534795
1005002487267121
4001035493301
1005002083203522
1005002206310781
1005002239085499
1005001914669268
32862897897
1005001398407698
1005002290926703
1005001656936966
1005001360393679
1005002413333141
4000859733943
4000610418598
1005002235865208
1005002466217499
4000843026264
4001365676801
1005002084571210
32862292591
1005001791587887
4001199327807
32809511980
32849359936
4001026407689
1005002330985333
1005002289000830
4000003878245
1005001502784888
4000267482339
1005002323646091
1005001966813928
33009986527
33039451708
4000748064139
1005001403474076
1005001606197897
4001045734308
1005002275839996
1005001680599168
33052176136
4001153809156
1005001986468114
32917092528
4001161369753
4000708737342
1005002368569755
32699924707
32959765861
32874522090
1005001593981588
4000328427031
1005001525669426
32840288900
1005001835625234
1005001571745258
4000803896723
4000318603616
1005002181357782
1005002312827507
32969902539
4000804911176
1005002311712443
1005001450882270
32839683654
32876368661
32921268977
1005001284598007
32957522013
4001272199350
33009741278
1005001705226310
32969349325
32680894127
1005002106129543
4000682653970
4000143817570
1005002279492601
1005001678955349
32974436781
32921076907
32999698606
32817679247
4001228729274
1005002329173131
4001148340859
4000554391713
1005002337346615
32880712967
1005002314015578
1005002329817809
4001160347033
1005002038420226
1005001705157182
1005001742317862
1005002276468154
32952197594
4000868434778
1005001840364152
1005002273565040
1005001468273609
1005001946042545
1005002070614445
32903893815
33063383710
1005001905535710
1005002399637502
4000154824513
1005001527625335
1005001507580738
1005001877908339
32832253428
4000193292374
1005001570993238
1005002101019728
33001997330
4000717964483
1005001520599936
1005002199591648
32699016228
33044823399
4001233991159
32822717797
1005001566837051
1005002280018351
1005002351425625
1005002358429722
4000834010831
4001181290623
1005001298308901
4000537903314
1005002334361528
4000701034030
1005002254056396
1005001458766468
4000225176316
32975021263
32556338305
4001101021849
4000585403936
1005002432782183
1005002238740584
32794844254
4000115093576
1005001731497264
4001225067746
4000166977227
4000806379125
1005001541777228
32437900453
4001039208992
1005001606378512
32971896664
4001221579096
32866484859
32914100208
1005002339899780
4000739156662
4001134355202
1005002052740073
33025708956
1005002483000375
4000466083844
33059357906
1005001271420776
1005002318315091
1005001587530391
4001315974380
32958517551
33015556336
4000666069918
1005002243592357
32772910513
1005001914267853
32858368219
4001345482046
10000413576100
4001230321802
1005001639951865
1005001337609574
32949997045
32858993222
4000818168439
1005001480233451
32818719359
1005001625567266
32839602520
4000150179213
32881398397
32593128026
1005001963599514
33008071306
4001259072039
4000777522638
1005002469566488
33040535783
1005002223248201
10000397732973
32970627814
1005002007515248
4000799497192
32857417302
4000384778330
1005002087225100
1005001832044260
1005002354351267
32824495198
1005001571619337
1005002212970429
1005001457627166
4001211558108
1005002490594161
1005001574674058
4001045972106
32964365617
1005002136353080
4001066115465
4001316349521
1005002258006550
1005001846531045
1005002123655936
4001061303148
4000410764849
1005001341476324
32906626396
4001235893916
32890286561
33052144910
32839719373
4001199066248
4000103382347
1005002175509986
4001254971412
33003407999
1005002258624212
32888119116
1005001355138965
4000240713472
4001188726977
4000265723861
1005002306409644
4001018855084
1005002348673401
4000392575326
1005001314098649
4000139785125
1005002363387687
1005002264335135
32994410092
1005001976619467
1005001301906983
1005001334537114
1005002373290329
32829749323
1005002206838704
32807394223
10000395951041
4001203678459
1005002382923518
1005001469578792
4000302244089
1005001763318459
1005002482623498
1005002382830567
1005002328204832
1005001406402226
1005002357865205
1005002323850259
1005002104570333
32790554377
33007563306
1005002376052710
4001190173983
4000168647053
1005001357968676
4001181690454
4001067414100
1005002448140621
1005001274325550
33039541166
4001175128175
1005001471983311
1005001431948057
32917718753
4001147508573
1005002001842425
4001290457981
1005002433965068
1005002110723556
32975339039
33030582133
33026704975
1421792052
1005002079758838
32948700108
4000846553102
1661460251
32655212443
1005002377615929
1005001998592081
1005002253851174
33035153770
1005001689218124
1005002311772543
1005002320690614
4000384312182
32440219393
32822708731
4001221807088
1005001947451862
1005001411506602
10000385003871
1005002387366961
32805911715
32830560589
33047806603
1005002033175723
4000003849114
4001344146529
1005002473385959
4000982692228
1005001965422886
1005001836938960
1005002351482339
32874446184
1005001457714441
1005002271765090
1005001666834470
1005001804503303
1005001575057142
1005001605126585
32955315285
33001405257
1005001962378231
1005002055957998
32804338486
32718128221
1005002467426291
1005001415409445
4000263465483
1005002358542079
1005002085302959
1005002394188105
4001272957335
4001279511870
32955392758
1005001779839657
1005002005046303
4001204589995
1005001321308346
1005001972831932
32886256475
1005001571970194
1005001885215289
4000286216221
1005001448258539
4000065150891
1005002245254900
1005002324099998
4001042658073
4000041269664
4000666266241
32901221399
1005002022994865
4000270580736
1005001983121329
1005002422142210
32975971012
1005001883851151
32963846786
4001131980939
1005002228358827
1005002462626122
32826127986
1005002462691796
1005001955038011
32651475990
4000333391750
4001358437379
32770006760
4001271004128
1005002130155554
4001151200238
32803573283
4000066350976
33031574075
4001289516873
1005002377466635
1005002468795851
32987218251
1005001515777951
32663187152
32851413762
32954646261
32858626474
1005002333957011
4001270392383
1005001814111637
33022754474
33003389778
1005001803985911
1005002353457681
32901920017
32964987950
1005002390117190
1005002396251858
32947752003
1005002345773442
1005002238854821
1005001908776723
1005001332893276
1005001314985188
1005001664799450
1005001658901028
4000866297642
1000008508122
32826524841
4000469064996
4001037851351
1005001305301657
4000888838461
32953595288
1005001930805794
1005002205966058
1005002072599024
1005002033303135
574765451
1005001469472159
1005002455090764
1005002310668700
1005002097222537
1005001617928733
4000420495099
32930901922
4000499154701
32868992491
1005001346450241
1005002277967803
32719501480
1005001419095938
1005002475737106
4001102605247
4001276381563
1005001987226931
32830161676
32605203128
4000409332053
4001343402601
33014515725
1005001525381590
32950742911
4000986524634
1005002236445167
32963757389
4001242501417
1005002312567392
1005002267417891
1005002400344940
1005002415377046
32890019465
1005002180253952
1005002334536385
1005002414064239
1005001337633850
1005001966638195
4000627604370
1005001763550187
4001098423659
1005001581511231
33057990385
32678706015
4001131989800
33022569739
1005002465249993
32888851388
1005002364075590
4000064643755
1005001568818249
1005002289082748
1005001602705328
1005001590935762
1005002166396177
1005001757771893
1005002258816437
1005002408408521
4001131961867
1005002247493560
1005001637536699
32834910777
4001233864499
33055520122
1005002450572161
4000197864050
4000764677078
32841400065
32963527985
4001176444340
1005002282284027
32991120407
1005002245851285
4001226482973
4001107209391
32918342172
4001042785084
4000086738619
1005002360147800
32982272425
32888109259
1005002397943528
1005002396564166
1005001983596314
1005001521308141
1005002073610582
1005001949026118
1005001600175916
32884829562
33001016009
4000491781503
1005002055338027
4000248599126
1005001958696606
1005002238870070
10000395865335
1005001433724813
1005002498878481
32961073281
32814327164
33003430576
32860127998
1005002181283274
33054617070
1005002027950933
32829400218
32893534381
33047684395
4001324359329
4001156118607
32827317117
4001273185803
32920829166
1005002421150435
4000073951455
1005001547092462
32982904807
10000405301398
1005001515794105
1005002264791015
4001334144027
32814200000
1005002322555196
1005002368513154
4000901884890
4000827874990
33048340171
4001354494533
1005002101825985
1005001512470603
32975468705
4000117155048
32883191522
32858056848
32985672416
1005002314040314
32917568899
1005001566918961
33054798214
32532281887
1005002077002642
1005001465943213
1005002308558529
1005001891611297
32810420974
32971723876
1005002031993398
1005002245599538
1005001939726636
1005002271090956
1005001500436659
1005002033830232
1005002294250477
4000320453159
33034776704
1005001781668147
1005001620874480
1005001353722493
1005001926483208
1005001996118197
32995732504
33063326451
32973057475
32850814010
1005001498396405
32787858335
32945793031
32960697934
1005001418230003
33027808525
4001167567859
1005001617445974
1005002046387653
1005001517961844
32999595417
1005001397273687
1005002334311506
32295293202
32822069798
1005002314413838
4000906732968
1005002347742677
33057411423
1005001879872231
4000237130626
4000679976897
32365308376
4001021853334
1005001670704897
32956377961
1005001496799344
1005001380022387
32729472083
32825734696
32986876220
1005002049772015
32987482658
1005001922181337
1005002433675432
1005002316638672
32436418865
1005001862749749
1005002034041963
4000449044998
32859376907
32870081624
4001112749051
1005002382972347
32998276768
1005001604389091
1005002475913975
1005001463854427
4001228971214
4001273674639
4000401451595
1005002456681574
1005002314080290
4001239439154
1005001562956097
4001306013778
4000850492235
1005001321166746
4001276910277
32859307125
1005002246279015
1005001943016173
4001259338644
1005002354524128
1005002237508848
1005002321881186
1005002286851203
32591359055
32784964235
1005002390008283
32853579522
1005002497364972
1005001664728071
4000545745057
1005002400370763
1005001286623781
1005001836659833
32908878566
1005001942940277
1005002477421161
1005002291011295
4001264867749
32572432653
32636180842
32959608756
32800199532
4001080424398
1005002346503188
1005002293105749
1578537063
1005001431093095
4001236764280
32856617299
4001076543106
1005002122333677
1005002318614027
1005002397056328
1005001631177367
1005002323266430
4000088503470
1005002449821560
1005002238971753
1005002239737762
1005001381312911
1005001439044747
32696580827
4000389925687
1005001905150714
32885188599
1005001770999557
33010255009
1005001980193797
1005002423460742
4000484024881
4001112571364
1005002388765190
1005002393697979
1005001351813452
1005001860376379
1005002475630547
1005002401857492
32856838977
1005002313526593
1005002326819470
1005002490116390
32950672149
32780285121
1005002233016974
32863963299
1005002232385754
1005002355756171
4000905520472
1005001453030855
33000117014
4000986742302
1005002404119185
32865086759
32992533197
1005001691128998
4000114238424
1005001607866682
1005002180370273
4000407795384
32824629880
1005002378830967
1005002485008541
32878661753
32890738536
32712413906
32832376539
32975819139
10000322155011
32370333887
1005002388846277
4001129288358
32982510927
4001159310871
1005002417835151
4000798163270
1005001524106294
4000670418761
1005002313623930
32761212255
1005001910463308
1005001966371853
4000685216560
32797183656
1005001571500372
1005001656589543
4000879534388
1005002330978132
1005002326698411
4001257877967
4000636968334
1005002166876858
1005001796631975
1005001882338457
1005002324866305
1005002447785334
1005001670753692
1005001438859237
4000691410627
4000224811432
32974506417
32973624344
1005002107545766
1005002341467169
1005001329841298
4001335328655
1005002074242173
1005001875321195
1005002383199288
1005002482627442
4000903263319
1005002312944341
1005001670455308
1005001739385217
1005002250028879
1005001300083954
4001304602297
4000092010095
4000391571580
4000694449052
1005002239148108
1005002300328014
1005001726214041
795973149
1005001397536968
32981952796
1005002333979065
32917674376
1005002302572535
1005001515812768
1005002288188197
4000110402168
1005001557084051
4001366130120
1005002305910970
33031342830
1005002440108296
4001215747286
1005002420209214
1005002432519262
32983250027
4000064581553
4000398808661
1005001291851203
1005002400321572
4000252090250
4000361837605
4000794178588
1005002219814754
1005001736809250
1005002367230833
1005002381720375
1005002016437395
4000424762944
1005002247501802
1005001531872153
1005002328740149
1005001930894932
4000158931294
32846756308
1005001296029517
1005002270851763
1005002043141468
4000591860069
4001065253919
1005001269787848
1005001295735443
1005002286492355
32841940355
32983040326
1005002272052128
32828332640
1005001910636264
1005001660211007
1005002278938082
4000989990597
1005002339972735
32919645821
1005001791928118
1005002411318102
4001094358587
4000902631767
4000059788958
1005002338428934
4000410237839
32996873766
1005002051119994
1005002245309608
4001259937071
1005002374457636
1005002058276424
1005002399279075
4000415836186
4001027857295
1005002484751404
1005002337351407
1005002238287352
4000828743334
1005002322827545
4001293556826
32993888311
1005002085678359
1005002388774716
1461112039
1005001640211021
1005002237179833
1005001414674869
1005002212789450
32964361969
1005001961332308
4000712088815
1005002355952002
1005002353461759
32649394721
1005002428334034
32887327429
32851069679
4000887005339
4001078183201
4000849929336
32867020907
1005002355920359
1005002314498226
1005001512741516
1005002252523911
4000369769737
1005002346416487
1005002444370017
32978646464
1005002363440836
1005002418615422
32875246722
32823942612
32878067724
32842509724
4000910228609
32921919008
32326230868
1005002349707302
4000306752027
1005001973057419
1005001697678036
10000387034691
32853428207
1005001999121543
1005002328406322
4001260051812
32953844517
32789568755
4001308098368
1005002119458449
4001248634888
1005002326722810
1005001699128151
1005001713570620
32803042655
33025398158
1005002275582768
4000935478453
4000988670277
4001204544563
1005002330722839
1005002418282383
1005002033361710
32975632397
33030058298
32836565998
1005002378865040
32996581001
4000567560132
1005002443545475
1005002427288686
10000012336977
1005001970424905
32848436826
4001297492804
4000642868463
1274458080
32859555398
32635964266
1005002315567063
4001151139894
1005002396632130
4000599110253
1005002160039711
1005002387083979
4001087990531
1005002227802884
4001256533451
1005002350433562
4000373253839
1005002072253491
1005002369339682
1005001610385705
1005002310930922
32652542066
32656614666
1005002212337528
1005001418207982
32989698044
32282980721
4000295567053
1005001787037621
4001154591636
32987138739