32767939344
4000850474895
4001334546485
32995473922
1005002356267826
1005002323652309
32803300572
32861174753
32792345772
1005002321030445
4000762460855
1005002317362301
1005002305677516
1005001965677191
1005002313977110
1005001943805209
1005001900209153
1005002168764624
32950611330
32953779600
1005001638812585
4001172869939
1005002342802763
32696029524
1005002321634056
32858995260
1005002485100425
1005002492483960
4000099719708
4000778309139
32849343154
4000196828698
32474855139
32853283793
1005002226720080
1005001429313995
1005001921689535
33035639785
1000001519537
1005002313845188
32981094019
1005002470490199
32964508206
1005001506582411
1005002441152564
754941367
1005001842750908
1005001596344311
1005001487530097
33048600878
32946133278
1005002353865948
4001128065374
32915400655
32951759331
1005002369083961
4000890516246
33007523034
4000651986879
1005001666793354
1005002245689861
32885902393
32817185535
1005001839511486
1005002305298989
4000248631613
32991144466
4000837700577
32641765495
1005001407876956
32279192184
33055808040
1005002231711221
4000241194915
1005002239032619
1005002117668919
32346475340
1005001664550980
1005001693224796
32667505622
33003050781
1005001286862280
1005002299464733
1005002181054421
1005002244809521
1005002279767773
4000371069708
1005002166791465
32603824984
4001327914328
32984475641
1005002091360974
1005001743643223
4001156793280
4000836373792
1005002120013104
1005001489830927
1005002267723850
1005001844796699
1005001796958690
4000934206106
1005001561990522
1005001914925338
32862899859
1005002313706653
1005002271326153
4000878414273
32852813265
1005002258986562
1005001856874987
33043260371
4001271383994
4000296619195
1005002280692934
1005002288595715
33024316986
4000199182777
4000986567338
1005002228368303
1005002288897161
32851860831
1005002481026138
33011513790
1005002381765650
4001076385418
4001224858505
1005001310180837
1005002238183404
1005002450990329
1005002298357472
1005001308570338
1005002137266505
1005002361219796
1005002324547501
1005002291943112
32782771499
1000005319601
1005001360301139
1005002340442086
4001185679413
4001160320090
4000055891405
32859396531
32812113365
1005002261086818
1005001694262969
1005002313036923
4001226010832
1005001603469921
4000278325503
32356623310
4001216736324
4000468199466
1005002315592070
32903279115
1005002232697781
32848751437
32820684438
1005002225036514
32903488158
32561337809
1005001525455190
33003362912
1005002121492734
1005001927875186
32870274646
1005001737407309
4001035353293
4000888890478
1005001656797832
32958861954
1005002418633166
4000742179795
1005002435105947
4000562359760
4001236052025
1005002074528541
33007375333
1005002258857135
1005002490390484
1495076679
32979707735
32891808864
4000770120752
1005002053784992
1005002399408839
1005002315300198
1005001500323865
1005002214496504
1005002198801276
4000990950292
1005002272207966
32832748814
4001091612748
32994780526
1754542423
4000776046410
1005002289713254
1005001861385538
1005002447014768
1005001285338404
1005002381766496
1005002342547464
4000417160741
32651973174
4001295328997
1005002064817385
1005002327579893
32838207425
1005002341315641
1005002309842485
1005001666125080
10000322239152
32252525349
1005002360207218
1005002198079023
32958296349
4001283059157
32918089443
4000972233665
32880688342
4000036634460
1005001543577961
4000537090103
4001246946455
1005002378896717
1005002395465711
1005001332610179
1005002375797914
1005002276293225
1005002357618320
1005001762948935
32444531614
1005002293270146
32912200915
1005001445615893
32807626277
1005001815535071
32861638062
32795068256
4001173186000
4000336355790
1005002329419131
4000629031150
4001024703669
1005002259270980
1005002399628881
4000633255767
4000927001259
1005001946403982
1005002261274609
4000032260535
4001287882051
4001302181082
4000311173105
4000994835650
1005002478909506
32909774173
654319943
32790898882
4001174937126
1005002275947619
4000152223267
1005001446028456
1005001986903749
1005002316670888
1005002059128908
1005002240492666
32996335297
1005001638299378
1005002314464166
1005001387850908
32806201702
32957763619
1005002050272366
33036033623
1005001939420545
4001274413092
1005002426797809
1005001325802078
1005002314342489
1005002187105815
32845801419
1005001705238397
32989440806
1005001405000097
32606549433
32993939981
1005001640200764
1005001516982377
1005002469597516
1005002337806345
4001264898996
1005001627174304
1005002110612722
1005002250437382
4000472000615
1005002428795713
1005001996867657
1005002265376175
4000895575496
32887976311
4000014636887
1005002114689687
1005002358504562
32988568390
4000952144535
1005002124996531
32846746756
1005002267581710
1005001658794145
4000709615923
1005001343232169
1005001928827793
4000242225666
4001045512811
1005002247610782
1005002105066873
1005001604760463
32963284665
4000764899375
1005001863997329
10000060867642
32841858412
32945233104
4001240558649
1005001489741405
32926884682
1005002318261389
1005001353896619
1005001612188476
32923291376
1005001332582841
4001333946636
4000984037476
4000657099630
4000930527446
1005002408378605
1005001362229722
1005002438333042
1005001908356194
32888021171
32930447870
4000106034765
32901810168
4001114410666
4000927301517
1005001794760046
4001266967875
4000804190326
32659155999
32883950284
32880597723
32857544374
4000071880851
4000610568040
32989891779
4000816736103
1005001829652896
1005002203943714
1005002377380352
1005002417323251
1005001822347279
1005001515755849
4001153482699
32980513059
1005001698456999
4000297916253
1005001397955556
33058179681
32753117285
1005002241273818
4000043002340
32820704658
4000611273255
4001054745024
32833726897
4001316205902
10000360683679
32817168250
1005001491859220
33030437637
1005001444859274
32370717389
4001286415826
4001282561446
1005002091273160
4000788801864
1005001581060560
1005002367531824
32699413989
32692528513
1005002263467133
1005001868752165
4000143271670
2012708216
1005002413063026
4000060643743
1005001511667391
4001038330327
1005002266167945
1005002304103887
1005001802982652
1005001475412236
1005002285935418
4000985371934
32960933998
1005002245100859
32852552053
33037613223
4000626700865
1005001994830066
1005001390728418
4001356201784
32712530514
1005002428804879
1005001406729162
709137781
32815284938
1005001736873768
1005002469330980
32968369608
4000842994387
1005001813973654
1005001517203515
1005001952111264
32809381045
1005001762480817
4001175700565
33002306499
1005001680561471
1005002319151143
1005002365030622
1005002304353502
1005002073283535
32993584271
1005001848543879
1005002346854251
1005002224834150
4001166018391
32833526845
1005002271746562
32581563228
4001365904252
4001204000295
32825116413
1005002418053832
4000548590514
1005002344914745
1005001780378756
32833280057
1005002326307971
1005002425596949
1005001525286970
1005002197031964
1005001953694227
1005002318608487
1005002344384331
1005002374711756
1005001836300266
33007577753
33000371732
32431131312
4001217824001
1005002483272565
1005002341545632
1005002320780127
1005002299708121
1005002292713301
1005002490221374
1005002122356681
4001350805788
32870041844
32827708590
4000495133779
1005001702909697
4001270878553
33031153557
1005001988566794
1005002456972292
32379338027
1005002357638464
32649878444
32794332702
1005002120237371
1000008504877
4000777445945
1005002182394054
1005002310045616
32815305920
4001050967559
1005002294868583
1005002362868533
4000419011628
4000377609993
4000989870932
1005001790421257
32997728290
1005001664398927
4000117199543
4000114258794
4000058309658
1005002259839914
1005002348342686
1005001383120954
32916718640
1005002260879714
4000061946516
1005001688878215
1005002356736855
32977961652
32921051496
4000438984636
4000469456596
1005001437496763
1005002394150459
1005002252854774
4000072328980
1005002287353561
4000211478906
1005002370369379
32866594188
1005002344358277
32756865472
1005002304578691
32828197964
32999867220
32931573075
4001218423914
1005001556700000
1005001703924339
1005001387651946
32870576620
1005001694733539
1005002324491238
4000216527553
1005002440128482
1005002235813427
32973065079
32964370549
1005002357605289
1005001431424401
4000922036299
33043752634
1005002333009590
4000015451424
4000790212113
1005002184793868
1005002323706700
4001113748981
4001239956485
4001043283491
32959368539
1005002242302805
33013904469
32953750940
32852258204
1005002334429279
32887376985
4001247811210
4001030778928
33007835137
32974756640
4001294191110
1005002321686665
1005002414002742
1005002305966907
32667369750
1005001891458432
10000400070273
4000306012856
32810933729
1005002180050170
32974808948
1005002393518682
32986431687
32782630978
1005001275275888
1005002287419125
32901379469
33024261661
1005002286713167
32648866670
1005001812513486
4001174503782
1005001728367128
4001013010834
1005002278639365
4000569377353
1005002329806920
4001228655183
1005002493745686
4001332554577
32889658050
1005001731773501
4001175333322
4000990696764
33062682250
1005002327715081
1005002334128144
4000779928185
32848764349
1005001496951002
4001330879143
1005001670926011
1005002043225678
1005002414182740
1005002339473866
1005001586441031
1005002179798371
1005001866727666
1005002225685710
4001359255938
1005002122592031
1005002326507573
32921646944
32807754608
32533771835
1005001917353464
1005002230449332
4000857934364
4001000038898
32907457516
1005001761639964
1005002468330823
32845613067
4001098733120
32955943391
1005002485172560
4000239642718
33051261360
32968678082
1005002130364709
4000984248376
1005002304351583
1005002116435122
1005002233567427
32918165266
4001264412647
33022999229
4001199285750
4001128238818
1005002463988143
4000679374454
32978454039
1005002400517898
32857065201
1005001670926932
1005002030016070
4001021551366
1005001682464486
1005002301522052
1005001375720267
1005001573138655
1005002491953379
4000397532047
32972442474
32610276059
4001238100876
32835856348
1005001729055431
4000816705720
1005001567307043
1005001699090257
1005001437513626
1005001544509101
1005002368303367
4001309524643
32845058851
1005001394184070
1005002326865706
4000600203225
4001090642527
4000206771012
4000194798170
1005002463192114
1005001847675151
1005002464977670
32692943219
32819667309
4001013030611
32238512396
32876712752
33041876336
32728986696
1005001812061652
4001150280439
1005002475872338
1005001834102606
1005002259240008
4001225332083
1005001730754907
1005002297887397
1005001394560602
1005002180222136
33012310550
1005002287525089
4000545945915
1005001916034057
1005001449916378
32824814037
4001069887893
4001122296166
4001179797239
4000926125267
32846335165
32892563923
4001186604247
4000267705660
4000998176054
32961120996
1005002297871503
1005002460673610
1005001571414558
4000972689503
1005002453416997
1005002305802069
4000541335281
1005002264803778
1005001670602761
32809509451
1005002314731120
1005001370178682
33029389408
1005001732328974
1005001861485699
1005002430527580
32843354330
4001199337494
1005002035499470
1005002382789621
1567000192
1005002256693657
32652290760
1005002341642787
32972764393
4001289108085
33001589419
1005002266897145
1005002322673450
32968467622
33012712200
32823174324
1005002244715074
1005002453063517
1005002314506745
4001332263197
1005001765992733
4001268294616
4000840635911
33037779889
4000449436919
32272212889
1005001922425350
1005002276572631
1005002380753787
1005001973220308
1005002228371064
1005002489159897
32971646056
32993755246
1005002475185317
4000482607019
4000837884802
4000941072263
32818889636
4000584639361
1005002115356986
32965039275
1005002384403278
1005001762056789
1005002270882401
10000000653982
1005002428520275
32847162166
32954331307
1005001649418273
1005001934890050
4001272281884
1005002241029691
32265470125
1753745454
1005001364829825
4000161065626
1005002007597061
4000546488758
32703758968
1005002433826007
4001117767766
4000032598352
1005002070040733
1005002301858278
1005001693329655
1005002438258885
1005002238578972
32804996266
1005002298873897
4000858942508
32896075109
4001362435050
1005002310439157
1005002473100492
1005002339570705
1005002260944432
4001300262136
1005002321671718
1005002296782790
32766583406
1005002281082744
1005002119994112
1005002256164653
1005002446959336
4000058115712
1005002012807313
1005002425524924
4000188740975
32944313165
1005002049456248
1005001960506217
1005002182248438
1005001494960662
1005001785443614
4000168150596
32440842182
32881024377
1005001992517260
1005001458674328
4001235987456
1005002476657493
32955635852
32999234178
1005002241046816
1005001670479536
33032233832
1005002260109166
32989916525
4000098989867
32338882368
32855354900
1005001758421892
4001043391749
1005002422163418
32775189250
10000023246707
4000405099127
32917730297
4001280791569
1005002052649005
4000042989999
32820539086
1005002353721941
1005001566038457
4000268630210
4000448360413
1005001888221120
4000881197222
1005002340220575
1005002495124391
32793992875
1005001942867880
33023544628
1005001988627162
32307733561
1005002038059119
1005002485023642
4000426678945
4001165480288
32308279182
1005001577329638
32917437104
4000298406048
1005002317355040
1005001491681017
32988531342
4000936574426
1005002263886109
32890419416
32591251384
1005002483698175
32957893196
32604168305
1005002446878888
1005001698601479
32791846419
1005002404800562
1005002377598350
1005002314085481
1005001957563029
1005002314297427
4000689028125
33023653951
4001064633435
33000228131
1005002378377628
1005002054521895
1005002400471873
1005001970189713
1005002369295242
1005001640721516
4000460864554
32905784548
1005001546776138
4000206345278
1005002293235755
1005002143270541
1005001941897906
4001176294291
4000927230208
4001345782783
1005002106059535
1005001328142001
1005001692282834
32822393667
1005002259244839
4000925512035
1005002316786154
1005001874174434
4001105412839
4001229316468
1005002115710161
32905278627
4000241535466
1005002400508673
1005001495420817
4001130867820
32995831021
1005001804297384
1005001508794072
1005002204029324
32870238805
1005001371455561
1005001835544263
32992471415
1005002223410716
1005002317345551
4000523048047
1005002320660974
32956051388
32884992644
32975565696
32754622904
1005001511365686
1005001892069291
1005001461796782
4001263610363
4000430257320
4001199712186
4000344043638
4000283579647
4000991350754
32878372358
1005002454240951
33002558989
4000710258158
4000976215655
32303946449
33050505587
1005001555434382
1005002440187325
1005001494380244
1005002233969221
32791578202
4001208342543
1005001707789456
33031548109
32934699700
1005001930771954
1005002314295439
33021050445
4001235419950
1005001707569965
1005002440829324
32858957010
32959041658
32971944009
1005002373081440
4001246199909
1005002172315971
32860039410
4001152320434
33041249580
1005002454353641
1005001877366136
4000768476652
1005001859970382
32479042125
1005001841751310
32846291880
1005001602761074
32774596117
33051855545
1005002447359784
32252442051
32868642307
4001143438182
1005002052110857
32726076949
1005002239048759
4000630823177
1005002026913895