33036595869
1005002333571164
1005001285120119
32909177506
1005002247003160
32916889186
32976065562
1005002287655246
4001205285202
1005002246277324
1005002295117460
1005002368543890
33054824338
4000444540384
4001359903576
1005001671660959
32820118249
1005001729315882
1005002351354438
1005002167885543
33053560675
1005002284590229
4000963730406
4001138992797
1005001875227085
1005002414213068
4001048758436
1005002129605529
4000991966459
1005002211990075
32880356546
1005002464886810
1005002313961779
4001257470672
4000561740940
1005002412963512
32824014816
32789994070
1005001870446024
32980764801
4000972229910
4000938079362
1005002485758387
1005001374444346
1005002168089090
1000007457265
32900044321
4001009749201
33058561534
4001093203776
1005002434064557
4000086924646
1005002296414331
1005002406066882
33010469791
4001116238046
1005001696008243
1005002364068487
32800919455
1419248981
1005001780906446
4001136199397
1005001604596144
1005001894799228
4000274617392
1005002438463362
32841691532
1005001351130850
1005002307120540
32976302292
1005002220075994
1005001626740710
1005002205677827
4000558182514
4000368972405
32978829848
32992712665
32996354111
1005001309161380
1005002307118490
1005002283292063
1005001863343886
32779772348
1005001972800930
1005002254372502
1005002488051779
1005001921012794
1005002316016835
1005001650595468
32978695630
1005001439104678
1005001859118256
32911208574
1005002120230872
4000607101168
32867427388
1005002464761604
4001131750506
1005001452770541
1005002026767651
1005001966642039
1005001287186237
4001347305810
1005002110108582
4000706470897
32979517068
1005002258507832
4001160460370
4001208783650
32902329198
33014996624
4000935538353
1005002362223436
1005002491878583
1005002011068237
1005001295575752
1005002240341900
1005001531502978
4001256819884
32837383994
1005002289444805
4000101737959
32538032064
33051351177
1005002245831982
1005002176302396
1005001565443692
1005001393208059
1005002168196281
1005002500286437
32850984246
32917230599
1005001862855443
1005001693286228
1005001602126637
4000671114798
32984478312
4000316017267
32816503857
32389907834
1005001406688367
4001322261423
32792649155
1005001977502719
4000058648768
1005001441371305
4000078629883
4000210244965
1005001883431003
1005002293924905
1005001681757304
1005002262293782
1005002044379983
4001064471519
1005001877309915
4001250880765
32990505885
1005001380126462
1000007381255
1005001739822072
1005001891356365
4001235732377
4000907532969
4000032456547
10000058523400
1005002393550041
32977774021
1005001984317923
1005002468081899
32966157709
1005002234521197
4000166201381
4001279593463
33042581950
1005001631024922
32721289608
32841634899
1005001396990214
1005002192602636
1005002360304284
1005001334807527
32861490301
1005002233298229
1005002244775484
32973992353
4000321664251
4000663967304
1005002219384679
1005001475523262
32918455305
4001235776381
4000208220456
1005002284730330
1005002301277714
1005002133515142
1005001907340946
1005002386007665
4001125428425
4000904782807
32326401419
32972580830
4001217457889
32958079293
1005002305207067
4000532079778
1005002454073510
1005001942137051
32926217161
1005001824731246
1005001868570063
4000293924211
1005002006468341
32818361138
1005001569134764
32967365922
1005001949418513
1005001699236581
1005002356943215
1005002425935192
4000005604055
4001264023061
1005002348063120
1005002500526005
1005001498836047
1005002148201188
4001125875706
1005001537573716
1005002420958408
32790184896
4001218856676
4001360631419
1005001669720656
1005002281821669
4000282381672
1005001644709387
1005001536822183
1005001438842883
33048042595
1005002246004818
1005002435368583
32938832364
1005002424734228
32843439171
4000411309386
32963719461
1005002408885416
32987364526
33020859984
1005002466100629
32978713996
4000734520250
1005001608219304
32995140954
4000585781991
33046897807
32791470141
1005001908039679
1005001397386179
1005001333788900
32715845174
1005001799366631
1005001500224487
4000538373911
4000666857462
32908600277
1005002350799645
4001264067428
1005002233327645
4000933159029
1005002272899495
1005002395011466
10000300445989
1005001769999947
1005002192087862
1005002167671979
33029516940
1005002489805030
1005002392658060
1005002314871969
1005002312672642
1005002129933074
1005002314035205
1005001510987210
1005002393066087
32859767855
1005001774335576
4000067305911
32885853353
1005001882382322
1005002309462643
4001014441384
4000902703464
32855474717
1005002008165959
32973774857
1005001760382445
32815449982
1005001501132455
1005001594586708
1005001671196821
4000335585233
32818963207
1005002109628681
1005002381414904
1005002389524979
33032506086
32973517125
1005002427083416
4000990562292
4000864933574
1005001530047768
1005001817842360
10000415963376
1005001469409898
1005001590710754
4000545333406
1005002247661197
4000069365284
32948663861
1005001604170877
1005001970706080
1005001844677788
1005002314308942
793038612
1005001598767663
1005002122521098
1005002341382173
32905244069
1005002273654751
4000386639307
1005001882896889
4000742050317
4000395344300
1005002414099584
4000155079415
32837710955
4001346407907
1005002091836494
4000828954039
1005002313837564
32598321054
1829928599
1005001586264897
1005002371697313
1005002130025166
32932771830
1005002288762454
1005002463783548
4000883556632
32902685831
32831049307
1005002252531956
1005001319556063
1005002001543827
32880655608
32996446960
32574111165
1005001987568858
1005001696032122
1005001986695719
32717318549
4001366116035
1222804337
4000934793980
33059811765
1005002087973586
32961842135
1005002060984516
32910545494
1005002482121472
1005001350207450
33028493685
4001042020588
1005002269659567
1005002304850876
1005001417168069
32340755337
32962366183
32807105891
32845942086
1005001433502415
1005001847301503
32239129058
1005002297326156
32711288131
33042585810
1005002427874284
1459668645
20000004505370
1005001989826370
32965825797
32985660870
1005001908837211
32978820888
4001252552439
1005002061377043
4001275610372
1005001491413745
1005002320890992
32953837182
32952336120
4000959676806
1005002477491438
1005002350528628
1005001906711646
32653527983
1005002126741335
32915953066
10000330882277
1005002244765773
1005002316573813
32786911147
1005002295588140
1005001965620506
4000355241874
1005001858331778
1005002278036105
32879369278
32857493716
32461705807
1005002419258418
33030763226
1005002322444701
32428250835
4000188672438
32838340842
4000773068640
4000173926270
1005001559323628
4001038840213
4000685191660
33047964467
1005001481852030
4000448868829
4000988286678
32950601503
1005001389764020
32974155249
32956988078
4000833420792
1005002319303581
32843829469
1005002460470169
1005002071853440
1005002339471376
1005002423745205
4000415366381
1005001694689434
1005002289033432
1005002132297789
1005002298898866
1005001430732975
4001270994578
4000630260356
33021902052
1005002085505357
1005002318917667
1005002316211535
1005001796617978
1005002046994645
1005002291633057
1000004745118
32638758224
1005001861472468
32828541200
1005002313713789
1005002345065061
4001143503465
1005002490394907
1005002418970660
1005002430808416
1005002244002221
1005002319268353
4000484213283
1005002439041483
1005002219379116
32577943823
32821735002
4001193338055
1005001279584362
1005001913549048
32797106105
1005001873652975
1005002014329770
1005001671367578
1005001528937538
32950760250
1005002400022676
4001075185948
4001021242005
32954854349
1005002029156339
1005002306675296
32847038375
1005001610091479
32888389902
1005002347108258
1005002457344121
1005001640528058
1005002425328524
10000205558069
4000987384737
1005001434306180
1005001863329853
32998843676
1005002428983211
1005002352212923
33041478874
1005001933812733
4000042306357
1005002107122707
1005002467444510
1005002078840723
1005001828888829
4000314077429
33010673258
1005002289473706
1005002260430135
1005002426407533
4001334396181
1005002210497429
4001286287404
1005001901872481
33008859450
32979597835
1005001365200961
1005001640661300
4000844544593
1005002401313110
1005001991870652
1752797170
32750702005
4000003620959
1005002233467562
1005002277877258
4000062165851
1005002245230381
1005001350105280
4001345992675
1005001992238658
1005002266472861
4000458601017
32954154659
1005001659100095
1005002457846374
4001055357113
1005002338114508
1005001371432038
4000185368060
32855653559
1005002049830189
32393387256
4001262158188
4000917488268
33035831560
1005002304227231
1005002344724014
32926056062
4000095868531
1000001546843
32964278921
4000894775509
1005002245395257
1005002448897548
1005002132469075
4000349944885
1005002405250982
32962043034
32980473931
32916010510
1005001606410419
1659019167
4001153843594
1005002037280162
1005002301719334
4000138484343
4000810470591
4001347167741
1005002112061963
4001160683782
32965128597
4001230409231
32995586090
32978761951
1005001527437312
32829730277
1005001625198475
4000205356581
4000717205924
1005001338002085
4000654416613
1005001621978643
33001262921
1005001604255772
1005002398788347
4001114434611
1005002443064928
33034773272
33016940035
33010335199
4001314396820
4000693563830
1005002119340554
4000049257728
1005001847990231
1005002388451027
1005002177717060
1005001855091487
32856710371
1005002101343130
4000927486720
1005001391684764
4001054542313
32903881641
1005001722596760
32459371278
33009515754
4001359882149
4000433312145
1005002490716872
1005002229245128
1005001798885701
32957216183
32680606751
4001167348491
1005002311391575
1005002288821496
1005001355556828
4001201388586
32973993337
4001244325100
10000293143199
32960560673
32998682382
1005002457027276
33024268182
4001223566873
1005002354445804
32829567174
32850430815
1005001935937209
1005002352167082
1005001298828914
1005002376243458
4000808259498
4000862739824
1005002287315561
32904143432
32983335253
1005002339505247
10000395856066
32617643629
32846959130
32866034127
1005002381017902
32872485908
1005002383963261
1005002284070509
32962961021
32976067784
4000207143795
1005001705216041
32944522414
1005001836363275
1005001694320252
4001230356924
1005002242487471
32948908544
33044972817
33029551124
1005001286692074
32948652958
1005002311741937
33008244865
32699721801
4001134635578
4000038838394
1005002484908571
1005002148019882
1005001704405053
1005002051171715
1005002412191618
4000337985020
33010281166
32904429679
1005002315373250
32870418014
32850733360
1005002398265854
32982293934
4000392095231
4001117560750
33026400338
1005001267120134
1005002337396150
1005002307071533
1005001965059876
1005002443831163
4001272019022
4001233949680
1005002263899942
1005002422134489
33041636691
1005002329862660
32978314404
4000118371287
1005002387470509
4000365570187
32883929983
1005002344998289
4000359797162
1005001861711366
32766426674
4001195521122
1005002404459870
1005001972727514
4001143080526
1005002267922450
32998088082
33005739955
32957501261
32353625402
32908284380
1005002205058392
32951228677
32618663033
4000784882282
32844438443
32926177159
4000662700096
1005001785558069
4001198398051
32957092444
1005002109950578
32869256659
1005001565246749
4001156746535
32962704525
1005002315431090
1005002246621191
1005001731212371
1005001685537345
33028892255
4000850634734
4000940764305
1005002286654619
32906550016
1005001893168818
1005002115157921
1005002247410971
4000635757334
33052419040
4001105085839
1005001475751981
33008973080
1005002301066288
4000704140403
4000805188014
4000517489971
1005001798821174
4000941294420
1005002314308464
32959539586
1005002412853263
4000516295776
32972429576
32995836932
32834117834
1005002368933661
32778003321
32995162662
1005002207166673
4000018105743
32827440303
4000493397013
1005002350201574
32967033372
1005001581683370
1005002310372475
1005002407732324
32913054298
1005002328005847
1005002332118462
32820889127
1005002293944488
4001127196505
4000009090828
1005001608073212
33004709981
1005002353753657
1005001953545331
1005001648732304
1005001430056401
1005002488163339
1005002115128199
1005002333879846
1005002467529309
1005001799468263
4000777627134
32878156447
1005002373789938
1005001867797080
1005002303985971
4000029002348
4000690924800
32789673814
1005002477808210
1005001678687125
4000597311562
1005002094398777
4000186066270
4000959236523
1005002321852798
10000055679690
1005002490417625
1005001943540215
32968366249
1005001930772732
32961462637
1005001453736649
1005002477643149
32561573426
32852918760
1005002239413543
1005002341735020
32968345553
1005001984430931
32797825897
32842220761
32864583924
4001264267941
1005001645637051
1005001991984052
4000953663153
32880704641
4001188554793
33019763697
1005002231254711
1005001980163499
4000833547863
32951922353
1005002431999959
4000236163191
1005002487762632
1005002207911934
1005001285860465
1005002359785415
32993492610
4000986186232
1005002466961601
32789506641
4001223867992
1005001803609637
10000161538692
1005002401689374
1005001500637639
32953795750
33010136222
4000013102979
4000696187709
1005002391122025
1005001952991893
1005001534017229
1005002482349420
4000966072192
4000008138980
10000351707988
1005002489106253
1005001639236677
32954767447
4000310940211
1005002342429273
1005001461959223
32813424891
1005002351334635
4001322112573
33010720708
32819629164
1005002360205683
4000035749098
1005002064124496
1005001580301534
32889322148
32914056685
32855721825
32980387050
1005002366347265
32918317924
33056477165
1005002219993222
1005002128234507
32814513359
32751195732
32883911444
1005001556345669
32353842416
1005002314395012
1005002443467670
32842931580
1005002269050587
32638944578
32890356443
32899898807
1005002312595069
1005001602783027
4000933624421
1005002357557631
1005001894594147
1005002286229432
1005002314450885
33007656446
1005002382523629
1005002334082690
4001281785031
1005002494445139
4000969399355
1005002157537824
1005001351069974
1455107429
1005002281898466
4000991521185
33055496567
1005002398982255
33035337036
4000694640243
4000265045041
32950058801
1005001680684148
4001171009688
32781223742
1005002270946555
32789389562
1005002358701242
1005001270123045
32970235712
1005002247461452
1005002206089511
33049204803
4000837998202
32857480353
1005002311700534
4000853879912
33003543475
1005002019126072
1005002356541306
4000371188766
1005001426188731
1005002084890719
1005002426624847
1005001525669487
1005001682354335
1005002467978993
1005002393788110
1005002049772219
1005002350421422
1005001474155892
4000199811447
4001162152138
32983177709
32787115854
4000751040459
1005001464373944
32836836459
1005002003900298
4000509899852
32873008839
1005001506066213
32965776088
1005002446310341
32906539729
4000088949317
33012329499
1005001641263729
4000473748909
32759118396
32831293767
4001146062234
32869737515
33005451338
4000219520066
1005001841740322
1005002313754377
1005001694280535
1005002035856019
1005002341756530
1005002259520366
1005002394008294
1005001457666485
1005001700772928
4001270397337
4001155488724
32966959829
1005002253735845
4000584354434
1005002307663032
1000006957733
1005002490072579
32828301985
32830350274
1005002425845158