4000583764091
1005002436704379
4000174126150
1005001868621093
33051831014
1005002482081895
1005001297485988
4000956281073
1005001278398259
4000599177699
1005001493212819
32755034096
4001268022691
1005001454045710
32738181812
1005001346950813
33030022042
1005001560786370
4001110320953
1005002070362418
32862758313
1005002166049790
1005001850771594
1005002246596096
4001269648357
1005002248678986
4001230773664
1005001495575867
32954984182
32961580144
32993749928
32959797121
33007383675
1005002273690765
32848667503
1005002219400074
4000897859445
1005002484040954
1005002068242336
32955284941
1005002383904825
1005001399777537
4001217729223
1005002113394222
1005001685872290
1005001270183575
32668568313
1005001442928013
4000849496399
1000008613225
1005001985862426
4000866708197
1005002283161972
32982789190
32945630105
1005002353008289
4000857291688
1005002328816999
1005002436107996
4000593873450
1005002108369593
1005001644165172
1005001922066777
4001222034445
32804591080
4000931421783
1005002400631752
32851006515
1005001475253106
32912531397
32613460775
1005002315544863
32980189767
1005002043090880
32578217089
4000183278442
1005002375487532
1005001928049027
4000868741710
1005002300836181
1005001803157434
1005002111610735
32977238057
1005002477317580
1005002441722474
32808159254
1005001304977023
1005002246078365
32845618093
1005001516918922
1005002260819845
1005001704291813
32869935415
1005001845492743
1005002239122694
32671857646
4000979825173
1005002266631229
4001043386329
4001349135861
1005002262637039
1005002004754732
32999539334
1005002222227391
32868477714
1005001495819166
1005001877296636
32933338960
1005001982112316
33001573406
32965961456
1005002491637477
1005002480861599
4000987250802
32949968962
32788419878
4000489435619
32997508221
32921586121
32956351151
32874645751
1005002495622740
1005001591987872
32837417961
32647067479
1005002454051614
32839601323
4001227864330
1005002245244447
1005002281954155
1005001503256533
1005002382752141
33002703647
32837078887
1005002076225610
1005001963027817
1005002095646246
1005002346078990
4000190547758
1005002358425619
1005001670966404
32689283211
32541848830
1005002192262724
1000006068581
4001241627051
4001115938096
32657945980
32870357437
32847404730
4000072335068
1005002113280453
4001245383251
32522579062
32720980721
32826613939
4000251907727
4001134745631
1005002015204377
32974239112
4001305439193
1005001622098719
1005002460908599
33038062565
1005002371483689
32979703718
1005002460459500
32888666317
10000142986662
1005002487084100
1005002210461879
32949447426
1005002090702944
1005001918324183
1005001553247138
32810113430
1005001444658705
32954530636
1005001529017333
1005002371548035
1005002327353731
32245127489
4000979788431
32975410628
4000269862105
32811086925
1005002492383312
4000212793783
1005002294105312
1005002163028410
4000677408141
1005002354193571
32657952042
4000563091145
1005002367645773
1005002305602374
4000576687200
1005002323357386
4001215108751
1005001888966493
32616925422
32797996090
32822261132
4000614520404
1005002272246661
1005002323278788
1005002055796362
1005002382874033
1005002448789901
32746404534
1005002482350837
1005001895486922
32857430102
4001037732858
1005001287857790
1005001564769837
1005002443193024
33061418713
1005002313965706
1005002385101674
1005002125024809
1005001879906299
32855118006
1005001839487712
1005002129416604
32979047285
33020493926
32959831817
1005001645183023
32855970028
32876209732
1005002052301024
1005002245382313
4000784843985
1005001769424684
4001224612995
1005002430322356
1005002254973158
1005002390864602
32952673807
1005001666604915
32820639070
4000773684855
1005002337160024
1005001700987606
1005002351760742
33063615168
1005002110452278
4000104471761
4000666589025
32913287661
1005002433794256
4001286574547
1005001949917439
1005002417053742
4001230324771
2030617911
677506307
1005002286486255
1005002433725822
1005001314490396
1005001441473396
1005001926711984
4001280931822
4000784082838
1005001469438902
1005002256222722
32996635048
1005001868591305
1005002310428416
32810096286
32862639133
33022652327
1005002175815401
4001127940322
1005001572332229
4000744380165
32917980978
1005001688714263
1005002108655329
32885135735
4001193688226
4000857599835
1005002389246625
32948205869
1005001885687402
1005001567344359
4000751197682
4001092408026
33013339261
1005001349579974
1005002207719171
4000083585066
1005002346829213
1005001562703503
1005001780393642
1005002406782514
32973519316
1005001856826493
1005002094146051
1005001898918835
4000061060043
4001227752766
1005002389370973
1005002314370828
1005002346010119
1005002231792538
1005002485357792
1005001430641719
1005002361346620
1005001555309035
32795003588
32991265333
1005001525767512
1005001996673920
1005001731459237
32923603403
4001302439747
1005002337666676
32981479195
32444443523
1005002350130519
4001277766598
4001270837917
32856937583
33037492928
1005001670777721
4000031997866
4001265056356
4001249445084
1005001881240277
33008328487
4000526001506
1005002039246192
1005002008515332
33003769226
763708662
32598898165
32770969127
1005002359313632
1005002247766104
32734434847
4000816376184
1005002408371878
1005002246125161
1005002167940620
32885027443
1005002330382964
1005002301427354
1005001966431444
1005002245684593
4001070616429
4000320702309
1005001452982996
1005002337326158
33037785374
4001223506280
4000967916363
1005001664505026
32840044614
32976538644
32838944623
1005001743060745
4000327125517
32950006448
32957844337
1005001388311533
1005001889178042
33039213780
1005002316497859
33062771599
4000707284970
1005001483603194
1005001965492101
1560378486
1005002113160560
1005002344907872
1005001731578043
1005002300997335
32969612458
1005001567746457
4001214505413
32977338498
32862779674
4001202078165
32975569015
4000588384153
4000580297813
4001009024985
1005001741628747
1005002454357712
1005002260810434
1005001615964865
32959280642
1005002483575169
1005001648045908
1005001286799445
32857843604
4001187147457
32967913958
32786157846
4000193973716
10000039218956
1005002467563888
32885476908
1005002337204496
4000463849066
1005002369751118
1005001736086713
4000842672529
32922338897
4001334454008
1005001530483550
32959863796
32353550693
32437602137
32975595477
1005001775365753
1005001504785982
1005002304631002
32605560608
32951665238
32606296155
32954765547
1005002289601763
1005002218145589
2037923185
1005002328247134
33006998406
32846662256
4000912538220
1005001474149078
32666465996
32760339459
1005002277221025
4001080132470
1005002333713941
1005001918185398
1979774352
4000785447355
4001042292033
4000294892407
1005002352619280
1005002338558362
4001218044418
1005002275684241
1005002313900169
1005002014616018
1005002340035397
4001225052914
32825159303
1005002011674119
4000112372954
32615809056
4000761488503
32989847207
32949390568
4000332963895
1005002332643263
1005002316705046
1005002080930686
4001276895604
4001278538894
4000595573895
1005001783270801
1005001707530971
4001170596909
1005002137525058
1005002315363214
1005001833515763
32574479695
1005002399531795
4001016106823
1005002278742573
1005001730550868
32852501529
32922286539
1005002238205358
32270640462
1005001738835023
1005002425390807
4000751457152
1005002317936913
1005002418236952
32950432342
1005002407989643
4001012022453
32847258565
1005002323862214
1005002433428676
1005002072356262
32857287184
33001210189
4000466439848
1005001729340394
1005002364900408
32872647929
4001197168650
32896733771
1005001705511652
32834248619
1005002390639818
4001307203803
32623737175
1766322633
32635326462
4000278641227
1005002437157760
32976346322
1005002259872367
1005002414006208
32720670792
32963627433
1005002105771378
1005001266486524
1005001854248719
4000842241462
1005002412931386
1005001335256154
4000511757740
1005001977501265
1005002383685841
1322946530
32287250948
1005001423059106
4000102206076
1005001840175646
1005002458208318
1005002389612493
1005002368287945
4000607045850
32961816055
4001318118210
1005002254062611
1005002443706195
32918896097
32823025994
1005002378895451
4000848833745
4001265205606
4000919283752
1005002317918493
32897129651
4000021744447
4000927089150
32861633162
32858460585
1005001950231476
32913826426
32840084018
1005002205145647
1005002357387271
32851733996
32818630628
1005002121379606
1005001980121685
1005002387670401
33009043204
1005002321830292
1005002314259890
32309916994
1005001591481048
1005002011386337
1005001567298701
33016743543
32534260334
4000537709076
1005001671781669
1005002255466960
32915074465
1005001697556892
1005001809528098
1005002439875792
32916804309
1005001304947387
1005001632374973
1005001561459337
4000931919713
1005001701673167
4001241597099
1005002081667154
1005002477498542
1005002342954255
4000469701563
1005002314117002
4000498071555
32889658622
32827568015
4000777517822
1005002447166459
33005739084
1005002471136378
1005001518313485
32916376363
1005001473997685
4000324483660
1005002398451288
4000706137391
4000943091131
1005001447203563
1005002336953810
4001103305173
1005002454338578
1005002453119755
1005002492858666
1005001657195138
32842785494
4000472231911
1000005533130
1005002116735342
1005002458453749
32956662270
4001162001118
1005002469596489
4000539836095
4000628911752
32980208299
4000675174688
32964461039
1005001744844410
1005001675405129
32868662905
4000025368566
32412640395
4000973267487
32990375557
1005002315596505
32869221792
4001230704442
1005002237915689
1005001633323676
1005002466996586
1005001479153323
32526672049
1005002454751653
1005002311448343
1005001705247250
32812415232
32681689559
1005001930709727
1005002134894484
1005002400312544
32653527499
32809027145
4000666157184
1005002149310355
32626811795
1005002397781708
1005002489663571
32749442889
4000023660621
32729483108
1005002435115418
1005001812769025
4000960241856
1005002334067609
4000621139172
4000349159033
1005002419048282
4000700009546
1005001686139346
4000583201029
4000819318318
4000754354349
2047057494
33015757334
4001312832414
32974708890
32931061233
4001203941269
32476421264
4000344474816
1005001798252511
1005001405515411
1005001483377769
4000341258367
1005001545144721
1005002126406099
32947140481
4001128221333
1005002037671103
32820728241
32805039746
32882564535
4001009218811
1000005072702
1005001342800804
1005002384016549
906771022
1005002076580489
4000979495777
4000441532094
1005002304205779
32973255166
1005002447938107
1005002484074893
33030216902
1005002290362945
32874412393
4001150640420
4000996916813
4000251792824
4001146645714
1005002167866624
4001078798628
1005002287859608
1005001672486052
1005001579787860
4000661158078
4001363806592
1005001604667079
4001127531296
1005001894524962
1005001571364996
4001046481554
32741215578
1005001658448240
1005002319661145
1005002341588167
4000903004124
1005002259954020
4000272191412
4000334873812
1005001847580479
1005001780580626
32918392901
1005002317592657
32911012830
1005001646924541
4001073195245
1005002092047195
4001281526996
4000375066756
4001053294077
32851632341
1005002438796161
1005002388043592
32951989836
1005001885415015
4001275534338
4000171204583
1005002468791939
32557524984
32820217792
1005001365524942
1005002276631679
4000200923476
1005002382523216
32863552633
1005001987548853
32965226395
656293421
1005001339646761
1005002254051128
1005002289105166
32775799514
4001097887389
1005001817031689
1005002494476583
32819257790
1005002333469243
33031847956
4000807737705
32993898942
1005001385803460
1005002427295091
4000507389250
32908158927
32900346061
1005002241282089
1005001828846326
1005002404221932
4001233069050
4000399032618
1005002224881474
1005002443536381
4001105411880
1005002359015741
4000154705561
4000406011882
1005002245001048
1005002475760214
1005002291589452
1005002395076727
1005002073762938
1005002270876767
4000559016099
10000395851409
32807578298
4000247112913
32840491662
4000453059102
32904350887
1005001786355281
32892235018
1005002328463174
1005002480760694
4000037951682
1005001907693211
1005002241024797
1005002258762154
1005002109794720
4000280769864
1005001935936477
32395950128
4001322807910
1005001645322928
1005002329152141
1005001863442794
4001341226154
1005002313906905
1005002384933252
4001149317591
1005001362194160
33000089832
1005002067787957
4000200075208
1005002316829514
1005002244234782
4001294366006
4000836434806
4000955877561
1005001798602966
528704408
4000953882532
1005002450518901
1005001516482270
4001038843193
1005001334241287
32652326187
33009212950
1005002047039790
1005002226101689
1005001823671288
1005001780002111
1005001863934724
1005001829963770
1005001907064874
4000887588736
32838695904
1005002291019821
1005002313909170
33009832217
32986031482
32967528840
1005001494732983
1005002454390861
4000680160101
32789243483
1005002409694118
1005002484016005
32920680112
4000698150908
1005002109951461
32682391648
1588428965
4001175427312
4000299461996
32628829209
32971771560
4000013189481
1005001552928912
32842735636
1005001473917731
1005002388691564
1005002319421929
4001013373877
32981990325
1005001303589517
1005002265230844
1005002439144372
4001194921595
33031792677
4000626124387
1005002347258967
1005002359323470
1005002365124420
1005002233331861
1005002350415992
1005001377837238
4001242758674
32964737697
4001243786640
1005002413421391
1005002028571054
1005001419824288
4000818263566
1005002283007692
32926446600
1005002268621212
1005002378898912
1005001329754996
1005002345139280
1005002499159900
1005002471825598
1005001620629874
1005001339787067
1005002314407209
33029597200
32854165436
32906603650
4000955573075
32985103967
1005002314385903
1005002416720907
1005001966751912
32848815527
4001279041442
33007359681
4001192903034
4000957442456
32553609577
4000640917734
32857980834
4000200099826
1005002428447970
32971292259
1005002394318591
4001268077405
1005001895624936
1005002314366505
1005002377229999
32991498469
4000982473623
1005001990258216
1005002347800672
4000183651332
1005002212029254
4000287258196
4000708622958
4001197074418
1005001639378268
33014461405
1005002260686482
1005002419728704
1005002210507443
33046165149
4000335546715
4000401453340
33055149345
33052632114
4000934303573
1005001584090028
33006390199
1005002292783514
1005002394489191
1005002488878902
1005002319168308
1005001949397361
32831190708
1005002298497144
33024412830
4001092942400
32747298022
32974641584
4000931131528
4001346325985
1005002037820965
4001132092033
1005001941396739
1005002322478000
4001338178046
1005002014590997
1005002264842126
1005002404135636
4000479751379
1005001515125499
32810609332
1005002353632689
1005002113238328
4001270337262
4000907789448
1005002027874002
32826559822
1005001715702188
1005002347011702
4000772793107
4000054338610
32858868344
32920226086
33000050030
32907066807
32956307684
32884350947
4000777652572
1005001408616431
4000177386017
1005002277203410
32882637684
1005001584815679
1005002430867877
1005002389102040
4000960622646
1005001971076578
32995370122
4000538334526
32973716393
4000479092178
1005001542980740
1005001861816220