4001044698008
1005001639848784
32989804249
1005002335112059
1005001405188723
1005002323043845
1005002389083459
1005001489137691
4001165262269
32379247010
616409974
1005002284372680
1005001502803362
1005002428546057
4000899247693
4000999346826
1005002296764919
32783680019
4000189897596
1005002244936492
1005002465380855
1005002338971880
32989630156
32960076448
1005002487251939
4000119911962
1005002475586083
32923927889
1005001607840692
1005001789995199
1005001957638469
1005001705453083
32839181322
4000985402343
32983907261
4001294029904
32814965907
1005002370279271
4000982496274
4001010995847
4000510892289
1005002404805561
32791028119
1005002114681098
32903073198
32827267123
4001015128863
1005001885281162
1005002252616706
1005002122398866
4000696027307
32951305825
1005001507464642
32947357672
1005001848699732
4001057969603
4000373256414
32704067337
4000623176354
1005001973958306
1005001998479416
4000625492345
1005002099823778
1005001839657178
4000318386212
1005002361370151
32958746635
1005001568805386
32920752267
4000812874728
1005002365059790
32813747428
4001259764883
330405971
1005001644884645
4000124373187
1005001361464089
1005002255879738
1005001928377548
32870802231
4000879222391
1005002469243255
32833651461
1005002285650273
1731719261
1005002409147654
32929503602
33008011683
32871307650
1005002221018453
32890174557
32929336916
32904339989
32947073207
1005002180916476
32668941820
1005001552924971
1005002196013119
574817111
4000971127537
4000496804247
4000302510421
1005001361053874
1005002287241073
1005002167106764
1005001685945971
1005002364553203
1005002109749962
1005002292535702
1005001606856630
32761000067
1005002316267509
1005002336838822
1005001562953562
1005002337463104
1005001741203999
1005001284759849
1005001786679050
32996511404
32846330173
1005002471547289
1005002424930465
1005002290871945
32829496743
1005002146800991
1005001420233135
1005002364800042
1005001346558321
1005002357327757
1005002244913430
32516655765
4000469566048
4001235692151
32796155861
32947678132
10000395921973
4000571278382
4000367896739
32705246909
4000853635739
1005002305064567
4001294121834
4001211177382
1005002435111700
1005001993217711
32958987218
1005002252612550
4001218060286
1005002310722103
1005002271912990
1005001640414895
32907241789
1005001576657566
1005002235413856
1005001997870349
1005001829975531
32853628204
1005001768897842
1005001626466362
1005001914846599
4001210512998
1005002333453106
32974018240
4001210116568
1005001889757479
1005002389406361
1005002454327585
4001126840860
1005002340245172
1005002199216438
1005001439077638
1005001868908762
32605780825
32824020964
1005001565916823
1005001666954003
1005002336719555
4001365495295
4001133648272
32790581173
4000817196999
1005001723334382
32826091820
1005002289057441
32305102045
1005002465868723
1005001488280302
32971264988
4001354318985
1005002161960934
4001190726224
1005001435385529
1005002278688876
1005002277171300
4000682284926
33042515956
1005001472129438
32951899685
4000423128100
32807785621
4000437944282
32839955120
1005002492246454
4001254532159
32880570000
1005001671728813
32845090309
1005001484781783
1005002439117709
33003966221
1005001970354194
32789828052
4000617955332
1005001423140606
32845713293
1005002359947370
4001163519195
32858853383
32997765817
33042337370
1005001706037465
1005002168843151
1005001982448913
4000543282021
32892491880
4001115884824
1005001895485987
1005001823372633
1005001551700489
1005002271393314
32901888147
4000335536870
32865687020
4000303129072
1005001929391907
32917423337
32966454931
1005002387805459
32984260809
1005001607534518
32728148596
1005001929617630
1005001957356135
4001145335969
32859037607
1005001782128304
1005001870040932
4001273127704
4001351606548
1005002466025591
1005002381805697
1005002412839954
32858040014
32998610721
1005002318251283
1005002452824010
4000101014566
33001760524
1005002288998837
1005002211516300
1005002413214943
33021430148
4001259439114
32792438654
4001291922184
33027633667
1005001313695225
33006631876
1005001549185378
1005001304465308
32974179378
4000047371620
33027497974
1005001971294991
1005002284272814
32919997589
33043489387
1005002362539772
32903092710
1005001305563244
1005002454272557
1005001868405946
1005001726922649
4000381948549
1005001907718285
4001294533276
1005002413355610
1005002134580586
1005002247636021
4000366025536
1005002281842669
32331821166
33010190783
32969906904
1005002268948488
4000793694167
1005002304743996
33029943676
1005001696132609
1005001588232561
33058965932
1005001929458190
32882762207
1005002292253647
32911565663
4001089174264
1005002435456139
4000305653474
32871971320
32727507901
4000970118403
32963166481
32598967192
32761088824
32922775384
32921459552
1005002330716602
32793011245
1005002314267591
1005002412286718
4001125079729
1005002040974520
1005001708301503
1005001568383828
1005001626503192
33047133650
33031302968
1005002468993295
1005001993452333
32892356394
1005002132809805
4000960073009
1005001664289648
1005002251985324
32975771259
33033966661
32855645743
4001117919225
1005002114606204
1005001458127243
1005001844878767
32824166801
4000769893004
2038378512
4000243084326
1005002314322124
1005002054800363
4000631217595
1005002271076357
32973983966
1005001830422471
1005001733501535
1005002273586847
1005002349850328
33004734257
1005002450428370
1005001897550048
1005002010767694
1005001692699964
1005002305540471
1005001889895356
1005002449664770
4001237210130
1005002319005793
4000770988562
4000053452038
1005002003412637
1005002282119156
4001270500417
4001183352604
1005001509998754
4000082285649
1005001495897899
4000925695606
32962595721
1005002388385041
4000098677195
4000823986190
4001267743998
32946057847
32817144953
1005002315734933
32958770022
4000751867236
1005002006263573
1005002312506715
1005001671030560
1005002210590243
1005002282347953
4000174345826
1005002314297396
1005001651980064
32867228226
32841918898
4001230126232
1005001988259150
1005002086349725
1005002316282110
1005002446992294
32767361503
4000538540485
4000375870904
32586970949
4001061987023
4001153586600
32956108633
32899586491
1005001805007256
33041209643
1005002410844615
32962634801
1005002387285196
1005001591909617
1005002416641425
4001098724427
1005002266655025
4000588630553
32693980336
1005001849261948
1005001413596234
32735519708
32790882035
1005002290043210
1005002490355818
32867107826
10000321753029
32813381915
1005002174974387
4000434295454
1336215829
1005002136939937
1005002375212509
33003954329
1005002378223408
4000130150950
1005001895057343
1005001811783951
4000492503109
32815903355
4001160642657
1005001906234060
32958868725
1005001862809348
1005001404888275
1005002236516510
32806462562
1005001478648883
4001237892531
4000311247903
1005001551540334
1005001516023019
4000196553914
1005002233293819
1005002394174165
4000714432869
1005002278999618
4000926974030
1005001569007073
1005002334793844
1005002278562943
32868636686
4001146383291
1005001930460027
32852433872
1005001893678275
33018548561
10000188759754
32982193973
4001070279705
4000826088971
4001050576697
32971205291
4001261916762
4000786127921
1005001269690897
4001093887015
1005002196773155
32823794205
1005002363393671
32840151870
4001228419831
4001039183391
1005002064206370
1005002261180062
32973544401
4001138788369
32654426862
32972943916
32963164092
1005001695422336
1000008271878
4001006701538
33049747544
33010332234
1005002371546676
32464749647
33053378124
1005002090011965
1005002288193628
1005001644988328
32968540579
32902545104
1005002304400098
1005002475955759
4001101152920
32739501347
32782026100
32790235906
1005002320208586
32895684492
1005002186148548
1005001458623988
4000094956481
4000785967643
4000378988504
1005001508328310
1005002466957817
33046009735
1005002256552924
32755582099
1005002453917967
1005002094838865
4001278027595
1005002346728377
4000021523029
4000215971860
4000418765686
1005002381505537
1005002288705715
1005001889251862
33050095088
1005001982517057
1005001665946898
1005002378602302
1005001631644657
1005002312895783
1005001676935306
4001033756421
32850891570
1005002253959532
33048263731
4000464146283
4000317253771
32984222405
32958426205
32842841022
33010031585
1005002378756782
4000711633420
33057475480
1005001303786168
4000154429138
4001326829454
1005002347736644
32971661256
32790500939
4000842981847
32701648831
1005001632807878
4000707243389
1005001667243209
1005001561611823
32971159612
32919845581
1005002252307175
32655194751
32962519177
1005002317273229
4000598277944
4000070790878
1005002120917500
4001346384217
1005002425442001
1005001468995526
32957555469
1005002280893922
1005001825534883
1005002316591119
1005001614770493
32516604836
1005002330473616
4000249589099
1005002012099795
32950562651
32997557450
1005002206613149
4001235936095
1005002363306596
1005001734929510
1005002235882263
4001349833611
4001141665388
1005002289497382
4000668282750
1005001561592115
32856165870
1005002339689378
1005001894728939
1005001537200960
33003307684
32793663407
32912358870
1005002322517647
1005002311442378
4001259952338
4000735140076
4000760522609
1000007256835
4001321375414
4000923068922
32964793466
1005001429673121
1005002281737980
1005001413648754
1005001531351383
1005002481915717
4000868085480
32940310332
4001241289071
1005002351543958
1005002319460073
32614112301
1005002298620881
1005002322715259
1005002460265518
4001189573469
1005002489264210
1005002377776104
32874972886
1000007533627
4000099033022
4000203488194
4001280313300
4001340315702
1005002334051192
1005002350749189
1005001830778204
1005001430731619
1005001512270077
4000931469736
32995174010
4000408648007
32757852172
1005002115365549
4000130319817
1005001498915262
4001228893563
32891900499
4000529746677
4000348938696
4000706681356
4001274978350
1005001799705792
4000378657271
33041088470
1005002345106646
4001343583192
1005001987005567
1005002297764166
4001278177905
32863972080
1005001515818748
4001062551352
1005001466249742
1005002489309691
4001098432591
1005001357289449
1005002315383126
1005002323589830
4001130877699
32979680928
4000894325095
32963025164
32909226215
1005001985191064
1005001529506347
33021909990
4001129259132
1005002395135676
4000311709560
32806208764
32827460804
32652408248
32955108541
32982880420
4000290782226
1005002272315954
4001233734892
4000959273836
1010000401715553
10000400000794
1005002110617022
1005001839099196
1005002389574580
4000954476508
4000348941923
4000762081077
32601510580
1005001785081165
332158423
1005002416759620
4000237658874
1005002093229630
1005002500339753
1000008553016
33004821285
4001030868542
32965830286
1005002281734949
1005002018554913
33022102250
1005002211203826
1005002326674290
1005002040621444
1005001620930578
1005001597051448
1005001835415446
32845790501
1005001862390801
4000159119392
1005001617025970
1005001709372838
1005002460621504
32982748719
1005002477312895
1005002288825199
10000355115524
33018596716
32580748597
32970341434
1005002387000904
4001104014517
33048256766
32967696829
4001285945933
1005002219167972
4001119452454
1005001895514435
4000151948761
1005002413578646
32843930278
4001119360391
1005002403687847
4000693061329
32857006504
1005002357521879
1005002314915374
1005002228448890
4000769456612
1005002296073811
32876061386
32703774193
1005002313658393
32920990343
32376649652
4001192148976
1005001628004563
32988198887
1005001933480620
32896355919
1005001407874953
4000680239607
4001249543494
1005002110322766
1005002425955294
1005002330707598
1005001706225227
33032616257
1005002104100532
1005001961419206
1005002211605299
1005002000263514
33027050456
32854246339
32809222180
1005001752855156
1005001438796622
1005002365007372
1005002470659028
1005001398076864
32292769237
1005001586361537
4000244567431
1005002454319219
33048138457
1005002466234354
32956363070
1005001903242588
1005001669538679
4000192232164
1005001442209286
1005001913388252
1005001967670937
1005002345039466
32694775200
1005002253436346
4000278469016
32882039055
1005002177513303
1005002114785224
4000172344818
32883755335
1005002449749228
4001134389269
33040705268
32828232355
1005001973433035
1889165448
32999726071
33011104330
1005002340849564
1005002347329082
4001253439609
1005002328385281
1005001299520032
4000718408089
1005001784619581
1005002401532638
1005002379550214
1005001334553792
1005002281648863
1005001721066631
1005001858851707
1005002339514574
1005002378548458
4001125107545
1005002396619215
32859160107
4000629394753
4001153336668
32969308250
4000630699494
33032537658
1005002268089735
32809663887
1005001676616468
1005001971988700
1005002345584437
4001359178417
1005002490437318
4000342915930
1005002314263664
1005002086196338
32917312416
1005001610279330
10000055984532
1005002419602883
1005002434999474
4000791156389
1005002244043008
1005002212664257
1005002168022338
4001050053256
32961311764
1005002369659220
1005002344895658
1005001523722293
32962368436
32868164444
1005001884190802
1005001865228302
1005002313808701
1005001775149046
1005002467928101
32807153800
4001287038950
1005001804627806
4000701532748
1005002466983923
4000111436435
1005002371951134
10000395821717
4001052936155
1005001327354949
1005002337540434
1005002328225291
32963729383
1005001597150994
32965626576
1005002122482054
32834476917
33012349443
32953898749
4001169585136
33030754369
1005002306304336
4001294131661
4001256915238
32962319263
32899269447
1005001671078444
32580481154
1005001807987200
33012274140
4001360944549
1005001731268304
4001358758475
1005001292040270
32573533701
32932444553
4001141801587
4000349103773
4001218148127
4000280886556
1005001710146509
1005002462275077
32871102779
32837568157
1005002400735120
1005002208562892
33003009036
1487142614
4001139260402
32829687031
1005001515169150
1005001279155184
1005002316057637
4001244472969
32865250189
1005001280149653
32879486489
33003990834
4000818102214
10000012910134
33010304943
1005001817390230
4000689957970
1005002473572775
1005001803947175
1005001615368279
1005001864688092
32848197841
1005001465132245
1005001483548773
1005002171002447
1005002456991446
4001174714678
4000784896556
4000460481359
1005001453351069
32813725711
32759549594
32889205438
32882395162
1005002312323364
1005001960549089
1005001307345302
4001179456356
4001133145787
10000355906964
1005002190405869
4000484879487
1005002357267500
4000829116716
32627492576
1005002225470268
1005001412452770
32667945841
1005002130665778
1005002284440751
1005002176051480
1005002298927415
32964434143
1005001638738199
32409485984
32994556431
4001005336616
1005002454242637
1005001458422162
1005001762580481
1005002369628033
1005001576954216
4000205919579
32833411379
32821976815
1005002328229434
33002690082
33013807888
1005001644772699
1005001465274135
33006088221
4000245484848
4000038175906
1005001356640680
4000070170984
32287978662
1005001637501903
4000084398314
1005001463864327
4000983857332
4000928168727
1005002124448318
1005002318639357
1005001907415524
32821263349
1005001872114827
1005001748763496
4000531763610
32863847681
32410326733