32792750032
32885878041
1005002428550652
1005002055166480
1005002302217045
1005001414438488
32814612792
4001027144511
32430514405
33056308949
32961639708
1005002314587348
32803580043
1005001859320441
32850725298
32881191736
1005002047430462
1005002453577434
33001679525
32961207552
32756943644
1005001762223253
32790671941
1005002278044116
1005002339837431
32845623685
1005002011908365
4001230107844
32692029565
4000052107892
1005002329729512
32999927776
32795348651
1005002350170082
1005002269009510
4000043327064
1005002079592515
1005002322678830
4000879883620
1005001645128403
1005001369372647
4001346756164
10000088330058
1005002220695758
1005002233533807
1005002270509622
1005001608688648
1005002433373252
1005001890089330
4000211560493
4001245639031
32671202407
32378581338
1005001958636910
32974165384
32806589738
10000334407485
32292062099
1005002448616682
1005001278560189
1005002310882815
1005001551781814
4000023774397
1005001511071927
1005001848853479
4000263170995
1005002239318786
4000445738938
4000240702843
1557014970
1005002205715755
1005002383079720
4000468455034
1005002340612864
1005002334977340
1005002394846170
1005002482610622
32978837165
4001136384912
33016525071
1005002477597441
4000263090262
4001207294118
1005002265731645
1005002119033878
4000484365774
1005002462883702
33022532595
1005001912869657
1005002248793522
32922063845
1005001515225566
32830076968
4001200390810
32853506471
33030824349
1005002364827561
1005002128992311
32949008060
1005002122277623
1005001840230849
2037096559
32944359390
1005002392065196
1005001379859231
4000265305958
1005001334986749
32858039926
1005002310895042
32770153986
1005001779622962
1005002328236633
4001232071280
4000512358179
1005002256227213
1005001693369943
4000849693876
32960519888
1005002193835263
32846325487
1005002359275525
32976852442
4001221828024
4001168591580
1005001907047791
1005002423722778
1005001536732131
32975069001
1005002389864603
1005001878142010
1005001273634369
1005002423196819
32884969914
1005002495034272
1005002309472789
1005002260163951
1935756931
4000417559086
32569073100
4000294302309
1005001517190075
4001045615041
1005002388079665
1005001988435688
1005001305348272
32963156165
32792341023
32757662742
1005002319843593
1005002368948063
1005001890878241
1005001967779365
4000222049019
1005001885295390
4001111695187
33038426853
1005002348172859
32934271512
1005002276720363
4001051370337
32815090401
32971791242
1005002205562488
1005002332612076
33053211226
1005001417117025
32968345749
32878722224
4000119396570
32685922958
1005002313524584
1005002219410876
32895880478
1005001450763826
4000444295151
1005002218595203
1005002372458009
1005001338384090
1005001794146597
32820752427
32852606728
4001338709149
1005002395377815
32829000261
1005001530151884
1005002361810910
1005001704167704
32869065845
1005002212378428
4000498694602
1005002324462152
1005001852473365
10000399951686
1005002350752121
1005002288188798
32974986442
1005002476246299
1005002307488512
32921522817
32826144427
4000842853608
1005001865816865
1005001567245605
4000994336148
1005001552068357
1005002190872061
1005001600041596
1005002063102236
32997369290
32831624297
1005002315321663
1005001833229934
32904387198
4000938035961
32923271929
1005002492784458
1005001918250625
32855053486
4001149840127
1005001522124147
32676451437
1005002283477590
4000036281374
1005002454319367
1005001812857019
1005002306539090
1005002254431367
1005001406376747
4000057930201
1005002307814515
4000219713189
1005001926076450
1005002343018634
33006968495
1005001943042159
4000311273016
1005001657274219
4001210615527
1005001981821701
32903895035
32944630482
33048544205
4001214362318
1005002341688034
1005001598620415
1005002359847394
1005001717344442
1005002339051309
1005002376590440
32972065997
33001965496
32896595583
1005002323889149
1005002424199765
4000186019833
10000181477530
32585363244
4000738676090
1005001949074295
1005002470095047
32959260633
4001061290977
4001009233693
32698141537
1005002404810035
4001196889429
1005002011984684
1005002388024897
1005002480913290
32670243745
1005001463528937
4000902725703
32966620226
32885182422
4000307916531
1005002489447232
1005002413856592
1005002208146153
1005002100962226
1005002413278479
1005002351277450
32759075102
1005002417664883
1005002307114904
1005001422849778
4001361325447
1005002416670676
32983381376
1005002310574115
1005002466263001
4001226249048
1005002398784653
1005002182739058
1005001311556462
1005002367236592
1005001650939349
1005002007359188
1005001971192497
32952188743
1005002197856527
32901403386
4000099921786
1000008456067
1005002042600513
1005002398969112
1005001853708562
32759900758
1005002311348943
32838341803
4000938971973
1005001570225718
1005002448788211
1005001274155167
4000930020981
1005002314468387
1005002324980764
4000265918220
32861778688
4001106815291
32586810219
4000290756911
4000290934020
1005001444417814
1005002193462007
1005001424672590
4001042019573
32883894877
4000726370310
1005001955188261
1005002070893476
1005001825527940
1005002361273375
1005001797860597
32898773272
1005001741249863
33040925627
1005002260505234
1005002335722956
4000586136585
32580768947
1005002179412145
1005001975361666
4001056437954
4000899547717
1005001889836024
4000109366024
1005001999078045
4000727092132
32857560591
1005001610483174
32993088969
1005001948698902
1005002388983116
1005002317762885
1005001656749885
1005002317350779
1005001882298578
1005002360603842
4001324444049
1005002363877538
1005002334669351
33030006350
32848946991
4000207688314
1005001403054488
4001277373820
1005001320689514
32965755651
4000664045594
1005002265485422
1005001639361097
1005002363202702
4000700933060
1005002421516344
1005002155856951
1005002381331426
4000695090446
33010236340
32826236419
1005002219773055
1005001623941240
1005002376234917
4001278475628
33057313526
33008076346
4001356287744
1005002464745841
4000785421411
4000954694712
32730270475
1005002362893692
1005002160406679
1005001492986591
4000033546271
1005002395940228
1005001577457941
1005002482593986
1005002167307474
1005002055286094
1005001534570197
1005001479513708
4000180610181
32987541248
1005002313664717
1005001367591522
32793186482
1005002267720024
1005001656958069
4000098562807
4000295839511
33046465049
32839025459
4001204628251
4001228680255
1005002341312594
1005001946574699
32975200719
1005002494448895
1005001681642308
4000789698572
4001228457672
1005001579229432
1005002354493036
1005002332169270
1005001592284972
1005002310647692
4000866515775
1005002086316912
32956580826
32991506339
4000817459426
32964766522
4001294575059
1005001555057876
4001228560652
32981307143
1005001939803536
1005001457002915
1005002469407916
4000796740716
4000917719839
1005001524976911
20000004674061
4000084918570
1005001613336480
33051170924
32970965683
4001062625856
1005001419201138
1005001614982348
4000237995377
4001346538837
1005002413435198
1005002268369474
1005001680656210
1005002056286297
1005002491966175
1005001362810261
4001280463984
1005002402481889
1005002103070738
1005002454295301
4001223227329
32969744023
1005002365827651
32859664382
4000053782684
32970090607
32812065780
33063587151
32856345564
33020914995
1005001366133703
4000137163308
4000723555170
1005002287377107
33015542924
1005001412901360
10000405346122
32693010461
10000155575114
1005002489290185
4001307554640
1005001792201249
1005001966021743
1005002341995025
4000537825755
32537745302
4001085483631
32935330399
4000060058083
1005001498788544
4000310901278
1005001587615965
1005001618128899
1005002078216830
4000880162168
1005002234307882
1005002324063178
4000064567733
32834401928
1005001834803197
32642693766
1005002272709466
4001138268677
1005002397922736
1005002442178907
32934195476
1005002213084945
4000317170455
1005002367877026
1005001939628396
1005001387097807
33022169832
1005002314013435
4001354337053
4000361435694
4001298970081
1005002402242452
1005002167757514
32845258860
32843548395
1005001482911764
4001287122012
4000180162877
1005001695501726
4000127556649
1005001965471627
1005001567543129
1005002483502736
4000905692384
32975701087
1005001841933115
4001030895009
4000338405649
32921221003
1005002412867329
32981742475
1005002476623822
1005002034255181
32852985121
4000378797699
1005001435769900
33025111720
1005001281689819
1005002314042860
4000105823042
1005002343456226
1005002388712633
1005002248252811
1005001905193498
1005002311258881
1005002469893820
1005002318577990
4000788604319
1005001289603169
32852751041
32776461120
1005002387447449
4001111989397
1005002077288217
1005002319083562
1005001834062031
32662009255
32691993869
32994071685
32362734386
1005002354133743
1005002489455885
32315481818
1005002260393048
32898804202
1005002305958961
33056902106
1005002032133988
1005002088977733
32832972743
4001220299229
1005002268892235
1005001724423788
4000957694307
1005002272372163
1005001718679427
32780880538
4000523824021
1005001657477003
4001028495324
4001220387302
1005002491776723
32998014707
1005002037857311
4000313176445
32759139777
1005001639219647
32955950090
1005001351877271
1005001962235656
1005002365356967
4001144568082
33056750783
1005001285714955
1005002400732601
4000770195771
32791642795
4001100794289
1005002222064483
32348214353
4001224528454
4001337671438
1005002436336062
4000720163835
4001360066507
1005002439799070
1005001935459581
1005002104426213
4001295047114
10000420266493
1000008512198
4000283067705
4000286478183
32889065360
1005002069860832
32950225783
1005001350712821
32883667886
32817115151
33005383478
4000870070028
4000869241169
779159119
1005001708121116
4001233559094
10000395812702
1005002011620247
1005001630187867
1005002413346713
33050886781
4000197060172
4000930635502
4000324695387
4001335416291
1005001503959857
1005002492569327
1005002398686818
32917397442
32833954317
1005002376422989
4000941366019
1005001525491217
1005001604902084
4001278804726
4000901387762
32905287936
1005002234084451
1005001525446372
4000755972502
1005001602428423
4000114637331
32884366495
1005001408796113
1005002246456464
33060494293
1000008364674
4001119669620
32804493845
1005002337075508
32880776160
32851825168
32963669796
33000120997
1005001704209235
4000061948645
4000877935493
1005002260078316
4000506063513
4000918210082
1005002366599706
4000569118599
4001019300506
4000399730008
1005001809261722
32991331323
1005001884945681
4001012983835
4000826953628
1005002377131437
4000480247321
32842292784
4001014345269
1005002156251763
1005002372862089
4000776656747
33008881092
1005001338023427
32812043874
1005002213984334
4001055601672
1005001721187344
4000803480486
4001069182802
32870490705
32709937079
4000811846370
4001245657584
32988134503
1005001308928298
1005002461702983
4001272933023
1005001604121618
32997514474
1005001640613853
1005001798217959
1005002086860441
1005001901621948
32832604963
4000229291261
32966664038
1005002357811690
1005002460199515
1005002307269094
1005001790556492
1005001297912172
4000667023288
1005001495723984
4000193543886
1005001699010952
32973525052
32845784794
1005001470489670
1005002322022510
1005002125495677
32962106514
10000334307875
1005002425912242
1005002490868967
32951274349
1005001506653594
1005001758714039
32887350728
10000259714713
1005001950399117
32616666536
4000335543735
32854339618
33001919515
32970798264
4000348813810
1005002004615509
1000006301777
1005001424477720
33027517821
1005002443170102
1005002023564935
4000505972055
4001142801085
4001128683978
4001219599728
4001122019138
32687915592
4001261223811
1005001666624081
1005002332233700
1005002322624008
1005002253998013
1005002421123285
1005002264066470
1005001415368050
1005002310856541
1005001606023594
1005001704715724
1005002410905434
4001271624064
1005002346371647
32845389512
1005001560153496
33040988362
1005001645273661
1005001686119270
32922720439
1005002315429389
1005001304633367
33058591128
32606746821
32964784444
32865270535
4001120981030
1005002475202918
1005001340188570
1005002359741100
33001184488
32854306014
4001278627540
4000059845378
4000244289693
32834652320
1005002105478662
1005002368518648
1005001644879336
1005002329367258
1005002113306007
4001100910853
1005001853305933
1005002375975087
1005001854959881
1005002071033800
4001108607091
10000334656191
1005002372803146
32887585032
1005002428393659
1000003648149
1005002296759338
1005002354415172
32606301714
1005001656887923
32974956112
4001233597149
1005002458650708
1005002324517987
1005001377038643
1005001721077710
1005001864300932
4001104045479
1005002167980184
4000280667408
4000918193094
4000314948428
1005001758208309
1005002125031601
32968227740
1005001817386523
1005002292725916
4000731248118
33010178804
4000221626134
1005001575416345
4000641035552
32971088695
4000587134866
1005001632754819
1005001683333843
32976835740
32454880783
4001282198511
1005002275407881
4000811134249
1005001890713527
32998280264
4001243801686
1005002272362868
4000776720711
32963689716
1005001286010567
32967560758
4000058133868
1005002449780251
33004188698
32784892340
1005001692752311
1005002357798480
4001046315480
4001247854624
4000730737422
33030698897
33042402028
1005002467676813
4000389225691
32848495171
32978295626
1005002353600570
1005002357362944
32866884387
1005002268133404
33058570268
1005001557788846
4000319385211
1005001718575412
1005001593211496
1005002247384645
4001270553684
1005002235509699
32890431314
1005001309015113
1005001321323546
1005002315559645
4001271766172
1005002293189975
1005001980179633
33000981648
1005002001293712
4000696702032
1005002448816336
4001010850487
33042603938
1005002105345825
4001341964030
1005001648921058
4000169464488
4000443974047
32858136936
32769933949
33019136715
1005001387926226
1005002497333106
1005002297118833
33036037343
1005002333385127
4001040715673
32992078891
1005002033534731
1005001831695410
1005002457156444
32971391681
32883870545
32813263117
4000735676551
1005002315277184
1005002383646259
4000905904738
1005001288695885
4001334621162
33032417559
1005002063402986
32974841288
32804156287
1005002494328209
4001128264763
4001221811076
4000245778905
1005001483657617
1005001506226474
4000035906045
1005002008143207
4001302481993
4000885840200
4001270611414
4001005802128
1005001651331067
33000120818
33058152026
32976283835
1005001547715116
1005002420093966
1005001573193504
1005002278342765
1005002076319699
1005002262195273
32978121401
1005002282341788
1005002392351074
32953647848
1005001714963284
32696696448
4001037906419
1005002235470965
4000011312299
1005002265037142
1005001559750971
1005002284089877
1005002291220719
32962836658
1005001481960033
1005002329007910
4000256948541
1005002500547435
4001264469088
1005001732246461
1005002496031675
1005001298346624
1005002428176269
1005002393378670
32803434825
1005001391695986
1005002353094898
1005001381743647
4000100170917
1005002443645602
32420620662
32967804322
4001249643914
1005001571600774
4000926906780
33042966555
1005001463723157
4001263737595
1005002243987739
32905504103
1005002167889226
1005001418307017
1005002417107963
1005001774444980
1005002432758095
1005001841926860
1005002234412368
32884401860
1005002047203112
1005002339655819
4000192146739
4000037807309
32849732917