1005002329513644
1005001486974423
1005001469339683
4001163604100
32827041699
1005002233001988
32817288149
33008955371
1005001974082004
1005002465501431
1005001630732372
4000751374317
32893416916
32962239764
1005002400823363
1005001485309657
32959059899
32712325557
1000006332936
1005002333110343
4000843154435
32957733700
4001359149712
1005001689581281
1005002271434649
4000584314758
4000981458061
32997636054
1005002288721698
1005001279833357
1005001727618024
32783027168
32840439378
1005002261507378
1005001989081389
32988966104
32851073956
1005001402208367
4000481641507
1005002434669633
1005001986002553
1005002346455682
4000928654147
32893361994
4000149226053
4001120458091
1005001349986494
32982692622
1005001274759690
4000614319727
1005001879251198
4001241734247
4000936335548
1005002333557071
32841826717
4001365492213
1005002375173832
1005002281293096
1005002299543580
4000025579360
1005001382283465
4000487221423
4000197850827
1005002292021651
32855057360
4000093653394
1005002260088151
1005002397902158
32368467659
32855427582
1005002271465014
1005002346868910
32947978396
4001247661989
1005002290911679
32953414612
1005002368715304
32701927111
4001065389720
1005002428062915
1005002254096600
1005002327633984
1005001611395187
4000273265216
1005001326132666
32850704917
32713406857
1005001570761007
1005002484877067
1005001928507751
32957224606
1005002252893628
33011363297
1005002301790978
4000385165851
1005001917788209
4000665955263
1005002431334977
32647983589
1005002324823891
1005002382981589
1005002336653753
1005002272099273
1005001771012949
4001022498589
4000434307273
32963871683
1005001732618782
1005002458593654
32586899827
4001169102684
33030785767
1005001747852721
4001188466519
1005001833576604
32969215113
4000491378900
33010832112
1005002348406951
1005001386366110
4000663799108
1005002267967261
4000043370044
1005002007054566
1005002425594156
4000167922350
4001165776976
4000902404888
1005001859249458
1005002340793432
32981306577
1005001961326162
1005002338814346
32899167476
4000178986271
4000197461717
32968933781
1005001552239987
4000786696227
1005002454210988
1005001424377168
32923527369
1005002394617940
4000955808591
1005002008229555
1005001914508849
1005002440308987
1005002298943615
1005002314290405
4000756747635
4000080858178
4000023273794
32441807022
1005002219391320
1005002024381127
4001115832592
32841780962
32821837625
32968913470
1005002265352434
1005002291369159
1005002380936489
1005002220261532
1005001830188625
1005002239998419
1005002299165102
1005002374950290
1005002454204987
32821769864
4001084794762
33006102419
1005001611518433
1005002291531397
32859306461
1005002316636277
4000956143540
1005002258945772
32978092917
1005002324003718
4000418905213
1005002262939060
32959232647
4000760987275
1005002330396635
32374276042
1005002063494051
4001079277054
1005002481851142
1005002373416056
1005001602711155
1005002027754577
32915707537
1005002491562850
4000054511439
1005001424485367
32947331131
1005002314788357
1005001407647713
32973773387
1005001288126498
4001274937982
4000714171807
1005002376960861
4000474438719
32963485076
4000585393587
1005002380926579
1005002261047019
1005001285831521
32980037746
1005002298462717
1005001651730420
1005002500355865
4000320430112
4000011803967
4000956189007
4000944295110
1005001750803579
32891131641
4001214570120
1005001660018758
32923141153
1005002362364678
1005002277665966
33008570965
1005002272076326
1005002317307343
32794592853
4000397621562
1005001817014910
1005002309404181
1005001753739675
33024619577
1005001835315418
4000165974250
1005001774836472
4000780616307
32573641313
32637470538
1005001722561008
32971914646
1005002091576397
1005002419960842
32976990936
32831892846
32843893712
1005001644393684
1005001619218749
32952006851
1005001350586357
1005001880944797
1005002276861352
1005002361790093
1005002462915499
1005002347606795
32872568160
4001186408020
1005001511519596
32851622077
1005001777525303
1005002245547101
10000069108259
1005001890052000
33027533251
1005002461363641
4000464940457
32955746456
4001137673028
33003521058
1005002302243965
4000024376617
1005002378864572
32851225448
1005001359634625
33030159236
1005001894989668
1005002497399184
32881938291
1005001770474751
1005001940870153
1005002460950169
1005002315792722
1005001977303479
4001103580563
32854551660
1005001527500348
4000767677785
1005001850519698
32833606699
1005001506751983
1005002453601759
32901903708
4000069107209
1005002357303495
32990198823
4000655828971
1005002313828002
1005001936740731
4001094914951
1005001463836833
4000071626176
1005002386199116
1005001799454288
32965410678
1005002341456094
33027873463
1005002060937661
33008531284
33041492218
1005001682401373
32971798999
32792245110
1005002441317696
32817171018
4000990117960
32909033750
1005002336539361
1005002357257995
1005001890030041
1005002143150622
32906079599
32919803660
1005001677422247
1005001627308591
1005002069014783
1005002168841776
32820639999
1005002448640102
1005002334190054
4000595481557
1005002115332155
1005002211561621
1005001451651537
33035028326
1005002282424216
32959345583
1005002467864530
4000317933926
4000386112611
1005001858598049
32836367374
32884233772
1005001793147323
1005002235749424
1005002460730419
32953426084
32815095173
4001193169375
4001237736931
1005002432632167
1005002417533783
32834046971
1787456544
1005002411345254
1005002084595858
1005002328626302
1005002350848153
1005001890298099
4000069352068
33017056921
1005002393838275
32875906413
4001079888321
32965221856
4000315313599
32741934191
4001241028705
32820369204
1005002315885578
32973830186
1005001879160920
32821315253
32869480329
4000388060886
4001118239158
1005002123648819
1005002245180164
4000960665097
1005001395211580
32763405967
32969588174
4001132448300
1005002088022977
33057402593
1005001823011821
33006746568
1005002208061590
4001135996936
4001037906773
1005002240597053
1005001999875199
32949482374
4000976284709
4000641379730
33008684655
1005001544042067
4000295249989
32968758552
1005001967338605
4000140299980
1005002316037943
4001275059472
1005002483896485
1005001862398908
4001139669606
1005002383389332
1005002021854202
1005002439138017
1005002346443590
1005002322863333
1005002069609597
33039818725
32840568187
33024190081
1005001736774716
4000121294156
1005001606919399
4001147471609
1005002115660136
1005002336093390
33044987293
1005002039176150
32974570901
1005001773994072
32809501677
1005001457940517
1005002060258634
32801180325
32853650577
32953417486
32613886200
4001292280565
32878396408
1005001419582234
32890034562
1000007928845
1005002071925251
1005002294284997
32810476720
4000760899643
1005001408646145
1005001627628734
32319124838
4000718522209
4001137062765
1005001809083840
1005002260480376
1005002269079987
32957141161
4000238339920
1005001633900895
4000972522958
1005002491507364
4000545865832
1005001941100357
1005002426586456
1005002364598569
1005002281602432
1005002319143067
32922724530
1005001592581826
4000181273553
32818790840
1005002500423885
1005002418652858
1005002359475811
4000317435794
32844861815
32816342705
4000863364840
10000391829471
1005002111638597
4000443647433
32999824789
1005002475493122
1005002353798790
32849452964
1005001698114142
32992903952
1005002168049934
1005002276663851
1005002491932899
1005001670953087
32822873863
1005002330424227
4000484038022
1005002291024987
1005001730792146
32623121982
4000796378538
1005002310999296
4001125049801
1005001807556264
1005001607476450
4001286713093
1005002288016768
32603013911
32835008179
1005001831672787
1005002146144610
1005002275436673
1005002233650250
4001294530649
32965532661
32973038799
1005001868482628
1005002398558789
32985819113
32952869663
4000849768335
32949363354
4001174963132
33022316025
33027718178
4000682987570
4001061037983
1005002271000641
1005001552584575
1005001620151310
1005001482303880
4000989957029
32868316664
1005001650433731
4001275050146
4000939333729
4001093439677
4001334869358
1005001639761963
1005001658436175
1005002052077271
32899198930
1005001552074103
1005002012579476
4000919700150
32999583655
33026198484
32746848805
4001116224826
1005002287840964
33007949381
1005001878967625
1005002358042006
4000466039402
4000393121883
1005002058300525
1005001940915845
33005434346
4000388774836
32950159503
4000433772700
1005002254161581
4001183771135
32982189359
4000026738628
1005001776535684
4001225222067
10000416769622
4000164320529
1005002318241902
32953427353
4000300131214
4000324774879
4000182527091
4000768950520
1005001864061414
4000898079122
1005001625825997
1005002418291797
32763125522
4000565889932
33041262010
4001039257549
1005001609075350
4000249084205
1005002319388355
1005002426046719
32994682003
1005001416848886
4001070233784
32864019157
32999784403
32821043699
1005002172590792
4000288502049
1005002260788912
4000338396793
32907813366
1005001765617506
1005001685882016
4001156535415
33035988242
4000970693320
1005002180111642
4000036805885
1005002167949355
32801294892
1005002061735592
1005001325099252
32959899482
1005002298696931
1005001874161182
32368453805
32813031287
4000921206396
1005002386861625
1005002057658085
1005001645170709
1005002322916541
1005002018625581
1005002077938965
1005001775705162
1005001713594997
33010221087
32989104909
1005002314304456
10000388658016
1005002337828193
1005001484330159
32907058617
1005002464831556
4000919621050
1005002358892559
1005002475646345
4000930384374
1005002156827087
32847594448
4000123839894
1005001859567961
1005002072568292
1005002301234768
1005001579261960
4000249105986
32841715013
1005001599294637
4001306219052
1005002362627355
32885741824
1005001965509881
4000696607759
4000875841362
1005002231105870
1005001489491634
1005002205606700
1005001763388302
1005002426740839
4000534420650
4000615051424
1005002055061044
1005002225127101
1005002284322040
1005002317625731
1005002275385493
4000049186476
32930945910
1005002377015017
32926167224
1005002494642059
1005001453604923
32990138426
4001249737112
1005002206443485
1005002312511724
1005002287766506
1005001728639438
32992009414
1005001296987808
1005001762369233
1005002124260573
32995079150
1005002174541235
1005001512596796
32748924376
33004270897
1005002240190142
1005002010607562
4000706026374
4000752353953
1005001915291306
32809706206
32823640959
1005002336443962
32968869948
1005001656946855
1005001505306662
4001038398474
32847596215
4000887546897
1005002313905069
32968672788
1005002413396314
1005001781574787
1005002473440664
1005002363293688
1005001795478600
33003528092
4000943354633
1005002414155691
32669680325
1547060361
4000990835609
1005001525317787
1005002353781138
1005002388392065
1005002312084079
1005002241965456
1005001849222279
1005002418932760
4000362552961
1005002167849941
4001233404342
1005002273128577
32975135915
4000903611598
2027481552
32966997869
1005002008200214
1005001617510961
32755505881
4001275906543
32915133198
32883384136
1005002323282001
1005001840818967
4000843805654
4000083517860
4001117132294
1005001559861537
32818399106
32882133622
1005002363172735
1005001603771204
32972523421
1005001426299466
1005002291369070
4000519706484
32825882153
32981170259
1005001639046501
1005001860736248
1005002427651383
1005002428843315
1005002089334547
1005002357695142
4000307781104
1005001741369066
32808374456
1005001774852847
32944005558
4001009106670
32811218036
1005001781054522
1005002471086055
4000304401601
1005002313457302
4000775900437
32588936729
1005001511139339
4000541160806
1005002316284378
1005002474860410
1005001602521007
1005001381277109
33007961552
1005002500718760
32918524798
32912209897
1005002320649792
32948518450
4001222875853
1005001683810356
32989341546
4001042530511
4001186712305
4001265261534
32855949743
1005002053159303
1005002234158509
4001009649299
4000431349229
4000396650080
1005002344231177
32869128106
4001104240270
1005002376343684
32663995504
1005002273594639
4000319424879
4000739565318
4000429115067
1005002293332178
32603283191
32823179691
32860794183
1005001938401203
1005001978053701
1005002398419893
1005001547163310
1005001545690815
1005002448861532
4000812910405
4000341028814
1005002342473316
1005001780698639
1000008408626
4001244078701
33000728602
1005002177296972
4000414969557
32969313352
4000571114230
32396631421
4000020101968
1005001430928228
4000661096225
4000626431388
4001168838593
1005001793036377
1005002320310539
4000767172274
32958466652
4000044757235
4000990803763
1005001302090684
32994273588
1005002060063891
1005001864846304
1005002318073360
1005001473370120
1005001457312438
32583678027
1005002390744682
32529729745
1005002398286348
33019547128
1005001793099496
1005002137135722
32824589008
1005002454481027
4001189701889
10000387352655
1005002023128573
32903847946
33038814303
1005002286112298
1005002444501153
1005002239569284
4000884146963
1005001333283412
4000833022533
1005002372494558
1005002254273397
1005002334744229
33026980911
1005002118676932
33034972837
4000927066987
32927838739
1005002457622945
1005002332570507
4001213972623
1005001458838793
1005001605504527
4001282133755
33040831646
4001014707778
4001128444173
1005002316170551
4001031253037
4001037466345
1005001775763530
1005001386820081
1005002245693557
32896726462
1005002009563439
1005002320785162
4000994991188
32976854100
4001119285162
1005002293211427
1005002313803852
4000611560538
32904246441
32864799184
1005002326614656
4000230689012
32815620274
1005001453153275
32969236895
32995643423
33042172781
4000504920269
4000937151583
32920924781
1005001849525550
32900712190
4000003655276
32919196627
1005002458781855
1005002372390434
1005001469086986
32761276241
4000151562815
1005002362507766
1005002495805012
1005002370481591
4000619406319
1005002348220865
4001080963392
1005001618331656
1005001622247341
4001350905779
1005001320612932
1005002283761044
1005002000161623
4001255258218
4001135650239
1005002165142226
1005002427577221
1005001563237331
1005002452494996
1005001525331786
1005001296898403
4000015639266
32878137660
4001154471950
1005002377653604
1005002412827942
4001308035557
4001256154379
33006998623
32867836323
4000049855927
32842616370
1005001889713650
1005001274490811
4001219344017
32845103809
4000150143639
4000276072967
33001673868
1005001923032035
1005002408721064
1005002383207366
4000966565763
1005002225882688
4001236476166
1005002367080891
1005001809626977
4001344115329
1005002094584317
32618659541
1005002497710531
1005002140842461
1005002308516392
32828204313
1005001871103278
1005001659996646
32991615936
32823987176
4001214291185
4001293998668
32323238027
4001294300635
4000458859893
4001205091812
32918025264
1005001510641528
33057317048
1005001738057305
1005002360534471
4001296509462
4001290658178
32818396991
1005002309169688
1005001657927877
4000458116260
1005002306732106
1005002319153572
32821349149
4000929239797
1005002298761167
1005001441353313
1005002206730300
4000803651810
32887562054
32846001132
1005002454287423
32951104266
4000144400353
1005001614489825
32914295684
1005002395630443
4000672168630
1005002311513537
32848862038
33048430722
1005002467452792
32977882867
4001088951314
32961158408