1005001479449703
32967794471
4001365388309
1005002037956781
1005001431357524
1005002262217868
4001091030478
32964874010
1005002376156835
1005001467875637
1005002059357680
1005001840579835
1005001900225891
32821317839
1005002037386980
32910527272
32779968130
1005002397808204
1005001858889646
4000443377587
32917766673
4000160362116
1005001626178862
33009335886
1005002233152195
4001057364842
33050074455
1005001680169668
1005002390240129
1005002326521736
1005002417973076
32857526851
1005002321251403
4001143034825
33011074012
1005002346126795
4000118046672
1599675051
4000854579761
1005002256714294
1005002285907017
4000204147339
32963743477
1005002197969399
1005002347079739
1005002345881959
4000156527964
32994660629
4000933602654
1005002317953299
1005002497451245
32952101404
33048251415
32961463164
1005002092352921
1005002263712642
4000902063531
1005002103623805
1005002312138595
4001205251907
1005002328376697
1005002185581929
1005002499506980
32849861619
32995502790
4000537524088
1005002316560313
32950424201
33038644871
1005001277806905
32347338723
1005001360304658
1005002351618952
1005002320987279
1005001929597566
1005002277574274
4000788557232
4001290213464
4001179466968
32791747007
1005002385447251
1005002377173170
32961587365
4000705412708
4000448649630
1005002306005186
4001260218069
32966662094
32945285764
32858812451
1005002259969622
1005001829826968
4000125208149
1005002295903052
4000538676753
32965609512
32704048119
32962275084
1005002267510401
33013974105
1005001664065585
4000163382267
4001313856425
1005002358595993
1005002265247713
1005002397715816
32858330921
32883790711
32762140370
1005002297053735
4000931053547
1005002351308811
4000485886349
1005002443623934
4001137945464
1005001969776577
4000836243302
33027545095
33034047125
1005001992678226
4000819085267
32882135840
32859830975
32970868935
32895428475
1005002259286311
1005002317214717
1005002381518459
1005002318881030
4000617412763
1005002328401768
32953608139
10000366967825
1005002232895190
4000970863768
4000913194627
32724903946
1005001982143688
4000624317135
4001218937655
1005002271565277
32967467955
1005001348498287
32995206379
4000449450785
32683603319
4000910929284
1005002395787781
1005001622998873
1005002409730787
1005002349543536
4000738735621
4000781916234
4000429490906
4001171505114
4001136286437
1005002028155799
1005001703514945
4000935340790
1005002004991142
1005002266396230
1005002094923886
4000222411343
1005002170795619
1005002364575620
1005001652471975
1005002307619108
4001359974007
33048364405
4001045176303
1005002033631559
33041201803
1005002312040613
1005001859666507
4000709633740
1005001994391580
1005002398951578
4000200555830
1005001882348698
4000626106642
4000399179096
32848533936
1005002346653777
1005002409334552
1005002289489740
4001297267061
1005002467055154
1005002213436007
1005001334221434
1005002220021956
4000862257886
1005002302296111
1005001849626870
1005002065032568
1005001731328087
4000662705624
32906962935
1005001592226113
32947238888
1005002333420290
32947727616
1005001476420839
1005001268172132
32729398957
33006707585
1005002340983540
1005001555912039
10000022856033
1005002327293294
1616826568
33015696573
4000172222379
1411646308
4001037148353
32918070013
32910007196
1005002345003489
1005002054007904
1005002447496988
1005002304117542
1005002400640714
32980872770
32908959634
32604771576
1005002281316387
32908794883
32858008990
32767457956
33040867959
32801481775
32456051726
1005002288245011
32851022459
1005001638751649
32888565474
4000777646270
1005002275878895
1005001686326041
1005001901818070
32953822337
1005001305340411
4000328217828
32976339765
4000019295205
1005002359716542
32767549225
1005002252661880
32897638404
32863686587
1005001280767393
1005002284658582
32823037799
1005002081643035
4001112580793
4000413631654
1005002337733064
33027168631
1005002060439724
1005002454014701
4001278500231
1005002384797252
32952922387
32841035989
1005002213182745
1005002108354403
4001136757006
1005002344872955
1005002399844912
1005001992486366
1005002297872799
33022291678
1005001625234598
4000989035948
4001313132702
1005001987841660
1005002282111232
1005002314435546
4000300279402
1005001982999391
32581904139
32824325567
4000597624012
1005001749700348
4001201823940
1005002475678192
4000709792604
1005002234081070
32424767501
1005001894273749
1005001272996049
4001276114189
1005002358620201
4000378082265
33026049491
32860248345
1005001845986670
4000250192892
1005002052704100
1005002315803683
1005001418491259
1005001495590588
1005001419287738
1005002144011261
1005002220876575
1005002365784982
4000248259080
4001039374746
1005002314444833
4000933503336
32248073211
1005002214642777
1005001318904846
32700987691
1005001953455520
32745378115
1005002342516671
1005002355942944
32676201745
32858627175
32976131568
4000301084343
1005002359599569
1005001704812150
1005002320805016
4000899716479
32817300325
1005002387670346
1005002223970401
1005001639370876
1005002330983114
33032293258
33044761546
1005001489445520
32671646372
33050011768
4000520210469
1005002353233106
4000943896689
4000726329307
4001158871770
4000428621071
1005002351478917
1005002175371664
1005002356792235
1005001670927523
1005002366850229
32961450074
1005001557094705
1005001954317308
32835871216
4000998071395
1005001954864534
4000370538481
1719603114
4000200275735
1005002335308199
4000629059173
1005001816930799
32980087668
1005001848388698
1005002417072285
4001276555595
32999252727
4000399635536
4000506094780
32900115754
4001081266800
1005002232038026
1005001571397270
4001079037657
1005001780520182
1005002253703056
1005002175688282
1005001794242472
4001041900245
1292706822
33046817325
33021849080
4000864871394
4000604286717
1005002328392066
1005002483963598
1005002356106780
4001321512313
1005001556244654
1005002284451158
32711864629
32948940694
1005002405625295
4000549101019
32845398354
1005001885099467
4000906950736
4000001564639
1005002418687316
1005002388239046
1005002390267997
1005001365378970
1005002006939309
1005002327225599
4001279284823
1005001647082064
1005002391147517
32954575757
1005002367625122
33037541204
4001272356731
4000672753094
1118581604
1005001912582106
1005002351736266
4000265633145
32770822606
1005002136051820
32835194250
1005002213270500
1005002353961447
32956077607
1005001929452879
33051638310
32431873383
32848306249
1005002353510005
1005001438393417
1005002049767062
1005002076233313
1005002466066886
4001220982776
1005002301198373
33031387992
1005002322721577
4000842657377
4000029045161
32915587226
32555056630
1005001626092356
1005001965057950
4000546132420
4000985749628
33032166556
32970677778
1005002294456869
32855456797
1005002484806866
4000278437817
1005001598284573
4000911538513
32965078981
4000516422411
33012230588
1005002336301012
4000790087962
4000794521880
32903970214
4001248454787
4001084726117
1005002417833411
32830676224
4001333428562
1005002019824651
32929621291
1005001381518690
4001039567842
1005001338755468
1005002267836797
4000938948292
4001107563187
10000132957751
33018299367
1005001350862676
1005002296921032
4000719806174
1005001489242851
33051153425
1005002409629197
1005002351701996
4001211177129
4000203623919
1005001704166170
1005002335464375
4001078202950
1005002317340024
4000810743342
1005002281950140
32945857463
1005002351604880
32939623041
32788892861
32791001447
4001199019641
1005002461331148
1005002475592550
32997538618
1005001757039085
1005002089075943
1005001928990483
32998798950
1005002364474329
33028427009
32703972091
1005001731681961
1005002194635830
32885480322
1005001988798341
4000714948579
1005001689890733
4000994655570
1005001329503876
32604158325
32964030481
1005001424305713
1005002331476070
4000022005491
1005001540628025
32755888940
32744808829
4000053039167
32739968307
1005002108038009
1005002475649481
1005001499070918
1005001367969291
32850369830
1005001616672336
4000185892921
33027903959
32607692515
32498132972
1005002280683690
1005002094292136
1005001617926007
1005002400234781
32895963909
32974229070
1005002338796482
4000083912176
4001065011660
32970059515
4000688684191
1005002152058130
4001230615391
33047618564
32699431373
1005002061762352
4001293127590
1005002226086760
1005002368983083
32867269060
32901957288
33008313678
1005002426228129
4000253075230
1005002190929286
1005002121674356
4000582932400
1005002376484284
4000043590234
32757482618
1005002314180831
32971225404
1005002059594936
1005002470700714
4001078921517
1005002012420936
1005002277737721
1005001620686718
4000100621162
33037509311
32853945912
4001281702274
1005002444000067
4001274128489
1005002351141725
33031088756
1005001605011090
32973686298
32977423968
1005001604075906
1005002383079259
1005002318671948
1005002252260936
33007074312
4000163862282
1005001333492467
1005002417233206
10000284051661
32933158099
1005001897596354
1005001924196835
32860549785
1005001762490175
32950312539
33025532540
32876834039
1005002084126941
1005002318958169
33007695357
1005002377114903
1930869887
32861237084
4000180763754
32844634396
1000008320299
1005001392638358
4000537367008
1005002450945177
4001119841478
1005002258698087
1005001463424470
1005002476534408
1005002326163723
32976535463
33014863093
4001151223571
32846936741
1005002358996958
4000947404080
4001309610594
1005002389537390
1005001525060653
1005001769218813
2044378824
4001270113861
1005001463737492
1005002375071646
1005001465135830
32833400863
1005002363645190
32680678468
32989061390
1005002232853325
32589472741
1005002466626348
1005002262508097
4001301666938
4001193304287
32975484189
1005001290130847
1005001711371133
4000124679308
1005002416293495
1005002396155925
1005001348006646
33014793695
32802879089
1005002375364281
32868978105
1005002368267333
32806539830
4001271224714
32898729684
32919314244
1005001757835385
1005002341188961
4001091569692
1005001588334851
32318544018
1005001997337050
4000734296987
32816924743
1005001700739357
32957887677
1005002496207320
4001233277586
1005002167796933
1005001997415122
4001175496566
1005002340749808
33030990561
1005001944072105
1005002475326924
1005002278171260
1005001614008960
1005002318400452
1005001758275224
32869626202
1005002280914536
1005002315095554
4000369355403
4001256964080
1005002485977757
32902741312
1819165507
4000680292460
1005001407225774
32649473043
4001101188685
1005001913695294
32866583292
1005002169910891
32951995551
4001280755596
1005001678689622
1005002034938917
32918223941
1005002313500405
4000430576076
4000192164788
4000956127976
1005001525562066
1005002148228684
4000329246504
1005001834843398
1005002095162991
1005001361362722
1005001501569890
4000945133735
4001111665205
4000943243547
4001138374716
1005001853802644
1005001320118961
4001254858155
4000097320072
4001349616997
1005001813438715
32621508853
32787099953
1005002100213803
1005002404160046
1005002391044538
4000927831975
1005001653276523
1005002341156862
1005002478950564
1005001935875626
1005001960609324
1005002352331239
1005001457412042
1005002332841766
1005002219852409
4001141654397
32725776844
309320035
4001365135214
1005001633250947
32653869376
4000563005989
4000466638836
32919201340
32829383912
4000179873215
32948904992
32909630040
32968378434
1005001603681213
32823423126
32299075645
32948535368
1005002290714780
32862380387
4000764555569
4000265277346
1005002308992164
1005002358276531
4000418707834
4000699942018
33004046370
1005001839839637
1005002496845096
32581032296
1005002427343778
1005001993156851
4001080057539
32791331298
1005001535044037
1005001344773845
1005002474698229
1005001348586813
32909360432
4000945530895
33011471110
32968496823
4000086806657
1005001579116387
1005002300470903
1005001475791835
1005002107372826
32981517749
32920597085
1005001571751978
32832076556
1005001456272164
4000844874973
1005001580185777
4000917628103
1005002231774118
32900625595
1005002304059783
32989976590
1005001464287006
1005002282956786
1005002394042356
1005002467928887
1005002339798884
4000563688448
32871519216
1005001962343966
1005002308958478
4000885741789
32817469809
4001268881034
1005002314406780
1005002276381914
4001165864442
1005002401747490
32860448379
4001280845070
1005001685997952
1005002047011956
4001332986881
4000988322809
4000955896070
1005002395836922
1005002253792977
1005001977106971
32935618033
10000310840769
32879813553
4000236377842
32769329720
32792784246
1005002342434186
4000354292213
1005001830380492
4001158427537
32706913743
1005002333731096
4000025655397
32829817451
32917492321
1005002234034183
1005002373450095
32924394962
1005001406225198
1005001770706646
1005002327772596
33011380515
32919743750
1005002388527539
33002565908
4000200115567
4000794735445
32907190345
4000346652583
4000065818006
33037958837
1005002379578312
1005001295328145
4001250234934
1005002054771740
1005002313455348
1005002304358466
1005001797203275
33052359943
1005002241343592
4000886222736
1005002316252505
1005002165472038
32832998941
4001063603683
1005001687454199
32963871613
4001159992268
1005001763645202
1005001525487271
32866023823
4001205241711
32983602700
32889692123
32327888687
4000282788805
4001034087071
1005002370028599
1005001507395247
32849070061
1005001903203606
4001200934842
33007686606
32973560232
1005001376764395
33000471353
1005001477871887
1005001961017351
32983451439
1005001758458084
4001350993348
32823644203
4000022466789
1005002467469238
32872695188
1005001561802589
4001244733914
32854436126
1005001454321569
1005001758595047
32813737406
1005001264679161
1005002085407734
1005001686178056
1005001573931570
1005002214632833
4001229685975
4000910109693
4000854245609
1005002264036277
1005002213060092
1005002048754633
32885624115
1005001966541344
33011176920
1005002461344696
32864161333
32693713727
1005002350763050
1005002377028007
1000004876646
1005001792168810
1005002245189902
1005001562856147
32830344848
1005002433192767
1005002317467648
1005002301294633
4000850689103
1005002260374019
32618820475
1005001561280189
4001309245743
1000007174107
32794622772
32855205907
32978202891
4000611476667
32969472851
4001198916451
1005002318203896
1005001761622882
4000128544789
1005002386793363
32581014538
4000771235271
4000959644386
32919923357
32968054271
1005001323087579
33051856532
1005002141469376
1005001287575670
1005002061513668
1005001596137491
4000373004235
4000842983766
32838528887
4000536093681
33036076018
1005001441367241
1005001594561801
1005002281573207
4000990984533
4000842613930
1005002292331047
1005002295362887
1005002368346719
32872988822
1005002337059975
1005001316908764
32887977596
1005002363329643
32952479456
1005002063667810
33046645449
1005002380890868
32850287080
1005002198675501
32889421885
1005001967625442
1005002166829955
4000244115133
1005001955119547
1005002448768694
32746964925
32891652776
32909359562
1005002205314826
4000927342139
4000924929234
4001004551564
1005002316055944
32960281854
4000807411761
1005002496022160
4001040935541
1005002403562806
1005001834418823
4000928707078
1005002381283031
1005002382883223
4000100340141
4000051929696