1005002334832633
4000203868166
32857582610
1005001860148972
32863875747
1005002341187531
1005001592194001
1005002427876422
32911720410
1005001741620570
32820681996
1005001646395550
4000076139825
4000752572233
32844891894
4001238400237
4001159973888
1005001525344898
4000101691381
1005001677265001
32975029367
1005001470887345
1005001862831386
32729169370
1005002305116990
1005001700880993
32872523841
4001331596071
1005002287924573
1005001710383181
1005002260291666
1005002110110162
4000107083278
1005002341817713
1005001288544332
4000865361972
4000234787144
33006424110
32871927641
33027537177
32664644453
32234930049
32530164914
1005002296966999
32667110508
1005001664882330
1005002351569424
4000830169094
32904048361
1005002440400028
1005002295071733
32988252512
1005002487726378
4000340096103
1000007898620
32894777429
32983133837
32950272138
1005002395492616
32820435761
1005001723141573
1005001608224818
32951436197
4001280363621
4000505497332
1005001902271484
4000136099123
1005002142577416
1005001468589024
32856524211
4001287773115
33059352512
1005001278979349
32903907282
1005002299755199
1005001278547871
1005001593097271
1005001588640055
1005002481245360
1005001747957259
1005001708916660
1005001866528618
32919164022
4000250862687
1005002062910873
1005001345657008
1005002129869484
1005001560833332
33013784130
4000379038165
4000036291849
1005002485426547
1005001653292193
1005002355636592
1005001670891151
32949274067
1005001858374537
1005002302283659
1005001510353175
4000392138935
32940122319
1005001700685182
4000124766753
1005002345835180
4000794694895
32994560668
4001176106531
4001280372824
32861147516
1005002314398792
1005001599204672
1005002046137949
4001105972944
1005001649407901
1005002357657722
4000969803608
4001228614526
1005002305116821
4000036272586
1005002393550477
1005002368323003
4000929595636
32817047554
4000691266911
1005002004859092
1005001405914810
4001287495825
1005001947751698
1005002039166172
4000585313048
32968795366
4001228555926
32809540672
1005002040389285
1005001314726105
4000277239081
1005002448456976
1005002487753312
32920353515
1005002147634843
1005001793007462
1005001329637305
4000155548651
1005002336326190
1005001940978594
1005002232908133
1005002449838311
4001255487433
1005002073626088
4001227955966
4001333472462
1005002259937629
32933278371
4000860635066
1005002317334385
32772751658
32976938289
4001251208992
4001002894804
1005001729527176
32989424065
4000799067541
1005002353621229
4000971259209
1005001367991838
32419814456
1005002434924506
1005002240544503
4001159883652
1005001874490954
1005002442122202
1005001414521658
1005002387907488
1005001588197336
32854070374
1005002320699632
4001261408106
32973378664
33002935778
1005002261361090
1005001370123552
4000180724588
33046324103
1005001595099187
1005002190078858
4000210505788
4000295859468
1005001329819421
32303904547
10000319986468
1005002327140030
1005002267900711
1005002382857785
4000057681664
32618768020
1005001863900382
1005001621436013
1005001899520204
1005001726481623
32862783651
1005001465287774
32987449650
32938974965
1005002268006859
32953874189
1005002326729290
32794450481
4001215035955
1005001721502587
1005002245576396
1005002351361533
1005002330376370
32930460596
32849783185
33040287381
4000181816209
1005001774763474
4000022102866
1005002076245643
1005002124428228
1005001808498926
1005001452246165
32904715356
1005002430455771
32955335974
4001247020232
32864000266
919350896
4000267805090
1005001993030389
32893423447
1005002294003584
1005002282114137
1005001883076411
32802760855
1005001942949495
32998272531
1005002449999340
32918653068
1005001948716408
1005002297455266
1005001910252274
4000960586492
1005002378823230
1005002224679914
1005002385899667
1005002440427866
4000789725177
4000803505641
32995801107
32851317825
1005002260004984
4001158895671
4000997721967
1005002213117726
32999990056
1005001602407936
1005002314226948
32971975003
4000397464717
1005002491054458
1005001868407994
10000319574758
33044247246
32944617935
33012774720
1005002253335986
4001283314941
1005001529509616
2043964816
4001313203668
1005002384748447
1005001522034790
2002495436
1005001759542630
1005002423177064
1005002312015662
1005002361392504
1005001754048221
32832214715
2012680367
32916928725
1005001431162698
4000041785403
4001230052941
4000516451754
1005001431741165
4000314554075
32780407219
1005002453014424
32852830643
4001063092544
32947085071
1005001525459132
32997688279
32856917289
32583050789
4000493248252
32564183874
1005002361591818
32303570275
1005001859349659
32889650686
1005002447037086
4001154543686
1005001369452904
4000299262958
1005002026489921
4000250613619
1005002354332968
4001150251493
4000310340656
1005001635647736
32961001157
4001119851628
4001230704957
32818899335
1005001309539000
1005002264107173
4000515339581
1005002064877221
1005001954681456
1005002339901804
1005002241892783
4000849112629
4000993432417
32860102361
33006223776
4000748167517
4000980409053
32794426910
1005002488159991
4000578843239
1005002351187065
1005001457450705
1005001695333705
32821549956
32807196999
4001340281905
10000106670617
4000433950186
1005002388354429
32823642107
1005002466806447
32687526066
32805073241
4000196734209
4001156427920
32922076747
4000955205974
4001038611832
1005002341989352
1005001274314626
32981563829
1005002443877060
4001205501450
1005001781004948
33006986651
1005002313923546
4001022020249
32805841163
33013393352
4000197198189
32979244521
1005001972801466
1005002413578976
4001078875277
1005001599214888
33008365400
1005002341869162
1005002136810877
32986171006
4000364768457
1005002196857436
1725598054
1005002048352488
1005001414309188
1005001578744806
1005001446240249
1005002027143440
4001175022246
1005002380827365
1005002387541101
1005001954406789
4001241904488
1000003842094
1005001435769966
1005002345062763
1005002137985416
1005001788858118
4000443781846
1005002427163247
1005002315251662
1005002294157357
32422028591
32424986099
1005002322684882
32834490542
1005002096102079
4000744820086
1005002459429961
1005002291476437
33012804447
32903736478
1005001441487271
4000972160816
32965730014
32674969768
1005001288046241
1005002333993516
32921113877
32788014822
32640231441
32890584827
32995692106
1005002073985095
32830302857
1005002359297122
1005002074622145
32815677584
1005002458919767
1005001840064914
1005002204254774
4000221893631
1005002428093606
1005001921417545
33009629477
32693505099
1005002262611634
1005002491957402
4000979732823
33005710770
4000794698644
4000750857334
1005002277705126
4001131968535
1005002261870496
4001241442528
4000921090177
1005002287471920
1005001344156808
10000255229748
1005002443005875
4000851854215
32980854438
1005002252111339
4000857299214
1005001971139204
1005002397789440
32849548092
4000288323614
32837414589
1005002282179338
1005001280248451
4000640112459
32970170623
33026151108
33006431926
1005002365996866
32891669651
1005001385149699
4000295972655
1005002175665580
10000110298556
1005002357870374
1005002066694777
32711627066
32809236436
1005001702696797
4000241371192
1005002077600667
1005002271051686
1005002328081684
1005001326454429
1005002459200967
1005002072442616
1005001468035419
1005002314926785
4000835299297
32839027846
1005002300280704
1005002488610040
4000850409596
1005001763623495
1005002191466473
1005002481493126
4000055717611
1005001379561875
1005001593389914
1005002281273344
4001220721361
1005002344955819
1005001625642200
32812720448
1005001380890519
1005001567263042
1005002452533707
32882750405
1005002033407857
1005002198711870
32860792209
32719242742
1005001669663888
32989566652
32917295152
4001056449474
32794020275
32727504932
4000734533595
1005002330513576
10000402336835
1005001959568518
32835510028
32830682487
1005002259010578
32833619650
32825480844
32948989686
1000005340461
1005002190633290
1005002017053235
1005001626556508
1005001763757730
1005002311357019
1005001700609422
32971125293
32951900331
4000491750660
1005002332141029
1005002419530745
4000257578422
1005002015003625
1005002382766256
1005002376527555
1005002073679550
4001230416153
1005001981475987
1005002404239443
1005002314458150
4000420386130
1005001644402239
1005002328142264
33016210520
1005002424904691
33040420940
1005002500469096
1005002474169529
1005002390138096
32800820784
1005002273871833
1005002364470797
1005002277809410
1005002275486998
1005001651103453
1005001978210078
33056399479
32705267586
1005002245613235
1005001817068401
1005001736813431
1005002318886895
1005001694920998
1005001325301526
1005001897432027
1005002112936909
4001358589264
1005002420914584
4000695366625
32999504067
4000722038872
1005001604783612
1005002264853565
32757658539
32931497095
1005002013998700
1005002273666474
4000449559060
4001200311889
1005001823998078
4001256178335
32917985892
1005002293338999
32981238884
32896860478
32995186833
4001235882792
4000198842608
4001360469231
32975659460
33005827076
1005002233641214
1005002384635092
4000712245681
1005002489391966
1005002468710041
32346596929
1005002364685440
1005001383498225
4001153481755
4000006486151
1005002058524684
4000702162588
4000015558257
32579111536
4000642490731
1005001645543464
4000781591604
1005002481563208
4000291345727
1005002388749485
1005002191735224
1005002400818350
4001183208611
1005002289860145
1005001593353883
1005002285987765
1005002206604571
32915575915
4000425220477
4000294697903
1005002475585502
4000786313141
1005002376285854
32973251435
1005002418658444
32998826470
32604077181
1005001510921954
4000996454918
4000703636831
1005002367343480
4000792356847
1005002319309752
1005001954015169
4000781554304
1005002387645191
1005001900910898
32832305056
1005002275076450
4001160944729
1005001951227304
1005001446507984
1005002238256030
4000858099807
1005002313190741
1005001555221551
32897317759
1005001346175140
1005002331996660
4001220565858
1005001397685486
1005002372199816
4001335179556
32387418557
4001231934098
4001156145983
4000067510287
1005002492808638
1000001378932
4000076282309
1005001424325781
1005001510080201
1005002427438256
1005001352117283
32998942703
1005001890564211
1005001562465901
32747962604
1005001419303158
1005001825148990
1005002442402438
1005002306217752
4000829980010
1005002482501875
32904689047
32862019014
4000016604997
4001297885601
1005002431543186
1005001599190177
1005002304412045
1005001475653936
4001339855328
4001011464011
33004320181
1005002442669775
1005001431019575
32963596055
1005002394792385
32954249356
1005002294560079
4000119446984
4000069249205
1005002265905990
1005002332179602
1005002194349257
32581261049
1005001935394655
1005002297424814
4000165741636
1005001714344617
4000844042772
4000962356874
4001241497807
32960506498
1005002314646380
33011764792
32805398614
1005002440918970
1005001693772973
32766776864
1005001775592302
1005002341169941
1005001494551470
1005001454603110
1005001379450560
4000154631151
32811368458
4001200686848
32907275998
1005002388708775
4000996775911
4000411933431
4001060667525
1005001761728299
1005001476060554
1005002282011145
4001092909624
32782180296
1005001367943741
1005002180501178
4001358313582
33018916820
4001130996440
4001133896599
1005002261001198
1005002180697578
32331322311
4001326253380
1005002346882746
1005001725482283
1005001620954653
32948668563
1005002125731215
32923964234
32929749615
32878823459
4000626228710
4000125348505
4000033371528
4001227413731
1005002367307529
32978466437
1005002291529336
1005001722562301
32840109941
1005002304827816
32722101570
4001153950300
32836723478
32526839169
1005001507562427
4000317317547
4000981909821
1005002286186951
32846156849
1005001693317383
1005001688571819
4000756759412
4000201105223
1005002230568111
1005002416985743
32822589761
1005001809560367
4001136282568
4001083522847
1005002332572861
4000258269911
1005001525473154
4001345833061
4001153173569
1005002042968427
32870625666
32893255268
4001029407705
1005002498450973
1005002421237045
1005002372644973
4001232269675
1005002334001890
32957388364
1005002070316659
1005002302918932
1005002286072842
1005001490644265
4001153653383
1005002314132146
1005001556551029
4001231677529
1744067937
1005002427427325
1005001836750122
1005002068537422
4001066360820
1005002305997248
4001251802869
1005002490311557
1005001972321086
1005002314307680
1005001928645909
32976908948
32677229024
1005001488252183
1005002297355397
1005001515425103
32952202080
4000309912916
4001031458830
4000822119195
4000081268664
1005001966541118
1005001666775537
32978417008
32952527793
1005002233847956
1005002129640829
1005002337804527
1005002291820417
1005001962999780
4000318805923
1005002238698090
4000015857977
1005001472000224
32880136456
1005001830292100
1005002338265635
4001027207250
32855253355
33013234984
4000171309131
32721910987
4000305847799
1005002229045738
1005001680479388
4001275307361
1005002291857520
32898869047
32993105976
1005002337353280
32510965330
1005001412706107
4000595603382
4000691088942
4001356504463
1005001570368412
4001230810875
1005002443637805
1005001530892886
1005001495495539
32805156410
1005002095070253
32957841160
4001163716549
4000842985369
4000043255940
1005002164799540
4000935093682
32850706376
1005002257808972
32850604427
32267101485
1005002359417902
1005002166634843
4000064538197
32954633125
1005001731265053
1005001652804092
1005001962421646
32814988268
32970241815
2055825101
10000251178495
1005001708574701
4001156101838
1005001874614276
1005001364735681
1005001749353156
4000850563737
1005001351316131
32975771747
4001027114751
1005002387824944
1005002270310279
4000469647221
1005002358184239
4000433557220
1005001780590736
32616502286
1005002317711407
1005002447649039
4000265907975
1005001444744810
33038856357
1005001888900670
1005002285791491
33010198223
4000717227953
32998907231
1005001326032406
4001141437178
1005002454279688
32849833306
1005002344088004
1005002346238146
1005002459783288
1005001934997494
4000554962785
1005002243036202
4001149564352
1005002144453696
33012046730
32722084338
1005002327754251
1005002014947201
1005002084235339
32854839655
4001253313678
32880969601
1005002347061113
1005002263560838
1005002326075421
1005001708209696
1005002317338324
1005001982943433
1005002390134474
1005002304450396
32780893196
1005002075065904
1005002167195867
4000767053803
32959545117
33020708319
4000049733497
1005002307586908
1005001571563585
32905956653
4000824445928
32709639613
4000373478091
1005001682205711
1005002287822319
1005002278764773
1005001877682739
1005001525371835
32995487501
1005002341191602
32885043721
1005002004811577
4000497894479
33018295244
32811303543
1005001757750613
1005001478014589
4001163107855
1005002009015067
32999341668
4000217632536
1005002400378763
32743206518
1005002450325841
1005001882432394
1005001886096408
1005002309899575
1005002484899579
1005002239134390
1005001755540870
1005002231626248
1005001329530806
4000510685866
1005002070285930
1005002329850535
32992104927
4001187843334
1346839351
1005001549060143
1005001400369104
32268083208
4001277662695
1005001896002759
32720879670
33055240635
1005001693114454
1005002359402609
1005001614985538
32439390022
1005002315729954
4000333764275
32321317776
1005002359984407
4000346772939