1005002354080040
32849266573
4000279786920
1005002296845164
1005002185317902
4000456931455
32589189590
1005001901476545
32958990029
1005001380619342
4000994302113
32506004760
32954825734
1005002297802588
4000195611053
1005001639027129
32869362739
4000200084978
32972555546
4000801847359
4000543664429
1005001495128894
1005002353581555
1005001854434914
32998529120
1005002150057310
4000390718570
1005001949932305
1005001397651411
32966981718
1005002371499443
32852471019
32885369724
1005001586952597
32972233236
1005001472092476
32627755142
4001241424942
1005001393189178
1005002336722440
32983236996
1005002090962873
1005002322736526
4000899605491
1005001609224707
1005001619235148
32797262643
33029082096
33051812481
4000641261421
1493938152
32605763033
1005002314301508
1005002384265476
1005002340702072
1005002359784361
1005002322938746
1005002345703995
4000023324111
1005002437084469
1005002384132314
32917429248
4000384240989
32844934378
1005001695950850
1005002344093470
32837604928
1005002247251708
1005001506231397
4000863304723
33000749926
1005002426140825
32861107599
1005002393011698
4000679672779
10000354614328
1005002357723830
1000004794386
1005001834306947
32969932506
4000067695960
4000730650939
4000587030979
1005002434813996
4000311627710
32611476514
4001194475896
1005002401160394
1005002306329141
32956397008
1005001781004210
32981466881
33001567417
1005002320627252
33062018536
32522074090
32828514262
4001326180011
4001049343465
1005001972029302
32949969701
1005002340798467
1005002371578976
32870334942
1005002282484295
32965220082
4001299957277
32865918416
10000115045846
1005002037391304
4000610820150
32399141382
4000261920752
4000222404249
4000661110040
32999702537
4000554327960
4001359788411
33003338886
1005002396655047
4000562894968
1005002368431671
4001002303324
4001255488263
33019948494
33037784343
1005002031971471
4001339689011
32785295710
1005001411220263
1005002418816859
32688404949
32962438235
1005002425791392
32851909196
32855570164
1005002362874763
1005002131062852
1005001564648139
32821603455
1005002288764779
32960589167
4001138749729
1005002317566488
1005002347984242
32948355322
4001358818106
1005001930511074
1005002223444590
1005002292100403
1005002363424275
1005002435987662
1005002432007507
1005002052616656
33004498826
1005001849220357
4000850666834
10000004738915
1005001453570421
32979944648
1005002115902915
1005001515960337
32606381466
32847129238
4001168407623
4000313790470
1005001391790842
4000924801370
1005001278217379
4000915607369
1005002185416713
4000786272285
1005001913053162
4000076855098
1005002301103950
10000186498629
1005001926910206
1005002363607038
1005002203879738
1005001881271339
4000742670826
32864856323
4001237222581
33025297533
33001793633
32604681483
1005001810866319
1005001730631919
32974832995
1005001990785029
32674935661
32983514611
1005002450462609
32231759115
1005001698245953
4000054367346
32880850597
1005001598582213
4000195174259
32899379563
1005002201035651
4000329590196
4000844127875
4000358523656
1005001899717652
4001363646993
4001160907440
1005001698925665
1005002417289810
1005002184511860
1005002253707274
1005001664204542
1005002427718321
32958287338
32957604246
33029904225
4000163368219
32976314196
32866375277
33058244352
1005002295346448
1005002087939006
4000690898439
32970589130
1005002010903527
1005002282745148
32995115826
32866025074
1005001803738122
32807492695
32836484019
33059300031
1005002400961608
32853518955
4000048738743
4001339828231
1005002220417627
4000235480637
1005002362489216
4000283159121
32977758141
33023581211
4001007918033
1005002310373179
4000590175273
4001218466985
4000243149752
4000532585956
33041193344
4000028527626
4001115596761
1005002312574829
1005002288702090
1005001606342234
1005002314394417
33021852142
4001186348757
4000261832548
32963382608
10000394289622
4000626026248
1005001511080857
32938264728
1005002233407073
1005002263455741
1005002007422007
1005001969992410
32921606259
32791734465
1005002319227720
4001058016763
1005002308618718
32995216366
4000856902672
1005002315365419
32870504093
1005001926922046
1005002316899988
32869918830
32608847903
32969718987
1005001798626577
1005002115229084
1005002075096476
1005002327968924
1005002079644205
33001404619
1005002483873578
1005002286599799
1005002425933407
1908102561
1005002295709138
1005001958544971
1005001982131627
1005002252598006
1005001334595366
4000231934501
4001162802268
32769233001
1005001641247869
32823405905
32969491588
1005002233183042
1005001650910903
1005002334527205
32908242586
32949597385
32697659733
1005001627344472
32682333307
33000893573
32918741879
32555917039
32882536809
1005001672103282
10000349714595
4000546574825
1005001616399957
1005001954952223
1005001834485942
32864196235
4000685851148
33014940383
1005001693767524
1005002448574704
4000920338978
32970018356
1005002334008442
32907277340
1005001860880974
1005002295658582
4000850634895
1005002286586294
1005002442869586
1005001569329260
4001278091181
4000261997048
32789180236
1005001843583420
1005002332917758
1005002431684253
33043366849
1005002413626301
1005002315011594
1005001783159359
32744779942
1005002419680937
1005002484141826
32889997352
4000810172847
4001154594889
1005001794914579
1005001303036638
32880302844
32960832000
32994461742
32962987920
32658543777
1005001861224129
1005002362277609
32866587758
1005001955061139
32363182138
4001282491707
33001892237
32705813007
1005001583342858
4001125429942
10000395922458
32907789562
32946639613
1005002033603789
1005002354423494
1005001345192881
1005001893502191
1005002081336567
4001265173550
1005002321270321
4000786196760
1005002399510912
1005001725916167
1005001273767932
1005002268086624
4000617296031
4001280350665
10000127367781
1005001863610075
1005002426490077
1005001458616484
4001106364053
1000008721170
1005002409724445
1005001973359576
1005001859209584
1005001992856229
1005002305150181
32957009371
32848266922
32743897970
32935011494
1005002395052749
4000488703485
1005001620829777
1005002399565850
4000853397182
32835960015
32902674599
4000489493430
32874713452
1005001810378716
1005002172021468
32352715145
1005002198370249
4001228564186
32947545501
1005002304204785
4000749274630
1005002344988442
4000704156961
1005002266346937
2005093218
1005002426389555
1005002270018554
32934355417
4001268224530
1005001869332563
32858945855
1005002404935680
1005001622043101
4000078842281
1005002276746026
33016176400
1005002254814077
32864567896
32993075530
1005001992056617
1005002396645865
1005002293514286
1005002028974534
1005002332905373
4001042496706
4001242075430
4000484536205
32915116539
2041833294
1005002310898733
1005002385168960
1005002143247556
33013207308
1005001617523465
32806939529
32958468326
32951681504
1005002298541544
1005002395143010
4001278875930
1005001329712662
1005002352947111
1000005710763
32857665626
1005002289173017
33009976006
1005002467561598
1005001665966257
4001045248594
1005001993228902
1005002322335535
32956866765
1005002232067449
1005002342991568
1005002316393331
32913060357
32815456561
1005001505889455
4000429709580
1005001656508854
32805686971
1005001821850161
4000630901417
1005002297101754
32951184281
32837597454
32933646495
4001231536193
33059451365
1005002425348796
32838099313
1005001880542984
1005002244769394
1005002356356517
4000413258988
1005002378592388
4000665798878
32974204854
1005001731042441
2054235374
1005002356708250
32899304504
1005001494055620
1005002281940221
1005001405330227
4000597886560
4000781120282
1005002103093592
1005002484718411
1005001840223099
32786936019
32873144579
32992069453
1005002264160215
32907115732
1005001406558390
32908048598
4000983087436
4000874696672
1005002343850979
1005002444404156
32853313193
32826642634
1005001445938435
1005001797725254
32819433446
1005001314263274
1005002279336473
1005002211872900
32995501572
1005001920520507
1005002365324207
4001160191320
1765886597
33060459473
1005001487274890
1005001399383061
1005002413222653
32643353897
32981946929
1005001680464566
4000739470173
1005002275403848
32788381474
1005002437718483
1005001962799250
32567925992
32864753992
4000677502236
32906417897
1005002390913714
1005002307388502
1005001882642482
4001287032177
696678687
33024000630
4001037898123
4001117683383
1005002489730259
1005002049335621
32990405675
4000397496281
1005002276399394
33006015809
1005001710472723
4000604202975
32770594962
1005002377735912
1005002469010555
4000242473339
1005002329682238
32549818263
32971599507
4000809535588
32811615715
1005001968482353
33026524173
1005002327083756
4000895899050
1005002253977186
33035430607
1005001776590326
4000891918017
1005002273004024
1005002292313052
32850410935
32972693848
4001135447242
32952509826
4000955795516
33009318038
1005001558168374
1005002316073863
1005002337754815
32888407221
4001188050089
32858981122
4000927742300
1005001622237557
32535857347
1005001914786692
1005001572307785
32952490080
4000271976529
32886989184
4001230805081
4001226437626
1005001694643024
1005002381519383
1005002328054977
1005001682303326
1005002168979308
4001227362441
1005002469037496
1005002054479905
1005002357700058
1005001744103080
1005002304391259
1005002392984220
1005001762270542
32918825265
1005002112027334
1005001688917147
1005002351817705
1005001731464431
1005002349623911
1005001745143767
1005001413016972
32887476451
32952924325
1005001736734440
1005002385309437
570701668
32550654134
32902259919
1005001437680582
4000052042767
33027529373
342494056
1005001814208613
1005002271104425
1005002266574181
1005001437713958
4001217173047
4000167620373
32900286307
1005001500819563
4000823286533
32974961299
4000701350193
1005002300877146
1005002314002973
33014003960
1005001860813570
32963413903
4000006302908
4000747547230
32665366620
1005002424603371
33039090630
32387358083
32977303009
1005002334350371
32983823122
1005002301144273
32955699210
32927296524
33002926356
1005002334587532
4000379169118
1005002010677795
1005002362340537
4001343537280
1005002242966489
33045575442
1005002203357639
1005002238923966
1005002399000250
4000852015868
32894642247
32654818486
1005002478280082
1005002117367186
1005001566834088
4001000667593
4000781675894
1005001920960938
32824717357
1005001835562482
1005002350117849
1005001315892162
32956577110
32884982235
1005002275907656
1005002264728045
1005002284688755
4000576648576
32872925863
1005001364576954
1005002305917226
1005001561302981
32924066692
1005001660029876
1005002219338935
4000720409803
1005001618275053
1005002334345400
4000777489981
32889896423
33039402563
4000962105705
32905782718
4000089883041
32893029806
1005002481916918
1005002457577536
1005002337232308
32827360012
1005002406599609
1005001714739614
4000437743903
1005002022251026
1005002064143742
33014231192
1005001519900238
32993896597
1005001568949004
1005002367294525
32971947312
1005001869215862
1005002132599605
1005002329631025
4000223996376
1005001952417555
4001270797214
1005001320339487
1005002139000425
1005001970506616
1005002352342638
1005002271266999
4000630343421
4000284292701
1005001608499995
32855086257
1005002382439355
4001258798427
1005001909037792
1005002295424198
1005001412583383
1005001985547343
4000113842356
1005002126815721
32892402693
33002663888
1005002211171236
32790405635
1005002295459235
33007641545
32971375212
1005002413330078
4001061208193
4001077013490
1005002279393624
4000624347349
1005002491645575
4001340206853
4000833775157
1666227243
1005002361860864
1005002366559712
32879617770
10000349271031
1005001949262785
4000169275880
1005001534288007
4001134158086
32986020843
1005002370243768
4001153809724
1005002265159194
1005001516665921
1005002260925470
1005002000047855
32950623238
1005001874550828
1005001281376725
4000927143519
33030563268
1005001418026453
1005001686020183
32829901373
32992806090
1005002394241316
1005001617085108
1005001491459770
1005001859341742
1005002426614675
32863971641
1005002315171282
32855389087
10000300143279
4001285865775
1005002301327596
1005002016797337
33014159532
32967518066
1005002478008689
4000244894013
4000216647765
32929785082
1005001878873178
1005002197999420
32973822517
4000017855584
4000564573817
32861049650
4000223008084
33002969497
1005002312397036
1005002467469507
1005002450539139
1005002154697972
1005002351665323
1005001880584947
4000134418760
1005001626953297
1005001798515759
1005001295509241
32804447303
1005001883971319
32815462565
4000734561132
1005002229684735
4001281826151
1005001860811634
4000321822763
32876910447
1005001915935354
1005002167960366
1005002464678285
1005002036862944
4001224494487
1005002278101718
32410285541
32980361265
1005001578928405
4000695481490
1005001465224724
1005002358479779
32923810573
1005002040370381
1005002388434526
1005002032572656
1005001943178187
1005002398946846
32864835659
1005002398940167
1005002318951354
1005001439121560
4000770249662
4000617012764
1005001965579426
1005001720689864
1005002492773488
32956154777
1005001562086198
4001183235882
32988488462
1005002279104646
32850060647
1005002338635912
4001286272127
32421937955
1005002234137393
1005002297059496
32924187140
32510713653
1005002305481900
1005002313660101
4001299488552
32815647521
1005001810711917
4001349623069
4000701901486
1005001913765960
33035140706
4001335759108
4000622916923
1005001491668194
1005001319063862
4000506886507
32832775841
32888915002
1005002028237408
1005001804498947
1005001790151108
1005002311938771
1005001786461220
1005002313890283
1005002413564312
4000859328294
32932788773
4000699425289
1005002299380830
32916982105
4000529235349
1005002312492615
4000987730452
32795099677
1005002358830812
1005002400687985
1005002287106142
4000065435800
4001039262936
1000001285126
1005001834638710
33002819213
1005002316409765
1005001509796081
32641031096
4000704856035
1005002441921352
4001052403459
1005001948850364
32882967846
4000748354846
1005001287275323
1005002287316705
32900814917
32790118746
32821647744
4000059580108
4000875277261
1005001326618036
4000267807448
1005001468501497
1005002309562880
4000074667035
4001127968200
1005002027465603
1005002352746579
1005002480547265
1005001495199212
1005002440344423
1005001907158466
1005002453509898
1005002130024872
1005001556679986
4001301954779
1005002399840146
1005001864226110
33039845582
4001161628828
4000198227570
4000212381534
32466178195
33040296767
4000358718407
1005002488764114
32964684887
1005001474917866
4001237769020
4001084255027
32860901539
1005002000226921
33014151899
32975538193
1005002398685657
32957773531
33025178267
1005002240682018
1005001898516382
1005001822964805
33023580307
32837984216
4000385766266
1005001838660084
1005001411362639
1005002303903731
1005001278917178
1005002255136515
1005001775043887
4000812986758
33021335363
32790232897
4001168969641
33061435348
32964989614
4001077843879
1005002170789662
4001100399087
32753826550
33036973927
32925063285
32962008240
1005001696514324
4000193095895
1005002292380229
4000954485899
32980989660
33007922203
4000899939938
4000300438963
32891124388