1005002031897464
1005001446044385
1005002497838082
1005002254108924
32797463970
1005002247806587
1005001500700220
4001081976309
4000110883711
1005001781900662
1005002327334178
1005002413578163
4001231492189
1005002377849671
4000083045715
4001168777087
1005002360074608
4001296043954
32843664692
1713488597
32806435309
1005002301869006
1005002256665021
1005002204425780
1005002122574209
1005001976149267
1005001451120749
32833738500
4000158786837
4000906267862
1005002363810502
4000475252583
1005001700548135
4000053189993
1005001333567084
32960174332
33058848489
32981974216
1005002192730451
1005002412083528
4001326081259
32737382539
1005001438937279
32773490634
4000023193488
1005002323198846
1005001317390790
32818361091
1005001679642396
1005002003181027
1005002442848390
32968896456
1005001639819632
1005001619493749
1005002322740818
33011865775
1005002440543565
1005002466617082
32980529360
4000316349191
1005001567233220
4000109278752
32870495958
1005002301513909
1005002263266402
32693735906
1005001923268752
1005002322731895
4000111939424
32842841319
1005001280727012
4000018800141
1005002277122288
32785836843
4000706758682
1005002292248391
1005001976445420
1005002281650593
1005002306605363
1005002239077196
4000926147076
32903845074
32807207380
1005001972597459
4001302814968
4000611367939
32921277429
1005002365059881
1005002309104770
1005002469848489
33006620928
32920276829
32516517857
1005001913434312
4001189975775
1005001580346949
32940228653
4000062282594
1005002253829560
1005001408179353
1005002398635908
1005002361330094
1005001550891668
1005001823687328
1005001555180865
4001061850213
4000958805559
32856617063
4000558062762
32976870391
1005001319625605
32878985723
4001203328075
1005002051909127
1005002378595768
32917397903
32980008144
4001006540536
10000031950485
1005001602966193
1000008079600
1005002053234604
1005001929136151
1005002119383800
32832142078
4000923500913
1005002258504908
32348482392
32960818563
4000032907212
1005002258641750
33016582341
1005001989315270
1005002428239948
1005002254232402
1005002372107899
32386362379
1005001291243480
4001240507141
32890043526
33001916475
1005002367835045
32950526906
1005002398487427
32792542967
33009527508
4000136646041
4000062283365
32888030897
1005002398528372
33012659635
1005001905699192
1005002356295112
33006196273
32863999287
33047178408
1005001876610929
32981605372
32821670447
4000543512266
32842091831
32810973870
4000536984597
33005382804
32999443579
4000874538039
1005002287549643
4000431007190
1005002121546649
4000771228036
1005002359086154
1005002475084601
32608523472
4001255611577
1005002100702203
4001015641142
32820955404
4000598718966
4001055666786
32832578007
1005001931791802
1005002278708737
1005002314746591
1005002352902373
4000749210444
32826406495
1005002353621383
32868654574
32951528493
32857320973
1005002454341983
1005001966257882
1005002234377830
4001204846357
4000113817150
33030925481
4001304561192
1005002433292714
1005002453005427
1005002473089221
32795163106
33004282239
1005001623862207
4001365090425
1005002382666271
4000371170644
1005002276528206
4001244289828
32974299158
1005001971722410
1005002453475068
1005001588145168
32864614559
33038720854
1005002373145769
32837069813
1005002327622761
4000205721819
4000546005530
1005001817702394
32903444419
1005002419562818
1005002000523066
32881370255
4001275376689
1005001549070374
4000799631027
4001207271276
1005001525401664
1005002314930450
4001170571084
32867495382
32871050907
1005002260250294
4000576267151
1005001975569906
4000362791802
1005002483434134
4000375812050
4000061198830
1005002244902476
4001215134498
1005002476530062
4001054220541
32960486731
4001207666245
4001282149991
1005002467216359
4000444794633
1005001291363117
1005002201836802
4000382053996
1005002345810060
1005002265558335
1005002260898596
4000659673358
1005002322820874
1005001715093576
1005002334411172
32754242259
1005001860233526
32882708904
4000853230972
32330170337
32879941767
32954249971
1005001731030500
1005002239469791
32824734807
10000358717558
1005001650256555
4000987403176
4000394169978
1005002122403210
1005002313411354
4000938647617
1005001688787180
32796161123
4000535032118
1005001556972895
32785475341
4001175378583
1005002245280470
4000014536092
4001200928573
4000505173916
1005001689723431
1005002453519399
4001006645407
4000678086356
1773204657
32799893500
1005001883359510
1005002144253227
1005001507783345
1005002448418402
1005002228530255
4001280457106
32827564066
1005001291878689
1005002321217327
32825355595
32907898400
4000967007401
4000666527688
32760329568
1005001603543842
4000903457676
1005002400787704
1005002495533820
1005002269327207
1005001454643754
4001351908125
1005002394497779
4001172911415
1005002345897259
4001052681511
4001169583227
4000794369689
1005002474472315
4000236260227
32838417731
1005002050329194
32959470108
1005001397683735
4001134329627
4001154608322
1005001273547513
1005001704439760
1005002459873499
32895604401
1005001580356304
4000754146414
1005001736705479
1005002238552598
4000026061035
1005001409129377
2035409759
33055366952
1005002311031314
4001291917336
32821844997
33011515505
1005001349617920
4001204800707
1005002253860781
1005001916031373
32722015628
32780285409
4001221725573
1005002460678120
1005002171465607
1005002409848669
4000002655755
1005002466848672
1005002317632809
1005002315302684
1005001670984174
32835914229
1005001918075656
32990087785
1005002340992616
1005002352294856
1005002423734620
1005002353366636
4000144467390
1005001470491720
1005002259497073
1005002463105889
1005002090384687
1005002254666580
1005002384597705
4000888150593
32544239768
1005002378558373
4001027236609
1005002421260959
32846422579
32868258883
1005002059785291
4000377366560
4000178835161
1005001863065996
32966896743
32627202148
1005001398198511
32839909234
1005002122096228
4001133927512
1005002367511648
4000829670335
1005001381319288
1000008685261
4000434729882
1005002378384437
32996137338
33042671991
32288932325
4001227733718
32960293513
1005002367436462
32961884905
32995706076
1005001525425600
4001013704736
1482699465
32921924276
32813043125
1005002283629150
1005001421290762
32803136408
1005001622478291
4000179750113
32998447999
4001137718831
1005001738626579
1005001564929833
1005001627297542
33015751023
10000351551332
1005002377329430
1005002318929594
1005002297581394
1005002347421283
4000510928352
1005002205426134
32876112906
32882192868
4000912874413
32920529411
1005002125537538
1005002314408292
1005002405317566
32968949202
1535615450
1005002336554001
4001075829859
32985290577
4001331344215
32866546593
4000806125039
4000830664457
1005002052171398
1005002451220082
32828050274
1005002399340448
4001251491840
4001190600237
1005002315241999
33006301078
4001266921337
1005002326438367
4001126789095
4000537974829
1005002329594358
33054920483
32970138761
4001237841647
1005002304019718
32794664764
4000263611519
32916662459
1005002341693431
1005002220385729
32997292823
1005001314715407
1005002295531140
1005002345007524
1005001369151666
33002045878
32762621541
33047360341
4001323105014
1005001275183743
4001278861451
4001307537902
32976401005
1005002273080259
4001056148355
1005001274439834
1005002315277832
4000993663174
1005001632172678
32966767669
1005002235164717
1005002288880602
1005001647810908
1005001527896791
32653491598
1005002130134853
1005002272607873
32855876708
33006172357
4000990757633
1005002329856453
4001186507689
1005002375154268
32943312714
4000878324813
1005001665572614
1005002344660178
1005001692478716
32682378047
4001036575989
1005001905287154
1005001993379765
4001000208621
1005001502452372
1005002396376537
1005002336019556
1005001540628993
4001315995231
1005002318405040
32876243477
1005001872342579
32895732097
1005002412891725
4001107248867
1005001525434649
1005002430367746
1005001876806260
1005001613196028
1005001622235803
32298330632
1005002466245309
4000262120577
4000385535586
1005002435639090
1005001406860412
32961097641
4000166039379
1005002305396558
1005001664225582
4000530405040
4000248231582
1005002257736285
1005002085000387
4000083518924
1005001394133961
4000954848162
1005002406366086
4000211905071
1005002315148843
32929910969
32811216423
4001107108392
1005001726019874
4000389378410
1005001788722498
10000020070368
32667047142
4001314519507
1005002282421517
1005001564715123
33028060881
32847755321
1005001900288656
1005001393998842
1005002292531722
1005001906169091
1005001853816167
1005002096544778
32449310235
32511686044
1005002438339474
33055317825
4001191345848
32904189937
32760689894
1005002268322123
32900910034
1005002478019131
1005001375647418
32991139736
4000990860900
4000419622956
1005002392869054
1005001616082517
4000480739020
32289014097
32537521036
4000124748136
32820984969
1005001865782731
1005001908285137
1005001489406522
1005002318023912
4000138931529
32479464857
32807334556
1005001855801780
1005002252637243
4000525862349
32887067850
1005001776149960
32593227116
4000164451760
1005002254195828
1005002404681881
33007214026
4000996748728
1005002233302559
4000189443460
4000517411327
4000706637495
1005002372339623
4001052370745
32698107996
1005002323737450
1005002288927996
4000287718406
1005001360050710
32847568112
32953892848
1005002316973044
32971123651
1005002270538823
33029522337
4000098920858
1005001942718405
32851603037
4000018953872
33003870441
1005002425954995
1005001953673360
1005001677702710
1005001598511367
1005001699471608
32582543869
1005001927048288
1005002309591303
32827888435
4000796726698
32465834810
33054844047
1005001284390267
32891273082
33045944429
33024668522
4001136374569
4000873645663
33036390355
1005001666275578
4001145198473
32747585485
32952853612
32889511415
4001294093604
32213999814
1005002381963906
1005001510694553
1005002442720603
1005002350801278
1005002286722420
1005001610457429
1005001378090625
1005001900738940
32849848995
32842112829
4000843008420
1005002440330431
1005002318778076
32971831184
4000197296018
4000147920774
32957636321
1005001397100442
32854980835
32791531667
1005002310827541
32672327979
32951260542
4000977474278
1005002428429840
32571707033
1005001814982928
1005001906125521
4000153048293
32609277650
4000067898407
4000625579036
1005001592460721
4000271706622
1005001832020527
1005002050236320
1005001349131016
10000395912024
32986640613
1005001689475122
4000390692164
1005002271932459
4001194016081
1005001650739067
1005001688942671
1005001843194415
1005002387823894
32811030924
4000835319690
1005001515864762
1005001301877288
4001318146128
4001338656580
32955679184
1005001868426564
1005001829766535
4001003394030
1005002347443146
32869931419
4000066959017
32836898603
4001084346935
1005002105500402
4001184180539
4001039162033
1005002314354462
1005002458687854
1005002339507389
1005001376262694
32827593672
32589466323
1005002023294212
1005002199462178
32900839959
32817246849
1005002211838330
1005001501330401
4000729849480
1005001591378226
1005001614625097
32880801383
1005002232900315
4001178958647
1005001701168245
32478061092
4000393587345
1005001731677851
4000127326451
32837111594
1005002067905722
1005002369534308
4001089920929
1005001952484151
1005002390897539
33053028535
32855235092
32813590110
32809147319
33012751144
32796282839
1005002227778191
1005001367609774
4001345863522
4001138100113
1005002290028036
1005002442340263
4000464643339
1005002304307836
4001058650008
32869144957
4000179015009
4000314983941
4000244432342
32889556300
32882689940
1005001658419489
33000934863
1005002366265088
1005001609381527
4001097169726
1005001338585186
4000289171750
32917384135
4000467575026
32850541980
1005002234423169
1005001823957216
4000248871399
4001228975062
32562404220
32962641765
1005002356980793
1005002061610070
1005002180817203
32968626474
4000112150119
1005001437274212
1005002455012377
1005001694255310
1005002388759426
1005002280997660
32574727633
1005001958580021
1005002347206969
1005002309256592
1005001664514677
32826635291
4001216948858
1005001976722833
4000323007666
33052023227
1005002348904626
32827235049
1005002275312712
1005002018809536
1005002467537648
1005002250238604
32798296101
32809724105
33049911063
32993424283
32793479755
1709591835
33060979158
4001230300835
32855079126
1005001726402698
1005002316648355
32739505648
32635690466
1005001391553548
1005001298416909
4001225208632
32959282725
32820729873
1005001652479157
1005001593128874
1005002313492298
1005001295624512
1005002232552221
1005002276501663
32667071190
1005002124324462
1005002449601895
4001228454853
1005002326461466
4000538294865
1005001355590900
1005002319222287
1005001287902742
1005002359853426
1005001920663239
10000058334877
1005002319042880
4001346458597
1005001966797175
32908145098
1005002500004130
32820964658
4000594823638
1005002233344231
32812329303
4001214252504
1005002390879368
1005001749138718
1005002433221371
32954266473
1005002253678172
1005002180398952
1005001822307135
1005002080752632
1005001900774328
1005001961302450
4001290181264
1005002111713551
1005002023971723
4000787161838
4001031452682
32905597191
4000035761982
1005001814395637
1005002441708392
4000044010693
1005002132730908
4000173562096
33008515458
32919791765
1005001469489648
4000690938320
1005001599840827
32241838038
1005001571562670
32953386647
1005002258123238
1005001501467605
32948971830
33033382962
4000375354264
4000947914043
1005002233690610
1005001637878244
1005002068048013
32531373776
1005001511766593
1005002390609683
4001178875749
33053022475
1005002043062249
4000677522848
4000978957297
1005002314313410
32995434004
1005002353539954
1005002310994389
1005001587985066
1005002292202719
1005001530182904
32820625919
1005001315143413
1005002173027246
1005001885331773
1005001352583389
1005002320690645
1005002424680573
33005355291
4000047586276
1005002389060405
1005002253663863
32950054944
32971371677
4001307209956
1005002347040915
1005002310533786
1005001458351766
1005002394097866
1005002166096609
33021445756
33033926611
4001282240760
4000317082180
1005002355829062
1005002374814515
32902248707
1005002267400951
32820724230
4000666193177
1005001982395780
4000792757702
32965756459
1005001346558082
33053664495
1005002384166998
1005001786790619
4000911205253
1005001820580244
1005002275427392
1815902230
1005001581568262
32311697020
32537386841
32852126337
699729857
1005002340480531
32861423890
1005002280773703
1005002376944999
1005002390055822
32502461426
33050600376
32889186315
4000714762582
1005002345318744
4001324180882
4000059161271
4000838132878
32658483580
32920908939
4000230422451
1005002205064854
32988783041
33058047532
32913647065
1005002453231837
32857640138
4001205270871
1005001608518611
1005001707923583
4001244440845
1005002435690663
4000502056870
32992323431
32842408527
1005001393321385
32818420764
1005002426214674
1005001991764631
1005001411621459
4000705577452
4001365424753
1005001606032307
32947243867
1005001698432809
4001065303201
32959555981
32976474910
1005002247682593
32981854514
1005002312125842
1005001888918955
32837661136
1005002247587000