1005001525272894
1005002297041394
1005001285859590
1005002354581417
4000800895633
1005002185177307
1005002423137749
1005002284476993
4000776459223
32970273012
32809762787
32898634440
33006995492
32735650198
1005001364678800
1005002253837000
4000714953431
1005002378602412
32664513049
1005001587730425
1005002424900638
1005002346129138
1005002279224899
1005002389125709
1005002478015557
4001084938225
1005001844546642
1005002382679243
1005001350260366
4000378334922
32966773203
4001262871348
1005002439396685
1005002480306040
1005002417514753
4000760975504
1005002265978307
32338173030
1005002337277736
1005002283783748
1005002475351043
33035691087
32803020934
4001248514121
1005002422066592
1005002231582750
32966153619
1005001419925880
32960061007
32996957438
4000079210022
4001130522903
33015615705
4000466111444
1005002435867790
32990984901
32870278218
4000105822110
1005001889141705
32846045681
32946692836
1005001843165368
1005002329555670
1005002359896481
1005002362756301
1005001451789966
4001297815471
1005002341206289
1005002313271329
1005002394650445
4001131921114
1005002460743244
32888335734
32890984769
32856534005
1005001720867821
32771326544
10000002752085
1005002317799509
32851848852
1005001566791696
4000492904308
1005002335237547
1005002330867344
1005001867644918
32651133898
1005002388523355
32930125570
33007673722
4001082888015
1005001791776078
1005002288831481
4000430169740
1005001873640449
1005002238499530
4000990853680
1005002175522637
1005002337304515
1005001666409616
1005001615758771
4001245322476
1005002490470599
32901896943
1005001996462825
4001066894334
33050146328
32860477514
33026671277
1005001894347730
1005001439693818
4000396327306
1005002322584122
32577154394
4000538663362
1005002276304202
32811585986
32879544499
1005002394787460
1005002309107855
1005002315798491
32832597857
1005002136265638
1005002332680143
4001364110617
1005002027666554
1005002392546922
1005002397750829
4000234763201
32904631868
1005002310521866
4000958902267
1005002425878224
1005002315137520
1005001840467055
1005002276854398
32899777012
1005001511839835
32655342399
32945830418
1005001515895522
32747485523
4001043698674
4000042824283
1005001511642630
32796804695
1005001375202864
33031871118
4000917599373
1005002314415906
1005001780321115
4000050333758
1005002408352841
1005001592982373
4000334235263
1005001345650696
32987490485
4001179165503
32964374539
1005001587674907
1005001955051117
4001042030310
1005002373333264
32610423975
32854756696
4000600441542
1005002055930884
1005002110472069
1005002381150791
32655591261
1005001848666443
1005002475100308
1005002267935577
4001235602708
32982145031
4001154618989
4000709131208
1005002410863615
32747094739
1005002240088089
4000449332503
33012642511
4000257773793
1005002329091112
1005001543388884
1005001809811202
1005002138951748
1005001423127733
4000283260368
32902747718
1005001726345233
1005002122464473
1005002058017662
1005001933351537
4001344986485
32837171920
1005002253201358
33020712090
33002251039
32928353481
32975679647
32956776695
1005001705189448
1005001688025342
32965252103
1005002375596612
1005001699668634
4001228607251
32676668552
1005001469540613
32808087535
1005001441430070
1005002249224075
1005002311014196
32824895799
1005002487608755
32954681172
32948065689
32548212389
33056979311
1005001683849806
4000061389533
32891143940
32669798184
1005002288243137
1005002337361538
1005002283088786
4000406874577
1005001844890898
4000401373120
4001193465706
1005001325118162
4000224240537
32880061426
1005002000184080
1005001354860966
1005002351268556
4000879608084
1005002357311756
1005001703190447
32965594032
1005002282343686
32997640800
4000708866677
1005002317380289
1005001907282039
4000290223859
1005002320501501
1005001407316806
1005001817065817
1005002246638386
4001061872814
1005002269237306
1005002259705513
1005001808457519
1005002448330084
4000675320460
1005001453141191
1005002329130689
4000187429897
1005002330927235
1005002289197187
4000537946161
32882434537
1005001831984834
32852052485
4001244792043
1005002210264169
1005001888304541
4000775062030
1005001511831713
32653901956
1005001291662742
1005002272347616
1005002235294203
1005001516085846
1005001470083448
1005002278186207
1005002233457939
1005001877618578
4001138898115
1005001998594298
4000902779577
4000183476330
32822148489
32827830671
1005002413468081
1005002447024377
1005002238612742
1005002447142802
1005002426279186
4001133194366
4000460383297
1005002301821111
32811382400
1005001656686317
1005002295445361
33014238507
1005002380982706
1005002018538079
1005002261360955
4001251226678
4001225148608
32861291006
32875914710
1005002439477877
32948409226
1005002324639378
1005002033184625
32796328583
1005001859339285
1005002392058782
1005002261249425
1005002447751835
1005002480977534
4000005988309
1005001887687875
32968188654
4000864727627
1005002464110234
32839905234
1005002319260273
1005002252441366
32999403337
32958851619
1005002060536308
33019597653
1005001645837501
1005001713825792
4000845459584
32793095260
32970430067
4001287052098
4001296021233
1005002049909659
32895456270
1005002320799058
4000805054008
32227806991
1005001808571208
1005001670521854
32839993295
4000519690733
1005002233123388
1005002361205300
32901387497
1005001867342291
4000959251374
1005002483986900
1005002282590775
10000136171266
1005001741157157
32786553199
4000197151715
1005001657103022
1005001635125445
1005002395876330
1005001305289758
1005002232376204
4001040185450
4000777477545
4000422810587
4000756417688
4000460211222
1005002375099342
1005001878300290
1005002366473668
32633713918
4000575232245
4000816853783
1005002353935241
1005002352343625
4000954398600
33006941777
4000695888122
32749042023
1005002308923250
1005001873762818
4001280257294
32859151572
1005002061446022
4000220064305
1005001965250635
4000689151535
1005002314410412
4000626635465
1005002065389768
1005001629503421
1005002418654018
32911664254
32886280524
32577201962
685864826
4001143498452
1005001393225085
1005001795438093
32622739196
1005002218870351
1005001656525156
32870017219
4000031443422
1005002396102022
1005002122393917
4001151929007
4000982855787
33039465966
1005002055302882
4001279273865
32994456981
1005001982748646
1005002304946563
1005002417106309
1005002212826082
4000279833611
1005002319327521
1005002482499604
32913399992
1005002317058330
4001062290280
4001301703579
1005001408180683
10000400062007
1005001659264592
33006704226
1005002363349406
1005002337285897
1005002058871934
1005002298472726
1005002392068584
1005002246748399
4001042342529
33013129520
1005002302566037
1005001785773787
1005001582571000
1005002459887418
1005002003696373
1005002370050939
32839929943
32569713699
1005002485290244
1005002206138818
1005002321036266
1005001505904892
1005001728394206
4000099612989
1005002052274053
1005001334995966
1005002328802544
32857157137
33016468802
4000285425152
1005001859383933
1005002410974943
4001058104814
4000285615611
4000694104418
1005002314534409
4001091081885
1005002292148393
32603217321
33005176637
1005002424497742
1005002038190050
32907352648
4000899658289
1005002315388368
32804279393
4000813927897
1005001622786399
1005002056778799
32837557873
4000298327230
4001359460313
32861123739
32573959295
32944372751
4001324368115
1005001367644696
1005002356036518
1005001380942760
1005001511434092
1005001930480370
1005001608356464
1005001563377805
4001197021728
1005002150304082
1005001797134913
32960622926
32672345934
1005001848228427
1005002038422600
32826476126
1005002272625712
1005001958640805
1005001670870749
1005002318896495
1005002321980489
1005002291293330
1005002256000151
1005001888163911
4000159026822
1005002417802774
32975239296
4001227025330
32827477762
1005001576949828
1005001961493457
1005002277615088
1005002324548589
1005002109784867
1005002061965113
1005002478236185
4000922976442
1005002284789141
4000515422417
1005001780744012
1005002133336969
4000091693984
33009297807
32896452388
1005002038935496
1005002500153321
1005002287729535
33039607435
4001132176682
1005001797633557
32861794368
1005001982846783
1005002035861209
1005001703990914
32879672400
32885512170
4000684589224
32979049837
4000661120601
33056726395
4000857247735
4001083151954
1005002357305152
33032995191
1005002293307931
33053285740
1005001768193774
32967523719
1005001834362331
1005002267776270
32637759253
4001270737938
1005001998053904
1005001971002802
32913699461
1005002491834264
32934455663
1005002359292405
1005002172556943
4000063976447
32908345421
4001228658520
1005002016568765
1005002277737630
1005002276582803
1005002292061268
32791462168
1005002443596767
1005002190937415
10000354383479
32705177780
1005002122070799
1005001804080858
1005001677316644
32909201313
1005002015468273
1005001979189482
1005002318821163
1005001594461641
1005002341032645
4000109553069
33042519912
4001233036423
4000761639501
1005002119153836
1005002314052556
32999482381
32854442794
32700501225
1005002435939141
1005002190905980
32947982292
1005002313467043
4000265796397
1005002496646263
1005002450540619
4000381016820
32792643842
32959542180
1005002447868580
32316293247
4001190861034
4000218183806
32866452887
1005002443285684
1005002293891094
32919495879
1005001792110473
1005001530665480
4001272487743
1005001782743235
33035689837
1005002399388885
4000224565622
4001064249577
1005002269378111
4001094404938
4000317022063
1005002186891232
4001115534704
4001160419748
1005002347884716
1005002004947728
1005001815474266
32796563665
1005002478055236
1005002055418097
1005002279293703
32461725646
1005001576337968
1005001664863279
32997493226
1005002369286158
4000414978169
1005001352637094
1005001781266220
4000019968865
1005001989609499
1005002390920130
1005002260460390
4001064892012
1005002274043958
1005002346693936
1005001975579284
4000071512589
1005001471372807
1005002294658157
1005002307433125
1005001367835177
1005002233196084
1005001614157611
4001134177546
32697289477
4000449540280
33062231297
1005001819281278
1005001634720454
1005002496536011
4000324413637
1005001466669316
1005002245824936
33027262489
1005001386227484
32956197081
1005002396490478
4000780435634
1005002328075466
33010050476
4001151910092
1005002467331622
32833274086
4000918443567
4001089436894
1005001886152620
1005001950351737
1005002423428146
4000452212419
4001035763344
32848448284
1005002314311511
4001275445695
1005002394116865
4000888629962
32889136392
4000543969586
4000792979366
4000742995934
1005002324053693
4000842635778
32951043386
1005001620605325
4000099510978
1005001620555367
1005001313184756
4000114237329
10000122695447
32899650164
33037630407
32949150452
1005002185736941
32964525572
32819851604
1005002217939817
32702063274
32890947289
1005001671926466
1005001527165625
4000296653088
32820166294
1005002496169922
4000972594765
4000570439336
32961674228
1005002424781831
4001293959760
1005002375195052
1005002428028926
1005001927529351
32918785140
1005001777488110
33012019000
4001300334067
1005002370680085
1005001626662123
10000352811308
1000007961931
32968349062
33029838971
32954862718
1005001754142726
4001166607714
4000194796926
1005002313460449
1005001877787162
4001111348293
4001054274278
1005001470752405
32968937912
4001314500403
4001100521021
32990248184
1005001807241699
1005002314537568
752967076
32865587112
33029987560
4000532389827
1005002307384828
1005002305878497
1005002289210742
1005002306227675
1005001599953212
1005002297090812
32617606007
1005002412309604
1005002387829955
4000855728073
1005002336851307
1005002436178149
1005002443658591
32844242452
1005001754202253
1005001396947491
32974157153
32981124140
4001161682807
4000546541799
4001214234546
1005002345011178
4001278872222
1005002340574723
33044590350
32876993815
32702127274
4000777467840
1005002292192429
32920554486
1005002375149946
4001077750344
4000202980201
1005001441075558
1005002398376186
1005001607343806
1005001971398826
1005001615707946
1005002234600079
1005001398729894
32822180831
33032587109
1005002400798905
4000760365741
1005002022760617
4000106290106
1005001780021792
1005002242064204
4000310058310
1005001531821171
1005002350715342
1005001621924895
32856006527
1005002290215352
33054077962
4000754905862
1005001940652963
1005002420791168
1005001997332746
1005002334786812
4000841839424
1005001989041974
1005002285941393
4001128534429
1005001526146885
1005002110786186
32919179171
4001085356619
1005002059804697
1005002124168904
1005002050431232
1005002383233141
1005001884054797
1005002234765001
1005002249959084
1005002318100746
4000751520375
1005001692992082
1005002246295009
1005001705613423
1005002053822499
1005002448690662
32844017292
1005001929250335
1005002424680874
1005002315340789
33040966799
4000967805158
4000830045361
32837901142
4001217632369
32912422013
32918276675
33013477734
1005002303831403
32788680505
1005002492510395
32973226056
1005002328578243
32742590541
4000101297781
1005002426247922
1005002157203948
4000251615256
4000499828898
32927438264
33054073149
4000170226561
1005001727222593
32977755555
1005002224141214
32970738355
1005002382388344
32690054473
1005001659253192
1005002281992062
32787073529
4001195225341
1005001332376919
4001360005370
1005001769702733
1005001852215808
32953923107
1005001466376760
4000300509869
32822995726
4001321243242
1005002439216037
1005002315962052
4001339213754
32999709032
1005001336100003
1005002297533193
4000088464162
1005002329636294
1005002166685549
1005002236487499
1005002015635968
32955020377
4001230159444
1005002401190422
10000270178264
4001194569036
32972612758
1005002490443014
32907947207
32980200579
32914303907
1005002281312214
32516704801
1005002376063383
4001114475607
1005002412745496
1005001618963995
33017538075
1005001511290327
1005001323144178
4001173319305
1005002324863878
1005002460276163
1005002363362897
4000945168836
33006929441
1005002384563463
1005002265236176
1005002399879230
32990205703
4000854670810
4000241528031
1005002400924259
1005001987646094
4001217914615
1005002391166559
1005002197761855
1005002248831126
1005002320572221
1005001746794642
33039131802
1005001837275951
32983834359
1005002276128979
32923221874
4000228733626
4000923294932
32863924973
32830604722
32905028012
1005002048760319
4000822733315
32690602932
32994962840
4000085370588
32829665124
1005002383378284
1005001680654602
1005002205351257
32793609179
33006200317
1005001842863571
4000029220762
1005001316184105
1005001736726452
1005001656784814
1005001625676819
1005002308670257
4000109182404
1005002320579841
1005002298591850
32950460573
32969387096
1005002026839189
1005002240612659
4000257503802
1005002419658275
4000891214381
4000983855792
4000978990593
1005002260329241
4000708940070
4000981522023
4000875659398
1005002168769255
4001249845761
4001270436360
1005002449224649
4000556572856
4001062946360
32997521732
1005002326335245
33009989946
4000925517877
4000055363202
1005002267376682
1005002157644764
4001178547338
4000634130382
4001249854105
32864598771
1005001339420801
32581044808
1005001656274736
1005002234332965
1005001939952753
32559266178
1005002359440968
32763512450
1005001711498592
4000400432807
1005002293238753
32869902829
1005002314337101
4000423968308
1005002333141959
1005002433364740
1005002305055273
1005002099208900
1005001881854633