32823435242
32866145377
4000690551858
1005001872403558
1005002072420620
1005001485257995
1005002093799144
4000816717236
4000837529285
32602460676
4001219329400
1005002401207040
33027517652
4000443834553
4000409988126
4000073633013
33033523465
32858909663
32959494352
1005002199112388
1005001979957936
1000005505570
4000205332291
1005002363232771
1005002259901425
1005002315574509
4000895226615
4000849849599
32919211421
32983252031
4000925921347
4000542063406
1005001287587488
32848812942
1005001439149234
1005002315800647
32856084210
32556403889
1005002454228497
4000906344016
33016094212
32953842230
1005002323521796
1005002244196195
1005002418396728
4000165233434
1005002214984470
1005001543459703
32964527176
4001340183137
1005002329817348
1005002261255197
33046845240
32772539938
4001335552857
1005002476362302
32812446953
1005002094936805
1005002328377660
1005001686168434
1005002434554323
32859198443
1005001969041274
33019152808
32481509795
4001236203517
1005001264678302
4001145486052
1005001439019985
4000802114075
4000247622567
1005002290119579
1005002391000593
1005002107215150
1005001906062670
1005001803021202
1005001430677052
1005002248130549
4001272627998
32830383884
1005001680645074
1005002372636281
1005001678950359
1005002309560339
1005001960842547
4001333467668
4001131671199
1005002377643053
1005002348459969
4001247623157
4000660416575
1005002316253363
32933897592
1005002323315254
1005001624722359
1005002461141691
1005001483420759
1005002406788932
1005002338912765
4000261978072
1005002489884836
4000784085298
1005001808408544
1005002119852939
4000327499130
4000964282583
1005002063551581
1005001771462162
1005002254054268
1005002316669952
1005001685337215
1005001566258782
1005002113147043
32981624405
1005001621699864
1005001346142900
1005002328419015
32869271213
1005002064182036
1005001404925961
1005002387802314
1005001742684080
4000052101919
4000466190358
32655862588
32680712063
4000791554837
32905838144
1005001906723442
1005002350171615
4000380637715
1005001907257218
4000609565651
1005002465608910
1005001933823401
1005002286723314
1005002491828942
32853185884
1005001295696363
32814766331
1005002292246940
1005002229686869
1005001397248189
33011379086
4000641914930
4000198737359
4001291605394
4001013821568
1005002289010327
4001059690165
1005002259176158
1005002304313785
1005002396696706
1005002396575046
1005002055648256
1005001708649728
1005002376579590
4000510644367
1005002278340983
1005001849039262
1005002284553818
32973581924
4001150679768
32970676935
1005001664640286
32421133749
1005001901862125
32962031072
4000378688862
4000139598679
32920545913
1005002321078330
1005002448017315
4001252631483
1005002333418335
1005002351152556
1005002279089059
4001244554191
1005001602402549
1005001781236890
32809478931
1005002277867753
1005002428296279
1005002375451878
32909040641
4001286566762
1005002147901183
10000062861022
32773223845
33016741464
4000499189649
1005002297281151
4001290581869
32839149103
32973509595
1005002338813572
1005002251650748
1005002413398227
4000178282464
1005002282206676
32945948807
32980069044
4000704693983
1005002258851472
32961915236
32809123148
1005002226987485
1005001545069923
1005001997335649
1005002256109274
4000049046245
33030449732
4000627068671
1005002287356983
32901301142
1005002369067427
1005002167138476
1005001583241067
4000858987630
4000934972851
1005001692407710
1005002467535624
1005001804602752
4000768538796
1005001570517943
4000538441047
32855217188
4000182411137
1005001607748176
32708245238
33022732575
1005002453279920
1005001438894259
1005002281788841
1005002322388014
1005001626644810
1005002266090649
4000792985705
32943234571
1005001314919838
1005002350736204
1005001423175334
33051590647
4001317765115
4000987725238
4001171496279
1005002436083941
1005002268862576
1005001803585212
1005001824242337
1005002367700525
4000351234573
4001122603408
1005001716716449
1005002317596470
1005002419116754
1005001940217431
4000934193638
1005002432569982
1005002328348148
4001201740789
33031120946
1005002286808500
1005002456878305
4000984276094
1005002467595775
1005002426798712
1005001645150696
1005001820374651
1005002260509550
1005002443480841
1005001652977256
1005001927713348
4000980196996
1005001887850166
4000325632475
1005002305653500
1005002001455860
1005001834378955
1005001897191982
32880273753
1005002397703888
4001149270449
1005002180560190
1005002279230711
1005001340182534
33031600763
1005001723878625
4000414813128
4001271984745
1005002398801484
1005001579966789
4001155610340
1005002477026859
1005002470834704
1005001397110176
1005001963001497
32658752860
1005002133830047
4000231767355
1005002413385655
1005002293768916
32783324478
1005001738529272
1005002434749883
1005002413129511
4000696521149
1005002297571678
1005002430626200
1005001573816427
4000597781552
4000997923950
1005002387032054
1005001899597881
1005001465490214
4000615702939
32859375390
1005001325446798
4000071437904
1005001506333776
1005001495631100
32988764354
1005002329571694
1005002322997010
1005002329794142
1005002419795219
1005001584897329
33021358876
32749624148
1005001470457570
1005002259642149
1005002070059341
4000269883434
1005002488598653
4000558528498
33027483913
1005002280695104
4001025191632
4001328721846
32890175815
1005002065443226
1005001703392816
32961976135
1005001880698019
1005001834714217
4000087675320
32907263531
32739742254
4001365542717
1005002320201915
32720658428
1005002167483320
2051843083
1005002468538489
4000896631355
4000727362459
32789118474
4000497166545
4000260134100
1005002438419895
1005002290916739
1005002400872541
4000253459014
4001253621658
1005001703593646
1005001502490559
4000168879644
32790928920
1005002383212007
1005002273194198
32349366735
1005001682718232
1005001792736152
1005002427757874
1005002275705092
32894603304
4001315255069
1005002340888828
1005002315961812
32995877737
1005002461606607
32962084105
1005001345090296
1005002340798704
4001289069158
33009819458
1005001632662542
1005002397702949
1005001375993054
1005002298082464
1005001278530664
1005001843475111
1005002281116252
1005002377657170
4001326606514
4000088055072
4001215438074
32979560225
1005002301413083
4001272456480
1005002454353716
1005002466129502
1005001871369460
1005001757487082
1005002381187402
32950634834
33013841515
1005002361573471
4001104661764
1005002500254817
4000608292279
1005002271941583
1005001365853898
4000288196092
1005002378066794
32867217879
32640941585
32704834516
1005002068471104
32784555222
1005001339176310
4000743533485
1005002225308151
4000537933466
1005002433559418
1005001848554874
1005001299207881
1005002313609988
1005001570400652
4001359962136
32866757880
1005001566978644
1005002385338136
4000937379083
1005002352511672
32972836712
4001022881266
1005002261983941
33060587123
4000016023259
1005002205252995
1005002489641953
1005002315501641
1005002316183800
4000580270734
1005002330495503
1005001696100710
4000226840269
32981746234
1005002306134197
1005002347222837
32904438602
32981223368
4000431571175
4000039239850
1005001310903767
1005002412793777
1005001824250537
1005002106150006
32916158321
1005002467740147
4000740895609
1005001989284380
1005002252007285
32894946949
4001289852797
32825844650
1005001430274814
1005002024657028
1005002364256106
4000614497176
4000235039832
1005002499295536
4000215203649
1005001302234087
4000817164579
32922912141
1005002373129627
4000800165394
1005002276701094
4001190465217
1005001373234584
4001228598363
1005001699363056
1005002377044338
32972982358
32712770004
1005002258772569
4000083742822
1005001591189269
1005001682414641
4000107247670
1005002288370129
32840632034
1005002260591023
1005002004709764
4001017620139
1005001547604347
32775114402
1005002320242696
1005002055658340
32829402556
4000535186617
32803746439
4000701411216
1005001304802180
1005001682643840
33048988041
1005001303942964
1005002289716111
4001137396436
32772691603
4001052828146
1005002329217426
1005002253676387
4001062041054
1005002353317978
4000479722866
1005001716599722
4001094160222
1005001629523748
4001020975369
4000203391036
1005001561218296
32930973272
4000210076751
1005001429632472
1005002368185921
4001356050453
4000761134609
32985903964
1005002085951359
33012280645
33038109707
4000981997991
4000946019144
32848448521
1005002352813132
1005001977952877
1005002459544257
1005002369640275
1005001699543933
1005002231680618
1005002382473940
1005001883009300
1005001997097650
32888580487
32892674246
4001237556197
1005002303856895
1005002395487534
32905482699
1005002055284897
4000876875253
1005001901170002
1005002365188914
2050451164
1005002044821086
32860174231
4000001660604
32840703953
4000666080715
33041854922
32822507473
1005001687864471
1005001579361143
4000850462412
1005002248793173
1005001355082416
1005001521127256
1005002428651444
1005002351312422
1005002254065672
32977170655
1005002362658308
1005001908005848
1005001984744460
1005001570405603
1005002487333307
32851007424
1005002353851057
32996518172
32963699250
32709084297
32445184443
1005001914436625
1005002309238725
1005001338808606
1005001269732456
1005001737419466
1005002221559697
1005001698815205
32807802863
32926719735
1005002421501746
33058294086
1005001829908176
1005002321616335
32964606188
32959496139
1005001465121618
4001031011929
1005001953142169
4000771141438
1005002342187118
33014452121
1005002382711772
1005002260278645
1005002443135310
32833879473
1005001897256291
794561588
32934929346
1005001707846897
32983265052
1005001968581923
1005002089370690
1005002369558480
1005001484499323
1005002166528717
4000554784596
1005002335042086
4000166690835
1005002354466850
1005002357290216
1005002235212138
914790827
1005002333623905
1005002258595385
32991949433
4000228573017
1005002469286427
1005001642858186
1005002370428447
1005001406897034
1005001388211108
1005002281814617
1005001586724965
4000704407242
32326619390
1005002181310685
1005001501457198
4001340942063
4000366294348
32580740630
4001217800856
33005557059
4000743009585
32965574438
1005002336522705
32858833468
4001035495063
33012735097
4001233681029
32247316968
1005002467691701
4001220738256
1005001645854105
32983246100
1005002279030568
4001242475374
4001057686351
1005002460308488
32916135963
4001219621225
1005002475538730
1005002304379241
1005001529895326
4000356025163
33013819708
1005001763234984
1005002371643432
1005001762111351
10000165880707
4000863363889
32910279530
1005002010670720
4001172276639
32787987459
1005002317151505
1005001796972925
1005001526213861
1005002310363568
32899207374
1005002358008891
1005002027602923
1005001523689402
32969026652
1005002066255531
1005001942174090
1005002362273695
1005001394095357
1005002312066297
33034837796
10000312620826
32970223327
32976958759
32917150887
1005002316011947
1005002362856710
4000706680388
4001316527062
1005001869223406
1005001873735578
4000945247439
32790970673
1005002398907507
4000305398497
4001338064496
4001233404673
4000283839394
1005002301264196
1005002275866970
1005002274267027
1005002438861308
1005002269274572
32917474922
1005002240089605
33056691921
32959911550
32272418226
1005001850403883
4001199169059
1005002314324106
4001044892913
4001245339411
1005002146510590
32999987714
32848190057
1005001659740082
1005002232641901
1005002313877962
1005002205484126
1005002392596907
4000571261320
33041017657
1005002130908734
1005002461878102
4001278069094
4001291669706
1005001553281674
32865653907
1005001714973221
1005002398899013
1005002049122664
1005002260100076
32973317318
1005002399293598
1005002045725892
32893530766
1005002490786585
1005002218102571
4001317072230
33010651513
4000989640543
32721163686
32699976682
4000863146881
32889987732
1005001607488108
4001360956598
4001262429456
4000424394467
33059158536
32947083608
1005001890680604
1005001366287113
1005001460058839
4001228615158
33025760080
4001196861104
1005001736593697
4000679809712
4000811654517
32627741571
4001062562405
1005002242697310
1005002272369590
1005002417253633
1005002284319844
1005002328089480
32896801727
32973926076
4001358586586
1005002336579239
1005001580004081
1005002273485923
33006961763
1005002289036714
1005002494987013
32915667561
33002486242
1005001402406657
1005002316115093
10000328754283
4001031399570
1005002162576272
4000106441023
1005002467202278
1005002338107052
1005001531797466
1005001849598331
32825726799
1005002325076017
4001267543127
1005001429012304
1005002064079800
32861087447
4001241412967
1005002294806823
32613234240
32844964713
32804516762
4001232072896
4001212564982
32976297817
1005002319062684
1005002312120255
1005002219144061
1005002429703997
4000411427284
32912302407
1005002314370538
32949251095
1005001522155794
1005002288999396
1005002223780855
4001290897804
4001248426886
1005002206181210
32979707130
32615143914
32925741241
1005001727284068
1005001679169683
32910627647
1005001729196610
4000181395835
1005002115437717
1005001502454440
1005002051159684
1005002182317537
1005002475619081
4001288314554
33047148760
32933322871
32251629560
1005002376267408
32856026318
1005001333596141
4001178653195
33001409317
1005001477952347
32918817629
1005002396493141
32803770262
1005001352443002
32918068185
1005002089804501
4000018342264
4000410302353
1005001610329468
4000039372820
1005001516080358
4000602745681
1005002335076131
1005002224581280
1005002353414266
32947422225
4000036231664
4001251152568
1005001355934884
32976443729
1005002052183168
32973287661
1005002198812252
1005002310996364
4001039450014
32989358561
1005002438781990
1005002314303772
1005002069600841
1005002475558571
32912888373
1005001639607129
1005002050737192
4000947169865
1005001518442056
32853674659
1005002322072792
32818723875
1005002345156297
4000564652115
4001282586037
1005002398895259
4000777749750
4000291916926
1005001441325505
33024455179
4000412059833
32997352605
4000719381427
1005001369136400
1005002273068375
4000600408987
1005002360257246
1005002376462568
33048966671
1005002408226559
32939137003
32889432170
1005002315345875
1005002345155684
32858857925
1005002392969488
32610487193
4000657140577
32734819335
4001146879069
4001176090728
33058559700
1005002252975132
4001166083973
33058473563
33022617828
1005002171907337
32571153895
4000955000568
1005002310909779
4000101670580
4001060732337
32869124497
1005002219418095
4000782298439
1005002367734649
32973443933
1005001381273283
4001035353301
1005001510981162
1005002120204786
1005002109866882
4001062390417
1005001990097144
1005002470984667
1005002454663327
1005001656948885
1005002389836463
4001021615176
32782685729
1005001849017245
32902671626
1005002314501046
33025989429
4000496938433
4001210073672
1005002289382096
1005002305265874
1005001645464499
1005002241835023
1005001922957842
1005002327310027
1005002334979088
4000479964439
1358017091
4000239234728
1005001408113572
32766071445
1005001823301655
32823688831
1005002418807268
32832768643
33055318175
1005002356436950
1005001976651295
1005001568691786
33021884343
32999015722
33058021529
10000032773896
1005002021932512
1005002295102461
1005001914678720
32816975869
1005002265224952
32900423342
1005002429007256
32911399219
32854922060
4000543469739
1005001481851392
1005002254529434
32972130500
1005002395475344
1005002317594964
1005002277636394
1005002394184575
33024243140
1005002398915557
4000176146032
4000480849560