4000273961358
4001326399988
4000260503533
4001053934642
32793575698
1005002244393396
4000047354124
1005001525510034
32647895164
1005002358356512
1005002206535755
1005001830378987
32639458141
1005002409687556
33013225387
1005002434049993
4001192046031
1005001462717410
1005002326317360
32655501319
1005001867324498
32775727806
1005002368012308
4001178351469
1005002281752329
32950485839
1005002208227447
33021256541
4000048144778
1005002322968707
1005002162793567
1005002321520336
1005002136327743
1005002232110348
33064043085
4000137623487
32853135743
1005002441833755
1005002389307887
1005002358238242
1979362478
32824321429
1005001954138909
1005001393290409
32862137344
1005001314947502
1005001506690824
1005002235082447
32856634100
4001242691704
4001347362668
10000323335855
4001145188406
32719954660
1005002133971993
33031867398
32866408856
1005002468971753
1005002233736707
1005002267880504
32911190719
32587134060
1005002384499896
32762246575
32791549702
4001122670035
1005001571543941
1005001867952434
1005002398588545
1005002310945530
33031345485
1005002483444432
10000136718070
1005002355807461
1005002488396736
4001349914549
1578845715
4000868971231
4001221939240
1005002274063062
1005002226225101
1005002326955326
4000910306318
4000196274829
1005001727620051
33010115390
1005002211584229
32984127639
1005001665372015
4000955816463
32967096027
1005002185499428
10000024922390
1005001703433343
4000595784742
1005002383763257
1005001985896347
32826611941
32777831202
1005002246250139
1005001776468763
1005002115520189
4000317402846
4000987075947
32949731287
32866773238
1005002435134183
1005001524207479
1005002024699807
4000195262343
1005002400329831
1005002243555710
1005001936052118
4000879815204
1005002446579346
1005002434782353
1005002301150569
4000041836141
4000401884593
32947598805
32967397548
4000310392475
1005001648626880
4000320399834
4000544744146
4001062144358
32463884389
32969124930
32615294448
32785851278
32971414006
32983747008
1005002228396199
1005002258607054
1005002314042074
1005002354868890
4000334955517
1005002322663888
1005001446771052
4001037127504
1005001877548959
32881564166
4000459507040
4000679526455
4001084660119
1005002443678612
32814137920
1005002289951413
1005002095516756
1005002375617072
1005001978526157
1005001490194170
1005002313081532
1005001966488591
4000271310166
1005002454920704
1005001941616751
1005002120992341
32842982821
1005001769228396
1005001965573106
4000171704839
1005002324131247
1005002361741243
1005002367539262
1005002371965016
1005002213882982
4000813673603
1005001520712313
32857390001
1005002294669465
1005001689404491
32959274769
32874382460
32970969766
4001075272702
1005002438682673
1005002001776439
1005001590454697
1005002268397166
32915599303
1005002331342405
32829943894
1005001699770195
1005002029184146
33029511181
4000842593617
32900443094
4000286201523
1005002448435875
1005001580334684
1005002389499788
1005002413621536
1005002279121307
1005001414502818
1005001659265304
32953922470
4001333894743
1005002168258311
1005001727377292
1005002193133539
32727031524
1005002310420583
1005001927579961
32671183580
1005002345778070
1005002335191223
4000252440222
1005002292242115
1005002206553148
1005001508013202
1005001326156655
4001364250037
4000828812927
32982354256
1005001757005237
1005001681660495
32604725893
1005002220737982
1005002038693032
1005002350638943
1005001792757118
1005002254799547
4001149214644
1005001379287212
1005002325231698
1005001626277202
4001149899206
32923906545
1005002311353554
1005001966431689
33053819243
1005002480771000
4000917362870
32320115120
1000006305717
1005001615131294
1005001962634646
32777513594
1005002288452957
1005001505804346
4001048332068
4000857173528
1005002238007863
1005001469873764
32821258834
1005002482915434
1005001791904975
32810176162
1005002370497534
4000247091676
10000012610501
32949502160
1005001439150521
4001341357945
33006435404
1005001672170926
1005001584767679
1005001823947271
33058402790
1005002288854893
4001038992767
1005002193703014
1005002364067558
1005002006956384
32668227516
1005002462498228
32526365776
4000141827891
1005001567146314
1832467151
4000435622192
4000759830805
1005002205603677
4001223676508
1005001385468059
1005001591907877
4001349888748
32820572340
33059908755
1005002400968154
4000538159131
1005001671115351
1005001882523962
1005002193217628
10000395961047
1005002416166497
32696162750
1005002351639646
1005002306836920
1005002086338853
32958111241
1005001488107136
1005002120309935
1005002211522627
1005002262582268
4000842624718
1005002499235907
1005001784364791
4001157589411
1005002362423051
1005002167914773
32828564436
4000797746845
10000183845041
1005002345004539
1005002311580439
1005002314367351
1005002170709617
32964782867
4001179151439
1005001934512668
1005001456064446
4001221797483
1005002314318692
1005001375696592
1005002269213046
1005001538487313
1005001860076893
32707705556
1005002239373550
1005001582683967
4000918175622
1005001670952079
1005001645433846
33050158783
1005001929416145
32956415195
1005001506947472
4000908633583
32931497309
1005001864360402
32662377933
33028577134
1005002253590600
4001215352166
32970207726
1005001743618386
4001349895242
1005002198833955
4000074760637
4001057824195
4000496756695
1005002292370221
1005002313746707
1005001989005792
1005002426353425
1005002247505127
1005002253751689
32836140471
32236820781
4000659795160
32423068189
1005002173092017
4000511709545
4001277888272
1005001843307819
1005001759334762
1005001393201050
1005001296403376
4001199384402
32563772493
908039851
1005001423536885
32817584786
1005002357015742
32890242831
4000566973994
1005001393167647
4000546570613
4000379225549
1005002167881702
32625599196
1005001793041472
4000502257597
33034221430
1005002294737501
1005002346864783
1005001698788822
1005001616284806
1005002275499980
1005002363396482
32555142319
4001234863089
1005002015652043
32704876731
4001167597272
1005001651475530
1005001656769920
4000511791727
4001038341805
1005001926003862
1005002492377052
1005002306165450
1005002431930632
1005002458815860
1005002318812694
10000374251518
1005001310288438
1005002083801951
1320727863
4001156824442
1005002249276047
32796569340
1005002477050321
4000097895603
4000801016812
1005002448562582
4001208471445
4000053998469
33030793064
1005002081738406
1005002441249938
32976236873
32862677780
4001127829151
1005001860727936
32985195127
1005002023466194
1005002329022393
32529698925
1005002122532335
1005002342656970
1005002476727945
1005001405417886
1005002336945436
1005001495865308
4001304829001
4001242170604
1005002465655206
1005002339918459
32903869859
1005002389560722
32949339807
1005001697705002
4001247806762
1005002253695472
32822010617
1005001880401328
1005001672507586
4001216923568
1005001633256511
32908572643
1005001367744333
1005001830562474
4000874416419
1005002295282116
32948108363
4000925739933
32819784412
32849245536
1005002413225721
1005002094452512
1005002317051521
1005002481009819
32847000137
1005001364968805
32917845495
1005001326129618
4000740328515
4000761768119
1005002357204135
32577939973
1005001270733746
4001275740145
1005002043507986
32972854173
1005002388888087
1005002254823755
1005002232980887
1005001732449428
4001041087317
32972941318
1005002015406172
1005002222704749
1005001621427874
1005002378345499
1005002337329647
4000926385552
1005002357540902
33012945972
1005002267439515
4001283257845
4000178284009
1005001617004320
1005001664402356
32862863495
1005001424371479
4001270920443
4000097072869
1005002459991480
1005002377695841
1005001671003669
32845152836
1005002383864455
32902483785
4000481872522
4000891533258
4001360712029
1005002490556321
32902134948
1005002387403890
1005001844180041
1005002298524828
4000198347167
1005002213270658
1005002398964855
1005002352715771
1005002017276110
32889063525
4001240069253
1005002367430400
32807546594
1005001675377537
32991119137
4000199276560
32950682170
1005002268910969
32976763691
1005002388277101
1005002233768844
1005001633244274
32857677847
1005001405321503
1005002255135055
32886706774
1005001273198939
4000695346402
1005002313950560
1005002418989734
4000064513859
1005001410892889
32835755015
4001305187321
32804334237
32832355337
32976213420
4001270458663
32800887281
33006062343
1005001972664240
1005001855347769
1005002314297520
1005002212125209
1005002301838944
1005002312345642
1005002238367177
32945076805
1005002388371387
1005002301634443
1005002310732975
4000206131769
4001233706936
4000099092128
1005001752193875
1005002425442312
4001340199204
4000842671418
1005001512702700
1005002307070927
32952646863
1005002322782317
1005002314229634
32867292525
4000772472561
1005002308810726
1005001980008558
1005001638568159
1005002483275435
33057524560
1005002225059639
32616129796
1005002167081410
32926949739
4000843249327
4001360449854
33055492796
1005002454023538
32517188786
1005002027923240
1005001587298140
4001040745059
1005002312478599
1005001785065609
1005001860096180
32905898684
32968690971
1005002309133063
1005002397981823
1005001763388697
1005001567322699
1005001976144400
1005001884677433
1005002206099812
1005002396480007
33048491812
4000811637336
32978040107
32719450630
33048573214
4001167631849
1005001419049234
1005002417749366
1005001722207745
4000967500870
4000956198413
1005002383557334
32963109018
1005002417262272
1005001882440386
32698130991
1005002011206898
1005002334317275
1005002357359238
1005002295144881
1005002313703297
1005002124357060
1005002465507122
32849269023
32956122279
1005002362653010
33039977313
32844535096
1005002427001948
32855816900
4000133236769
1005001619562405
32706570770
4000956045392
1005002407066130
4000816417098
1005001933060957
32708586829
1005002171734906
1005001706192163
1005001778956139
32916055005
1005001325321773
4001114458214
4000917734358
4000552056038
33000942532
32960239302
1005002205044118
1005002420554533
1005002475791840
1005002480631246
1005002435758748
1005002460489307
1005002492151536
487201566
1005001799162432
1005002467105043
32950469704
4000627029555
4001132851408
4001129391059
32916602292
4000403630545
4000906831240
33042303933
32820707745
1005002454211861
4001155877715
33011220477
1005001310752155
32854259965
33033618247
1005002468378231
32915169788
1005002155896735
32973536200
1005001424975642
32917683369
1005002245530469
32830780515
1005002314426139
32702219482
32849913440
1005002047251637
1005002321618843
4000829878690
4000261944487
32904094950
1005001855531957
1005002387069102
1005001729089308
32994400930
1005002357591594
4000706646336
32882109965
1005001854024940
32829174418
32840755604
33010073171
32973424738
1673562595
1005002344269579
1005001842743998
1005002212023802
4001108596916
4000767423689
4000102732045
4000838148268
4000478116238
32875895421
32905263833
1005001652067230
4001270365867
1005002247092015
4001234009699
32956534615
4001302998009
1005001853456614
4000070068898
32831689358
1005002250461530
32848680308
4001275610329
1005001388248591
32960211925
1005002398976731
32969743547
33058292991
1005001918683801
1005002341756894
1005002123875640
33027661952
1005001858325828
4000654168567
1005002316315875
1005001920734289
1005002324087324
1005002220195463
4000622565681
1005002389628460
1005002334233602
4001228603740
1005001756135929
1005002409849674
1005001817984341
32589714761
1005001732120175
1005002259383789
1005002277112065
32535621106
32792253285
4000595801540
32904720709
33014101141
1005001515463104
33005093398
1005002318310405
4001156089772
33049618420
1005002238542319
1005001889711969
1005002336635787
4001162286106
1005001605039737
32987473948
4000739514512
1005002253078369
1005001557082277
1005001621196243
1005001854158855
1005002221385298
32873848514
1005001711927560
1005002435960468
1005002167084257
1005002370568961
32955970146
32685278255
1005002495057666
32215323372
1005002180066638
32947984005
4000034810956
33033165485
4001034988809
4001139563523
4000991135454
1336415872
1005002091699607
4001282486972
1005002327339760
32719994124
4000295483536
1005002382101369
1005001980234318
4000080677937
1005002433330487
4000389467626
32917563921
32959478405
4001021882657
1005002484295261
32959262244
1005002243804592
4000335530994
32725474050
1005001694260925
32882157499
1005002281301497
4001171075825
1005002346176218
1005001761536699
32705474672
4000156656968
32932942291
33022038096
1005002450445860
33062107221
32990252341
10000397731925
4000212934103
4000061897145
1480145821
4000817274826
1005002340187793
32865238230
33030601929
1005002259519616
4001274173987
1005001811824760
32648787903
1005001438586988
1005002248121418
32961845183
1005002194073840
32867663971
1005002325671854
1005002273523094
1005002264734288
4001162267384
1005002417144779
32886872255
1005002383061856
1005002342315959
4001174414990
1005002288643739
1005002411639129
1005002458980807
4000107461508
32952997712
32266965171
32757165434
32967541593
32792134678
32939986458
1005001876827161
1005002317361777
1005001420924357
4001158651896
1005002435142162
4001242615161
1005002081942143
1005001289476401
32896170229
1005001475384491
4001062686301
4001247800939
32857182724
1005002268698528
1005001989238855
32909423704
32945241981
4001167610207
1005001309929126
4001218893567
1005002082625380
32887367026
4000800847646
1005001582660941
32783107804
4001134617032
4000701231274
32996522420
4000813624160
1005002386963785
1005002396728462
1005001540069374
1005001671039609
1005001974952556
1005002255589311
32893011361
1005001815693525
32826363609
1005001941868914
32824599824
4000392776736
32819929770
32788034675
32994580950
4000865442712
1005001379457254
32888593256
4001008785308
1005001618157422
4001282449480
1005002280520868
1005002012173916
1005001784259771
1005002336187054
4001237390904
32869803105
32908937494
1005002318295286
1005001329740928
32983382697
1005001989289003
4000824031359
4000298545184
1005002270300991
32824401287
1005001704460789
10000395948080
4000990411410
32966347658
1005002212563126
1005002497242818
4001203305159
4000170978605
32922582681
33004158312
32866171967
32917516222
1005002192566239
4000110431461
1005001631422086
33003074270
1005002051847134
1005001355414778
1005002392807506
1005001670697288
1005002302404354
1005002265915213
1005001456425982
1005002074891853
33027816645
32824099047
1005002249304138
4000464160491
4000816873289
32972745137
4000251572081
1005002224378186
32819296158
4001321214341
32989769329
1005001424258069
4000447506817
1005002321678728
1005002217749538
4000459880465
4001214266379
1005001444799758
32891860591
4000850448992
1005002356486232
1005002108751039
1005002392642827
4001199079119
1005002100021262
1005001522843943
1005002314395537
1005001511271170
4000115805275
1005001799341858
32885625950
32889669058
4000068504642
1005002310596585
4001130979426
4001221095488
1005002204685878
1005001686031170
1005001332469109
1005002223985630
1005001333709379
32826741984
4001217708709
1005001634167855
4000830815828
1005001731290049
1005002438003741
32866899952
4001159649084
4000719933755
1005002431530395
32757784036
1005001655081272
1005002265604674
1005001368764255
33001547087
4000809806827
1005002416232666
4001223659037
32901503432