33007555513
4000299177748
1005001835560118
32983049665
1005001559746573
1005001429283664
4001316892863
1005001907021730
4001237977754
32992919633
32805550650
1005001550765718
33005839318
1005001658553768
1005001398176538
32969042256
4001211445481
32974745121
4001138336662
4000230830859
4000843025135
1005001625033722
32821820874
4000945180794
1005002361764820
1005001705644429
4000614567474
4000237296545
32986455432
1005002314970934
33032646074
1005002373094221
4000426925048
1005002317007396
32858927121
4000897750468
4001200245769
1005001758187446
1005002074271830
4000410058354
33001318662
1005001965270798
4000529904337
32918976032
33036333625
1005002283891014
32884083135
1005001966546270
4000315208675
1005001557941191
4001034070557
1005002221230007
32836904347
32958693665
32369738584
33005873586
32953792892
4001298113805
1005001898911421
1005001495430654
4000385797571
1005001476736478
1005001813299372
33029364047
32860383474
1005001972612482
1005001528441989
32878328974
1005001926634665
1005002181433734
1005002282840360
4000290502333
33041010720
4001053725004
1005001474851624
1005002362723605
1005002218632242
32848791675
4000526380151
1005001606942255
1005002282057759
1005002309569483
1005001506798494
4000736430053
1005002396003935
1005002070360267
32882714648
4000769460044
1005002238849849
32967791273
32908785118
1005001891369680
1005002054293407
32839915227
4001200346524
4001090447497
1005001420592821
1005001632200176
33041598043
32321343277
32914470412
4000961879137
32973835287
4000789019505
1005001573697484
1005001892964184
1005002363665262
4001150382656
1005002221714792
1005002414468782
32976313565
1005001406622240
1005001345407204
4001098841831
32970367482
4000109681008
1005001704450928
1005001844617367
32655505252
1005002143644365
32953448622
32823262745
4001240409087
1005002314295990
32963369426
1005001835021996
1005002275887315
1005001302675976
1005001288725942
1005002239161595
32756871635
32859208885
4000893516871
32774858517
1005001579870874
1005001360805423
1005002256750508
1005002298257103
32818915885
4000943291966
1005001995609646
32437460972
1005002305664449
1005002231896238
4000713978690
4001025457244
32850316649
4001170857176
4000040573304
4000382746295
1005002177940694
4001070138955
32980540362
1005002381929597
1005002051257669
1005001914989949
4001041333743
4001358413481
1005002288447365
32908193852
1005002319064730
1005001907104292
4000020666919
32854816290
4000434120382
1005001632290084
4001274272291
32483771563
1005001823614684
4000092733772
4000582849771
32944001050
32890370448
32894617163
32458370377
1005002312266152
1005001501065071
4000058202877
1005001872938563
1005001392641018
4000374245055
1005002301373190
32908263349
1005001292320236
1005001953792459
1005002292195809
4000385026721
1005001832026952
33011488525
32520882648
4000747201070
1005002080849503
32833371140
4000090473743
1005002328253582
4000023131145
1005002323607973
1005001824334241
1005002315261016
1005002408394222
32839494656
4001267191500
4001094254269
33009298499
10000328939193
32794682571
32583785483
32962925598
1005002228210319
1005002346704126
32875870506
1005001458564001
4001201268277
32930925619
33039388650
32918729189
4001061597169
1005001885136500
1005001596702282
4000081511325
1005002442909749
32937665776
32830484745
4000301614735
4000052574236
1005001279391698
33015259513
4000864477146
1005002402495051
32804292593
1005001809403589
1005002252445651
4001035154143
32998569462
10000293159374
1005001770822164
1005002476317073
32872694385
4001189028886
1005001448184445
4000619121795
1005001913852005
4000301150371
4000595614188
32822470462
4000781780281
32996620278
4000323940286
1005002443075869
33057994843
4001291598488
1005002387030816
33037414901
1005002443129147
1005001741409110
32586815962
33005500173
4000325670318
32857620736
4000292535677
1005001677844234
1005001785139875
1005002234994924
1005002332931001
4000274677481
1005002283703477
1005002471081054
32977039432
1005002125459764
1005002361760815
4000398561396
1005001376654286
1005001392645741
1005001355328543
4000987863919
33047896815
4000140589534
4000986389804
1005001631183482
4001121774494
1005001427257083
1005001836429702
1005001970827143
33027824066
1005002347484159
4000241683019
1005002358385168
1005002419066874
30000000704075
1005001781842662
1005002433854297
1005001693076709
32973035523
1005001553733529
1005001451325780
32860211262
4000789634837
4000926485458
32863746665
4001259691387
4000156634078
1005002412221418
32452117187
1005001982646307
1005002373031231
1005002344900559
1005002198761838
1005001780850356
4001035276094
32968090046
1005001407405991
4000944983901
1005002333471711
1005002449545443
1005002365137325
4001247783241
1005002357645165
1005001468331990
1005002412115692
32886370011
32888624540
32943229487
1000007693348
4001230164936
4001234117179
32964711902
4000845255054
32661325744
32917646810
4001223341071
1005001617557727
33044659108
1005001286360365
1005002275299738
4000823987381
4001240100569
1005001505710495
33010401184
1005002341959134
4001038292912
4001139667921
4001211027991
32944776685
10000400047981
4000954981228
1005002282933494
32915219762
1005002403542524
32782573306
32841356235
33046222861
32699369462
1005002492147541
32385905738
1005002345761379
1005002034490180
32972486992
32973267125
1005001980798991
1005002232187221
1005002354730944
32915976183
33032130973
1005002334584446
1005002444691403
1005002377929369
1005001366653989
1005002224578607
4000280786286
32849235577
1005002356248735
4001334815133
1005001844798085
1005002298298235
4000337392846
4000681489560
4001236014051
10000001200948
1005002252880158
4001125640900
1005002393837684
1005002285907163
1005002086686368
1005001962058225
1005001593144442
1005001864345484
1005001694175765
1005002337254009
4001191778137
1005001589110279
1005002049416996
1005002228083841
32793095391
1005002475913187
4001244449753
1005002362783977
32650504386
32228930750
1005002459545584
1005001884752647
1005002375993725
1005002293573181
32805661323
32891617260
32848939529
1005002252679745
1005001824744953
1005002023836508
1005002281228377
1005001789537462
1005002439142975
1005002136850856
1005002329730167
1005001699394770
1005001399222211
32979303031
1005002360198737
4000163470707
32915832410
32922450925
32869528740
4000260100217
1005002260886144
33024862635
33015563240
1005001484202342
4000949277379
33059771283
1005001670809094
32737719844
32850943671
4001271781715
1005002420433113
1005001854946581
1005002376704028
1005002311372936
32734790077
1005002304572299
4000582375581
4000450158878
1005001304447927
1005001728529036
1005002307464330
4001353932973
1005002218520974
1005002350282197
4001138620607
1005002313347856
33005536302
32680301336
4000574526203
4001215547128
1005002342484861
1005001299648970
4000250775256
1005001889397211
4001326588481
1005002000480256
1005002292967105
1005002198406527
1005002428899395
32960476078
32972046945
1005001657911651
4001229202799
1005002478490652
1005001364622838
1005002346605589
4001009414085
32974441388
4001254575527
32887685925
1005002122552238
1005002395925742
1410910451
32367469882
1005002315291670
1005002267349988
4000850236088
4000801042543
1005001310268243
1005002085242967
33042521177
32853024586
1005002280492837
4001350195145
4001255587040
32841873520
1005001952322764
1005001923875491
32968136648
1005001951852356
33000977841
1005001339530138
1005002362829326
1005002059606578
1005001715738062
33012180798
4000222560943
32824520433
10000032118096
1005002322498910
32986924699
1005001670791654
1005002352335328
32663870309
1005002500744596
4001122487156
4001053625577
1005002289744686
1005002416602505
1005002207878474
4000563914236
1005002272810775
1005001332640216
1005002343435609
4000499034787
1005002357224689
33005917256
1005001707443961
32992846095
4001218575069
32708488775
1005002447762640
32809907736
1005002409727135
1005002227448436
1005001478611212
32807161220
32873049784
4000987283426
4000924074756
1005002314722434
32790119833
33021006637
32908501267
1005002309167190
1005002259798265
1005001884874603
1005002398361935
1005001552851329
1005002072307784
4000018210828
1005001866078221
33055865998
1005002231403708
1005002241616742
1005001427027110
4001365016275
4000365243537
33040433235
1005001468430509
1005002315576778
1005002289601325
4000314223341
32849346613
1005001776461957
1005001698804684
4001285535429
32848411201
32811711186
4000203437498
1005002167911179
1005002495383833
4001212586521
4000419567579
1005002368495163
33011014562
4001254744134
32974525027
1005001621401473
1005002312476608
4001197503691
1005001568057628
1005002293946188
1005002443506023
1005001406217976
1005002314221892
1005002377650215
4000198042273
4000648492690
32839891400
1005002421131777
4001162672437
1005001273597279
1005002398913055
4001168997814
32538529007
4001300287253
4001365822022
4001256996034
1005002343419738
4001056869498
1005001327658258
4001300390593
1005002304452216
4001239256248
1005001959544139
1005002492458298
1005002167248561
32992432143
1005002115908878
32694524835
4000997028757
4001125379906
32783462485
1005002279052654
1005001900256501
1005002248846619
1005002500163660
4000008244137
32861892571
1005002191934291
32897613959
4000207179475
4000921159229
32992221979
1005001764029868
4000192519532
1005001671078416
1005001774714890
1005002095688507
33016318162
1005002394948218
1005002319382636
32873406195
4000715951599
4000176854145
1005001864364060
4000771227913
1005002334077236
32879133920
4000224660790
4000619257869
4000815011367
1005002012556220
4000786972138
1005001899447104
32892697103
32617756773
1005002478643001
1005001494842114
1005002417873961
1005001408093352
4001272504192
4000184204285
33032074351
32844769870
32875076631
1005002418879950
1005002447483046
1005002133010430
1005002467768189
1005002433183385
1005001995536418
4001275565632
4000966024644
1005002038920956
1005002394540103
4000174874450
1005002365166346
1005002363960646
32875862754
4000693610691
32804434912
4000862461793
4000730683070
32792106006
1005002100217541
1005002360076528
32996885701
1005002280755267
4000960647023
1005002366267153
4001249713731
1005002483304055
1005001693489358
1005002164984079
4000427214519
1005002246924006
4000516447560
1005002485349187
1005002234146007
33016359801
1005001639940602
1005002447160741
1005002463941275
4001187240917
32827935610
33012211379
1005001894747448
4000184852127
4001079478424
32919628725
1755695438
4000019334358
1005001522181607
1564396559
1005001401789328
33042657409
4001125472960
32693996280
1005001852082075
1005002277173100
1005001708977161
4001264306869
1005001631357432
4000680964984
1005001551789314
4001241149554
4000557337340
32817991758
33021260922
32865783681
1005002304582395
33017426166
4000785236628
4000480238582
32539367408
1005002290037815
32370082460
1005002427920098
32689018203
1005001515759866
32803760860
1005001525342764
33049612578
33035914284
1005002282548135
1005001671989129
4000245112939
1005001779989207
4000089799054
1005002001325370
4001237912365
4000077450662
32703857114
1005001321397440
1005001911988333
32815619549
32982868868
32960531549
4000986002355
32746634222
899926492
1005001929744865
4001360975803
10000330479254
1005001406537203
1005001388788485
1005001508111038
4000096598996
1005002254696633
1005002423621326
1005002314746895
32905536264
1005001845637925
1005002342419394
1005002380290681
32898773042
4000405486085
4000716000768
4001249117361
4000091569711
1005002290869832
1005001617361938
32743404484
1005002309729148
1005002345880236
1005002286982013
1005001670196630
1005002342611427
1005001316432201
1005002317015648
1005001298086976
4000585114765
1005002119026010
1005001418376529
1005002317234464
1005002381354914
1005001418388054
1005001641484930
1005002442441578
32635948201
1005002119453290
32908773745
32902131018
32822856246
1005002336611629
4001058455394
33035642046
1005002340153908
4000843002491
1005002314278603
1005002288958035
32926020868
1005002164847873
1005002443082693
32386093164
1005001897739088
1005001779988096
1005001631842169
1005001940607569
32919750621
4001149319355
1005001520552874
1005002343594424
4001139320535
32975558894
1005001604438944
1005002035527689
32503038842
4000971339511
4000642327078
32625848718
1005001769857484
33034958745
4001350714327
1005001815363579
1005002193096780
1005001934135808
1005001986901811
1005001426132006
4001274278053
32972417526
1005001967359130
32984615347
33015524308
32968604541
1005001949732090
32817391979
4001072134301
1005002383103735
1005002008248182
32928814278
32660859750
1005002490897525
32833715173
1005001538430181
1005001468119109
1005002378208506
4001200261464
4000640244560
1005002430381795
4000248059847
32806685222
4001061664427
1731753172
4000034500177
32758750678
4000083707732
4000807626277
32878208765
1005002477173309
1005001424714109
1005002490425968
1005002484761752
4001257271536
1005002071308140
4001282431146
1005002374630000
1005001483042605
32729037101
1005002323423997
32796452261
1005002338738406
4000537273483
1005002103009892
32580638076
4001365785166
1005002341213966
4001235846964
1005002289777147
1005001975007310
32910102682
1005002278222691
4001299027178
1005001280200029
1005002315232279
1005001671313302
4001289849530
32984850802
1005002439756832
4000409815552
1005001322064354
4001098674809
1005002197938145
1005001437348394
1005001585699648
32884799483
1005002481532092
4000178060515
1005002367918915
1005002238108059
4001034467254
32897929012
1005002213534966
4000443285820
4000261109489
32836955616
32912381002
1005002225213420
4000308567033
1005002276290191
1005001592519509
33056871026
1005001793182330
1005001332886658
4000979887740
1005002268611436
1005001669469734
1005002393790762
1005001802834285
32978073558
4001125312461
1005002340803506
1005001864133093
33002703765
1005002307122317
1005002361379987
4000846309863
32983830366
10000395899010
1005002459804604
1005002023099669
32349737417
1005002448838423
1005002435869015
1005002027612425
1005002108511811
10000308899678
1005002011779580
1005002211583567
1005002414002023
1005002191387928
1005002356737564
4000691498419
32887455820
1005002496801124
33034088097
1005001761962471
10000032983236
1005001879180546
32859059849
32926939288
33021871630
1005002326456484
4001238841220
32841896214
1005002309287138
4001012787372
1005002001728928
1005002425342652
1005002246332964
1005001848493779
1005001593976222
1005001652273665
32309519888
32870519558
1005002019097770
4000783862466
1005002000273485
32812483315
1005002346811182
1005002269056273
1005001375192612
1005001501015653
32907459524
32962630161
32914780787
4000280184770
1005001393017555
4001174888991
4000534290367
32967576670
1005002387489126
4001271263052
1005001297971247
1005001834520559
1005002327309219
32853331204
33055488834
33011366806
4000345987152
1005002399902433
1005002363703377
1005002370367510
4001034154392
1005001458157255
1005001436157435
4001015867185
32887553483
32903341713
4001238683548
32866440549
32848809099
4000064600344
1005002356795661
32535562897
32799163175