4001091091457
1005002308078652
1005002315252702
33019597518
4000822663411
1005001588773063
1005002314881783
33023576113
1005001971278729
1005002278844827
32919437254
2031319731
32959767201
4000133031765
32481210091
4000545901088
1005002325227780
32966480172
1005001852527490
33028594576
1005002363762837
33002656304
4001359700694
4001178281909
4000228572889
4001355397586
1005002080235540
1005001763768989
32970030406
1005002317552858
1005002468376412
4000239658115
1005001338801892
4001037874562
32857666012
1005002266534794
32920156351
4001218902481
4000820232362
1005002443750001
1005001937590403
1005001295911018
1005002287962821
32812263732
1005002377295107
32768650891
4000808428473
1005001897011290
32829399714
1005001976800120
1005002217256094
4001054926994
1005001829499783
1005001333412891
1005002321721137
4000215490290
4000518230721
1005002376573981
1005001621029959
1005002318894981
1005001986169754
1005001429752290
4000245610768
32878288978
1005002339647129
32846404058
33030605349
32391351202
32979894651
4000919904349
1005002433129329
1005002453998543
1005001445942004
1005001950212863
1005002233405599
1005002014589188
33036307879
32955462546
1005001407687640
1005002185393423
4000545812397
1005001978571449
32982666610
1005001370190116
1005001795120760
4001050521053
4000283427063
1005002052528152
1005002324860093
1005002347127825
4000314387901
1005002306302017
1005001646985044
32854008400
2016320652
1005002033465480
1005001639540655
32946040780
32824120198
1005002246053716
1005002297907898
32985771828
1005001282576499
1005001585403056
32998288812
4000454065357
1005002039002203
32810543936
32980001680
1005002333068399
1005002346960853
32860134188
4000571648009
1005001329971107
1005002235895249
1005002369611882
32348160441
1005002482929492
1005002028701200
4000085509578
32719622792
1005001706558573
1005001850421802
1005002301615434
1005001949229679
32815068247
1005002435750095
33030490612
1005002094200458
4001197565562
1005002172649542
1005001425748035
32658435598
4001045623327
1005001614427062
1005002254385451
1005001501269950
1005002436206491
4000580984455
1005002476580101
1005001571736027
1005002064051563
1005002345443603
1005002234178998
4001305709089
32662285517
1005001575435438
32847572509
1005002240814984
1005001815739736
4000844605443
1005001607565276
10000352561843
4000697046463
1005001424322946
4000241189192
1005001874269388
32814060233
32899735808
1005002441892829
1005002260685871
33048505507
32807826714
1005002362377738
1005001909629354
4001204084137
4001366556749
4001195099471
4000112191952
1005001627666525
32882362590
4000539382594
1005002358407212
1005001551677058
1005002287325864
32797980003
1005001289994420
32991559063
4001134350078
32829225084
4000942866260
1005002354047598
4000019223660
32616360017
32742542442
1005001408870227
4000764891352
32676473167
4000724652045
1005002008635755
32808850669
1005002283847695
1005002491167968
1005001355720377
1005002445275769
1005002250182528
1005002287523180
32967627347
32872039775
32260126728
1005002095890523
1005002440946110
1005002288192074
1005002390842486
32863349160
1005002433926967
4000662537218
1005001922516041
4000929621501
4001197745612
1005002314301739
33002633388
1005001575983838
32944188974
1005001833990556
1005002396342843
4000160139038
4000366319055
1005002401080814
32997290232
1005001302576321
1005002483415658
32827000310
1005002396834037
1005002334358271
32921407464
4000884910845
32976754793
4001107223120
32903765022
1005002378970145
33039153938
1005002009479382
4000228954087
32856304304
1005001874699007
32439836293
32807461103
4000714806036
4001267869454
4001201199644
1005002377787413
1005002271841097
32997666059
1005001585137200
4001211318498
4000507321690
4000473182820
32844635708
1005002022304449
4000828857917
33037501231
33049303049
4000660972799
33048020191
1005001732228645
1005002323078859
4000516857295
32858804018
1005002068555917
1005001285393177
4001069477349
1005002324863728
4000192954052
1005001515901382
1005001861576172
1005002420761791
1005002235076207
32920233784
32732280804
1005001615717826
1005002272442218
1005002252649963
33018051110
33048762635
32750315374
32798960002
1005002340343213
32568076459
4000668398566
1005002357110981
32952150827
1005001514933891
4000206690992
33013185552
32820869533
32977811190
32974195632
33045966854
1005002052512532
4001310138983
33042455902
1005002196774178
32579554646
1005001933683252
1005002328647410
1005001596906454
1005002298891060
4000575507683
4000249836208
32858212040
4001111983493
1005001621337345
1005001570989023
33049314243
32757662756
4000133078429
1005001314643652
1692764783
1005001685192386
1005001880684704
32668851300
4001127742677
32948220371
1005002108565806
1005002265585710
10000381446824
4000182694300
1005001314740609
1005001670888915
1005001990253670
4001271074675
1005002059733247
4000338817557
32864896538
4000709749883
4001053011320
4000397576595
1005002110393416
1005002346186314
32870474485
1005002454258675
32390096898
1005001653233062
1005002392713888
1005001845269941
32889278642
1005001486867454
1005002270548233
1005001431354040
4000498615751
1005002265341888
1005002264037371
4000020580449
1005002461076288
4000147421922
32356954086
32926063349
4000546459460
32836882215
32615799131
1005002243888636
614239098
1005002380316669
4000888581025
1005002291772174
1005001824111544
1005001659316637
1005002225527028
32905563927
4000311588126
1005002298510556
4000211675064
33032505250
1005001329675993
1005002383894868
32975818971
4000034877392
4000132294923
32831404881
1005002017051172
4000498561080
4000269275070
1005002120164757
33026945513
4000988060506
4001115960042
604442033
1005002342852255
4000194190564
1005001334042160
32616651721
4000903141439
1005002257394622
1005002342252996
4000810320714
1005002387339784
1005001978389367
1005002394835195
1005001971813994
32749409041
32987650450
1005002354927973
32924259248
1005002408471025
1005002224979266
1005002418749950
1005002438135536
1005001741598550
1005002395795071
1005001586464516
1005002347174071
4000987247540
1005001638128424
33024041894
4000525324792
1005001469915722
4001015332885
32841248647
1005001632934892
32824616780
1005002307919264
1005002291855738
1005001692380123
1005001525417574
4001256823839
1005001355311824
1005001365896655
4000385802905
1005001348660460
1005001832281587
1005002310007868
1005001352383459
1005001980457443
1005001788665618
1005001731244321
33023427717
32649475045
32955429705
1005001999154129
1005001726250338
33020359021
1005001514699767
32888923545
4001238039280
32890163947
4000449853739
1005002383633969
1005001543206895
1005002314665130
10000168116172
4000560643754
32919101080
1005002372059289
4000723282690
1005002204008003
1005001860203405
1005001474682436
1005002345613387
1005002249744818
1005001286001097
10000292937634
1005002018677813
1005001928055943
1411157255
32960658652
4001194575927
32406943628
10000343249371
1005001675290283
32294814951
4000909602063
32360277591
1005001265565147
1005002246760365
1005002430684338
1005002201107245
32417085551
1005001457316266
1005002314356166
1005002380997878
1005002122271871
1005002340456582
1005001506610474
4000955755572
4000091975772
1005002344451744
1005002280817986
1005001461039152
32894505443
1005002369172282
4001131443388
1005002386977549
32882766788
1005002084234942
1005001767552311
32813758279
32973440680
4000127996319
32971175890
1005002457617607
1005002383136944
1005001930578821
1005002225024234
1005002317636196
1005002306993654
1005002315691859
1005002233469862
1005002176874712
1005002288529515
4000459772429
1005002372241130
4000277182174
32882632956
1005002305259224
33060063492
32870190334
4000723525734
1005002481533706
32245401928
1005002481106745
1005001498549431
33021727270
32565124224
1005002191664546
33007963195
1005001426776189
1005002302682219
1005002156226049
33029712523
32825111376
1005002377635916
1005001799363519
32947082527
4000561452201
1005001970905484
1005002281758877
1005002235948624
4001065486506
1005001891691504
32887554011
32940962706
1005002298787116
4001263763822
32917137153
32796477632
32796592331
1005002261982151
4000721095811
1005002050707461
4000389275149
4000738885009
1005001811005331
1005002313965853
32675538705
4001171463414
4001240163650
4001274925040
1005001790203654
1005002291948544
1005002305806203
1005002454816338
32882502884
4001286792895
1005002205623254
4000667063850
1005001627360126
32978467702
32701461862
1005002247685273
1005001386097436
1005001815532401
32918097398
1005002448091538
4001175900277
4001243444474
32369801277
1005001386332232
4000332853840
32801249649
1005002277425744
4000546088235
32960081123
4000842620623
1005001319854112
32917187218
33047033784
1005002416963814
4000111231920
1005001474954940
4000485973200
1005001415388183
1005002120705348
1005001621018729
4000292215252
4000849827854
32893940687
32892356659
1005001508635073
1005002258948442
32905652739
4000549033894
4001123124584
32921594201
1005001704796188
1005002375340426
33008769378
4000997939715
32757670400
1005002487204642
32803518925
4000855024266
1005001393495029
1005002345850409
4000888813731
1005002358791130
1005002282003204
1005002373273822
4001013445800
1005001727714913
1005002310969561
32957311027
1005002262559370
32819478240
1005001979773556
1005002314085412
32956818041
1005002267884216
1005001582407846
32882817045
1005002032247060
4000382222341
33053288680
32975779840
1005002432130007
1005001960535432
32827390638
1005002454944692
4000538138151
1005002041629979
4000927472291
33030295896
32645937930
1005002370140290
1005002489225833
1005001345678794
4000960742594
1005001518646890
4000965302662
4000756019837
1005002264068720
33034384903
32387458314
1005001493585163
4001137963544
32588320413
32916653181
1005001504160198
32770856614
4000902678791
1005001387373681
32982940691
1005002464700923
32867203514
32609621161
1005002118907738
1005002461161988
1005002406021459
4000190265238
1005001992232657
32974121748
1005001763921661
4000700872294
1005002293283270
32847687824
4000764395378
4000906692697
4000473702446
4001061332023
4000808077757
1005002459061204
1005002218275373
4000298722132
32595522941
1005002494839688
1005002314270529
1005001833759750
4000320709696
4001224488388
1005001362426212
1005001958138915
1005001844408357
1005001828336177
4001038318346
4000534750368
1005002146143585
32932228057
32802411165
1005001304873057
32861539987
32982559806
10000000287719
1000008079656
32922665023
1005002401544392
4000186350828
32926271274
1005001310236007
1005001592680031
32864598913
4000212411232
32922076192
1005001482181137
1005001362633922
4000941509114
1005001708055786
32948436406
33033219539
1005002275502160
1005002425967249
1005002495092260
10000319774400
32955903177
1005001966547915
4000112545167
1005002105554105
1005002305789601
32687079398
1005002191839570
33001509303
1005002225413402
33041269311
4001204486553
1005001950451588
1005002222630852
32925794601
1005001699622100
1005002314891601
32946060933
4000231325096
32807166754
1005002383428800
1005002423803709
1005002312371529
4001277797821
1005001499102947
1005001510011168
33052158046
1005002443686163
1005001536886362
2021686827
4000196027895
32974210441
32859351519
1005002180566989
4001203298460
32850147332
32730524202
1005002096897411
32669744665
4000709166226
32922554447
1005001834995643
1005002182426085
1005002287084162
2024110340
4000703341246
1005001580487587
32920112790
32463387606
32975700498
4001139718560
32992980431
1000007033019
1222105982
32347904596
1005001982588973
1005002475398304
1005002324966643
1005002262580154
1005001690820824
32843286299
32822360191
33041609273
536228400
1005002377673716
32964373791
32926430131
4000108036401
4000763742648
4000293855773
1005002152369103
1005002288946299
1005001664958915
4000388859495
33034130289
1005002347782071
1005002447940995
1005002439418287
32910546536
32923001543
32863077731
32854163150
32675130413
33014818201
1005001808542854
1005001656992557
1005002162150246
4000970550729
32881158910
1005001640340057
1005002367123342
1005001841095924
1005002186975641
32964608186
1005002306308091
32850041431
4000253397833
1005002278692116
1005002180727011
10000386754995
1005002309071359
4001259950787
32905131130
1005001265738499
1005001736752823
33018433641
32406618381
4001222399322
4001039874638
1005002326609847
1005001806045185
1005001355057891
4000194724520
4001313749376
1005002310276997
1005001863949990
4001030342884
32978061647
32815353422
32354687847
1005002275612891
32900869889
4001176317933
1005002288368456
1005002250015745
1005001419146792
1005001679907731
4000790267538
1005001422929090
33009593350
1005002286351963
1005002242438638
1005002086344312
1005001665554964
32938859265
1005002398631659
1005002171716719
1005002212531278
1005001270026744
32918290356
1005002389589633
33015037648
1005002339949940
1005002167779437
32667341822
1005001648812275
1005001765532796
1005002074875573
1005002274341243
32853473535
4000741146580
32457820754
4000166735676
4001286083415
32879643244
1005001863433799
4001282887917
1005002192012995
1005001692250732
32952698697
32833768636
1005002421992876
1005002038839829
1005002247307820
1005001543929159
4001055369371
1005002376105272
1005002205592511
1005002369336056
1005002460205467
4001124460665
1005002314381708
4001163585107
32916252880
1005001703806808
33055016873
33006536496
1005002194159722
1005002467579488
4000715810450
1005002318836055
4000106333317
1005002309030711
32263888469
32909412716
32565628578
4000434325023
33023250372
32975835598
1005001938481525
4000661176444
1005001345261351
4000711680773
1005001609328557
1005002344234125
1005002022865679
1005001693948476
32776503773
1005002310015580
1005002400872151
4001096037893
1005001942967180
4001125099445
4000547452819
4001042512934
32672382664
1005001401271714
1005001464485355
32869450837
1005001617172400
1005001697983254
32884585507
1005002371924690
1005002348735020
32984206975
4001201224583
1005002261386950
32795382157
32988088199
4000114523358
32863292477
1005001324526339
1005002400752507
32790686462
1005002087164599
32880905724
32916480156
1005002072617225
32840201795
32855985192
4001274083451
4001285300488
32886946864
32888199974
4000868157794
1005002147077844
1005001326334850
4000029710279
4001321601290
4001012446152
32727067188
32830565008
4001041073967
1005002443508272
1005002375958757
1005002071873723
1005001639311295
1005002320990259
32985935267
32377259857
1005002212375431
1005001941195195
1005001651961533
32802102413
33023980027
4000996646140
1005002467559865
1005002336634673
33040828456
1005002356162709
32705270780
4000540176157
32717373720
1005002310887616
32948336246
4000449252061
4000388397300
1005002293100019
1005002362157779
1005002306728849
1005001802602429
32918094351
32876658018
4001278925007
32945749704
32879342423
4001236931979
4000801074250
33059048107
1005002265241384
32949187722
1005001763008157
4000505297830
32853194573
33058657221
33038275185
4000300464201
1005002007002342
32813519740