1005001370187919
32820904017
32968815763
1005002419030699
4000844210765
1005002314359269
32790745364
4000369962182
32836336813
1005002334050632
4000282962462
1005001745235260
4001177776682
4000199310323
1005001809343083
32667563313
1005002252512862
1005001877584461
33005112271
4001039389671
4000310899436
32872575369
10000008030856
1005002356486590
1005001682923468
1005001657721597
4000593567644
32373931472
1005002318835672
32911470415
1005002350456546
32967904575
1005002259737857
1005002409309921
4000735906627
4000558030137
1005002339687873
1005002490361811
1005002401399735
1005002326726187
1005002499272713
1005002361572204
4001259424452
1005001699885659
32689058235
32997820531
1005002220572399
1005001620420982
4000294007241
1005002304176731
1005001730465868
4000910571271
32892211435
4001085678844
32870234484
4000378775739
1005001660176783
4000366575244
32838648896
1005001620785696
32964669244
4000924344474
1005002282882344
1005002259307638
4000546368622
1005002461968916
32872732798
1005002295116065
1005002476522670
32920321248
1005002364517090
1005001623317846
1005001288702980
32722882130
1005002392366403
33037909515
1005001515804671
4001209116733
1005002405092079
1005002383225081
1005001714551518
32876064755
4000344068538
4001294167951
4000186929171
1005002028034097
4000059676862
1005002306391273
1005002404645120
1005001326514461
33042610220
10000400037736
1005001278049652
4000708463026
32889389386
1005001614740841
1005001590480171
4000221061904
4001334585836
1005002190549609
33036973141
1005001581358515
10000040114438
1005002107193125
1005002253822983
1005002309615679
1005002099642937
10000395851346
32796751578
32887350130
4000019249276
1005001669537313
32727410237
4001333278768
4000242606234
33001364394
1005001398393379
33052648469
33034486768
1005002006924160
4001324135067
1005001504637188
32912808709
4000295948155
1005002295297709
32577899698
32917502745
4001178403391
4001190170198
32980400272
4001248971082
1005002453901619
4000043304039
1005002180670818
1005001581444798
4001257578506
32967477143
1005002122266687
1005002392640907
33000222362
1005002395601968
33027423177
1005001854764271
1005002460793827
4000171748831
4000183080950
1005001587171953
1005002459343643
1005001771398903
32784162730
4001294202143
4000174150611
1005002292111138
32887983042
1005001803323654
33018916041
32884952826
1005001525508052
1005001431251226
1005002262701172
32805336379
1005001544005172
4000070985275
1005001516210273
32824061742
1005002428505380
32945512650
1005001298218735
1005002222096395
32884791858
32935083626
4000232885967
32685630355
1005002246141864
32646449710
4000479823505
1005002342705380
32795627911
1005002367478595
1005001821320347
4001068834967
32861022123
1005002480889320
4001222953998
1005002037266995
4001290823344
1005001343072332
1005001887878866
33000079430
1005002287091132
4000880483756
1005001606166560
1005002409899965
1005001695472216
1005001907579788
1005002420628172
1005001549326999
1005002325009471
4000761243161
1005002340805197
4001115983339
1005001961449384
32901551223
1005002239766360
32908939576
1005002324283677
4001179652396
4000475016137
1005002318295713
32683829658
1005001856140767
32665400140
32792422142
1005002101891521
1005002283358175
1005001452168086
1005002345048847
32967895088
32919099996
1005001636249562
4001230783312
32852228165
1005001957376553
32808937692
4001271274077
4000554800418
4000729673241
1005001650800455
1005002409286781
32878731557
32740668086
1005001411452529
4001261258816
10000153175865
1005002168400189
4000888675315
1005001855476908
4000677727920
1005001590691496
1005001920974006
4000306619095
32319726564
1005001666565986
1005002478128717
1005001849844205
4001057479771
32378999269
1005002370046766
32417986261
4000575681490
4000702272664
1005002271590035
4001000554794
32970619713
1005001373037092
1005002107221524
33010744682
32849166957
1005002291514731
32811340342
1005002035921370
1005002417155730
4000699934011
1005001639330253
1005002370017455
1005001608264621
4000052727101
1005001930808737
32971151169
32794744962
1005002352537228
4001055328133
1005001762038708
4000574487988
1005001521917114
1005002262126554
32864918454
4000800067441
4000997067316
1005001313539422
1005002377559664
32861728216
4000674943600
4000704754477
1005001598609787
32601086149
32339582127
32808539706
32504931054
1005002214492316
4000468879256
32883726134
1005002264837455
32841563336
1005002500216550
4001135624985
32873281996
1005001965534495
1005002288780004
1005002250964341
1005002228579657
1005002425563864
32912340118
1871868776
1005002439364692
4000959845089
32947185244
4001044327141
1005002363413625
1005001667481474
4000452143918
1005002282642464
1005002243573342
4001099287798
32683665428
1005002383274006
32910521671
1005002490426993
1005002253928548
1005001932964747
32516674876
1005002394180173
4000918504606
1005001482952130
33012650144
1005002316181006
32603822465
1005002302326852
1005002352397934
1005001425254006
1005002388344842
1005002197119876
32937150200
1005001557167947
33032085391
32919619577
1005002341832200
32832981728
4000889671747
1005001400195280
1005002396993712
4000114908730
4001196736707
4000970683596
1005002331885905
32906125882
1005001802293354
1005001381312749
1005001736823719
4001062235070
4001210883075
1005001811054642
32840419660
32959530971
4001188293998
4001166077270
1005002095306906
4000383071517
33023601252
4000509868305
32823897760
1005001731826708
1005002299792365
1005001663160266
1005001555160653
32821420080
32643047617
32968791692
1005001506949000
1005001666879123
4000920949062
1005002488735357
32972973925
1005001370915796
1005002319530974
32967890198
32371390961
4000865386633
4000221869895
4001163193469
32978672277
1005001645394800
32820028850
1005002212789799
1005001367646907
1005002377972942
4001188835922
33031851689
4001248618898
4001228668203
1005001458480930
33013502852
4000114446483
32963810301
1005002168076834
4001317370765
32709184640
1005001617340062
1005002329700822
4000641132134
1005002344884246
1005001506693529
33042811131
1005002331886442
1005002319298046
1005001267112007
32870152856
1005002006697032
1005002473259908
4000418904287
32907715824
4000061212656
4000259262989
33021896811
32897161632
32975173463
33033887681
4000955674854
1005002244836861
1005001352468564
4001264991549
32987860982
1005002279467085
4000055650671
1005002341655485
1005002089230210
1005002094798462
1005001765095087
1005002500531322
32822650967
1005001570126881
4000433759374
32829781936
4000865437099
32977182610
1005002179239685
1005002110831812
33034440802
1005002357518975
1005002340192097
4000723768885
32951054262
4000295415632
1005001611849624
32811507993
32317437231
10000321514357
4000071407888
1005002418492164
4000903450532
1005002076922090
1005002143784050
33045668247
1005002419224433
1005001544260871
4000859346707
4001266484312
4000884723513
4000792477366
1005002179801826
4001005631000
4000084647611
32866822535
32766087011
33058757390
1005002395286133
1005002350639875
1005002468040005
1005002125665405
1005002245922598
1005002326910853
4000874736025
4001116957617
4001171402342
33042119227
32854650276
1005002316829727
32914783732
1005002243425253
4000012327381
4001181598828
32959059674
32850109999
1005002481155455
1005002232049806
1005001430267015
32483265945
1005002302423500
1005002393043566
1005002030479604
32967329489
1005002363549189
33004390899
32700699296
1413539889
4000720266059
1005002383193615
1005002377958238
1005001676182049
32294064161
4000100829431
33016117797
1005001453550409
1005001999153645
4001088094243
4000690746254
1005001596104612
1005002388552942
1005002340582475
1005001418336943
1005001987925304
1005002376481574
1005002367399198
1005002244495343
1005002425801550
32815682191
4001227695314
32435999234
32813120655
1005001305212296
4001039216363
1005001468273294
1005002320278652
32994515059
32939404194
33022764636
32867450054
1005002352996562
4000908447852
1005002406202861
850817612
1005001954543932
32908739652
33001932038
1005001592990949
1005001494830225
1005002342993507
1005002336872738
4001228787437
1005001321412836
4000204873472
1005001611520511
4001293625579
1005001525461454
32324069605
1005002404363488
4000799589523
32970924994
4000937495691
1005001357438494
32899766788
1005002225182918
1005002247809570
1005002100912971
1005001793036445
4000435677912
4001275607273
1005002248776930
1005002204978325
1005002433557953
1005001576655113
4001062805674
32950162568
1005002408490001
1005002381756241
1005001858365719
1005002167861727
1005001869852452
32758744302
1005001829516241
1005002069359791
1005002274024669
32819237920
1005002324106710
4000960683147
1005002296779556
32869199399
1005002302611688
32854969880
1005002085420748
32569330332
32788855261
1005002206784232
10000088410185
1005002144016774
4001149004456
4000645405132
1005001971041563
32340148430
4000112334424
1005001677240139
1005002070222314
32955737202
1005001704942254
32821487445
1005002219498602
4000329417911
1005002426965206
1005001605687976
32844752024
4000821788301
1005002490058415
1005002302256377
33033534537
32697699141
1005002346755701
32884489967
32966861750
1005002378564812
1005002375516618
4001039001279
4000808286923
1005002375968645
1005001502425815
1005002053854296
1005002298519774
32719356514
1005001268659459
4000022228785
4000224439855
33040488822
1005001686010190
4000701370900
33021925640
4000264953139
32898105390
32793950727
32890726464
32995207377
32834844742
10000395925874
1005002489270775
760040658
4001283495761
32996934507
32809752887
1005002386992711
10000329487828
10000395907505
4001227045280
1005002332935482
1005001984834808
32930964273
32921181322
4000300051777
1005002298068130
32827618928
1005001968837108
4001294690947
4001156168616
1005001823807365
1005002482696191
4001104654225
1005002367404936
1005002460999689
4000330681400
1005002333397044
1005002011334934
1005002489725490
32906838302
4000286590191
1005002260462058
4001146107373
4001226871204
33000619689
4000427052896
32961456638
32952916865
33027996801
4000560544893
1005001852163256
4001041064274
4000834637373
4001149270597
32971036750
1005002475103634
1005002245567587
33029594580
1005002276651109
32805709430
1005002149389248
4000641307914
1005002298113757
1005002469028122
1005002310433244
32915104234
1005002211168639
32779771465
4000894136873
33053570949
10000404563569
32970127501
1005001982905616
1005001475252019
1005002208059601
1005002345887427
32958589078
878202131
4001010323703
1005002361159573
32371062511
1005001843725952
4001208126596
1005001819159156
1005002246069462
1005001604670283
32975249742
1005002333441322
1005002035908251
1005002193844242
32816602571
1005002314492918
33028227418
4000712566604
4000203206721
1005002181076205
1005001670997820
32800938299
32878825636
32960328901
10000031832862
4001360633019
33010944649
32751039557
1005002230299540
32897705052
1005002313304511
1005001806258498
32853681438
1005002252509710
4000018192784
4000244683047
1005002336811906
1005001882229823
32911096394
32901217848
4000747789512
4000401919497
32979326653
1005002196684507
32873814218
1005001910708338
4000837775020
1005002304051753
1005002284456543
4000079383138
33008299516
1005001742274129
1005001680696003
1005002490462354
1005002311865120
32813164913
1005002431892857
32970740387
1005002314305227
4000799454261
32997000878
32815371774
1005002270297501
32966199512
1005001588158985
1005002369134666
4001276464366
32854927776
32910597724
1005001803926611
1005002268338257
32714164522
10000267301413
1005002332580241
4000905074628
4000022400439
4000674935182
1005002223367405
4001201252784
1005001858584311
1005002370604794
32852412144
32968563314
1005002250233158
4000105739152
4001054041503
1005001670798040
4001294549466
32972079777
32807992256
32845814605
1005001389128455
4000985468445
4000420104721
32926208280
4001286903876
32827231715
1005002395002432
1005001472767775
1005001764297953
1005002176559937
1005001693001805
1005001686207102
4000905720170
4000106841404
4000781906156
1005002428452137
32884207028
33018102971
1005001492717650
1005001520810745
4000699702878
1005002428508970
1005001570493954
1005002246650349
1005002119123224
1005002448832606
4001147346319
32954286116
4000247682207
1005002297122272
4000084111944
1005002223867703
1005001749784975
1005002362588988
1005001884438918
4001287054549
1005001645731472
1005001894530725
1005001811115367
4000861037473
4000922093386
1005001757683915
1005002428591735
32456220039
1005002312200182
1005001817136129
32859354480
1005002329225027
1005001652483279
1000006099908
4000929369642
1005001500398483
4000113889334
1005001591261225
1005002324937406
10000348871897
4000812124609
1005002492526565
33001838860
32920996938
1005002198896357
1005002120781196
32811999118
1005002056536226
32988553017
32995610965
1005002393902605
1005002351933253
1005002313972572
4000662576340
1005001600895174
32892733260
1005002252735842
4000976722688
4000068254273
4000249966035
1005002309303497
1005001883208553
32355712136
1005002263537245
1005002252708437
1005002288810249
32946640501
1005002359424632
1005001368364624
1005001605813657
1005001998776890
1005002311031132
1005002442146403
4000020990532
1005001906982316
1005002454666645
4001053440296
4000837510516
4001349590683
1005001667507671
1005002302335811
1005002446240177
1005001893300800
32557632562
4000039690094
33031654027
32823539304
32997456301
1005001619303627
1005001331631801
32970224452
1005002384234140
1005002336669640
1005002176299231
4001247267970
32808153983
32815491667
1005001587115213
32751853970
10000028281814
32849340079
1005002319215064
4001093473976
10000031837634
1005001893421858
4000965591341
1005002326271718
1005002332432627
4001201606120
1005001947984274
1005001532483963
33024070344
32791579640
1005002319030879
1005002220843124
1005002399290451
33055538630
1005002307646194
4001259462109
4000098558028
4000482973505
1005002316346133
4000567857345
32901929963
1005002498734587
4001064896449
32694757716
32589260552
1005002448161446
4001139358899
1005002318894682
1005002204035439
32337629554
1005002292679845
1005002310912720
4001140010410
33006795125
4000930754775
32972822808
4000086346974
4000735134074
1005002314319719
1005002211372501
4000516631662
32703962796
32904482351
1005001571304751
32902224208
1005001406577003
4000987005703
1005001404891231
1005002219472346
1005002305567538
1005001417100815
4001100717212
1005002276535784
4001275702213
1005001468293576
32609761146
32905173462
33004790674
32994423702
4000597765211
4001006834817
1005002246410881
1005002276568301
1005001703019852
32794413856
32970374076
1005002167624977
32912369246
32756645685
4000383542330
1005001334120836
1005001830670183
1005001295744982
32834277099
32718320103
4000430214618
1005001852208002
1005002409514136
4000303291441
1005002163300917
1005001679191432
4001140507330
1005002298476910
1005002279960250
32840289655
4000504635227
4001340354398
1005002367631320
1005001793077742
1005001325873641
4001278747987
4001013608808
1005001793148047
1005002402669779