1005002260684501
1005002124107362
1005002420027801
1005001355701038
1005002311904009
1005001579281209
1005002440017807
1005002315657097
4000268890799
32907159504
4001163170549
1005001611950463
32724119381
1005002367213199
1005002240563802
32520369948
32870164722
4001248471948
32835265493
4001194552457
1005001299386343
1005001679297416
4000401805707
1005002205834407
32880789357
1005001394512079
32929537931
1005001893121184
4000794184810
1005002010050628
1005002432972369
1005002114776082
1005002168767383
32952164755
1005002362256103
32969029962
1005001873350380
1005001761414972
4000281655713
1005001614930219
4000530547255
4001093210031
32869277632
1005001429425800
1005002410897252
1005001590802166
1005002329908981
1005002213461815
33014054960
1005002232076752
32920831473
32891646302
1005001920678973
4000842976481
33042878993
4000894107870
32950498245
32998618154
32973067861
1005001651504034
1005002475881662
1005001781040277
32739447871
1005002043132084
1005001658490155
4000910309272
1005001705684304
1005001540959069
1005002277715578
33061878686
4001041012778
1005002300250973
1005001930720963
1005002350745936
1005001854645122
1005002368154423
32728364702
4001241674358
1005002470286102
4000132783282
1005002493611433
1005002426508193
1005002386718651
1005001553144138
32975766817
4000435679261
1005001417463059
32921980905
1005002374824552
4000314137537
1005001737877556
1005001780050010
32974239298
1005001483493163
1005002300415359
1005002296853542
1005001622451523
4000693415413
4000426253579
33030022091
1567126105
1005001400167570
4001206261432
32974321323
1005002383669684
1005001736862080
1005002411429541
4001223231967
32911978960
32742638133
1005002253207558
4000701217671
1005001502164980
1005002259734543
32887388393
1005002362746239
4000400818405
1005002206252857
32999519419
1005001297180737
1005001391408647
1005001686668293
4000155509172
4000533320915
1005001818949875
4001241030196
4001326857700
4000385530239
4001289873056
33037370552
32826259250
1005001435674907
32319892305
1005002295039234
1005002176468900
4000448931329
1005002340392727
32821485331
4001230276841
1005001608491007
1005002376666200
4000761046315
1005002372914784
4001165699660
1005002085852706
1005001894682568
33056345874
32833250782
1005001868429930
4000979562132
32918074803
1005001356324263
32564793091
32970776057
32814743263
1005001769188356
4000850200432
4000771300020
1005002328158227
32832963511
4000801487592
4000025373020
1005002333479331
1005002413550811
1005002460876327
4000504370720
1005001762270792
4000843261178
1005001427816297
33039275503
1005002325966698
1005001514463610
1005001680275376
4001221516291
1005002310914259
1005001913466393
644545007
1005002488971842
4001100848208
32998765740
1005002318705165
1005002319047774
4001208574146
1005001880091980
4000592478792
4001214152952
33037831404
1005002368828214
32948076839
32981110312
32880658905
32904233463
32850525678
32965965636
1005001910468042
32903532202
1005002331873091
1005002175874450
1005001640557963
32459278765
4000287149845
1005002314317610
4000037925318
1005002082882980
32894443847
1005002473808797
4001170538808
32883699639
4000990943278
32644518992
1005002319026180
1005002353100105
1005001580001916
1005002390688440
33053167435
1005001387729715
4000749593365
1005001671229494
32271553139
1005002340361056
1005001701017925
1005002243473818
1005002297554552
1005002492653300
32949504059
1005002276078597
1005001665943864
1005002268635912
1005001779312669
32970601431
32852261626
1005001806012398
10000310852921
1005001780130981
1005001858578366
1005002157130751
1005002314876164
32890475138
1005002128431114
4000328883519
32919870842
1005002325077098
33052909472
4000576745086
4000804786319
1005002254639221
1005001679359820
4000114891690
4000762499030
1005002367938275
32628254381
32812901221
32847304327
4000382564489
1005002386843940
4000552969899
1005002364318140
1005002167442461
1005001893439436
1005002211716719
1005001586563593
1005001947529546
1005001722856015
4000802352080
1005001266083511
1005001851007914
32952863692
32963871723
1005001564304830
1005002321317264
1005001285082700
1005001309153354
4001228106319
1005001570377059
33060675471
1005002030264378
1005002441618785
4001220491698
1005002118970122
1005002240161099
32700081456
32933067634
4001191488777
4000610060996
1005002443610916
4000114205356
1005002447639237
4000747909696
1005002465370790
4000966285146
1005002257787407
4001189577018
4001235641037
32824098141
1005001437726360
1005002245054745
1005002346646152
32838119401
1005002158781611
32918012620
32433758247
32862517248
32879874649
1005001834736325
1005002197080096
4000886104400
1005001281506081
4000389224503
1005001927717586
33035163333
1005001594045938
4001333181729
32992680512
1005002288959792
32898222169
4000747013361
32834441029
1005002122398608
4000135270613
32861339985
4001163533358
4001292580113
32924913935
4000989369373
1005001619948836
1005001422643740
32967847700
32913807813
1005001947016578
1005002320967608
1005001730699690
32886444943
32974469673
1005002231761017
1005002386551697
1005002314194761
1005001339453794
1005001469812006
1005001857192469
1005001293488726
4001277633767
33003584396
4001160274718
32789350221
1005001822323281
1005001446299360
4000592636111
32935019060
1005001514342898
4000301297689
1005001960194292
32721301326
32858170893
32821838000
4000706298452
32815806210
33036058960
1005001670827478
1005002010985421
33054045894
32956651458
1005002496611195
32886958542
4000415664478
4001054166059
1005002318862403
4000314102234
4001269275409
1005001953375275
4000223679320
4001288964667
33007242300
32999881387
1005001941211744
1005002203768254
1005001705756219
4000378629654
4000121136056
1005002253364828
1005002370523486
1005002318794137
1005002384996603
1005002352389242
4001233984536
32691310810
4001285374159
1005002245697375
1005001441150732
1005002466766130
1005002330825036
4000833365212
1005002483166058
1005001562303317
1005002184167917
32836427586
1005002065820492
1005002314295403
1005002390492275
1005002214706998
32924119809
32876294227
33015048505
4000850264137
32978400740
32964063541
1005002297750360
4001257258078
1005001656989146
32987617601
1005002208070153
1005001640817470
1005002307431199
1005001481815615
32993028748
4001037346207
1005002207726232
32627301900
4001270244789
1005002283000480
1000008355804
4000312486092
32858217690
1005001664554141
32822120873
1005002112881149
32660905015
4000097655171
1005002428309529
1005002390499796
1005002398983557
1005001502068729
32859309780
1005001875707551
32926891537
4000850581280
1005002339067970
1005002060254908
32945561158
4000874189204
33046418722
1005002255203375
4000927799265
1005002333639392
1005001433484804
4001236282093
1005002012650201
1005001589003998
1005002315901294
2044696677
32861836707
4000816404647
32854250946
4000945159798
1005002318409366
1005001477928437
33034604350
4000529034283
32883118774
1005002364210255
32975815217
1005001438915367
1005001413961603
32954721733
1005002303742631
4000038709679
4000186841402
4000054370715
32915564315
4000800743405
4000197080261
4001295273538
1005002337686632
32888552716
4000236398289
4001195374540
1005002289657631
1005002002398806
1005001813054757
1005001999495350
4000315970274
32990006150
32293502205
1005002429445109
1005002442454725
1005002172208537
32906248329
1005002362915135
1776760296
32888220839
4001112212111
4001223816660
4001272292984
1005001952610154
4000031467274
1005002420461420
1005001479840820
1005001941933441
1005002481073458
1005001511741098
1005002291984854
1005001742296939
1005002416815790
4000210792621
4000857340364
4000392738612
33030656046
33064299081
4000604867571
32959571740
4000179978157
1005002319611165
1005002421423488
1005002355210466
1005002034456121
4000522112772
4001016082341
4000537398896
1005002432425777
4001210567431
1005001859447749
32800075569
33008180595
1005001785783786
4000269355585
1005002390622559
1005002224875368
1005001403225278
1005002061815081
1005001615402302
1005002356879976
1005002337651431
1005001647882897
32956193288
4001256929194
1005001457730014
1005001776899031
1005001737319084
4000917189122
32913873602
32838234236
1005002022862563
1005001903109312
1005001332488443
4000031360482
33007383624
4001181703399
4000741367620
4000258654764
4000389244410
1005002339155055
33030593428
1005002364871849
4000922309715
32968999095
32951697447
1005002360643069
1005002457368689
1005002378099841
32707515510
1005001563054396
1005001287438220
507520139
1005002348212585
1005001615772944
4000196064033
1005002298422421
10000381208541
32670530096
1005001840392917
1005001576513585
1005002385122305
4000687832470
1005002283722190
32968937240
33040926804
10000327704705
32910294328
4001270604189
32899102654
1005002288937656
1005002136408457
32750244103
1005001608769878
4001316314110
1005001604618765
4000467691067
4000507041111
4000641388543
1005001901623963
32961152550
1005001769185048
1005001941834189
33031578432
4001358707797
1005002329355701
4001054943954
33027541226
4000261860589
1005001598711462
1005002382726969
4000758786740
4001221244154
4000761096546
4000857313730
1005001998631752
32960821295
1005001705992833
4001358655963
1005002313461171
32588986358
32982703018
4001085612074
1005002433355450
1005002350905024
4000899155471
1005002307870623
32885656472
4001271498733
1005002449015861
1005001454098842
32790213270
1005002287407926
32651770660
4000105295966
1005001376121170
1005002395600880
4000157403422
1005001279347284
32917597214
1005002329809793
4001178927960
1005001747188083
33047611912
32975706563
4000111967643
1005002369576065
1000007886353
32879504764
1005001695819821
4000234862927
1424231346
4001268104885
4001178372089
1005002067914584
1005001495812386
1005001488913515
33038959977
32978719538
10000088322602
1005002028943782
32982639195
4001035737735
32947300293
4000234803574
4000253440910
4001041039257
1005001950351262
1005002459850345
32821674070
32989889141
1005002342728705
1005002336150779
33001799165
4000057974379
4000257877362
1005001430206529
1005002346991966
1005002390855415
1005001963266123
4001274389102
1005002291250233
1005002286174315
4000051537796
1000007748461
1005002122348906
4000786312635
1005002278860943
1005002103135363
32975499510
1005002423113920
4000955532097
1005001579999992
4001340631724
4001212266124
4000317588690
4000032106336
1005002252690839
33013573371
1005002461098299
1005002281936234
1005002494099382
32968672114
32930728416
1005002232010888
1005001551923455
1005001678174261
32661996486
33043034823
32908881026
1005002237973395
4000760320155
1005001919233157
1005001515039237
32858347400
32967937487
1005002435928846
1005002224222674
1005001934201506
1005002490199486
32849420443
32999503618
1005001933361068
1005002254583267
32999664439
1005001857924000
32918125617
1005002363312119
10000413501370
4000055308182
4001204344402
1005001723308303
4000183994648
10000032845358
32737701030
1005002314228296
1005001717920747
32900630782
4000792321910
4000863414594
32839646131
32822862499
1005001450341459
4000189837658
1005002054902844
4000551849682
4001045346029
1005001506432619
1005001388212212
4000699976575
4001224302294
1005001309224928
1005002338945497
1005002454328162
1005001562682883
32407156146
1005002317727662
1005002192680213
1005001858652917
32923620327
4001119014301
1005002219780162
1005002233359735
33013895344
1005002272790136
4001142821863
1005002314395311
4000459314336
32790745322
4001037928282
4001350716719
1005002219497298
1005001275187360
32410027745
4000848846725
1005001457793469
1005002375891633
1005001458907034
33046388087
1005002297092791
1005002310908879
1005001918414460
1005002413595362
1005002399196430
1005002002334667
1005001836303301
32793527179
1005002418167049
33039518020
32981683928
32902017166
32832764481
1005001466485987
4000313993624
32856140472
1005002267762216
4001121552441
1005002052601319
4001075930951
1747228826
1005002306239466
32846791087
1005001371661100
1005002393966122
4001015175577
4000181752123
32950567908
1005002329006258
4000843398716
32664901983
1005002282599113
32917838961
1005002453373701
32973491461
32782454624
1005001901896572
1005002345966455
4001235208046
32568772459
4000032072286
1005002464674467
32811931136
1000008194021
1005002340536644
4000369456108
33022899864
1005001530780847
32975962475
1005002444095954
1005001355047893
32871291012
4000268014529
1005001948707829
1005002307365831
32669991138
4000239763556
1005001398958684
1005002352714237
1005001413476605
32848842850
32965013496
1005002267980857
32885316942
4000065668855
1005002362988130
32967742958
4000909951910
32981586113
1005001878282520
32677394277
32922867587
1005002237617697
33059480964
2021023252
32464089810
1005001430427304
1005002264802007
1005002392081513
1005002279004567
1005001639408993
33027296500
32812632339
1005001997636920
4001092090917
33033431939
32849660956
1005001843217792
1005001899813592
4000953392841
1005002256243138
1005001355557235
4000828112267
33059305441
1005001755897090
1005002288167864
32824151424
32918679345
1005001785536220
32978823253
4000156490605
4000780896141
1005002389647336
4001062240446
4000317623586
32863088714
32820156684
1005001664893199
4000843014413
1005002240521572
32819882170
32764115009
32972294429
1005001863008767
33041838918
1005002345492125
32841492532
32386391703
1005002394567973
1005002064663488
1005002483239519
32954441226
1005002499424536
32803716771
32974092649
4001066643562
4000773139159
1005002314872473
1005001353728498
1005002329627798
32821711339
1005001934859783
4000163595692
1005002298887716
1005001910697050
1005002109847895
32852998894
1005002357137940
4000916581815
32920869998
32833917009
1000005982519
1005002430704098
4000153430162
1005002370055062
1005001402675069
1005002351039125
4000325156471
1005002316247871
4001061610630
4000941780634
1005002244052591
4000589450750
1005002357355081
32548181113
1005002314446883
33036967586
1005002291261510
1005002081323056
1005002423430217
32853369771
1005002168089076
1991869876
32882558253
1005002052653230
1005002341031513
4000606784099
32909345243
1005002386942011
4001193313452
4000070773396
32855802067
1005002262400161
1005001992204608
1005002345224786
32893692088
33052245052
1005001515989631
1005001335047062
4001098492365
1005002384439181
1005002441431312
1005001936434169
1005001273720581
1005002435999244
1005001436129563
1005002245427864
32657629204
1005001934439244
4001229393908
1005002499697278
32826150564
4000891323260
4001219543686
1005001411679794
4000281240335
1005001597501126
1005001376792567
32976858592
32790916962
32248414241
33041270681
1005001307918550
1005002120170262
4001325950999
1005002314265843
4001154661521
1005001825064395
1005001829990357
1005002341335942
1005002149318288
32885350674
32877056027
32811728849
32822507851
32671094814
1005002428182231
4001036236666
33008710208
1005001670716096
32955200328
33054941270
32920702619
33021988649
4001344082687
1005001821289424
1005002353748307
1005002244065137
4001259451687
1005001417491087
1005001354333027
469181247