1005001699189917
4001294351296
1005002394871124
1005002094519018
4001107506015
1005001874334861
32838889213
4001270394717
1005001469159733
1005001994873769
32981672254
1005001598493234
32917241481
33045172209
32740149305
4000260099708
4000023181839
4000861380223
4000067385953
32372654270
1005002495122316
1005002082310567
1005001749391130
32803537205
4001323938639
33053925132
4001229892475
4001189264915
1005002465087525
4001237801941
1005001850361122
1005002308940203
1005001942664210
4000034111309
33012246951
32427360444
4000050380331
1991851016
32637868748
33014625291
32521460116
4000120042181
1005001726509831
33053589180
1005002069772476
1005001793410336
1005001425404068
4000681421143
4000076284010
32912981388
1005002395949710
32822458929
1005002120577457
4000709338712
1005002463292194
32951546234
1005002131208235
32742002043
1005002467628820
1005002281108098
4000306803819
1005002320260942
32827551680
1005001585984284
1005001882259738
1005002272585032
33058873451
32771079213
32856358217
1005002328702681
32974710114
4000036848347
1005001840615339
4001103461522
4000385931637
1005001799367581
1005001415820790
1005002400693697
1005001505077067
33063391296
1005001353962099
1005002457271931
32831120023
1005001874065122
4000069296138
32989791033
1005002471563099
1005001493204486
32422184155
33017004213
32841697839
1005001813075124
1005002468112522
4000960309244
1005001612791032
1005001722290290
1005001424016275
32906298647
32908702903
1005001597679463
1005001596026932
1005001930920591
32838313315
1005002275564345
1005002301876734
1005002306246880
1005002314209972
32319722663
1005002362934025
4000369763640
1005001560809113
1005002026939267
1005002356036208
32982525856
4001212489642
1005001807957786
1005002221906058
4000088780632
1005001479587048
1005002414473709
1005002212839640
32970810986
4000199435177
1005001626610835
32850634911
1005002319099341
1005002490494041
32995047151
1005001758220379
1005001966314361
1005001789040580
4000890343361
1005002282595569
32862389320
33062306429
1005002378429847
4000970394715
1005001967820429
1005002246083783
1005001797360987
1005002286407565
1005002426145956
32974588337
1005002253392508
32811098226
32870352244
32450826857
4001270278897
4001077480093
1005002314332526
1005002467202742
4001240327243
1005002328055848
1000008121920
32988483760
1005002333371719
4000398399973
1005002387884932
1005001731271260
4001212042412
33039379061
1005002441644326
4001338836350
33010527517
1005001571444622
32958422476
32839948247
1005002099029166
32957863456
1005001265435013
1005002303472011
32880402161
4000895013063
1005002402190314
1005001483604113
4000223872016
1005002447375458
1005001817250380
32836396445
4001110049069
4000044498697
4001194412206
32797221491
1005001884618443
1005002340821984
33009218002
4000995067237
4000321322241
32967959651
1005002240307111
4000597887661
1005001604781549
1005001905117762
1005001402374945
1005001339844421
32880160982
1005002236143931
1005001929457263
1005002357651115
4000910328385
4001108011283
1005002426163173
1005001899038340
33014964471
32949129418
33014647569
1005002161574974
1005002182841164
1005001705738181
1005001756395894
33058722337
1005001841724472
32984839836
4001205293093
1005001472585219
1005002476399719
1005002029024886
1005001849124501
32714339497
32292607738
32958550324
32973782291
33005671039
32439577872
33044641414
4000578838915
1005002214932352
32577172562
1005001873118602
1005002340012496
1005002129577841
4000695493507
1005001949017481
1005001344553218
1005001830218852
1005002332059840
4000651045767
4001008272349
32848166223
1005001853332891
4000544131686
1005001910214983
4000328652589
32981719460
33015895725
32973374036
32968906219
33035969247
1005002273764200
1005001577420006
4000624672808
32983235931
4000458633967
32844514229
1005001992715014
4001197798339
32920385017
33040782842
1005001535168007
32686706384
1005002298146337
4000062944265
1005002337386161
33009468013
1005002095546967
1005002345036214
1005002107788149
32985536533
4000986599610
4001056122308
1005002111530653
4001308192025
1005002396717318
4001254417689
4000959712505
33045824742
32774398195
1005002393706770
4000873601523
1005002357728055
1005002388818627
33046445588
1005001476978017
4000199097683
32885160645
4000537049620
4000320433711
4000731200101
32920628376
4001149277527
4001275828807
33008137790
32859846676
32875807669
1005001424650377
1005001606033574
1005002438830147
32869754206
1005002250871613
4001056417416
4000370432411
4000164785094
1005002298971372
4001067567407
32905400906
1005002357414052
1005002319338534
32886292247
4000991713015
1005001461828686
4001065182939
4001234054482
1005001789146194
1005002476157376
4001066391500
4000492586034
4000990881720
4000173800161
1005001572067272
32967015329
32539187534
4000843398805
1005002337053905
4000985208391
1005002294019798
32823556686
4000459325671
1005001632955431
4000206560502
1005001644367684
4001012655160
33051080886
1005002388344192
1005001304328059
32829341185
1005002206120280
32868742891
4001100941425
33027833960
32767911991
4000034530653
1005001616810167
1005002282596407
4000120490160
1005002278857322
1005001599321044
1005002491688551
1005002472065811
33034688113
1005001364256100
32888362685
32996603327
32660994327
32973254318
1005002337188671
1005002326375294
1005002334044482
1005002346805972
2055205293
1005002317848291
1005001437332250
1005002297751185
1005001419407182
1005002277958924
32803013745
4000404679735
4000927640901
32876142707
1005001278853329
4001356664162
32842567310
32512584813
1005002368821208
4000068257693
4001054771107
4001175284826
1005002288209138
1005001639741126
1005002289023224
4000990855402
1005001786121227
1005001278966170
32968932716
4000693141710
4000528964409
1005001691394030
4001166936030
1005002313647238
33016066864
32812186543
1005002395091410
1005002425626268
4000879474068
1005002320471829
32979974756
1005002187089208
1005001769801188
4001218279633
1005002359812342
1005001484504021
1005001981065786
1005001463608415
4000168687639
1005002427811817
1005001506261617
32961842914
1005002128425586
4001131947552
4000254401601
4000828566593
32978394010
32965877332
1885414759
1005002396373809
1005002024099124
32979035377
4000235543454
32844985316
32954095977
32857267511
1005002429473380
4001231594630
1005002425079048
1005002324496450
4000130743927
4000167876541
32608963436
1005002282381383
33007455353
1005002064186724
4000822232712
1005002425448518
1005002400525461
32865037286
4001208719782
1005001731563163
4000718226300
32640587078
4000535452375
32821356672
1005002375851810
4000053459374
32718193621
32876487224
4000890540153
4000210371633
1005002460844328
32910179762
4000823307933
32971391815
1005002247272112
1005002273658777
32961099712
4000162301555
1005001913210985
1005002317663633
32853199516
1005002219458550
1005002276960537
1005002245658786
32917788032
1005002198798767
32823805980
4001111163895
1005002359750973
4001147999924
1005002476959937
32954847336
32995178505
1005002060941884
4000922508503
4000286946435
4000696102519
4000397478498
1005002347336827
4001003347928
4000807588439
32972462570
33038694162
4000776576847
4000549273982
1005002231802634
33021354082
1005002468069234
32231039912
1005001334483828
1005001652865094
1005001872582667
4001269737767
1005001511203112
4001280844277
1005002383194728
32915575932
1005002066064103
1005001500931206
4000057115742
4000533647395
1005002339436401
1005002316177644
1005001895959670
1005001799334435
32440484456
32979497685
1569522481
33040706941
1005001693154524
4000162857340
1005002433333091
33000881969
1000008492366
1005002499311805
1005001792846915
4000513998418
4000130622099
1005002270901679
1005002368345345
1005001526860785
4000052486684
1005001948555044
1005002061389276
4000117503174
33021571129
32934263965
32808195698
1005002354037895
1005002458244586
4000314230862
1005002315775797
1005001348137444
1005001561124093
32850129980
1005002211369532
1005001770545956
4000368586134
32985588939
1005001389186048
1005002398831562
1005002170993541
1005001365047442
4001284463930
1005002435835119
33018644778
4001075311783
32823652200
32955541839
4000212095055
4001284962507
4001008233759
1005002345859610
32862264227
32436858422
1005002345435935
32948950668
4001173086953
1005002427941906
1005001572396498
1005002413395786
32903026047
1005001393140762
1005001780822232
1005002314393198
1005001265406420
4001254997625
32953146247
1005001636180260
32864538334
4000090318862
1005001762993704
32785747422
4000010056907
4001227858809
1005001958892515
1005002327809381
32999427458
4000765805748
1005002411621461
1005002205036390
1005002281525921
1005002278803458
4000074672454
1005002291771138
32961417546
4000725232754
32504218499
4001063466168
4000206982335
32933861796
4001014846802
33005918152
33007963170
4000866946173
32556906659
1005002382731343
4000203393321
32997760187
4000726491982
1005002218725087
32950851870
33048127648
1005001670814422
1005002236107595
32777940130
32950274017
1005001704362431
4000430792878
32882751937
1005001405887056
1005002262719353
1005001367600954
4000829053011
32969609638
4001022669594
1005001489733598
32899842661
1005002294364365
32703338697
1005002139817060
4000958700628
1005002117509116
1005001326227771
4000450036567
32377328635
1005002253765657
4000109224409
4000785535751
32836153064
1005002434385550
32685413604
1005002101648660
4000990949787
32914131927
1005002477523832
4001335704047
32905951780
32813775474
4000522481209
4001247976285
4001365336529
32980931979
1005002393495134
1005001999674043
1005002374919689
32805699789
1005001927569401
1005002278142378
1005001415769332
1005002311150000
4001322472293
1005001439144117
32921558878
1005001834481635
1005001994262151
1005001553853161
32699016276
4000231416314
1005001901562382
2036400645
4000012237779
32752631873
4000543368546
32902635224
4000773775472
33021366439
1005002311979950
1005002422117556
1005002054693962
4000587227324
1005002352068258
32983273658
4001178117261
1005002490469317
1005002330373596
32862413662
4001054004861
32728906815
4000295677940
32921792999
1005002293255539
1005002259895415
32942372767
1005002482618001
4001205850410
1005002262695935
33035591867
32611487887
4001352618040
4001221757769
32944973383
1005002362597849
4001163376781
1005002157364527
4001039442432
4000203317511
1005002405805168
1005002447278988
32839009841
1005002396414736
32856738637
32808265282
1005001888376389
1005002129551948
1005002286404010
1005002384533716
1005002260206324
1005001303622713
33026340284
1005001879958781
1005002337234217
32955498897
1005002314503680
32712616885
32956934223
32866078348
32799250763
1005001665623383
32830076232
1005001430661545
1005001721995278
4000904356059
4001289777096
1005001899176951
4001165776167
4000666148589
1005002289343202
33059266798
32954527003
32793302530
1005002460172693
1005001961442043
33031750633
10000138677827
32947849589
32522627963
1005001334699172
1005002210682131
32980688021
33027521971
4000340768551
32877694128
4000200378756
1005002360144472
32961522440
32668533681
32968610374
1005002405187427
32742585296
32975892146
32890580245
1005002204110503
1005002278739781
4000123578928
4000172816960
1005002232262627
4001200136344
4000742962134
32861747777
32301185174
4000435089984
1005001439049775
1005002284111703
32962369189
4000326824259
4001240940041
1005002218541144
1005002357680878
1005002440088767
1005002197991250
10000309479465
1005002166766363
32986896575
32992395698
1005001650978363
1005001748829817
4001140130377
1005002348064333
4001286780089
10000154601692
4001023664858
32954814522
32986968044
4000986580980
1005002019322593
4001123364158
1005001921935818
1005001670948826
4001154294886
32861300985
4001268183828
1005001823119518
1005002072257522
32679898195
1005002350796664
4000123301331
4000152587244
1005002439856846
1005002388250469
1005002288343451
33059313471
33056478998
4000990943944
1005001868179724
1005001617177330
4000987397706
32822517232
4000559381622
32825236191
1005001913145662
1005001702726368
4000033102417
32317635849
32886663550
33023940204
4000594927855
32973567809
1005002363042366
1005002257856197
1005001356319307
4000332936265
4000789697686
4001028192139
1005001713180386
1005002364110433
32868981022
32580956774
1005002003209867
4000843952454
32858791445
1005001406035171
1005002319277360
1005002199002818
1005002314187585
1005001380904860
1005001838809837
1005002359062050
1005002064269764
32912239765
1005002386340244
1005001961313999
1005002383494339
1005002351021513
4001271345754
1005002372321743
1005002028541949
32883946243
1005002247139941
1005001333670282
4001233252817
32805255539
1005002423455011
32344557665
32880577206
1005001581214975
1005002488194228
32974253460
4000681112288
32687929409
33041787309
32848912259
1005002242378519
4001234350288
1005002411698924
1005002407945878
4000986633931
32809123177
1005001343295413
33014173466
1005002186980967
32868433292
1005002473507222
4000867512087
32566459404
1005002326729665
1005001317077543
1005001393530105
4001175594472
1005002040192023
1005002344492860
33060205741
1005001876797338
32860864854
1005001376922964
32891004774
32920941134
32784940734
1447654355
32837891413
4000993430508
1005001868761508
1005002415766269
1005001736371251
33040138994
1005002268162338
4000284184042
32866211226
2010496621
1005002383323636
32861113770
1005002423332358
1005001334142870
1005001432148354
4001094100166
1005002241872750
1005001872489521
1005001831609733
4000900433735
32638091868
1005001809346099
1005002425325999
1005001905729090
1005002212135281
1005002384959852
1005002167800781
1005001890687878
1005002212430838
32835015330
1005002278708001
32896150154
4000710060913
32879710322
4000816099876
1005001883285239
4001056705558
1005001485133513
1005002341310663
1005001935001642
4001195836658
4001091761301
1005002292396825
10000414121627
1005002206451621
1005002365547949
1005001441356274
1005002411074043
1005002346937452
1005002100809625
1005002254838632
4000145639783
1005001374544992
32824561688
1005002304282895
1005001698132305
1005002302629097
4000108853031
32998344028
1005001319623872
1005002039899973
32969095278
1005001872432602
1005001321012715
1005001640795786
1005001988718286
1005002002654178
1005002497296901
1005002378143326
1005002240735372
33002786495
4000202342607
1005002491176280
32910855470
1005002323484244
32797032534
1005001961258329
1005001641643648
1005001405114813
1005002316897519
4001014236478
4000469949471
1005002332552339
32950570589
1005002237607077
1005001787092693
1005002372107886
1005002398827073
1005001779987020
1005001511883209
1005002319107782
32851720580
32885276304
33004613551
32983612174
1005002099703735
1005002061914586
4000868562628
1005001844115615
32815114135
33048963546
1005002169142398
1005001750333366
1005002390530237
32975087491
32889440129
32547102949
32855489602
32970162987
1005001868094833
4001247118723
4000397039362
4000639795667
4000159414384
32963706642