1005001547284534
32764477752
1005002085860373
32827635002
1005001284405004
1005002424727126
32851079239
1005001413968495
4000700681925
32960602316
1005002223289266
32858769386
1005001431086730
1005001571900358
1005002375951572
4001073163363
32846425038
1005002254762286
1005002378218897
1005002266097950
4001270233459
4000918445651
1005002361590865
32476130256
1005001436989075
32963277956
32849783937
1005002000233516
33046955724
32962449122
33046106438
1005001779469436
32559111738
32964921297
1005002394010275
1005002394949851
1005001907114539
4001270998969
4000204748130
1005002276216782
32889420511
32904889684
4001116130909
1005002310319609
4001220240818
1005001577292878
4000777607301
1005002316224319
4000271893686
4000341788541
33015036011
1005002107528675
1005001621550439
1005001471009577
1005001370925672
4000083082140
10000156937498
32997722577
1005001614451577
4000095441977
4000872938311
1005002208075924
1005002206695870
1005001908334189
33013536218
32815809048
1005002303746506
1005002259655987
1005002242384614
4001187298043
32963673698
1005002291332126
4000346993427
1005001485640225
32854309401
4000280332183
1005002344231803
1005002003608073
1005002475084563
1005001387435766
4000898911925
4001286779744
1005001289075687
1005001515841882
33025289464
1005002467594616
4000850685430
1005001758762261
1005002358442302
1005001309220763
1005001924689957
33060189646
32878873118
1005001341261188
1005002344048065
1005002294423170
1005001491949063
32798906450
1005002382894292
1005002247599126
4001208922325
4001333807446
4000279010466
1005001731079852
4000127465038
1005002286234309
1005001882191578
1005001354255276
4000908565319
1005001587461582
32380898606
32864035568
1005002270493408
33024819602
1005001573897746
1005001888871924
1005002426925369
32943244311
1005002295478199
32924959852
33000604154
1005001793953405
1005002388956189
1005002443697172
1005002232864689
1005001393820241
4000786687668
32975062333
1005002204393993
1005001273639261
4000271972586
33000487989
1005001623591014
4000740076523
1005001656768979
4000450153657
1005002465412416
1005002318855918
32821428781
1005001445764685
32819362983
32984098948
4000799634064
32974667243
32918556823
4000971894796
1005002473044262
2029562074
1005001338619942
1005001704414868
4000339053588
1005002490823876
4000990422657
32990162118
1005002100272800
1005001890090030
1005002129942711
1005001950659468
1005001927373913
32768095038
1005002232343354
4001005255134
1005001588348065
32864643669
32957291926
4001143923274
4000159006282
1005002395184223
1005001976904881
4000830234276
1005002456674753
32857987684
4000808532755
33024178760
32951606043
1005002332187022
4001131994311
1005001994247865
32840494879
1005002087258276
32895916462
32908326331
1005002298182178
33004011673
1005002282979526
1005002430040882
33014036875
1005001407132578
1005002409490181
1005002266541605
1005001676751471
1005002313545744
1005002432810343
1005002252350532
4000702521757
1005002316040985
4001059595522
4000752197104
4001219890827
1005001873572774
32848783547
32566896997
1005002488543248
4000854780835
4000420385662
1005002312689521
32892210457
32942506584
1005002313953569
1005002034659524
4000037044301
1005001780689517
1005002327910802
1005001915231101
1005002378501835
1005002428526423
4001072130601
4000469786377
1005002130969038
32980501632
4000987293644
4000001481317
10000224098783
32897027220
4000828853165
32793744501
4001144198542
1005001274089524
1005002346415836
32820098133
32571297412
4001186136727
1005002271714116
1005001265854027
32855644017
1005002378062853
1005002237875975
1005002481345071
32711688061
4000531861248
4001108756681
4000484944427
32563620322
32849273772
1005001792234802
1005002117582042
4000911614435
4001279337228
33027505777
1005002254939965
4000260112890
4000171671884
33008095052
4001098552702
1005001652903929
32258331499
32426061761
4000257291890
1005002245548910
32565052491
1005002226150019
1005001623313515
1005001756431177
33043132459
1005001511158043
4000071425678
1005002378897522
32801086641
1005002337757781
1005002046712376
4001278083263
1005002344176400
1005001806423945
1005002364944510
1005001393952427
1005001731240745
32774696525
32616364098
1005001857140255
32599571359
33048866006
32995580940
32672331933
1005002294617605
1005002351568421
4000927695322
1005001975511367
32999915941
1005001498935519
1005001525406500
1005002342671850
1005001470092249
1005002212287032
1005002316047577
1005002356561727
1005002035728899
32909971245
1005002102998810
1005001723922546
32743202832
33005723845
32962144327
32966829833
4001036709293
1005001768160475
1005002314053543
1005002475342508
32831929114
32903837963
4000771306390
4000989588343
1005002172742649
4001139456446
1005001651786470
1005002387960159
4001143503813
1005001942356976
4000315050333
4001264996421
32991254965
1005001688884985
1005002296086273
32807493640
4001278647050
1005002450272659
4000957684751
32873668253
33029871506
1005002261467226
1005002141051687
4001239134944
1005001579245340
1005001993575480
1005001612828657
4001041089587
1005001873197515
32960928537
33055552029
33003640910
32344192499
33006610884
4000474649877
32821401363
1005001393843331
4000243405245
32658095747
4000019404734
1005001491385647
32838176963
1005002002432040
32824052159
1005001895167177
4000704165885
32831013644
1005002319268711
1005002361810149
1005002225354951
1005001974768777
32692806718
1005001727763079
32572095697
4001102067253
1005002203844141
1005002115945056
1005001485295768
4001015727557
1005001860820522
1005002427831699
1005002277773825
1005002038088708
4000515623003
1005002337195530
32402090387
1005002491612403
1005002326483171
1005001906564534
1005001341097302
1005002401618155
33050600827
4001302255229
4000066782120
1005002286563635
4000849082217
4000015182219
4001316317152
32813060597
4001175945095
1005002283985127
1005001802405825
32774539834
33002668399
1005001329576384
32966085094
1005002003792506
32944916097
4000071723084
32918312812
4000554783546
4001257360703
1005002348596594
1005002244935517
4001012345147
1005002210517501
1005002405408091
4000930922815
32956741815
32829700550
1005002170692844
1005002217541897
4000348959736
32821562813
4001346257633
4000449984283
4000857264857
1005002369917263
1005001847823220
1005001803376115
32680105209
1005002019444687
1005001602817354
1005002328728942
1005002320595533
33011040432
1005002225967850
32790024694
32811524619
1005001391394773
32990393926
1005002248825207
33025800790
1005002466816690
1005002368631024
1005002386887055
1005001510086540
4001307388799
4000289419834
32376785213
1005001591434459
1005002298617181
33053981836
1005002365519041
1005001906917919
1005002359925059
1005002383589398
1005001441975515
1005001599753750
32580108223
4001150604926
1005001640808042
1005002345538829
32780872003
1005002206571393
1005002425951807
32917715128
1005001917382288
4000328432918
1005001841584841
4001261442872
1005002306075548
1005002220786204
32968704642
32358879774
4000766077454
1005001430918585
4000885146687
1005001983184693
4000200490407
1005002357288301
1005001702506873
1005002166103514
32968259138
1005002306835983
1005002256529673
1005002288531787
32959450351
4000655869498
1005001756128423
1005001281105034
1005002271453984
32775272115
1005002363468803
1005002124956086
1005002138354088
32951881671
1005001489506150
32411224300
32823211224
32963983344
1005002347526050
4001273133892
32848303785
1005002484748820
4001045920768
1005001994420274
1005002282166478
1005002423629897
1005001562145473
32965667201
4000583744702
1005002043661945
32900463272
1005001447192750
1005001285170916
33022440085
1005002388773891
1005002322938178
4000287391476
1005002247409981
32864782541
1005002072368114
4000991920801
4000231178045
1005001624727717
1005002281052942
1005001989304524
32986763314
1005002495242909
1005001923885885
1005001269869294
1005002277614612
1005002495264172
1005002426051974
4001228763209
1005001689184160
1005002229733730
33025700210
1005001531877314
1005002363252645
32503866739
1005001844371107
1005002207531594
1005002214135221
1997350889
33025462351
1930764773
4001124656477
1005002233437233
4000808346791
4000872711808
4001273303534
1005001997683664
32857953644
1005001344457503
1005001736493053
32832483726
1005001340058141
32861991153
1005002398861554
1005002232537491
1005001364978694
4000786370785
1005002359797960
4000701427979
1005002302214543
1005002074025268
32980082917
1005001845078967
1005002237427768
32515827234
4000939249771
32680084934
4000277966644
4000079801528
1005001657029558
1005001756245381
1005002369143924
1005001868493842
1005002435329291
1005002212917592
4000031752378
1005001693058807
32867937515
1005001690780381
32790552637
1005002264595574
4001203313488
32811544328
1005001591517930
1005001319784972
33048894949
1005001957556686
1005002239047258
1005002356557012
4001010109065
1005001836865363
4001230139527
4001272097676
4001007916677
33022016674
10000027887958
1005002433468242
4000602926682
1005001588106865
1005002260293181
4000266926744
1005002132937403
33053644448
4000706728552
33041060025
1005001779595166
1005001381229502
32881893596
4001222783861
32642699776
1005002281626771
32852600159
32852434653
1005002313301832
32888101100
1005002170551030
1005002340282273
32880870993
32445863624
1005001353981507
1005002292554647
4001004927271
4000971093709
1005002276279223
1005002310912928
1005002425974113
1005002425954955
33049622908
1005001971926040
4000170063492
1005001326625878
1005002298697819
10000024055662
32497397361
4000094119250
33010560724
1005002047007508
32861675956
4000624408735
1005002482173772
32955887940
1005002214393188
1005002068486739
1005001705408176
1005001491666093
1005001521464014
1005002330461751
1005001289399911
1005002292605322
1005002100757544
32815427169
1005002474066828
1005001568486410
1005002449743178
32856247453
32816577210
1005002410851595
32843452159
1005002394799214
32796187699
1005001807508421
4001295892366
4000245938412
32851864655
1005001682920860
32908542895
1005001568551404
4000993056748
1005001568657385
32662478017
1005002007088903
4001026594411
1005002281987088
32981350617
1005001951933571
1005002160238271
32557101580
4001010410312
32820530294
1005002001282796
1005002381980566
1005001511741033
33058782043
1005001770789958
32991962057
32809275139
4001086027574
1005001741046174
4000842971519
32863187439
4000323072956
4001280488074
32453597632
32391085204
32770965888
4000992394602
1005001401793531
1005001329779157
1005002450399985
1005002238327355
32967049560
1005002454342165
32810933346
4001333396412
4000685106055
4000943591322
4000727721302
4000472097326
32799532004
1005001709431177
4000069967746
32978387389
1005002199674723
32787393373
4001014429775
1005002352337644
32969239283
1005001942877520
32841218461
32865463757
1005001625666486
32852071311
32902701857
4000452325113
4000930875316
1005002278542335
1005001890538490
1005002474139028
1005002319119348
1005002122054016
4000323541564
4000546594301
32945279007
32722512497
1005001530808423
1005002084335613
4001077195081
32868308705
1005002276812003
4001110351384
1005002317381021
1005001435706582
1005001564962915
1005001488264563
32747210975
4001013292786
4000205792489
1005001459987257
4000328396800
32880370760
32965654930
4001257818769
1005002185983221
1005002487879260
1005002304527339
4000849888017
1005001607866419
4001075366228
1005002282577189
1790254047
4000252358900
1005001344279566
33032517390
32578815212
1005002414210863
1005002303069561
32962040048
32915949197
32599577727
1005002024220176
32948784285
32720457825
33006154133
4001271694436
1005002231205701
32906350901
1005002278274110
32824835934
1005001522105561
4000166612703
4000235109583
1005002064239460
1005001563766451
1005002401219063
32669371601
1005001388524365
4000938634751
33039652456
32578977111
1005002263537376
4001143061168
1005001946759425
4001207060396
10000397731075
4001080619986
33012766052
1005002257640000
1005002241839840
1005002375532818
1005002386679749
1005002334485881
4001292406577
1005001763931554
4000168836248
1005002265654992
32703996646
1005001452143857
1005001316844709
1005002397752529
1005001552869574
32973040870
32852497610
32392628324
1005002381596595
1005002319286101
1005002280866527
1005002364472441
1005002362704882
1005001381850515
1005002265056528
1005002498747531
1005002369598994
1005002339703807
10000138253860
1005001469303490
1005002252571088
4000867351393
1005002314402863
4001313812770
4000604535189
1005001771019127
1005002278348680
1005001461173054
1005001958315340
4001127037790
32812204307
4000780937103
1005002278801447
4000488686835
1005001872346885
1005002308089806
4001273370390
1005001864136140
1005001736476002
32794884350
1005002444306307
33000004103
4001278932536
4001193716633
1005002379172411
32860461981
1645534262
4000130228503
4000820699385
4000884195674
32975196253
4000057752790
1005001439750409
4000507485230
1005002324641115
4000959451347
1005002366224583
32917064533
4001365944561
1005002447825143
32799311421
4000895014521
1005002067319983
1005002314582304
4000167657566
1005001447385425
1005002314395595
32860829437
1005002082095478
1005001839242014
1005002028608949
1005001966990073
1005001603858397
1005002388745541
1005001889464081
33022015638
1005002281685946
1685935872
1005001435662106
1005002494555562
10000352453966
1005002128115692
751391524
4000538386259
32967173169
4000986273666
1005001334283087
1005002335921363
32843291174
4001143174615
4000149729438
33002032477
32916324844
1005002159323719
4001232922681
1005001640077266
1005001645532048
1005002136204022
4000292328910
32535994008
4000971022420
1005002481181141
4001123934589
1005002362601610
1005001978088588
4001254684897
364926348
32992175671
1005001957410406
1005002428320101
1005001829381913
4000576342198
4000532843287
1005002353622110
4001192990555
1005002133420911
4001270635728
1005001952782519
4000780066296
1005001955191130
32940985618
1005002382904421
4001224148473
4000143400000
32947039881
32650652774
1870654147
32955642984
1005002496834556
1005002441517612
32982864654
32880861192
1005002418383293
4000792905532
1005002408316930
32623092039
1005001405022370
1005002206518421
1005001779760872
1005002236170106
1005001561963788
1005002132680674
32699013731
4000184826117
1005002443346818
1005002348881644
1005002440073977
4000268121744
1005002334245936
1005001646031410
1005001277698503
1005001885777288
32848265898
1005002468856544
1005001672047667
1005002393373985
1000006301882
4001076115912
1005002412472056
33010445977
1005002326766526
4000307263821
4001246364685
4001286307953
32848630069
1005001556837134
1005002314350962
1005002147365762
1005001702108621
32853356553
1005001321307887
10000415789612
1005001834887534
1005002312611359
1005002358141582
1005002435889653
33023846155
1005002490558170
4001241487402
4001360770703
32894435257
1005002301538571
1005002330663920
1005002348205720
1005002247442223
4000006493335
1005002258595812
1005002241482672
1005002481033454
4001317673735
1005001623487165
1005001952993859
1005002267426755
1005001570890715
32829434431
1005002422889994
1005001500939351
1005002286469658
1005002328213298
32875731876
4001073127641