1005001927723209
1005002314021362
1005001977480632
32870859029
32745770409
1005002400169904
1005002324087688
1005002319960823
1005002407935056
4001080077216
4001095091493
1005002402235856
32624733955
33000503314
1005002258357313
32832852853
33011644864
1005002181218730
1005002311741758
1005001488836230
1005002362594164
1005002181226699
32958570690
1005001869256095
1005001900900898
32825791075
1005001329007140
1005002192722819
1005002345592741
4001298067421
1005002238065634
1005002477539856
4001230292845
1005001792630168
1497153036
33013894719
1005002290159119
1005001722332032
1005001326449099
1005001441308754
4001017514242
4000263871549
1005002437639279
33014780251
33005441862
1005002382004955
1005002299851689
1005001671785821
4001272371894
1005001774692694
1005002417845666
1005002466183150
32831664713
1005001585930963
1005001362996147
4000886134093
1005002311715164
32574072319
1005001813334197
1005002388540860
32984518735
32926879599
4000152270015
1005001638752498
1005002259260330
1005002454312476
1005001956944553
4000062439765
1005002417734344
32360204522
32652929639
32960701081
4000781814065
1005002362533655
32997932344
32263037507
1005002485049580
1005001626518039
32828442334
32824786197
2007419449
32979890376
1005001281725939
1005002039135603
1005002431964240
33030626552
32666990272
32678816213
1881194035
1005002343654883
32988548784
1005002106301207
33046752084
1005001408144866
1005002310001780
32956841964
1005002259198896
1005002124878403
1005002371718387
33033131187
33004731866
1005001918585432
1005002324219550
1005002340404448
32820024114
1005002387079469
32994458734
1005001679264545
32988304696
1005001369778127
1005001677421065
4001248954050
4001064864664
1005002393755388
1005002377127660
1005001304605816
4001313047201
1005002476545969
32750742005
1005002296771962
1005002453617365
4001063077806
1005002316580030
32965441325
1005002276314271
33018393503
1005002431066376
1005002198905842
1005001988909623
32805650122
1005001863510554
1005001958816302
1005002490432421
32884167375
4001250966671
1005001797727758
1005002287473392
4001231466335
1005002448719182
1005001692774681
10000260104299
1005001854072902
4000054302699
1005001581855661
1005002418535271
1005001997965144
4000214588096
4001217793869
1005001698837239
1005002368943337
4001114883409
32837454671
4001152316316
1005002320956793
1005002317660703
1005001515721033
32949412077
1005001585742447
1005001860561467
32971569691
1005001878683324
1005001900567868
4001290054223
1005002346181070
33001010114
32291944061
32799025249
1005002282243871
1005002377015553
1005002432478784
1005001867422050
32827138330
32997107152
32730446119
1005002026938158
33060360212
33020068611
1005002246796390
1005002497429907
1005002173411160
4000909588943
4001280187990
1005002321204618
1005002313725592
4000749870997
1005002488575492
4000044757217
1005001311277590
32846271060
1005001452400812
33056233153
33054008744
1005001297811167
4000893988551
32869001178
1005002334431076
1005002322236657
32606549594
32706144696
1005002299831217
1005002359107297
1005002234365819
32956506600
1005002281258350
1005002233076606
32934539500
4000699083901
1005002428332057
4000182966699
4000714404130
1005001669731044
1005001867730854
32907913954
1005001344270276
32518141407
4000738637033
4000807402736
4001276652311
4000202153162
4001230203980
1005002376207232
4001187826485
1005002012543115
1005002397947530
1005002037814191
1005001845019801
4001278861925
4001052789580
32874920086
4001324908842
1005002446382696
32847436256
1005001624663467
1005002301937298
4000907669782
33004754106
1005002483042253
1005002346106803
1005002239192943
1005002454311268
1005001688512107
1005002394152211
1005002086244310
1005002372318822
4000909603053
1737911394
32724125617
32920376147
32863978791
1005002342292390
32998844199
1005001471444171
4000467835534
1005002294629357
1005001965462679
4000911775284
1005002356551799
4000056863476
1005002239108587
10000012618090
1005001515868266
32997313721
32959322606
1005001836165034
4001129056649
1005002301703259
32900613632
4001158277236
4000704136212
1005002475428927
4000232177954
33005710599
1005001876560765
1005001341313062
1005002347063423
4001211127505
1005002383811478
1005001905675887
1005002322798617
4000965550631
32998470343
1005002394804131
1005002310604047
32857236190
4001061918420
1005002262225693
32900182985
1005002443473478
1005002368402264
4000068569684
32990450497
1005002093657434
32884147850
32890676918
1005001308605423
4000453993714
1005001670895741
4000171675741
32865183341
4001241183230
32787737567
1005002324714815
4001356216315
1000004717408
4000833729210
32889412443
4000117903801
4000459708898
1005001970778642
1005002467779751
1005001675090914
1005002396893530
1005001609425754
1005002298830099
1005001692475778
32798763466
1005001333350578
33026398336
1005001698819768
1005002392973663
1005001493649296
32858101857
1005001787323026
32874812314
1005001883407299
1005002318336965
4000921962132
1005001418861229
1005001695420440
10000207426266
1005001839659811
32967609920
4001072927927
4001283459107
1005002292208103
4000525130938
1005001629623082
1005001567262004
1005001914273094
4000198780536
1005002348621433
4001274138923
577857641
1005001599804274
1005002175163130
4000943621023
1005001960624181
1005001649200217
1005002239856828
4000703995752
1005001586398915
10000102568426
1005002387878541
1005002381340061
1005002439793362
1005002027221269
32887821142
1005001687661585
33004947791
1005001489373315
4000709046698
1005001897671175
1005002362148528
1005001704816970
1005002314286479
1005001506554085
1005001392839429
32959844526
33040221902
33001875707
32695703658
4000940810429
1005002280663184
1005001489424728
32866291355
1005001588446258
1005001452899950
4000708834744
4000960423427
1005001717320731
32978680052
32865759002
1005001854777121
32976842597
10000032889310
4001113297150
1005001653131253
1005001882415194
4000016199284
1005002489542662
1005002046718682
1005002011648069
4000266324766
1005002365112991
1005002119605831
4001235166227
1005001647929796
4000179673236
1005001831800195
1005001714714461
32805064479
1005002388494710
1005002207644799
1005002496665875
1005002297689030
1005002342540732
1005001873244360
1005001768366986
4000110534645
1005002303994855
4000219968048
1005001398976079
1005001812600259
1005002450430355
1005001828916121
4000227100259
1005002483133705
4001150934189
1005001658004887
32722829270
1005002080310103
1005002448620369
32967450503
1005002453653931
1005001338918714
1005002365234735
1005001683936291
1005002304261280
4000096290162
32975654641
32743306536
1005001797812868
1005001349300382
33033939969
1005002304087594
4000439981484
4000903650656
32996247565
4001271160669
1005002357718456
1005001525474435
33052355072
4001235418335
32647871101
1005002073554995
32791396097
1005002335812502
32868778106
4000894132931
4000761404149
1005002052612354
33030231637
32831085247
1005001504923410
33043688389
10000416016803
1005002269275018
1005002317578606
32973317908
1005002382685576
1005001824319773
4000059310878
4000693156494
1005002137413000
1005002023879764
32376862171
32862685191
1005002314412775
32854095859
1005001509426344
1000006770044
1005001877545891
32347028904
4000269454285
1005002363586390
1005002281022142
1005001688902274
1005002389223688
32955251265
4000415154789
32960088383
1005002291426566
4001157625605
32369698537
32404452244
4000572435762
1005002423676103
32777404251
1005002094078123
1005002434051372
1005002277930500
4000955194475
32871174900
1005002311581368
1005002364952862
32799396837
1005002390484836
4000243294856
4000465636590
4000511669094
1005002405674637
4000000852436
1005001437402816
32896669632
1005001484600120
32990958634
1005002165915760
1005001466607751
4001248696363
4001264211791
4000491255340
4001097361974
1005002054439099
1005002110264890
4000152932659
1005002287753355
32903587668
32418388666
1005002303610324
32863389125
1005002355699056
1005001325827343
1005002330753268
1005001529191417
4000338376449
4000548578192
1005001858870069
1005002388473186
33024158993
1005001727687044
32655491206
1005002388028479
1005002360024862
1005002375790498
1005001584809796
4000344963579
1005002042007810
1005001546590285
1005002340892627
32950147929
33004827636
1005001357250461
4000764564497
1005002346832451
32976946661
4001216529566
1005002462597064
32958231238
32860657103
32953898541
1005002092351246
1005001923340777
1005001413568806
1005002322700407
4000983368272
1005002225690804
32889579129
1005001922215864
33053718946
4000286643180
4000687433295
4001138589064
1005002323279838
1005002317568783
1005002071519019
1005002411165493
4000703993191
32993114753
1005002232637971
4000628277098
32650543860
4000898122391
4000883462290
32757348944
4001279100101
4000301065581
4000253387671
32553293783
4000453779770
4001075002212
4000479240145
32886340870
1005001287661026
1005002383395586
1005002253270582
1005002039997120
1005001469230072
4000979554260
4000272946292
32972565386
32847347606
1005001670750912
4000124257538
33011510012
33001362087
4000427089609
1005002012480976
1005001488765989
1005001977930412
4001180079024
32959728614
1005001520397278
4000488814340
1005001630745787
1005001855276920
4000938884077
4001256516185
1005001469029492
32999109157
4000343966247
1005001874003870
32804181338
33018371849
1005002275434930
1005001500639858
1005001890322749
32843176302
1005002490460161
32954676592
1005002034087555
32831759441
1005002226125972
4000320931467
1005002133560267
1005002315269661
4000144471806
32873497610
1005001602511662
1005002334960537
32610683006
1005001731930174
4000712211982
1005002282966203
33020517316
32991431165
32483068011
32977569965
1005002192485648
4000730343737
1005001825358715
4001290551648
32963093444
1005002428487177
1005002054779031
32823628049
4000488769789
1005002453197376
1005002338530365
32997803934
32820873452
1005002224504741
32922451548
1005001875442536
1005002266390580
1005002073589773
10000178132558
1005001586838783
1005001389950528
32899018665
32908501647
4000160659968
4001347420052
32619086641
4001045991911
32997554681
1005002379250367
4001125472638
32963080588
33055898211
1005002089545101
33046995597
1005002238013063
1005001714178960
1005001424954304
32996986933
1005001694322110
4000122261137
1005001982922676
32809086684
1005002018178749
1005002398738796
1005001956757925
33037212004
1005002267577224
4000062786952
1005002289457204
32979601448
32982671271
1005002305591869
32948809164
32956749622
1005001921881387
32852247603
32958045211
1005002309857214
4000909665367
32424374917
1005001469525985
1005001642725582
1005001522525489
1005002291109563
33013867380
4001122819378
32747337842
32989077660
1005001793942849
1005002307468003
4000104405190
1005002261915635
4001218927334
4000375524951
1005001758846792
32919206540
1005002346991991
32832592000
4000092751909
1716612187
33058696594
32889432193
1005002491042135
1317252899
4001287116581
1005002484809083
4000696870602
1005001302700069
1005002361381192
4000341738230
4001081161351
1005002013070686
1005002458143618
1005001840087131
4001230333772
4001103979875
1005001512197206
32608687793
1005001333846617
1005002127899687
1005002373164538
1005001528903792
1005001639818210
1005002342924522
4000199080304
1005002266232939
1005001655219488
32969017101
32999148946
1005001747389437
4000553224607
1005001594911248
1005002080701717
32890695790
4001056852017
32921108914
1005001825186504
4001153999234
1005002077256045
1005001893973235
1005002370491018
4000057117866
4000047361120
32778022805
32857069677
32887831368
1005002322548218
4001228257538
1005002416944817
4000002730917
4000986698436
1005001441487223
1005002409112768
1005002278810529
1005002342285975
4000959953895
32895437498
1005002289165202
1005002378917576
33017909302
4001202577806
1005002246902997
1005001975283330
4000663983377
1005001537492005
1005002026959504
32824556114
1005002437564596
4001230422197
32642024750
1005001463604184
10000062981279
4001214556656
32955770208
1005001350308913
33062386338
1005002392412440
32941969574
32731055124
32841255293
1005002281798694
1005002271861239
1000007145509
1005001908232734
4000751189184
4000401617540
1005002399149351
1005002295353203
4001049997457
32833149074
1005001382037675
4000789298469
32805518738
1005001845449916
4000096406716
1005002293827124
1005001863574988
1005002357592542
1005001888405487
32974224676
1005002270544898
4000533624768
4000203043805
1005002406547678
1005001383435867
1005002345809961
32864728581
4001220565965
1005001478630181
1005002499526321
1005001939543186
1005001411880996
4000456848042
4001278825981
1005001877902350
1005001650913801
1005002476707715
33021496675
1005002223542363
32957239232
1005001799150818
4000965584772
1005002442011680
33014226657
1005001905389491
1005002285985577
32985796486
32915261747
1005002243978759
32974361395
32951354205
1005001897452579
32908460792
1005002394906784
1005002233213111
1005001566874953
1005002301759972
32904668797
1005001696359952
1005002361923352
32912465584
1005002434942930
1005002118880443
1005002465503654
33049975625
1005001343340168
1005002453774394
32832529311
1005002347681119
32863848364
1005001846428408
33021378995
32911906158
32900589157
4000465381657
1005002311061413
1005001817499166
1005002394174292
32888624661
4000996977531
1005002294574824
32949830622
4001326100620
32870654812
1005001989322046
1005001367696474
33010600057
4001153953597
32905854206
1005002382091121
4000855573385
4001094999087
1005001972623854
1005002314503072
32972178014
1005001592932817
1005002333373123
4001272923582
32950783438
32956378166
1005002304288197
33001693772
1005001489740721
32904776495
1005001776445120
32949916936
1005001406863234
1005001364697773
1005002322813187
1005002386920446
4001065883119
32983148620
32967984728
1005002318790316
32898766439
4000672778220
4000350880642
4000430518566
1005002354043050
32902470040
4000094331033
4000381446620
1005002190768795
1005002059818078
1005001538355092
4000246508957
1005001674492705
1005002302426956
1005002038318661
1005002347571226
1005001305564931
4001108645390
1005001479829236
32807161213
1005001907019386
1005001698985480
1005002319486429
4001177791866
4001274777692
32996538652
1005001784789173
32973164945
1005002227860960
4000961776931
32993858123
32841920003
1005002413054358
4000096297566
4001147777727
4001219339856
1005002447378801
33004574471
4001018836201
1005002212434954
1005002317544980
32856465136
4000884661624
1005001585412245
32894530895
1005002242630076
4000123043770
4000813123856
32817371226
32970493019
32608035898
4000848793719
1005002313254104
32853265281
32969835270
1005002482904919
1005002277929503
1005002353265022
32380205980
1005002362076231
1005001770566635
1005001623143642
32909025281
32671068898
32966588387
4001041932951
1005001793204344
1005002371428289
33007999374
4000140349808
33034139620
1005002483712773
4000791426701
32880634610
32752675302
4001127524955
1005002244672506
33011672370
4000552802289
1005002323517871
4000401596986
32397091921
32759738955
32911832609
1005001881500302
1005002307954167
32890216440
32968161482
1005001873494040