4001242138272
1005002339591124
4000921122106
1005001343887276
32446261770
1005002038662023
32983427169
32838755478
1005001966525539
4000203624638
1005002388819260
1005002367805307
1005002373471481
1005001816921536
32906097148
1005002430932954
1005002465567226
1005002353939927
33053650889
4000711317709
1005002129456315
4000259373916
1005002321304757
32617784862
1005001950582539
1005001346436215
32786875394
1005001631626377
1005002491112230
1005002461408848
4001244640483
1005002063321580
1005002401374319
10000028252322
32855180909
1005002264411767
1005001350060468
4000966361103
10000397733834
1005002167648851
4000529715370
1005001444595636
10000401712386
32657058575
1005002446545621
32996977217
32802484116
1005002454251682
32958619198
32801409491
4000185619304
4001361616706
32970292696
1005001656739236
32792779599
1005001805561150
1005001678403124
4001313343238
32601915360
4000537825880
1005001820870799
4000693657133
1005001519834212
1005001639187853
1005001291416436
10000143124088
1005002254067664
4000721097769
32829343631
4001047609187
1005001972374653
1005002281086908
1005001883892473
32988012890
1005001308336102
1005002373016233
1005001699641743
4000096702434
1005001926834566
4001264438467
33010076080
1005002333413425
1005001426197074
1005001499190691
4000741942846
1005002388333547
1049095890
1005001665755353
33013691739
4000219928671
1005002475165473
4001055051385
1005002394350977
1005002425976810
1005001870102042
4001014032458
1005002431933910
1005002431034250
4001207311747
1005002239142515
33029611324
1005002387463732
1005002330359468
32889392476
4001170957690
4001111114650
4001185311517
1005002253355130
4000041597695
1005001739377834
1005002159121483
1005002110702257
32970592125
32933019225
4001209933690
32877866820
1005002321167931
32983554155
1005002384325753
1005002392279152
1005001423219915
1005001706246048
32980693042
1005002409857675
1005002388893993
32756865455
32967774583
1005001920352721
4000956204720
32839531283
33000789026
1005002287608334
32995580793
4000306624618
1005001936235393
1005001590317732
1005002239557940
32694392899
1005002022859322
32951090108
1005002359188212
32389505782
1005002105243286
1005001302742494
33025434550
1005001279410217
1005002413552816
32995694241
1005002457702271
32517176205
1005002417697909
4001322094419
4000351641745
1005002120228213
1005001942406883
1005002027779870
1005002066660437
4001361209509
4001118033390
32502781166
1005002431528284
1005001593115079
1005001806318346
4000106189774
4001332351217
4001240777028
32798013081
10000008017531
1005002333314985
32858563408
4000453310257
1005002344344648
1005001586213596
1005002084295454
1005002364242806
1005001570532104
1005001481998233
33016122090
1005002313880837
1005001942159448
1005002133910181
1005002461159762
32742688224
32947401253
1005002360232210
1005001949581530
4001204315915
32759803411
1005001845189855
1005002157275141
1005002176360090
1005002402680464
1005002462863021
4001216879537
1005001504462332
32822766982
1005002012660865
32257978853
32705410122
1005001325472637
1005001582656114
32873619172
1005001705509671
4000179559862
1005001807893308
1005001763243323
1005002400131270
32929042383
1005001731263736
1005002460256828
1005002231570770
1005002395579094
1005002294280018
32822812690
4000346198111
32947461651
32884889358
33012697360
1005001627288978
1005002339876002
1005001872065051
4000829544299
1005001831753871
32951247402
1005001617848035
1005002363338537
32923715940
4000849807658
32952543115
1005001525341833
32965389601
1005002159027215
32809306663
4000335850501
1005002431468569
1005002115246867
32835619750
1005002491389466
1005002012099996
1005002311422150
1005002262523109
32856585002
32900675685
1005002030868884
32685852165
4001083439300
1005002270694293
32250947601
4000210000158
32838422788
32927835756
32846864155
1005001858641928
32942037967
32483934051
1005002322506630
1005002282492534
32961492129
4001226815328
1005001754643408
1005002125235246
1005002454298419
32918319689
32892410867
1005001704195371
1005001438852880
1005002476379752
1005002039089298
4001237904491
1005002046846067
4001162183638
4000166934682
1005002055841108
33016334806
4000859269676
32789397332
1005001807277615
4001205189941
32895786620
32860597088
32731134865
1005002310729356
1005001860440219
1005001807414125
1005002448891430
32895846792
1005001817337593
1005002282067429
1005001609462028
32949055405
1005001893843818
4000191910346
33041111027
1005002388431417
4000469081105
1005002244076616
1005002049404989
4000105375152
1005002481338677
1005002315555671
32739218003
1005002383189712
1005002078884257
33048654847
4000960536962
1005002343987426
4000788590961
1005002321602401
33009566022
33023494957
1005001409735676
1005002417524780
1005002397309799
32241328465
1005002304773021
1005002483974629
1005001618401761
1005002027101802
1005002204692542
1005001504494933
1005001462555942
32296505519
1005002089596741
32846244778
4000879053258
1005002394865183
32868758356
1005002499715058
1005002318802402
33004264612
4000784919389
32803273830
1005002197083646
1005001511356604
32988250274
1005002304722557
1005001863235311
32957402792
32982309400
32700934135
1005002437774947
1005002323361522
1005002443063701
4000870792452
1005002341888380
1005001514175503
1005002280364934
1005001334487072
1005001963547361
4000938829113
4001200618883
4000543861173
4001189214776
4000774887252
1005002122527073
32896919426
32689946373
1005002253275857
32547235726
4001234043448
1005001462312841
1005002277400626
32801282340
1005001825145412
1005002305400874
1005001386028963
33016427498
1005001536557944
32250154822
1005002396761013
1005002271379399
1005002034406108
1005001303428908
1005001747227331
33014071856
32652755603
1005002354459130
1005002262638920
32927498426
4000973537902
1005002400144597
1005002259290564
32530489743
1005001309501142
4000386842519
32668944466
1005002353159607
1005001752751270
4000850552213
4000296076563
1005002461441206
1005002489845502
4001022007463
1005002454244653
4001093633283
32505388173
4000777451939
33006826418
1005001867332546
1005002291601920
1005001966459114
32977547057
1005002212062240
1005001875804622
1005002210379866
1005002310941474
4000986620959
32840738949
1005001505033706
1005002430482518
10000214680533
1005002372195679
4001136233615
1005001350928216
32825140263
1005002240852076
1005001859429412
32694554975
4001227987561
1005002378955392
4001015183254
1005001731932073
33016853352
4001280379442
1005002434522358
4000956715855
1005002381880400
1005001820106740
32970014230
1005002378706522
1005002253735313
32858640568
33039702225
10000399476841
1005001680543642
32847969598
1005002417335959
32904328483
1005002289113391
1005001913809192
1005001763499038
4001272340547
1005002329519089
1005002395039759
1005001998347996
1005002301633797
1005002211786617
1005001968344721
1005001885514036
4001202782223
1005002044442247
1005001728124472
32921758410
32994487801
32272103895
1005001930624992
32611096192
32793584512
1005002336363814
1005001798417068
4000749053733
1005002360195045
32971643988
32962750132
4000987478414
1005002406982503
1005002337302534
1005001630965694
1005001701018111
33010081095
4000838711394
4000918209047
4001119595910
1005002447703984
1005002297035587
32827561649
32942047073
1005001298626837
1005001666550120
32913850590
1005002398811141
1005002421256813
1444720835
32816108368
4000803676941
1005002358320159
32989713529
32963996665
1005002314234456
4001097285206
4001294472669
1005001535708880
4000744960215
1005002388299596
4000357940114
1005002314657258
1005001348102103
1005002264898186
32979776272
1005002382703734
32946758974
1005001281814725
1005001625148533
4000114241598
33037779468
1005001640085940
4000236907792
1005001920794868
1005002317737035
1005002318805432
1005002289159518
32889945137
1005002443694436
1005002237917971
1005002382287249
1005001281509999
1005002400562401
1005002211033672
1005001731919295
32948233922
1005001869855144
1005001899272387
33039399837
33061050492
4001254346900
32757666704
1005001845479868
1005002374381727
32608872068
1005002473986655
32575153671
1005001948003233
1005002168235210
4000319691582
1005001408345564
4000802192360
1005001437985725
33028876907
1005001323211385
32638976398
32844847439
1005001606452341
1005001670716816
4000970168131
33018665299
1005001275057707
33015146096
32391094120
4000303320348
33040674742
1005002264293898
4000039207695
4001359279955
1005002461690101
1005002238581463
4000216769341
4000775743625
4001261602435
4000890503867
33007499164
1005002314336062
1005001614203410
1005002394721298
1005002273386417
32824730133
4000849683978
1005002287471307
10000013456407
32844354468
1005002491628407
1005002245846679
1005002386181790
1005002467765179
1005002295521451
32898602953
1005002278075863
1005002451922522
1005002210460028
1005002290781913
32812904827
1005002294075277
32918402669
1005001615467483
1005002460832304
1005002499693228
33006201222
1005002258597290
1005001500679954
32985338154
1005002347531037
1005002133739387
4000940793565
1005002063584341
4000035513533
1005001357613258
1005001589270086
1005002270250630
4000320129102
4001083587987
4001214435389
1005002452933279
32836168077
1005002278877382
4000833318504
1005001338922967
32955193249
4000015341435
1005002392950887
1005002245470149
4001214281260
32458431493
32705472683
1005001851328965
32749823969
1005001348268521
32865798994
10000032924988
33004084878
1005002433003895
1005002304565625
32948950688
1005001921832787
4001292773058
4000256739518
33047150461
32822640461
32658555897
1005002330771522
4001246176473
4000220115536
1005001680548550
1005002446443518
4001327183087
32384709490
1005002313935645
1005002399738146
32599809153
1005002373126690
1005002346331827
1005001917078855
1005002329722909
32861394123
32542722499
32909442372
1005002352797759
32413146072
4000193067235
1005002192977165
4000017085015
4000899442447
4000636201528
1005001738477156
1005001506278522
1005001835137117
33040840151
4000340772754
4001202379985
1005001419009170
4000498647974
1005002304218956
4000414505909
1005002332687554
1005001664780496
32985951685
4000856743620
1005002421289848
4000002423277
4001011145171
1005001399728136
1005001968237311
1005002314223595
33000014791
32948045620
4000543647478
1005001612052483
4001313276584
1005002350391778
4000386347309
1005001297399994
32968846208
32373556464
1005002301471731
1005002373403429
33050349393
1005002326826010
32852253111
4000699428312
32953320655
33028003846
1005001797489944
1005002101953134
32979909141
1005002432457784
1005002327399189
4001283662341
1005001333638139
1005001408468816
1005002276450782
1005001913567181
32984191526
4000158759231
32803582209
1005002208688185
4001218871639
1005002260026969
1005002170779542
32507594637
1005002470738643
4000359784096
32867132440
4001163055275
1005002398042339
1005002238030252
1005002388456497
1005002198754767
1005002276673041
1005001575631183
4000154528847
1005002092918975
32882597770
1005002377906020
4000641342495
33031243300
4001270409820
1005002301160778
4001013191843
32899282844
32978147627
32961021699
32346472696
1005001980818094
1005001622839847
33004468868
1005002084691780
4000834106822
32969052710
1005001889944300
4001138538582
1005002239031747
32744840187
1005002177020316
33012474016
4001064725988
1005002307636359
32899140778
32817280170
1005001763539926
32992552846
32844372678
1005001525336688
1005001451027746
32871191524
1005001863507550
33010878563
4000013235688
33015319133
4000364457218
32877401373
1005001864404942
1005002428368720
4000994286243
32919027253
1005002336184964
32730328421
1005002374744802
4000264232976
32627970783
4000427779554
4001006362497
32916830899
32961641873
1005001493496422
1005001673215883
33058714785
4001072924880
1005001731027749
32923922868
4001284845682
1005001369972675
32854594943
33063331261
4000106325667
4000693775870
4000910280654
1005002291600383
1005002207937506
1005002353682750
1005001427779872
4000615421952
10000127343755
32882776893
4001136103380
4001208981538
32965299312
1005002050872868
4000160859455
33004099169
4001182152626
1005002413460121
4001153348391
1005001854267184
32837445740
33047770243
1005001305267667
10000254834184
1005001326661130
32737643066
1005001489009823
32901484899
1005002110020077
1005002050734766
1005002395201825
4000381326588
4001155318970
1005002447157921
1005001714052355
1005002268282145
1005001817362469
33021331420
1005001541587079
4000398934027
33053149854
4000816494949
1005002412753959
4000761994870
1005002287853755
1005002411391636
1005002372078057
1817673895
1005002398876244
1005001656930225
32999059561
32828860788
4000532400019
1005002207809527
1005001996323615
4000458664270
32964987030
32870025766
32804923167
4001108120051
1005001611925845
32842111450
1005002384556106
32860231732
4001089533767
4000288030061
1005001591003553
1005002313707370
4001035941194
4000246199235
1005002380527341
4000895682280
1005001860886106
4000149159028
4001165566480
1005002448864774
4001038300169
1005001447260479
1005002393251217
1005001334013387
4000740004187
1005001781244053
4000961877363
4001094934541
1005002272776291
4001241980618
4001209294161
4001274958846
1005002274213156
1005002336195724
4000420466039
1005002449665221
1005002316993963
32850898590
1005002428584461
32884649924
32881715394
4000494507014
1005001695594296
32683969927
1005001689686621
1005002313098546
32903841369
1005002343831409
4001349495428
1005001910550547
4001062274543
4001214238538
4000128295312
1005002305412530
1005002388112371
4000691863177
1005002444078113
1005002388814404
32646675906
1005001618229141
4000329890053
4000562009715
4001248032247
4000595177062
1005002364450015
1005002475949805
4000902331223
1005001437970823
1005001405498992
33013292295
32982483481
1005002109750618
1891756811
4001160080819
1005001858274988
1856543407
1005002350813103
1005002055649988
32899275586
1005001644178349
4000584966286
1005002211904152
1005002308066482
1005002192886119
1005001993638819
1005001885999931
4001004969165
1005002405059482
1005002049716535
32327257724
1005002320870407
1005002033678755
32988839593
32893346588
1005001858841355
33042943289
32876394917
1005001463397050
1005002393559154
32904349873
1005002313695507
4000436489866
32978017923
1005001405335247
4001111870095
1005001349444627
32532627789
1005001492817223
1698873902
4001028247068
1005001882489154
32850379905
4000588072512
1005002291084171
1005001453781291
32687349884
32900146817
32903774172
32786218381
1005001386844622
4000916504253
1005002314308858
32967970818
1005002319313860
1005001478886784
1005002327843097
10000366565808
1005002272161079
1005002096879599
32791728117
32962146010
4000812001166
1005001685232735
32971099377
1005001718399291
1005001758595124
33044441295
32251536839
1005002242599592
1005002116870044
32837783576
4001020513478
1005002027753614
1005002340638132
1005001391685266
32665877189
4001339631710
1005002432771090
4000830229053
4001238885863
1005002108430865
33003926918
32629134939
4001164291233
32957899562
32555110155
1005001557734012
32815383393
1005001798615222
32970648936
1005002110056154
32838743188
4001287811661