32977667495
4000693812632
1005002340513970
32819864687
1005002398966911
1005001501536947
32320704205
1005002301728690
4000698469221
4000264527318
4001014777529
33025821380
1005002270554121
1005001795920567
1005002396682847
1005001586582675
33007195714
1005001446898063
1005002096259126
1005002315822846
4000459219892
1005001521275646
32919748026
1005002335083123
1005001529060029
1005002335162476
4000222155325
4001003118563
4001221107054
32806601326
1005002283825877
33045562412
1005002326962138
1005001658041907
32807081740
1005002003371871
33025655808
1005002483177931
1005002043043051
1005002395255703
4001339728301
1005002352470954
4000324805934
1005001967955148
4000156497857
1005002413036917
32916465477
1005001639689575
1005002387496418
32810732836
1005002309574743
1005002177619415
32842962614
1005002362730366
1005002309416649
1005002258343752
32955551469
1005002357863427
10000380058387
1005002087367560
32694191870
1005001657708779
1005002310010319
1005001834734522
32981646973
1005001717655155
1005002482947885
32956665357
32826020662
4001042341453
1005002313994934
32895794941
4000758227444
1005001597572707
33055524794
4000505851652
33040210102
1000005756119
1005002130981754
4000070533841
32975627928
1005002412752785
32236814639
1005001785586091
4000529446848
1005002313551522
1005001611440403
1005001758677155
4000061203813
1005002298584228
1005002314274439
32892004904
1005002400937703
1005002329965941
1005002267687470
33032711808
1005002438676931
1719721550
1005002013101015
1005002253508634
1005002439740970
4000220670058
32691642594
4001036656162
4000009482572
4001238488145
33059361018
1005002314667142
1005001890014968
1005002073036261
4000238474819
1005002484880559
4000856980791
33004378734
33022593913
1005001835136604
1005002318925008
4001248043559
1005002383311075
32889536901
4001263959587
1005002293212072
1005002405095353
4000348586586
1005002008186872
1005002080777197
32876276504
32942856196
32797105887
1005002453625476
1005002046290658
4001003416671
33032560189
32960729829
4001110805945
1005002448764086
1005001418151262
1005001478553440
33013818683
1005002466182631
32772115296
33011866931
1005001898874194
4001130364553
4000682461623
4000449883723
32963151940
1005001659192070
1005002388994458
4000839069806
32494020969
1005002114828143
1005002426344902
1005001578979532
1005001748151289
1005001615308743
1005001399129523
4001153544961
1005001651736641
33019689290
33041831606
4000336729377
1005002207446652
4000174148798
1005002261593455
1005002427835345
1005001495325353
1005002129321612
1005001458666226
4001365582647
32946460005
4000825847881
4001294737719
32910652142
1005002432229554
33011359075
1005001616585222
32952042533
1005001373618802
1005002273864579
4000772789604
4000153135658
1005001400658717
1005002265214242
1005001959698989
1005002208119580
1005001980990418
1005002400952718
1005002450198807
32774032876
32695599994
32959691108
4000704146360
32856564250
1005002399102960
1005002111119000
32834843411
32920470119
1005001833693316
1005001803796859
1005002334005846
1005002213087558
4000867595624
1005002417385281
4000711484493
32884438122
32995406011
32957330616
32818497562
1005002413262558
10000149480004
32803149650
4001054448090
1005002312975006
33047798091
32827770141
4001228671304
32848945804
1005001670368933
1005002375303100
1005002357398771
4000335871764
1005002465063945
1005002245493222
1005001953959130
1005002398909047
4000204433058
1005002305704167
4001153536088
4001144355592
1005001803297640
4001178350695
1005001869855696
4000601608297
1005001606187264
4000389523194
1005001834554071
1005002114286392
32868273988
4000242449593
33002064352
1005002241299130
1005002424659987
1005002474306907
32826758019
4000780208213
4001134520679
1005001697905443
4000666357005
32522692122
33006915664
32920215915
1005002361032904
1005002388688665
32911433556
32974805046
4001065613471
32790518016
1005002359352596
1005002305421480
33057806075
1005002346935278
32867885720
1005002281059100
1005002312462533
1005002254891743
1005002476248544
4001046215153
1005001392349366
4000238148275
32853949210
1005002179744866
1005002443472490
1005002342543539
1005001941476232
32526927142
1005001855579663
1005001609195274
4001104295121
1005002500431695
4000053406366
4000092377038
1005002274154147
1005001582556271
1005002125434365
1005001977137717
1005002435842961
1005002261592117
1005002264446459
33055500577
33060631404
4000438415605
1005002376274599
1005002380835979
10000314320997
1005002303520827
1005001906966287
33028041696
4001229748803
1005002296781482
32904403204
32871307944
32637589510
1005002336954202
1005002180331662
4000171770540
1005002333222630
1005002262550258
32955611113
1005002313906147
1005002250645262
1005001316140612
1005001867186842
32909246960
32869259483
1652037855
1005002268118405
1005002161837799
32985693714
1005001645151337
4000225579342
4001296522545
4000331014165
32619662644
32828194334
32967907076
1005002432471396
1005002325149184
1005001608492240
1005002237849230
1005002346135258
1005002141195660
1005001451767612
1005002286562395
1005001923301909
4000298884560
1005002495300569
32261810030
1005002159431680
32936162146
1005002048771450
1005001361005325
4000364091509
1005001717255369
1005002165880631
32955724240
1005002287668910
1005002241654816
1005001351272418
1005001463924435
1444663164
4001248823553
32652255286
32919900391
1005001580463305
32920108155
1005001619934224
32966954688
4000252224506
1005002378339130
32949807444
32981425118
32908075472
32357513318
1005001511300541
1005001983528388
1005002318907648
32862908188
4000996500525
4000555736675
33023467990
32904313737
1005002363533539
1005002317927356
32981455214
1005001418545762
1005001595945735
4001241060543
1005002335155769
1005002310903470
1005002389641595
32988265446
1005002398511451
1005002339539731
1005002323206618
32882877068
1005002043176332
32892384988
1005002104212899
32783050361
1005002419209532
1005001736623819
32883990871
1005002457326890
1005002247284452
4001246326026
4000756388160
1005001411609645
33057487315
4000971023879
4001293376307
4000039041899
1005002312619818
1005001791887114
32965809329
1005002065519394
4000801992836
1005002302282586
4000399685651
4001267130216
1005002262746083
32265372992
1005001858471705
1005002259142975
1005001453792251
32972865015
32789738374
32991944815
1005002457781319
1005002435644715
4001208689590
1005001455926117
32856955743
1005002383671736
32793462741
1005002332683906
1005001397041529
1005001464692818
1005001287875602
1005001992786408
1005002381877799
4001256107025
4000792565779
32923964969
1005002052551845
1005001872319498
4001282839679
4000817390790
1005002380538379
32974431136
1005002022148560
1005002355642308
4001164206948
32811930087
4000469437144
4000039012551
1005002310565804
1005002458089737
1005001640664317
1005002262278362
1000007522619
1005002364290555
32327238826
1005002252968812
4000741815249
1005002394820634
1005002033134532
33048545537
1005002490603188
1005001383601041
33060041992
32855658582
1005002371917182
32844536846
4000109815040
4000818125101
32966196072
32647154146
32772675723
32822791940
1005002122463273
32738151072
1005001702972195
1005002424567735
10000302579653
32919737700
1005002246831886
32879389536
1005001860875332
32963928205
1005002475964930
1005001982802121
1005002077184726
1005002196399030
1005002194012455
32618261695
4000842635540
1005002396161599
1005001556676379
1005001562021478
1005002330436236
1005002111880951
4000712520376
1005002318457602
1005002327567238
32316269590
32973743603
4000703558678
1005001705821518
32650260248
1005002452776759
10000002722895
32990489810
4000613571424
1005001274344328
32948993848
1005002107076858
32968961712
4000862312740
1005002180691659
4001084824469
4001180299487
4001250081135
4000084782178
1005002233824237
1005002317762466
33034740421
1005001741642146
4000711563254
10000118930428
33022876121
1005001733305171
1005002398844429
1005002322170019
1005002466130134
4000410066900
1005001405718240
1005002254711796
32457034935
4001230434076
1005001763657838
32851045893
32890200621
33047477368
33033834848
33002382070
32861709801
1005001763709804
1005002378040468
1005002375175750
1005002319129669
33044684771
1005002466922900
1005002327782277
33042368369
32954121035
1005002360322325
1005001722233614
1005001845586192
1005001659443045
1005001580193397
1005002083877731
32952082439
1005002314033216
1005001562755498
1005001392473808
1005001486977111
1005001967328552
1005001586456129
4000385795324
10000400052236
1005001722132285
32929365059
32885748741
1005002447109737
1005002378045093
1005002413301330
4001339288479
4001104423173
1005001333455883
1005002192417097
4000474013277
32951419053
1005001865014128
4001279043424
32987378252
4001262603851
32976743524
32955432070
1005001604922617
4000591203039
1005001888301192
1005001526044394
1005002253207780
10000343647821
1005001431419065
4000869525478
1005001485640567
32834662678
1005002467649812
4001128037594
1005001297423160
1005001832205461
4000601103658
1005001281359469
1005001526284024
33047116553
1005001602419827
4000794800032
1005001607790199
1005002314063109
4000663870261
1005001671015206
1005002312126641
1005001843238760
1005001343183489
4001133160185
1005002305313434
33049535589
32821607007
32879678415
4000662531027
4000216178827
33035452567
1005001469457423
32803774541
4001156589520
32759802090
1005002265690187
33009637258
1005002381442851
32670137222
32991887712
32818464854
1005001797616917
32887976266
32978189419
1005001761949613
4000570055055
1005002467651331
1005002251865170
1005001789054580
1005002232874896
1005001617143577
1005002132807769
1005001315255905
32972033646
1005002340252300
1005002210256161
4000155084382
10000128198815
1005001399300622
1005002394820650
32988610463
1005002367471200
4000600001898
32708487791
32873112428
1005001688677875
1005002450486726
1005001775369514
32350974632
1005002384979116
1005001677519176
4001084041489
32789194144
4000258819906
1005001465283933
32374843152
32966145417
32730051467
32739235583
1005002284026837
1005002497446730
1005001780756455
1005002316797296
1005002198300669
32864567980
1005002028473885
1005001510316165
32870105851
1005001639214732
4001189310112
1005002232844253
32917839767
1005001458476247
1005002316616751
4000881670926
33051726535
4001211052859
33045938098
33004334412
4001214523286
1005002253097333
1005002344124932
32856859192
32841063265
32891073094
1005002122470525
1005002312606516
1005002466645419
1005002329410873
1005002256335407
4000269707882
1005002314123014
4001027615419
4000759805448
32868487264
33002045713
1005001303529272
4001077626780
4001140669926
4001047325971
32992644416
1005001427136696
1005002207589934
4001281846454
1005002363023493
1005002318944616
1005002400626082
4000023275321
4000217461318
1005002314478117
1005002285939866
33008995478
4000644736648
1005002278444368
33029980323
32853191534
1005002447785958
4000960537377
1005002018950508
33009730785
1005002281821735
32975363704
1005002432815750
1005001652268617
1005001324885651
1005002199082109
1005002441092597
32857279890
1005002419858615
1005002390844286
32981780106
4000816691285
32967380805
1005001948730751
1005002027329200
1005002028712521
32958860873
1005002318769971
1005001695512416
1005001548040725
1005001446343746
32852082361
32893373268
1005002222896193
1005002273474295
1005002271265291
32970597301
32822048685
32832779330
4001359422693
1005002412978609
1005002212357933
1005002312037391
1005002314284331
32989096743
1005002192798620
32828528431
32960638922
1005001943328755
1005002485821374
32920963250
1005002373565406
32864866606
1005002329334864
4000081603988
1005002258923450
4000001931646
1005002374349702
33011374098
4001331089800
4000691181234
1005001698017407
1005002241887817
1005002382575360
32989452569
33058928367
4000741082939
1005002439912941
1005002076911181
1005002132712950
1005002287159008
1005002477564943
4000390824745
1005002171827747
4000940851893
1005001734602146
4000059494919
1005002255191912
4001297282080
1005002206109177
1005001621363386
32961192467
1005002259041980
1005002388700960
4001030169352
1005002126302326
32964690249
32868975722
32950167190
4001276548830
1000007225287
1005001994886331
1005001328804597
1005001337710053
32986472722
4000203126018
1005002477970576
1005001924334873
32804895319
1005001423661084
4000718004630
1005001835518220
4001041833491
32825726130
1005002376324063
1005001634782016
4000542773792
1005001900053676
1005001275425768
1005001387628473
1005001834609085
4000206963083
1005001996851311
32965612553
1005001704080125
1005002316149915
32847747483
1005002361576035
1005002333227150
4001251849465
1005002312560241
32997490709
32903843687
4001225204182
4000340874829
1005001967280266
32950428561
4000050790954
1005002380914905
4000638501559
1005002452954639
1005002314765453
32842909611
4000206309706
32995548036
1005002458742833
32972323189
1005001930433363
1005002314065594
4000666081719
1005002297822958
1005002263302148
4000127059706
1005002292041710
32887047463
4000102755711
32805128133
32719902667
1005002322998635
32999740302
1005001386980425
4000677320247
1005002301197370
4001178622495
1005002252684418
4000844089746
4000283519128
4000199042662
1005002333887241
1005002384885960
1005002466913879
1005001579291326
4000033216844
4000386084350
4000035207295
4001245146263
4000627761608
1005001880049547
32838439522
1005001765053423
1005002276907916
1005002168054178
1005001493415565
33011386638
32818760193
1005002237862472
4001360785336
1005001479820046
32958873277
4000988199846
32845110189
1005002419682146
4000527379768
1005002441393879
32541046958
32464401485
1000008508341
4000852270104
1005002252879147
1005001464399217
1005002431963957
32993854674
32804542313
1005002392033098
1005001850150673
32967098039
32995069236
4000702182114
32805797893
1005002319973695
1005001454456821
4000603968449
1005001871572298
32992792232
4001057285035
4000384350053
1005002471486532
33020535163
4000557809564
32516967452
1005001976446615
4001294401639
1005002328916759
1005001608446696
33036880163
32976512940
32883739182
32647815197
1005001961264853
32819531129
1005002428515523
1005001615926436
1005002219001448
4001067523084
1005002204694838
32906535109
1005002005888297
1005001709901562
1005001698184478
1005002195896813
1005002362223034
1005002244427132
1005001419629747
1005001641014336
1005001882403954
32959927888
1005001483915649
32985086540
1005002223287724
1005002234960683
32949059191
4001202720793
1005002401085303
4000990808764
1005001721567378
1005001506431835
1005001680592404
33015627656
1005001380992314
4001272134003
33031806166
1005002333727576
1005001558303458
4000095395315
32971645252
1005001483499402
1005002398840709
1005002111232823
32752353714
1005002319062190
33053264444
1005001843187105
32876088463
1005001697445929
4000107438787
4000539636437
4000873847437
1005002208348539
1005002343753069
1005001816921707
4000392707682
1005001780647728
32868194742
1005002083992979
1005002441170534
32423924514
4000641369976
32348297704
1005001619234941
1005002218076789
1005001644784031
1005001768581973
1005002413260529
1005002100485451
4000296720524
1005002231383999
1005002122615039