33049015435
1005001608254089
32893383272
32918412649
4000770288642
1005002293065835
1005002281754945
4000805633216
1005001928633261
32804732521
1005001767808988
1005001388502471
1005002332673428
1005002223121960
32876041740
32677236122
4001364455628
32906198039
1005002212157151
1005001270245138
1005002313643654
32953932149
33036693459
32992406075
4000849749167
1005001308145083
1005001822755973
1005001620526044
32973405200
4001338731608
1005002314345916
4001172197130
1005001609282045
1005001917874076
1005002323044144
1005002340964755
1005002365618018
4000155152774
32963515460
1005002318915429
1005002302674092
1005001874090140
4001241610044
10000300110701
32828575403
32504083220
1005002240327407
1005002242510827
32949714144
1005001594802067
4000780843539
32978683359
1005002313165278
1005001515876320
1005002323680028
4000850482432
4001320883187
1005002239068682
32916702325
32909569743
1005002341309071
1005002466039969
32857504258
32844013008
1005001333798842
1005002075174095
1005002243449705
1005002253449683
32439112870
4000373661121
4001039521569
1005001844234859
1005001770901958
4000526393296
4000307810074
1005002424277803
1005002314306774
4000223813610
32916765072
32997111233
1005002302835679
1005002141113004
1005002319014867
4001084067661
32793525258
32898011740
1005002018596193
2041947701
4000224583293
1005002345176087
32827810054
1005002166469861
33030402127
32899947174
4000691084107
1005002194241803
4000983438572
4000759337161
4001232349103
4001115446031
32894471559
1005001452828499
1005002221113954
32910698239
4001225304171
1005002132903324
1005002449970592
32973730568
32904883456
4000602187478
1005002363753833
1005002085273192
32657001063
32824302512
1005002228346967
1005001848093962
1005002343212048
32881949399
4001270626058
32572141885
32908842676
33025363270
32803863305
4000410132774
1005001989503593
4000471929144
32845031481
1005001744684427
4000107206995
4001306679347
1005001695265947
32876028034
33000359951
1005002362445152
1005001797650627
1005001985799590
4000144644045
4000974881197
1005001630982194
4001172909713
1005001405697775
1005001998614836
4001273380396
1005001877217842
1005002441767207
1005002371808873
4000982520090
1005002192334346
32945257340
1005002311681893
4000589462412
4001059920852
1005002283645339
4001360789360
4000587026214
1005002219543233
1005002283095290
1005001835664793
32608858330
32821088493
1005001864888586
32811301120
4001133187436
1005002348607401
1005002328621533
1005001471672834
4000918273943
1005002323829612
32776791620
33033541254
1005002440715220
32954359766
1005002310335667
1005001429692023
32843942106
32964101996
4001214650979
33059206497
10000350763673
32839410631
32915638540
1005002335371211
33015858497
4001089069920
4000618994015
32950700482
32358139547
1005002037183242
32801736101
1005001355096133
1005002383689368
4000286501522
4000431229427
1005002382528056
1005001914471131
1005002475941984
4000768131187
4000519754041
4000096414774
1005002316218047
1005002310398290
4000075507368
1005002439778880
1005002043444516
1005001700064831
33026780876
1005002334068375
1005001967187967
1005002297430349
10000352616115
32677772715
1005001364962081
1005002372198621
4001230079814
4000902315854
1005002490489102
4000062890433
32900131645
1005002382767803
4001220080204
1005001948830441
1005001841814663
4000726153546
1005001930921415
1005002004359633
1005001786561391
4000972325870
4001300252908
32954669698
1005002475215129
4001271581847
33021445445
32254510484
4000117645478
4000901275642
1005002260469466
32884165390
1005002239438524
32906774799
1005002324072276
4000850464593
32834338502
1005002452838884
4001270913850
4000061980001
1005002301657612
33024847300
1005002431958688
32630852125
4001317807168
32889444351
1005001474163522
32977598971
1005001894123958
32805238937
1005002016638297
4001254919237
4000002718956
1005002323631254
1005001817970364
1005001618646769
1005002062912532
10000348268626
1005002105825763
32662541178
1005001823291223
4000414986278
1005002465782203
33000930118
32997673655
1005002253316763
1005001392574017
1005001565857562
1005002377256919
1005002454280403
1005002306815246
32866611923
1005001640502225
1005002213056888
32992444095
33027513977
32882322586
1005001803958958
4001139160136
4001122746964
4001082078275
4000068266349
1005001845151820
1005001305525236
1005002022028680
1005002085831653
1005001380693910
1005002333802019
32943541800
1005001571534854
1005002318399696
1005002213204476
33005612523
4000068372335
1005002368424352
32944688853
32933370857
1005001678230925
1005002361459038
1005002431518551
1005002416090170
1005002427896191
1005002467618871
1005002383655244
1005001958860153
4001241554971
1005001989716089
4000731224715
1005002351701274
1005002402105112
1005002398570511
32699362800
4000086254224
1005001533455051
1005002476307564
1005002044600803
1005001682768234
1005001490436420
32798903575
1005001984918920
4001035007023
33004544646
4000822305451
32819178911
32812670683
1005001887864863
4000503606273
33035797729
32579802875
1005001729540285
1005001420660940
1005002344070442
4001307412864
1005001446314576
4000065723715
1005002489093302
32831434277
32958901662
1005002032856317
33043485077
4000905484941
32848943908
33029505420
1005002157184720
1005002014122781
1005002076953558
1005002337241385
4000956207445
1005002345069949
1005002382296144
32825696403
32857580441
1005002478318625
4001090838067
1005002436110473
32803426191
1005002337373083
32629285915
33001713875
33014922835
4000868367248
1005002310555895
1005001727441108
33014267063
1005002300079887
1005002256470492
1005002349957587
1005002421386528
1005001516554666
4001245090219
4000670023152
4001361407577
33059609321
32897329046
32814008024
1005002144941662
1005001988710715
1005001768572261
1005002398825229
1005001954892614
1005002423171925
1005002166735541
1005002235555857
4000218122426
1005002427545668
4000483159913
1005002427175963
1005002383081956
4000379114971
4000697121523
1005001367683394
32828949414
32966378361
1005002198147283
32990170722
32816268577
1005002359483112
1005002482901992
4001232985822
1005002346102687
1005002434202432
2030882886
1005001278301389
4001195486773
4000120159508
514251987
33041599241
32851080870
32799424566
4001242784365
1005001756186143
32367788851
1005001571859503
1005002413520154
33012220158
1005001793885891
1005002281077453
1005002180840540
4000891617463
33013410345
4000769860417
4001131508586
4001159595112
32992270827
33014075624
1005001458431325
32959951570
4000820624348
1005001495420489
1005002317224425
4000808856995
1005001627137329
32228946516
32688193037
32878771372
1005001452625649
4001160298661
4000909408448
1005002109828480
32785305004
1005001573000371
1005002464825144
4000392714983
1005001666153005
32802458155
1005001786825193
1005002476364401
4000464278450
1005002201773526
1005002462526621
1005002362886304
1005001659064468
1005002253693909
1005002166608842
1005002310991231
1005002252678147
33005803176
4000960474369
1005002264836587
1005002420029873
1005001481792266
1005002323944621
1005002272200296
4000263438302
4000239576975
4000020740694
1005002424927766
1005002111497432
1005001446611262
32858091189
1005002024673684
1005002281432999
4000801433488
4000034132748
32910643508
4001254608191
32514299438
1005001526918223
1005002357130081
33043326549
4000806957194
1005002348418240
4001042525517
4000864319530
32885769309
4000982061280
4001036577689
1005002259937381
1005002142810364
1005002221331924
1000005363382
1005002327638038
1005002322552187
32813891984
1005002401520577
32868010838
1005001510555771
32961282950
33008490728
1005002426283887
32623560032
4001225173279
33006998673
4000247885625
32914552580
32878973071
1005002443738125
32962462174
1005002052620223
1005001800873761
1005001287407608
1005002228375495
1005001950193430
1005002443466600
32844290002
1005002377616019
4001253690121
1005001464838883
1005002489470262
4001230368582
1005002389682280
1005002314269055
1005002328173260
4000288418520
32813003977
1005001551101285
1005001640485463
32972805854
4001278827966
32882665037
4000215095450
32833668617
1005001419410533
1005002364060040
1005002333705910
4001126780209
1005002438485811
1005002419635000
1005002072795093
4000980665870
1005002495713286
1005001671055589
4001307336990
33022178159
4001205939865
1005002323658228
33027956987
1005001619241328
4000098189001
1005002264717765
32831035101
1005002323967645
1005001872319871
4000494964357
32959144348
4000053865439
1005002318862005
1005002394349937
4000547936726
1005002489650470
4001222444297
1005001785375928
1005002382254371
1005002345380251
1005001561917634
1005002357581076
32951279631
1005002142810426
1005001958716472
1005001757071518
1005001953200331
1005002308628098
1005002224019130
1005001493360530
1005001285327229
1005002483106045
4001085542366
1005002467668693
32539745363
1005001621016354
32766703409
4001252109568
1005002392913134
32828670186
33046783048
1005002311748567
32974503771
1005002339609584
32949455434
4000085476603
4000224511191
1005001587499596
4000018859567
1005001547725443
1005001713469038
4000657157271
4001128709683
4000778808009
1005001836711595
32860034338
1005002331758078
1810445595
1005001984395338
32987721107
32822543977
1005002286407220
1005002150784038
32828771568
32965540636
4001272734736
33024260610
32836453637
1005002302461221
4001061014788
1005001885925183
4000232619882
4000257927578
1005001572015391
32852411703
1005002167857681
1005001554882799
1005002328757751
1005002467394984
1005001448654386
32949953853
32826356343
33047497721
1005002192191350
1005002345906166
1005001895550401
32947089792
33041385632
1005002267940424
1005001788688050
4000192601058
4000189515489
4001278797037
4001145347714
1005001889802987
32964764667
1005001855141774
4000990408810
4001291650996
32890207060
32907292219
4000479957124
902239909
1005002325329527
1005001656842474
1005002120569621
1005002369782929
1005002330763496
1005001695500496
33008867880
1005002430575747
32890649359
4001293336393
1005002381724386
32988166057
32982381173
32818820863
32539109902
32731052649
1005001763669696
1005001805568994
32977082022
33044968849
4001350230535
1005001885245270
4001237779385
4001069881245
32955426185
4001366079038
4001215500965
1005002375177874
1005002002813511
1005002260884789
4000335554531
32914785917
4000065675642
1005002301363999
1005002261419425
1005002428956001
1005001700398898
32918742444
1005002071034455
1005002316012421
1005001665738459
1005002307681342
1005002122524365
32896374901
1005001869305778
1005001603524562
32958060635
4001317518798
4000857137786
4001097514524
1005001523785447
1005002244029983
32959228225
1005002428586703
1005002385291507
32726463031
1005002452991292
1005002313791292
1005001730554938
4001174981170
4000304828349
1005002279622582
1005001732478471
32932611916
1005001640506343
1005002398285861
4000546759866
33015273342
1005001683747157
32892620320
33010268379
1005001479029057
1005001626537178
33019669408
1005002427136168
4001075006025
1005001703857673
32914229863
33027541244
4000844860643
4000067387477
1005002482259700
1005002288979006
4000685775706
4000774814765
1005002378553913
1005001703182828
4000444225533
1005001603934068
4000380842176
32966787127
4000277745224
4000298149743
1005002340558572
4000625447616
1005002316282918
4001316476412
32774696701
1005002271715683
1005002390306817
4001143479337
1005002112268230
1005002487906156
10000214709493
1005001345111731
4000553347709
1005001560102339
32321114825
1005002052539944
1005001430086097
10000294677449
1005001580249341
32910003799
1005002413834836
33013553271
33039459056
1005002426913335
4000921721721
33045176892
1005001917773132
1005001463339999
1005001525339886
1005002313446147
1005002359895053
1005001671415793
1005002112084163
1005002319283345
4000097085174
4001309076072
32756015396
4001258837647
1005001829504898
4000717916997
1005002425344414
1005002324311705
1005002236305570
32213549574
1005001511887423
1005002266686097
1005001636499349
4000879646385
1005002333064953
587833096
1005002091325757
1005001622327526
1005002372400640
4001335468248
1005001900957494
33016672616
1005001980817191
1005002260050206
1005002462714259
1005002393987764
4001117939764
4000984956358
4001223414914
32706336003
1005001413593776
32825169094
1005002220871118
4000625702958
4001116498864
32953517763
33004271815
32960497705
4000217244350
4001150496043
1005002443581060
32818474222
1005002004767863
1005001666512356
1005001909263937
32368838634
1005001687590521
32829879635
4000443830440
4001237974778
1005001452586120
1005001713422245
1005002301631309
1005001486811997
4000072201844
33051970699
33028749460
4001026526076
1005002289036700
4001247823505
1005002258918782
33005024273
1005001456672427
1005001770505324
32979683999
1005002222538325
4000989320838
32863814133
4000180010130
32989368493
1005001357583038
32584698578
32955881002
1005001644717848
32977895377
1005002321585621
1005002295380367
1005001309104101
1005001566322499
32801163441
4000799356157
1005001714314989
32808742022
1005002399567236
33028858761
1005001732291753
1005001334891058
32829528695
1005001651619170
1005002318976142
1005002454438214
1005002376709389
4001002067106
33062795205
1005002307558121
32483506025
4000904051711
1005002105670173
4001053078068
1005001447437412
1005001505444953
4001061091441
4001075821699
1005001994047661
1005002433726909
1005002032931402
33038445931
32964850706
1005001704241799
1005002466469477
1005002449698906
32794614886
32995959627
32986964215
1005001530666609
32836303545
4001037408661
1005002305620348
4000453174888
4000575531975
33053304163
1979336813
4000434178884
1005002293408827
1005001580229760
1005001763861925
1005002418343747
1005001775855959
1005001784626140
33035472335
1005002220452799
10000395858334
1005002310541304
1005001689096839
1005002081239791
1005001737046962
1000001461828
33036864572
32815731795
32899833574
32822684201
32606354547
33057039838
32790273172
1005001350160517
4000703648295
1005002053102722
32461939281
1005001803940477
1005002276893551
1005002323842436
1005002345900761
1005002454338074
32832124210
1005002199641434
32837883128
1005002225148095
1005001588552545
1005002431080241
1005001734093276
4001065901179
33034990451
1005002454354641
32894240169
1005001688914682
4000293124813
1005002464898521
32256390051
1005002305211976
1005002328731734
4000035482571
4000843010318
1005002394599111
1005002120976043
1005002352115233
1005001567170089
1005002472922826
1005001392033645
1005002274051262
1005001794934420
1005002485650264
32825684198
1005001670838869
4000028680524
1005002345804716
4000982908728
1005002090323956
1005002236178754
4001027420278
1005001625717281
1005001510875209
32773849838
4001204841822
1005002265833751
33044555908
1005001488333892
4000326515844
1005001523820355
4000196001973
1005001864199188
32885509918
1005002330337142
32823672961
1005002348773763
1005002171023391
1005002018735528
1005001364779354
4000499164075
4001089796559
4001194301017
32909225799
1005001694869535
1005002087961170
1005002338841331
32828577042
1005002237659138
4000274382540
33063450528
1005001742199348
1005001416790977
1005001326559337