1005001369218256
1005001762443048
1005002203864856
4001055445391
32962020478
32890950077
1005001631632786
4001043087867
1005002431732575
33006327397
1005002492496785
32832311426
1005002316029815
32953002770
1005002347539486
1005002211954659
1005002485308085
1005002293062806
4000713167329
1005001475266844
1005002367657532
1005001592162906
4001115137643
1005001334557946
4001360307617
1005002298082154
32826091752
1005001620796752
32948158395
1005002212917130
1005001361042783
1005001698466839
1005002090157422
32825295158
1005002315929542
1005002042282948
4001086206218
1005001310018882
1005001640187366
1005002319993141
1000007162083
4000280176627
1005001679859997
1005002305075431
4000624151265
1005002310025782
1005002075191896
1005001659970801
1005002367237365
1005002317496033
33036907891
2026936947
32540262792
1005001977878661
4000345718378
10000123624496
4000696241613
10000152820692
4000920013173
1005002286368600
1005002359791747
4001062439058
32976411668
32554378254
1005001838667589
4000075581114
4000706916472
32331590624
1005002342100022
32619647206
4000830319634
33013238133
4001145231072
1005002350729156
1005001790022453
1005001360289162
33052501843
1005001572017764
4001237629263
4000761359822
4001258770900
1005001287267828
33013955317
1005002301819925
1005002477187534
4001229797557
1005002333753615
4000540622737
33010453891
1005002395693267
32895595254
1005002401969550
4001059296788
1005001889129730
32812726600
4000356622916
4001130825097
1005002002847582
32963445879
1005002038539970
4001158976093
32718153819
1005002454163063
1005001474215271
4001260883624
10000031843921
1005002442860315
1005002288932799
1005001432941637
1005002353345437
32865547163
4001108956133
4000089805050
1005001798438339
1005001850402034
1005001577024225
1005002334040661
1005002498810368
1005002328127588
4000050846912
32836178995
1005002313852178
32994256860
1005001597753354
4001129977609
33023114779
4000810918643
1005001955061666
32972501995
33023734235
1005001595336104
1005001583047160
1005001541314000
1005001512736417
1005001652734741
4000402485073
32996397629
32993043600
1005002260269903
4000056163759
4000132451795
1005002260453156
32834563666
1005001704791866
1005002205786318
1005002221788112
4001054685655
4000205710955
1005002489723719
1005002277243060
1005002367532376
1005002373343438
32860266206
4000443667708
1005002301475450
4001063517145
1005002219184904
4000686711844
1005001565119737
4000689002008
4000375008346
1005002495678471
1005002332452824
1005001640101969
32852162046
1005001425654400
32997704538
32900555372
32933051280
1005002101885978
4001113962636
1005002363456148
10000397730574
32951917078
1005002333543453
4000174433727
4000069156193
1005002157411060
32879832886
4001069004356
1005001769306746
4000794547326
1005002190420215
1948814486
1005002103483953
4000190009642
1005002341943982
4000525384596
1005002428092781
1005002198755612
32968735742
4001113041189
4000777507947
1005001555776382
1005002316077223
10000085684100
1005001656792734
1005001664762790
4000068456725
1005001556594186
32821599555
32884363616
1005002340691435
1005002265756473
4000151828586
1005002388380081
32882233447
32953973473
1005001626329318
4000054602886
1005002212746067
4001189451157
4000170277349
1005001339200706
1005002475564576
1005001502395700
4001099561066
1005002068473190
32896999772
1005002199260451
1005002239087660
33022963622
1005001667898111
4000132752136
32873084683
33040001915
32976268419
10000382478331
4000495215565
32794400123
1673501109
4000798621048
1005001977107183
4000738723631
1005001864718874
1005001596238143
32964197536
4000624145285
1005001833875232
32922653803
4000310423766
4000672961519
1005002053762398
1005002318099061
1005002371809666
4000415652174
1005001792329394
32809838595
1005001961686285
1005001415465325
4000794594467
1005001912639939
1005001762736897
1005002227681348
4001132004052
4001002425863
32542725248
1005001830190122
1005002278923290
32859690768
4001230787679
32967946969
32893174206
1005001808642815
1005001386335493
1005002020569197
32881491692
33024574185
4000210331760
1005001622765152
1005002320038253
4000346545475
32902817763
1005002233435005
1005002457196802
1005001365844904
32867387645
1005002279288566
4000199159518
1005001595938653
32965328373
1005002301876791
32791831375
1005002334419767
1005001699757233
33061098332
4000898040761
1005001941268306
4000826669781
32947604968
32955861240
1005001835375868
1005002387772897
1005002281984469
1005002235101044
4000381867782
4001188357193
1005001727071365
1005002284335537
1005001508694580
1005002205650953
1005001424511924
32931541142
4001358824421
32896586396
32840905136
1005001997664943
4000731531239
1005001830227999
1005001645377927
1005001922412976
10000388847916
1005002258297021
1005001987755628
1005002122627020
4001183769135
4000575301255
4000427113710
1005001438650677
4001005350124
4001218843874
4000384083845
1005002164358821
1005002282208983
4000722417470
1005002328482216
4001201067988
32891323400
1005002387770378
1005001742368584
1005002389734243
33058116650
4000386145817
1005001430594638
4001290124285
1005001525741896
32961440699
32883490429
10000346131098
4000736982904
1005001777026185
1005002388057257
1005002265314788
1005001896496562
1005002334908656
32814710506
1005001334454252
4000174143145
1005001417555992
1005001446594725
1005002476087685
1005001547292701
1005002389570663
4001133735751
4001283521510
4001279226972
4000463373702
1005001632978003
1005001564940376
1005001425415053
1005002228829084
10000057079717
1005002304039860
1005002392929478
1005002237918489
1005002271290332
1005001894564568
4000289406172
1005002322161881
32974461777
32889249456
1005002490214793
32891240507
4000111409988
32840043596
1005002211506003
32996535475
32784540482
32769646045
1997341633
1005002461782840
4000618264538
1005001803423829
1005002314432620
1005002371833336
4000430963353
32718324695
1005001388854932
32842987377
1005002108607323
1005001813626686
1005002248674793
4001276195823
1005002325416278
4000823512976
1005002324624564
1005001915350153
32884745232
32927653380
1005002410951083
1005001848880432
1005001490624370
4001233986006
1005002369333939
1005001782952150
1005001604612690
33055532038
4000555001455
1005001620961183
1005002450564435
32537987565
1005002167110772
1005002344793379
32965576145
4001125555836
32598935734
1005001809617283
1005001950095547
1005001666507193
1005002275235623
4000208115137
1005001969971327
4001057424470
32969158237
32748349740
4000874114040
1005002322440764
1005002313685078
1005001975149567
4000864451734
1005002265365096
4000299525794
1005002253495759
32832417646
1005001645377181
1005002121134768
32868980181
4000912893837
4000373004968
1005002363426308
32842983204
1005002350280611
1005002149153139
32404332496
32952839201
32986117498
1005002060381074
1005002399485718
1005001949834423
32895280158
1005001907758575
1005002089750097
33060174491
1005002185127131
4000545965661
33049950641
1005002293004655
1005002315751466
1005002376803143
33003566339
1005002346389385
1005001883474558
32927200697
32893759123
1005002426390262
1005002460160798
1005001408201932
4000933959338
1005002205069662
4001223701407
32887607905
1005001830496017
1005002410036873
32946377905
32702539110
1005002336199843
32863021612
32708847904
1005001631755027
4000149379754
4000687617671
4001149179492
1005001639278759
1005002337724544
1005002466311349
1005002119803568
1005002086011647
4000865362908
32988510799
1005002413228952
1005002476325345
1005002364087668
1005001457178436
32792540550
1005002461865536
32843930464
1005002295242644
1005002357231217
1005002068061969
32789203345
1005001290750902
1005002217971181
1005001354144558
1005002341302689
32946992576
1005002489510928
1005002304412115
1005001849076234
32983120173
4000099563533
4001026553511
1005002273204098
1005002250575068
4000544986863
4000630208022
32884197175
4001350764787
2004645089
1005001625694786
4000001046766
32964999174
1005001684153430
32977581820
32831600426
1005002316600448
1005002237951454
4000151872241
1005002073833084
1005001685689769
33059511659
4001244714465
1005001976395306
4000181281419
1005001529764618
1005002314302867
4000243231158
1928909479
1005001948374577
1005001785366499
33028146877
1005002252736641
1005001808264243
4000498286088
1005001780822059
32695859604
1005002142929109
32885792251
32794588488
32953710670
32363951140
33048054901
1005002218719643
1005001936224644
32905723833
4001097729375
1005002232155267
1005002265526698
32813505362
4001275689019
1005001370707068
1005002372789583
32974797980
1005002261388308
1005002239257539
1005001966339926
1005002307295277
4000808502311
1005002440288495
32895132011
32839852405
33045360712
1005001438827547
1005002111295079
32870868606
4000193955826
1005001995240291
1005002400927310
32812892027
4000956171188
1005001507522354
1005002033414074
1005001468403562
33013577159
4000473350040
32861415637
1005002340359545
1005002281722635
32528514690
33000384768
32963107569
1005002405459560
32746767671
32885373111
32848444052
33040244714
1005002264121069
1005002295088397
32575070906
32955529835
4001131982839
1005001572260397
32872439443
4000684627079
1005001308573702
32809567435
32857788160
33007891757
4001212029621
1005001466123936
4001239020873
1005002388770731
1005001946789092
4001344998319
1005002395134874
1005002376604871
32957300381
1005002233423351
1005001844424714
33044150277
1005002433647688
4000043278471
1005002367278014
33039645490
33022372874
32864247837
32821154319
1005001632462256
33048620406
4001215717443
4001330667192
1005002253090073
4000761379001
4001314630599
1005002417140283
1005001541660244
1005002333090907
1005002275855522
32814898146
32984650546
4000557218568
32963184713
1005001679772272
4001240248559
1005001920453643
32895209118
32955714601
1005002385073392
1005002211540688
32912594034
32971645917
1005001678118393
1614102633
1005002400628624
1005001653701150
1005001326157394
32783138722
4000991345328
1005001978100508
1005002317358194
33045471653
1005001894470748
1005001587797196
1005002315105945
4000239242052
1005002022665285
1005001775239153
32811683394
1005002460048240
1005001468857793
1005002322980003
4000638041226
32890886093
32563138991
33045347111
32979209288
1005002352262977
1005001408205918
1005002288096580
4000552620877
32591043759
1005001959918369
1005002419309562
1005001431364719
33019696178
32911353596
1005002452400069
1005001515754723
32590413381
1005001815116889
4001142508510
32966274507
32954769989
1005002395475199
32989422142
4000183808718
4000226054149
32994911563
32954085134
1005001371026691
4000056050129
1005002485079957
1005002305133668
1005001462898607
1005002393442202
1005001313305062
33016364848
32964635722
1005001876592914
1005002205797562
32802839102
4000250605857
32885192987
10000371497772
4000046448503
1005001645730290
4001018517313
1005002239320363
32398712132
4001242395175
1005002291098082
4000627065473
1005002350960816
32920752946
32842427985
4001164479371
1005001747341160
32828254285
32566382044
1005001843323137
1005002288180465
4000160294700
32890388705
1005001781319726
33012058625
1005001506138211
1005001729708146
1005001946704921
33036697645
1005002342369148
4001030349744
4001324218952
1005002270709357
4001061683109
32830611392
32651142733
1005002413794195
1005001948060494
32948002464
4001091236925
1005001682499655
4000698982205
4001233027234
32999718307
1005002455178060
1005002101093561
32961300609
1005002428153056
1005002304165323
1005002434199029
1005002023794138
32797426084
1005001592833861
4000466133277
4001033985708
1005001868562384
1005002100361500
4000190072869
1005001981057012
1005001849046459
32951854890
1005002386605193
32476073815
4000809493290
4001156511393
32958418329
33003887219
1005001447185843
32903504260
4001277131053
4000773283775
1005001858724549
4001308231856
4001218936314
4000778936654
32825778567
1005002080633863
1005001986478001
32610712000
1005002306482380
33000023169
32989746764
10000205775813
32426829536
1005001441021497
1005002474159545
4001195660907
4000691292422
33017192114
32973178747
32830996154
1005002364033324
33002943005
4000198549626
4001090602856
4001333112809
4001067328958
1005002314013213
4001267270284
4000548175930
32967704119
32921850628
4001330974329
1005002192709898
4000010567823
32799101175
4000149542619
32914052710
4001041634351
1005002413987859
1005002398934119
4000559742474
1005002375639919
4001041060520
32952816121
32774512937
1005001465476341
33033886832
4000904046480
4000665977619
4000506462709
1005002351019273
1005002204884275
1005001965206849
4000865414374
1005002148909273
1005001733650009
1005001841881040
1005002219139555
4000543935968
1005001286689331
4000884948554
4001027373819
1005002309004926
32968137004
1698365127
1005001861537357
32887018220
1005002333691923
1005001444436228
1005001947612998
33060986284
1005002412701417
4000086152096
4001146117754
32841921788
4000972625632
20000001493764
32723531071
1005002388214851
1005001648126776
1893992238
1005001671495354
32893679830
32934155665
1005002222290580
1005001845741922
1005002289967280
1005001596898518
1005001994251228
1005001626506822
32859757315
32913052508
1005001671052589
4001331984954
32944510314
32945331718
33034607456
1005002346281089
32950034890
32827140076
4001225203146
1005001350417703
4000144616991
1005002111325921
4000935804762
4000503538195
1005001704420555
1005002363835082
4000204581834
1005002240743797
1005001636725171
1005002392396116
32872821879
32993864450
32825699796
1005001445637674
4000794771579
1005001724121616
1005002405080756
4000473490926
1005002381067830
1005001927279751
32817565680
32998156832
32651205537
33012841957
32836442465
1005001489943431
1005002263274577
1005001425904978
4000306433494
32986823155
1005002287903640
1005002351550528
1005002306284134
32973783470
32629852068
32856466308
1005002469053286
1005001398931737
1005002286994444
4000844944590
1005002447854271
1005002437080080
1005001406858993
1005002327242480
1005002120408483
32724929529
1005002355625308
1005001286877813
1005002447370101
32671967899
4001142978299
1005002326248302
1005001657103527
1005002311488633
1005002500601082
1005002425089517
4000218024064
1005001466774015
4000197415280
1005002337637310
32504344432
32824867586
4001184734608
32548551787
1005002237838544
4000850402828
1005002376457984
1005002376776285
1005001815600839
32994186303
4000819332711
32973862650
4000972565160
32341329084
1005002223895612
1005001665737058
1005001369910064
4000863756035
1005002116861479
1005001935468654
4000990098904
33001880697
1005001275162253
4000552619500
4000963948755
4000959269392
1005001965315534
1005002435135968
1005002129631728
32768286804
32952641158
4001069335348
4000029755416
1005001867193786
4000060452722
1005002363639526
32854440578
1005002448014589
1005001633512637
1005002233317389
32961362958
4000925965037
4001307363496
1005001298084837
32907997018
1005001880729273
4000685185031
1005001572557888
32864083857
1005001311368614
4000886211757
4000969773581
1005002027028649
32977111684
4001335746561
4001141066863
4001305774953
4000829570027