1005001689000890
1005002480058626
32757001700
4000308794996
1005002466899629
4000756003366
33023989977
32892897121
1005001573038985
4000250813577
1005002314239914
4001167835510
1005002334097245
1005001265504266
1005002259743018
33003787924
1005001693350294
1005002028926753
4000962302161
1005002319100840
4000203874727
1005001584585336
1005002466637393
32810679009
1005002494378153
4001282874411
4000246179015
1005001349474559
1005001765619800
4001235410518
1005002349786062
32266619581
32812756433
1005001946871121
32994510266
1005002100130553
4000729608858
1005001809238916
32971342834
4000467310216
32948174597
4000075093791
1005002311535147
33023936974
1005001380760404
1005002295346026
4000046193054
32957897194
1005002394602567
4001291929977
1005001526341650
1005001682415429
1005001515880497
32654015698
32996454593
486636041
1005002394865163
1005002475434174
1005001450794153
1005002315251155
32805572364
33055867796
32843787578
32742682826
1005002362627058
4001104175560
1005002320279336
4001111690230
1005002293008467
1005001799347871
4000311814124
4000528577901
32964328435
32993072225
1005002293360121
4000702304902
1005002347616489
32457743819
1005001630648914
4001143478300
33007999408
1005002308891440
1005001778897799
32673414155
4001188336481
32881171425
1005001934553497
1005001828459143
1005001315497857
1005002131958969
32974458768
1005002330661861
1005002206574531
1005001793085329
4000174472397
32727075013
1005002352000737
1005002287915537
1005002383189903
1005001756559030
32963133892
4001272561175
33005500091
32983770098
33034213480
1005002192839033
32835504288
1005002388370297
1005002259714916
32893451080
32982816697
1005002219246385
4000516784721
4001228500523
32812904663
1005001287184308
1005002283054012
1005002283087419
32894261100
4001226439341
32706153889
32831102209
4000484111404
4000181123253
1005001934723075
4000835804599
32729044254
1005001736664710
4001112799178
1005002264535308
4000444987253
1005001555856477
1005002467559042
1005002346510363
1005002457763761
1005002130849316
32887106459
4000939128986
1005002275839627
32965605446
1005002268146692
1005001421233658
32940774449
4001097024931
1005001758535211
4000322468919
32968521438
1005002408413121
1005002007178668
1005002375348710
4000910014902
32879601877
1005002253846153
4001226966196
1005002362556415
1005001954998396
32701027516
32951922949
32886168513
32366327026
1005001508274458
1005002324777193
1005002360157168
32974092508
1005002395868195
32979227475
1005002125878659
4001268021695
32647619215
1005002314428293
4000538845328
1005001728205682
1005002353914070
1005002268403397
1005001280173653
4001278970116
32803040658
1005001398579147
4000897574474
10000032025367
4000661045807
1005001677526707
1005001854647980
4000941275096
1005002288431646
1005002088782959
1005002466755401
4001157097179
1005001330034012
1005002377489219
1005001313952281
32906495733
1005001794070110
1005001452865083
33063102499
1005001619495641
4000102288540
1005002243084343
1005002281838736
32952706143
1005002342558272
4001201359123
4001206950915
1005001973426894
4000903152435
1005002212547264
1005001525470185
1005002238208556
4001084889800
1005001961350714
4000181973830
1005001722127169
32995270396
33037455249
4000870184057
4000151598779
1005002147318347
1005002254299556
1005002171286595
1005002396773999
32992839290
1005002180165469
1005002054462582
1005002084998780
32764519026
4001321772486
32904527721
4000857283490
1005002433639977
1005002278978778
32992652941
4001267275994
1005001762385971
32810463038
33004938182
1005002281820781
32950873852
1005002235601519
4000311389391
1005002273719343
32917585907
1005002383028418
1005002231514360
4000011947448
1005001874462192
1005001926090985
4001037105532
1005002272530772
32829761995
33053369881
1005002394975498
1005001355538107
32819872361
4001339402832
32814209848
32287974277
4000855279979
1005002115945772
32981717629
32997204409
4000317622724
4001050505222
32955082345
32960449766
4000076573669
1005002260928206
1005002319936929
4000940867031
1005001530827071
33017409835
32885002353
1005001314715483
32634637367
32839509869
4001347398299
4000523644196
4001094669674
1005002001596647
32704656740
1005002318844874
1005001804070469
1005002300859743
4000340723075
1005002432272783
32977246956
1005002276624433
4001035615535
1005001994091814
1005001775557218
4000155884225
1005001284982185
1005001733045076
1005002359313203
33038234957
1005001695639080
1005001392197652
1005002368449212
1005001850949140
1005002243989427
1005001658863934
1005001580377846
1005002318478514
1005001334369134
4001037697988
33016295699
4000151364377
1005002170674705
1005002452752220
33004813298
1005002283653775
1005002315278506
1005001780472051
1005002256609906
32992802406
4001317437614
33048899025
1005002493482558
1005002322657613
1005001386832879
1005002333540969
1005001388100893
1005002351170793
33021573515
1005002314704919
32923631317
1005002276276880
1005002357923820
32996502492
1005001568848751
4000691627283
32700766596
4000671102612
1005002316936488
1005001930855489
4000928335135
32789484374
1005002272598543
4000247091314
1005002277506665
4000764299986
1005002325357235
1005002322969506
33040816706
1005002383252458
1005001296909374
4000134543328
32818017545
4001294353610
4000266360669
1005002129729649
1005001626405778
32975502103
1005002179770631
4001016185331
1005001772218112
4000625935343
32813144050
32952878423
32892131882
32992656139
1005002367608865
1005001664469521
1005002433531729
1005002313802126
1005002317170018
1005001967458272
1005001494289647
4000525387049
1005002336384394
32860509986
1005001934193878
4001142932821
1005001385009709
4000133344769
1005002459729779
1005002232619340
1005001870589819
1005002096269291
4000282463150
4001204618262
1005001314062645
1005002056271237
1005001868237945
1005001648423573
4001196698917
4001098175791
32823727790
1005002100474648
1005002247494587
32904795703
1005002003119075
32977854947
1328302883
1005002120449857
32844315236
1005002348395338
4001215322972
1005002485205587
1005001844979717
32890752807
1005002328081241
1005002275724325
4000703382834
4000287933087
1889705221
4001181726542
1005002443739185
4000380787404
1005002100335349
1005002461143746
1005002332444326
1005001560388497
1005002226227499
1005002489136378
4001041709687
32959347918
1005002494462661
1005001715084729
4000538033066
32982426566
1005002477753874
1005001593387432
32766247441
32815707479
1005002318268895
32322950694
4001056910318
1005002468017393
1005001927682434
1005001284855684
1005002125525624
32597329094
1005002395061372
32881296952
1005001872556275
32789296728
32986561682
4001165027614
1005002398795332
4001156920003
32264516447
4000867694898
4001195364999
1005002381373249
4001084921105
1005002180085059
1005002122437128
32857043957
1005002136945366
1000008633736
32406459934
32353922771
4000008277003
4001215552118
4000850498928
1005002324170015
1005002228857870
4001157543654
1005002002111448
1005002426833415
1005002221407356
1005002359199395
1005002314352776
4000093641397
1005002465021780
1005002490209084
32837981771
32838936710
1005002350875082
4001278821023
4001097225085
4000863294395
32868766477
1005002286324636
4000049497987
1005001999303045
1005002290427602
4001156430179
32835791960
33012804102
4001015048176
32932982706
1005002092090808
1005001693094175
1005002060710139
32988990495
33041865618
1005001508164911
4000272932433
1005002462194568
4000509618782
1005002262002945
4000747732875
32841929611
1005002492456125
32922779689
1005001344973688
32833874526
4001220234892
1005001829712849
32966644493
4001139147110
4000720586842
32867074452
1005002050851303
1005001753941176
4000908314891
4000359803688
1005001993554164
32870906103
1000006930892
1005001793027546
1005002294235580
32892839287
1005001308073036
4000945176586
1005001768295402
33027541342
4001290542815
1005002382808327
4001340635919
1005002350541532
4000697419986
1005002299221470
1005001694627720
1005002116116167
4000146769364
32829308919
32836806728
32956358191
4000105607383
1005001859036439
32823354062
1005001705678289
1005001284965200
1005002494888741
1005001920747795
4000865404595
4001275147152
33021556129
1005001954422631
1005001909660224
1005001790200162
1005001411928167
33011761378
32809129199
1005002406096898
1005002297986641
1005002250123374
32888803395
1005002310414045
1005001599087580
4001239075628
32693051577
1005002422055684
1005002390305297
1005001720368677
1998412368
1005002264829620
1005002422184586
32905444820
1005002413110864
32834021160
1005002323522081
1005001991104173
1005002229649008
1005001671085407
32955772700
32815592713
4000655783667
1005001802468560
1005001436239725
4000416901514
1005002372264903
1005001731092919
1005001591043086
1005002143673469
1005001392575846
1005001541325894
4000088142635
32900172705
32927116300
33039279566
4001215469037
4001282604025
1005002317155433
4001073132021
1005002025263040
4001200633772
1005001921694441
32900349658
1005001958268537
4000539601310
10000044863270
4001142141772
1005002470166694
1005001470025587
4001157366108
1005002107609664
1005002046187890
4000111358684
33024344288
1005001602242286
4000224205321
4000549524739
1005002332482594
32840034097
4001213852616
1005001464488046
1005002461863773
1005002017255849
1005002245406053
4000036252449
32835508318
1005001705039389
1005002393167610
1005002079785501
32828206674
1005002433175015
1005002295106150
1005001543737671
1005002279150255
33031859744
1005002083562605
32996619372
4000053511569
1005002026996766
1005001339112546
4000273891776
32967441620
4000719989476
32807805264
1005002293727920
1005002177404157
33002309185
33031122673
32903815532
32887490728
1005002382927086
32806000397
1005002325110410
4001100694686
1005001700899273
32921946852
1005001678602342
1005001417798314
1005002259567082
1005002110896211
1005001780041735
1005002401145501
33054836439
1005002175140070
32802957702
32803099921
4000040121821
4000272774584
1005002467722213
1005002383277273
1005001823256081
32849233207
1005002205741656
32837716312
1005001982819835
32837498796
32660630401
1005002384883347
4001208659471
32731880216
1005002278414159
4000838628617
1005002496044553
1005002357719067
1005002336827162
4000038454199
1005002236151445
33043246975
1005001519773762
1005002314294851
4000804124970
32822754240
32833816423
1005002311014810
32896425735
1005001622263404
32891826968
32966084400
1005002468142936
32982366030
1005001844892875
32921717584
4000849841494
32788557245
1005002473651196
1005001593909024
1005002224849483
4001131467413
4000200511892
32730456372
4000242065399
32909301662
1005002310423204
1005002229848909
33056919008
1005001493662444
4000601660372
4000712908548
1005002148725173
32888338645
1005001351791987
4001058888580
1005001650511236
32610986804
4000129381202
32991066391
1005001965624935
4001084872271
10000383869788
4000985301970
1005001386359685
1005002478842824
1005001500521774
1005002074294393
4000744394456
32865691596
1005002466543609
1005002030194508
1005001763458232
33058811416
4000602175250
1005002466958585
1005002027391089
1005001962686093
32691921784
4001042528399
4000857685792
4001125816991
1005002262403759
4000498428523
1005002342873322
1005001362719675
1005001297192920
1005002364890842
1005002125780138
1005001871046809
32951762175
1005002198326282
1005002363203778
4000381525352
4000221163123
1005001264728707
4000170696004
1005002226399547
1005002406739853
32979997741
1005002476815595
33026718557
32837658579
1005002234657083
1005002452985106
1005002314315918
32767210063
1005002374910758
32985895738
4000630892132
4001162665975
32704940647
1005002053510009
1005002295620212
1005001900127312
4001059679772
1951657037
32737504932
1005002334969653
32844742725
1005002228325614
1005001763936020
1005001499130297
4000941613254
33004195981
4001201002016
1005001375324008
1005002266085696
4001117172210
1005001600306291
1005001676968142
4001278954983
4001355940594
10000395183587
1005002233553259
4000960330370
1005001869406698
4000241889839
1005002305121917
1005002114705634
1005001525320616
1005002322290645
32350458316
1005002236221133
32829503018
1005001629041705
1005002468109625
1005001990687381
4001271292269
32622226622
1005001977523143
1005001900765025
1005002119063049
1005001648138880
4000844863589
4000837418075
4001080008421
1005002353782341
1005002052365347
1005002311251364
1005001333990343
1005001688229966
33031226569
4000674231016
1005002122503402
32954560288
4000443212471
1005002324025444
32844269779
33054232314
4000857440727
1005002160223216
33044191562
1005002170839392
4000902782558
1005001999094302
4000945258170
32975931606
1005002485870598
1005002239561704
1005002368500154
1005002449391709
32830898742
4000374329315
1005002331959417
1005002134649940
1005002369306275
4000325026473
1005002362839113
1005002467128945
1005002247851432
1005001810304845
4000313236671
4000545870235
32892307614
1005001355182508
1005002286651672
1005002497103818
4000551772568
1005002325373046
1005002425281562
32241518959
4001163392683
1005001451909689
1005002233829471
4000397621193
32918181206
4001021011996
1005002322457351
32384733239
33000719165
1005002098111906
1005001429967918
1005001625136942
32972733928
4000043919060
4000687941814
4000262430546
1005002329190257
32958214166
33026431216
4001009912025
1005001912906770
32850761676
33006781953
32856531055
1005002397825030
32854002677
4000434112276
32964745760
1005002125799336
32991030711
4001315995246
1005001843943830
1005002311480346
32969968580
32996558336
4001156399031
1005001700905383
4001021954894
4001194240699
4000308934103
1005002334530006
1005001768584174
1005002291537978
4001209637115
4000827014702
4001021391423
1005001830155994
1005001520507804
1005002413497347
1005002453152360
1005001930924345
1005002395375478
1005002427427019
4001235480542
4000439391892
1005002358906637
32998178265
1005002425067447
1005002282944763
4001084911631
4001271752328
32812756024
1005002162094044
1005002299014489
1005001498810341
4000850492851
4000859329596
1005002359347033
1005001333182933
33023007192
1005001730335056
32842308524
32960428227
32924102792
1005002434484940
1005002342615439
1005001534048148
1005002467829838
32830481721
10000354588312
1005002342996763
1005002399829406
1005002253107768
32848395612
32888815186
1005001375397588
1005001621020618
4000890590243
1005001387768891
33002465037
1005002439583443
4000726618762
1005002053774339
32917501517
33003008135
1005002317126007
1005002420592657
1005001728395318
1005002122540170
4001029835735
1005002068390202
4000735946356
1580869176
1005002364391206
1005001603806161
4000916703539
1005002310892851
1005002406791150
32953268619
33028007817
4000049634282
1005001290255128
4001261157847
1005002441111524
4000232294747
1005002073036128
32995223669
1005002467348286
1005002018814662
1005001526085269
1005002383188553
1005002456742668
1005001912482594
1005001929254435
33055297465
32679708334
33013363508
1005002323707501
1005002313597146
1005002278148111
4001056646986
32986531529
4000959232309
1005002207839841
4001315431199
32761552619
1005002322652341
4000368165478
1005002322005965
4000669031901
1005002234604690
1005002260841293
4001230447192
32822759054