1005001859092311
1005002341669615
1005002219066390
1005001885609219
32800394158
32842077914
4000929225713
33017927064
33032616841
32914358884
1005002371458394
1005001865487374
32982753300
1005002076499203
32857822691
32338405972
32931679474
32802665331
4000270388809
1005002475656126
32933419443
32991792196
32213826543
1005002069348474
1005002465685363
33050803705
4000976084944
1005002050428105
4000005385910
1005002410990388
4001276984424
32982778812
32998976397
32956470800
1005002413064269
32886170639
1005002333478730
32607560508
1005002383915110
1005002327507356
32863596334
10000004353786
1005002334358362
1005001475173751
1005001291394456
32999102276
33024342388
1005001677094304
1005002382419728
32332455129
4000098327348
1005002289389900
1005002350780655
1005001490998567
4000786082519
4000794350015
33060037704
4001208360889
32827523564
32945632244
4001001109075
1005001611640617
4000642028884
1005001473878186
1005002205316217
4001064981331
33023555135
1005001715667047
32854548486
32862996410
32909899327
1005002323223985
1005002398978455
4000249165616
4000072760889
1005002432086293
1005002314336699
4000108351010
4000366605831
4000997927845
4000867110487
1005001861242204
32602826788
1005002409701791
1005001773008336
4000743932717
33037194368
1005002401596847
1005002364055900
4000095949825
32900875651
4000008048714
1005002318920958
1005002106028965
4000140030698
1005002483379658
32436376503
32896489085
32885007044
4000626041258
4001225124429
33035174599
1005002313791731
4000803373536
1005001948516845
32823871018
1005002375924174
1005001784679362
32848786928
32671690985
32989695110
32886926107
1005002359701913
1005001438315152
33059359409
32993473042
32923111836
1005002345636125
1005002324399840
32865813780
1005001899509436
1005001423489760
10000314300395
1005002367510631
4001231523495
1005002362554865
32879794668
1005002353578779
1005001933336393
1005001875414910
32817866770
1005001970144707
32809348730
4000875438117
32859158793
4000209806647
4000078693712
1005002298617906
4000960085191
1005001657922777
1005002351137461
33052969545
4000954971673
1005002481953237
32815765717
32996815855
32835213589
1005001608327952
4000845045814
1005001343115635
1005001987841875
4000096317662
32903313399
1005002358800929
10000399956888
1005002275535027
1005002265032260
1005002042686252
4001058847241
32975427832
33030551081
4001320638388
1005001776655514
32913046906
32828973075
4000038404448
32792848408
32830608297
4000251731450
32979760671
1005002233806613
4000036106805
32729161626
1005002423251229
32982462807
32910787755
1005002322532332
902607609
1005001405455362
1005002258748157
1005002336979857
32964359456
1005002425286393
4001245638156
33001900916
1005001647981725
33008885108
4001153665686
1005002315874460
1005001736634680
4001027899513
32950419155
32926919830
1005002445512542
32655010036
4000073881502
1005002247233312
4000589154591
1005002340837350
1005001556014115
4000278480876
4000267818548
33001088396
32970851113
1005001844438693
1005002273400826
32407499763
32876026943
32494249809
4000546579195
4000778326549
32672251834
1005002310926689
32863490290
1005002296599885
32832031928
4000493029664
1005001926448022
1005002230011185
1005001469391817
1005002253318554
1005002324009527
1005002167842820
1005001510908406
1005002313364948
1005001599475288
1005001494289398
33060774678
1005001438768773
32820688895
4000212249735
33034433378
4000584384746
1005002380705749
32659627599
1005002314187503
4001022268369
1005002295209953
1005001281101711
1005001640310874
33019638238
32905301137
1005001519492978
32913222175
4001075530558
1005001836719519
4000925590481
4000821881862
4000322158304
32999439986
4000029982511
1005001923479399
32826400718
1005001504462339
1005001598340970
1005001888818392
1005001897238330
4001254601614
4000911066199
32870252629
33000419636
10000400044567
1005002388616116
4000715938456
4000313601331
33024764344
1005001764367259
1005002254408573
1005001945975572
32866123290
1005001619839540
1005001843488860
4000287529338
1005001926972853
1005001957434607
1005001731107929
1005002309776834
32536509299
1005001731204725
4000735130259
2021933967
4000819865412
32824532603
32699413737
1005001333390879
32859230798
1000001401788
1005002336439132
4000955156240
4001228257933
4001293020744
32983320290
4000058555831
32912510939
1005002229914454
1005002317116055
4000691850474
1005002277843091
1005002311185540
1005002388742809
1005002305998817
32991989534
4000039797847
1005001329792211
1005001371741511
1005002297747384
1005002017114521
1005002233696774
4000353043670
1000005307573
4000034065170
1005001997320163
1005002317966882
32905017984
32952610401
1005002179859282
32806601908
1005002498764332
1005002304676633
1005001667741532
4000847931866
4000269472121
1005001329702931
1005001953428625
32842187392
1005002487280121
1005002282308105
32833703003
32912945400
33027260264
32864313590
1005001998520656
32840656289
1005002253815069
33057405756
1005001894631226
32914442278
4000883898118
32233950912
1005001504436786
32843201231
32816194740
1005002500490505
4001076473280
1005002062693597
1005002115758262
1005001265349361
4001037883639
33003454688
33016867902
4001161795409
1005001868956306
1005002303563415
4001196941818
1005001269717941
32567889021
1005001416701825
32963830616
1005001333716161
1005001355072724
4000344851499
1005001413821258
1005002224165503
1005002414350172
32784833456
4000743651584
1005002413267617
32898166306
32389449095
32972200731
4001278999379
1005001753864716
1444720565
32798794394
1005001935081083
1005002496941292
1005001354051603
32726986799
32885128269
1005001526391622
1005002084264171
4000048340586
4000102180500
1005001889789654
4000072083657
4001037738032
32861385281
32858393225
32976088391
1005002281245338
1005001785172208
1005002282536600
32845556377
1005002241729331
32747258669
1005002426061408
1005001308501787
32852243397
4001273155873
1005002337146942
32955397343
1005002148610977
1005002223948145
33031269977
32301382916
1005001788635985
32706622813
32853930399
1005002101887888
1005002385310995
33037645489
32878901492
4001208302415
32658849132
1005002354329715
32731320426
1005002245145066
32982651618
1005002459292291
1005002495775840
4001031925888
32804907052
1005002219346990
32947446835
32956439307
4000236454292
4001222012114
1005002351591672
1005001468634440
32904727541
4001237992828
32973493652
1005002251982937
32854383221
1005002253994742
1005001633787896
32994058504
4001228795088
4001160716311
1005002246408805
1005001921000066
33040556069
32997865967
1005001484413340
1005001982927337
340629250
32348333738
1005002497131937
4000411087536
32909394440
32885421943
33017575083
1005001298689222
1005002437456978
1005002489535098
1005002340612143
1005002476222160
33029073783
33056087554
32832491315
4000867311215
1005002326556436
1005001744715670
4000882439229
33051772801
32861014340
10000356680271
1005002228853097
4000209810276
1005001781552124
1005002308956510
32991639154
1005001444262729
1005002481736365
1005001519518556
32833622302
32789706594
32880465128
4000266383892
1005001686285060
1005002314083344
1005002336380846
1005001617161993
1005001325277753
1005002098651964
33042352128
4000559483966
4001176301192
4000600089009
33008200121
1005001581264025
32856787255
32949749140
32918199497
32837118456
1005001889944048
4000837735122
32693517428
1005002210163376
1911845843
1005002311589499
4001125350389
1005002316171731
4001130718068
32974893715
1005001961505687
32891800839
1005002376483865
1913035538
1005002264007183
32847417885
1005001588294671
1005001540873390
1005001427001780
1005001982837787
4000808698318
4000523584997
4001054485409
1005001927600601
1005002383110578
1005002299565441
4001130760590
33057570602
1005001373848403
4000273384097
1005002298254855
4001251458447
1005002337728452
33047972982
1005002312414105
1005002389649135
4000307918609
1005002046093739
4000381645161
1005001807846350
1005002357876649
1005002196746159
32279786449
1005002301418573
1005002246476696
32976779063
1005001367990086
4001218359019
1005002314338460
32841933944
1005001380000755
4000560971099
32478890376
1005002339370974
1005001442748677
32970948886
1005001408640256
1005001419121523
32797786152
1005001487274866
1005002168483025
32977984521
1005001763530230
32739225311
1005002313844547
4000966207263
1005002334411659
1005001625230913
1005001623623661
32458318867
1005001734429301
1005002204854886
1005001733001008
1005002320193043
1005002104584519
4000530125481
1005002256154383
4000387006501
1005002167304087
33060438948
1005001954032390
32854014468
1005002488680849
1005002418453862
32919000289
4001264031690
1005002314126160
32297187721
1005002396522701
1005002331324371
1005002227949613
1005001902157440
4001313413923
4001153183741
1005001723702548
4000966508614
1005001288035767
1005002469202313
1005002388335507
33036757143
1005001455904796
32959437500
32908270931
4001196802992
33011673106
4001237916365
4000171718804
1005002438622999
4000848771095
4001074511615
1005002394222995
4000219247797
4000113776298
32968361102
1005001456635295
1005001525233929
33013020850
32927690777
1005002103106461
1005002050717466
32956340063
4001227521941
1005001856787080
1005001354330354
32853274421
1005001575514644
1005001633032184
32947213921
1005001492968663
1005002212052908
4000315119314
1005001389109622
4000315862553
33013609551
1005002337320383
1005002304105903
1005002360243877
1005002413732608
1005002473445755
1005002357161594
1005001804154064
1005002238086483
1005002497120521
1005002359128906
32405382492
1005002328202069
4000022369306
32970434717
1005002331576706
33022928314
1005001928477708
32667538645
1005001505322815
1005002355864069
32830559300
1005002276080946
4000772806279
32855973460
1005001355077778
32968694911
1005002191062695
1005001425268942
32975428578
1005002061529449
4000642232855
1005001572870519
1005002023332584
1005001955049027
4001100153798
32897120378
32830663755
32386061570
32790622731
1005001274679372
1558504903
32809914849
1005002297823041
4000886872536
4000799088708
1005002263827669
4000535907252
1005001345748979
32950360443
32968246536
4001134530278
1005002351688898
4000329400086
32851961859
1005002358195392
32887486769
4001138024689
1005002281770614
1005001709000968
1005002484973570
1005001487576569
1005002495465079
32844802378
1005002316133674
4001032099223
1005001621998342
32601176466
33001440320
1005002442398849
4001183787652
1005001753916476
1005001936255302
33004682913
1005001576856070
1005002314355992
1005002260875354
1005002264555669
1005002254238293
32533892246
1005002262169041
32998479981
32904717558
1005001552258380
32878169499
1005001588831362
1005002430411892
1005001520321095
1005001859190433
1005002375369618
4000048299529
1005001441383658
32982681227
1005002111577215
1005002435049065
1005002465028414
1005001396977463
1753611109
4000828527607
1005002187343549
4000342965595
4001207183030
32731357563
1005002443709118
1005002319089406
32997406847
1005002277213533
1005001858439791
1005002368979186
1005001747903491
1005001658893262
1005002206111359
1005002306966237
32912384939
1005002450526246
4000233972901
1005002203300977
4001145773540
32757796576
1005002042975489
4000245818198
1005002023879225
1005002279013865
1005002413203964
1005002323853196
1005002434031904
4000722957569
4000969258546
4001288733299
33030989652
1005002292388504
1005001564689046
32983352979
32959488262
1005001930850668
4000096593465
1005002317655161
1005002454201971
4001314585730
1005002224818621
4000265639452
32831492704
1005002426461205
4001156526843
32835240665
4000011798116
4000248604288
33002327954
33036343186
32444713294
1005002219420331
1005001410912518
1005002371471762
4000011947661
1005001566462396
32876366613
1005001948048409
1005002281977962
1005002373042624
1005002323643592
1005002481111894
1005002314304432
1005001285210796
32890298393
1005001603621240
33040250510
1005001867232826
1005002394255165
2020942243
1005002424119887
1005001357290104
4001107693443
1005002064831619
4000340820917
1005001775332926
32975860081
1005002288740499
4001109247373
32981821105
32956301503
4000421641556
32514047123
4000398130324
1005001632945868
33030458653
1005001845284180
1005002307329937
1005002367245444
1005002266096429
1005002278919285
1005002351246529
723927364
1005002281571118
1005001569581595
4001024723610
32276309761
32818081245
4001332402931
33030981995
32839168241
1005002425391628
1005002223648200
1005002341569087
1005002253484024
4000075218943
32873749822
1005001883346644
32237525526
32981170038
1005001515797869
4000299807097
1005002314408405
4000894571220
4001234644668
4000859675213
1005002475187232
1005002301855357
4000222392737
1005002210959621
32654210409
4001332024576
1005001444341881
4001359653323
32697140974
4000666086684
1005002395144815
1005002105898483
1005002484556428
33045739440
32955728357
1005001822856483
32970899014
1005001352129977
4001015252179
1005002323271232
1005001835551165
4001095421190
32820342617
1005001307447351
4001314411031
4000393562484
4001364436105
33022859141
10000401502734
32890177434
4000944745378
33049624269
4001333625466
1005002055269918
1005001320657606
32997092252
1005001546714716
1005002496532138
1005002382910213
1005002450555810
4000893877393
33006759133
4000225007086
1000007671267
1005002446841449
1005002310734941
32719647762
1005001779916201
1005002308088121
1005001318882721
1005001952400697
1005001877057998
32852028001
1005002406468068
1005002154071926
4001128879877
33010118133
1005002350575762
4000170405370
1005002440248694
2044530796
1005002240540071
1005001779792673
1005002085346522
32738159119
1005002330799167
1005001411767297
4001330640756
1005002183178770
1005002358094168
1005002382559730
4000721062713
1005001858622848
1005002399314471
1005002458264507
4000893872789
1005002306507425
1005002351742755
33006103774
4000049363186
32353687934
32834884534
1005001471012700
4000661068455
32704063401
4000905707273
4000203301572
32978394075
1005002096046146
1005001998673948
4000130263844
1005001848509403
1005001611599810
1005002217186995
1005001894804099
4000099138956
32917541896
32976390445
33049522032
4000988997436
1005001568652396
4000997192330
1005001593998210
1005002285919715
1000004530722
32533922509
1005001779546069
32813441162
32829242021
1005002381509850
32924922965
4000196247146
1005002296538260
1005001664800301
1005001597668677
32247038476
4001221622188
1005002314590599
32837418140
1005002399500708
1005002376902222
1005001525492295
32754161603
4001211105852
32790496731
32915665425
4000710321989
1005002466142330
1005002253239891
32982935778
1005002288177119
1005002383315352
32907462374
4001154780623
32819240061
1005002292520189
1005002438356965
1005001387219446
4000207816285
1005001873304044
32439856092
32682307633
1005002176671691
1005001510695556
1005002256141978
33042654500
4000554790288
32904889119
4001030437357
32885400931
1005002477595690
1005002251818819
4001039892433
4000682959157
4001142002958
4000394326510
32906575197