4000501046085
1005002073384899
1005002412789840
1005001504735867
32968920913
1005002476820222
1005001734600439
1005001417238800
1005002352433218
1005002276150389
1005002455038837
4000936169711
4001235196005
1005002336477731
10000012625010
32961216508
4000763835475
32847343761
1005001302899866
1005002430280886
1005002006338946
1005002483269871
4000851029466
32957143914
4001174894740
1005001577396615
1005001863521493
4001122113589
4001150597999
4001037664368
33053651402
1005002254361129
32851261812
33009061974
1005002320697080
4000308339548
32876456589
1005001829530222
33059207126
4001042042162
1005001576185905
4000842639748
1005002063122816
32838295986
1005002294574149
1005001962262010
1005001955001743
1005002447698712
33003747771
1005002369629498
1005002346624742
4001034093275
1005001869104216
4001022501020
4001254883343
1005002431216757
1005002233207236
10000032746118
1005002294419268
1005001877232882
1005002056927699
4000818626207
1005001579318071
1005002249729647
32962168065
4000603011938
4001228187607
4000704211359
1005002294608129
4000290335246
1005002344920856
1005001329335742
1005002427918229
1005002408435340
32508108443
1005002306745801
32953504833
1005001506644346
1005001474849421
1005002291178764
1005002012745489
1005001699617668
32933852700
32626098365
4001344809679
33000174818
4000115483872
1005002480942406
1005002293915593
32772767481
1005002431068513
33009432263
4000055574741
32979337482
4000505089054
32846449504
4000850424859
32947068034
4000642104488
33012398673
1005002322459430
33032923945
1005001657058221
32863556558
1005002352786775
1005002329524658
4000069687040
32909172721
32820817514
32947724302
1005001298640737
1005001966947297
1005002297288618
4000604283674
1005002051720770
1005001784515912
33031863486
33027876725
1005002341006357
4001335021486
32854034413
4000955001463
4001209395268
32899637599
1005001612571678
1005001602097241
1005002125161053
4000966585051
1005001652168331
1005002319189538
4000627377071
4000172762338
1005002362383611
1005001385782811
1005002309405774
1005002315418233
1005002055963229
33002493636
1005002199014252
32953962484
1005002232598616
1005001986001425
32839100898
32875855258
1005001351020714
1005002412561939
1005001941732393
1005002434789075
33018190244
33037298879
1005002354457767
33017618106
4001178410099
4000626591949
1005002291767062
1005001640803761
32965402629
4000709225216
1005001846437141
32829606309
1005001926085795
32959831548
1005002260673215
1005002287760772
1005002225226937
32960215904
4000178682915
1005001585859232
4000206846544
1005001270698357
1005001465340426
32959934975
32962940371
33016330767
1005001960007940
1005001379621110
4000031279149
1005002239771461
1005002325345097
1005002350050065
33027501797
4001054981540
4000133383328
32954636085
1005002314104447
32954252779
1005002401487299
1005002364496202
32859477437
32876318226
1005001774838136
1382695566
1005002085761572
1005001742068077
4000263111424
1005002383961260
1005001844681701
32978525403
32837647068
4001164090036
1005001628068049
33001479548
1005002044305997
4000994084161
1005001543824365
4001131330986
1005002419325259
32887655446
1005001504851965
4001077941336
1005001975959484
1005001322322179
4001268724017
4001267915368
1005002312895726
32817650406
1005001868871971
4000960878870
4001251413565
33000969975
1005002326989559
32966034769
1005002388254914
1005002342732828
1005002476834654
1005002337805243
1005002436205400
4001005376728
32857293524
1005002270502634
4000483225310
32573389142
1005001814058671
4001216055817
1005001764764254
1005002279171295
32897676510
1005002107634446
32948808736
32740088174
1005001912450667
1005002072369972
4001169959697
1005002490101217
1005002340394256
1005002317995346
4001292940060
1005002313843291
1005001302175079
4001121212264
4001166082444
32952880047
32385740177
32959820426
1005002258519943
1005002277820255
4000281791331
1005001660281463
1005001786402594
1005002247037425
4001047451534
1005002488938940
4000017685992
1005001748790610
4000092046129
1005002377736908
32591159565
1005002275735978
4001208445118
1005001888764400
1005001730663154
1005002357219364
1005001668551476
4000190250985
4000196002801
1005002336617192
1005002404259494
4001067257034
1005001292780224
4000373029784
4000967114425
1005002304377816
1005001430802985
4001049831923
4000832674469
902564908
4000780433869
1005002372048535
1005002490347756
4000344121777
1005002387363793
1005002396562212
32976525738
1005002165903126
32952950578
1005002460017268
4000290932823
32814936738
4001238066639
32964134471
1005001830102573
1005001526819661
33021429977
4001345541301
4001314808979
1005002354518286
32675386676
1005002277564075
1005002356628328
4001092202391
1005001403569337
4001215826478
1005002323328849
1005002346901668
4000237897413
1005002467604991
32949354199
4000039594055
1005002481287696
4000384707511
1005001343285781
1005001678766302
1005002333564039
32962057128
4000861315021
1005001710690551
1005002146359712
1005002473774261
4000918363481
32850163075
32953903875
1005002347650874
4000378551602
1005002191623064
4000378131520
32834580388
1005002377732197
4001285718524
1005002346045931
1005002288932446
1005002306728122
1005002279765433
4001297858589
33049811046
1005002288466069
32897665904
33004631810
32950355976
1005001459194754
32848327890
1005001769485508
1005002051292225
1005002498447860
4000833691013
1005001397832344
10000306476210
10000059427047
1005001510726765
1005002467041739
4001019862926
32831953898
1005002139740717
1005001635669159
1005002002980091
32954188211
1005002315704926
32811092177
32574123117
32608807950
1005002065738927
32968699500
1005002278114540
32793147674
32870894704
1005001698253682
4001033607413
33055806379
32998443058
1005002386913377
32979008033
1005002224286342
32918920013
1443700745
1005001581578158
4000237523898
4000198358171
1005001799225076
1005002314468685
1005001466720539
1005001593146012
32702858683
1005001354411034
1005001623112551
1005002318884735
4000901273776
1005001873974777
32625903474
1005002315158123
4000775045155
4001188049018
32901493643
4000626146845
1005002243950416
32858535635
4000987884607
4000290415331
1005002228580877
4000842218072
1005001935127000
4000820304630
1005002399023172
32443153591
32850876329
4001062457247
4000166521244
4001355633515
1005001372961554
1005002323994752
4001343613225
32884353030
32859606055
4000726290997
1005002090412094
33049633937
4000117354591
32662897063
1005001592145416
4000444051669
4000265135578
4001278888557
4000843245366
1005001560502914
1005002337757637
1005001657965725
1005002477195146
4000197844125
1005001422648972
1005001515740952
1005001617025975
1000007175804
1005002409865183
4000956846574
33003870707
1005001541402582
4001199846034
1005002181485125
33015020449
1005002084912463
4001286264079
4001250707678
1005002272507511
32896982735
1005001703770275
4001332611233
4000970738514
33043817408
32809177744
1005001948643006
4000080745833
1005001386073593
1005001469918664
1005001976021435
32814974070
32871479348
1005001451489489
32844364510
4000863479928
4000086789102
1005001446026130
4001262553116
32857767118
33051937759
1005001319431671
1005002332097900
32624799161
1005002175204092
1005001452757862
1005002348463617
4001176305330
1005002287531095
1005001976017719
33001974883
1005002100414463
32973845202
1005002278938055
1005001269840435
1005002357537890
32952962511
32957381847
32975167974
1005001309199159
1005001878529850
32939526204
1005002477639465
1005001350122298
4000924134222
32804354750
4000320863184
1005001982805846
32913082042
1005002296657635
4000954893162
1005002270226925
1005002377733661
1005001381147381
1005002428841780
1005002068082634
1005001646217450
1005002214077059
4000112606425
1005002268325345
32926133756
1820166208
1005002313632731
4001038620226
1005002449736852
4001240295657
32766693111
32958420676
33006359971
2035161812
32834627167
33014393305
1005002171094177
4000086210311
4001106682324
4000528346287
32916928553
1005001907687310
1005001325995304
32852083332
1005002301354729
4000219969664
32823685375
4000258834887
1005001439063958
1005001835030106
1005001291307164
1005002262314958
1005001942993068
4000675595577
32977242054
1005001836869403
32829859587
33010395726
4000710103733
32904690103
1005001697820361
4000358509228
4001189398169
4000777853295
1005002323546515
32962297949
4000100302912
32702144126
4000009485444
1005002320470588
1005001931295063
1005001313995859
4000053974631
32810861738
4000538516680
32969168283
1005002398637519
4000426901890
4000629066429
1005002363747399
1005001382026866
33044506346
1005001669862241
32856702304
1005002232099705
33058820513
4000229602305
32978868433
4001046919831
32957081337
1005002345562866
1005002375160356
33033797763
1005002357521837
33049776837
4000896160693
1005001813507449
32845776587
32884225254
1005002056418898
1005002425936606
1005002193749573
1005001290916246
1005001692503800
1005001966683043
1005002319201880
1005001281298726
32846573331
4000262353673
1005002307857083
1005002381774187
1005001868499616
4001132875970
32882983321
32761334211
1005002467689921
4000179337968
1005002295506093
33051824580
32781826491
4000786847306
1005001309729030
1005001418670245
32814384723
1005001590305447
4000810044599
1005002167418167
33057666194
32933239530
1005002368566417
32657252774
4001189274466
4001353212815
32960582542
32886264735
33012881566
1005002085344865
1005001500634351
1005001785630449
1005002416941643
32816756380
32966228969
4000878941181
1005001770557225
1005002324812825
1005002426980521
1005002332722751
1005002308653856
1005001656437963
1005002475693677
1005001779119475
33047005880
4001219869778
1005002316512867
4001278746126
32883854735
32856966514
1005002247640136
1005001418097495
32808316258
1005002344904976
4000045794117
1855724924
32806897014
1005002416396663
1005001711027478
4000463519941
1005002231624234
1005001830710095
1005002495246863
1005002376351405
4001125695807
32908713719
1005001628755038
1005002069413234
1005002314298361
4001079411210
32957098275
4000505983692
1005001566241223
4001233268453
32858238536
33005402655
1005001787077732
4001283580507
32808417957
4000960546992
1005001765674590
32740125141
1005001861814705
1005002115465409
4000189975693
1005002431718835
10000395864124
33054177391
1005002337234200
32808388667
1005001937433718
33022363334
1005002246486674
4001159846036
1005001618235507
1005002270805499
1005001982616322
4001257186876
1005001788892446
1005002114692317
1005002422231050
1005001572296848
4000060107404
1005001955266676
1005001770473351
4000415000778
4001179060672
4001359723887
32828145884
4001173822197
33052593573
32878608985
32993886258
33001414314
1005002454343002
1005001543749817
1005001392849302
32727227568
33002101927
1005001819409532
32885803874
4000057526864
32889488761
4001244559251
1005002324255233
4000589553495
1005002271877140
33058107590
1005001954182038
1005002220685765
32948659766
1005001424210688
32897904256
4001224022428
4000279679740
4001079380738
4000682922535
33019301801
1005001731468474
1005001424698010
1005002147137044
32974124500
4000173747099
1005002403789429
4000246608874
1005002319475502
32863940012
4000126747244
4001296908447
1005001543657656
4000106400740
4001229705708
1005002398890953
1005001598225193
32874797727
32895001725
32870202138
4000241610362
1005002346110398
32954389907
1005001876716907
10000185211833
1005001265486020
4000218138590
32799180359
1005001974989457
1005001651245692
4000259705850
32823688802
4001175477711
32983408673
32957447601
1005001728421202
1005002386152463
1005001409563572
1005002421463803
32964370783
1005001500070481
33002920115
4000970178903
4000641407546
1005002268694763
32908103424
1005001862979521
1005002431417218
1005002247839294
1005001413147068
32971359732
32959325949
32276711054
32830205330
4000567294519
32952572830
1005002443459611
1005002082105090
4000365785404
1005001795389284
32780049545
1005001394234996
32757977483
1005001286485794
32889060420
4001149282901
1005002225192426
1005002388297479
32854045998
1005001353477656
32978699975
4001035141043
1005002281257478
1005002323238557
4000955055105
4001123781643
1005001289502580
4000167213015
1005002099083476
32888969234
32835209295
32883769673
33039603461
4000710368852
32847918746
1005001417920702
33061218375
10000029322428
32920787052
1005001352239055
1005002052655459
1005002219800588
32960615076
33003876022
1005002262637162
33012484627
1005001957132742
33017755515
4001297973460
32704052277
4001292505835
10000400035726
1005002481753695
1005001579034422
1005002324924902
4001209415120
32853201903
1005002206447016
33000104450
4000931887207
1005001506532839
1005001982718647
32970843348
1005002180547559
1005002367300334
1005002272824173
1005002248551089
1005001769752130
4001037439701
32895374776
4001175539336
1005002323601288
1005002350478561
32806830770
4000696087821
32919698147
1005002459131825
1005002314423543
1005002388752779
4000385674066
32996388074
4001162654532
1005002478940260
1005002283818867
32832688640
1005001721832266
1005002341273511
1005002201653772
1005002271972159
4000546193402
33007774944
32846705156
4001275906416
1005001899992835
4000972654950
4001191947342
1005002323133522
32860114625
32713317734
33022675848
1005002280513804
4000535048964
4000043259353
1005002370500552
1005002344899371
1005002388911624
4001267315118
1005001418491755
1005002483245004
1005002310002968
1005002400539485
1005001398739404
1005002259165195
32255385662
1005002460341724
32919963309
1005002322373029
1005002448489446
4001227810755
1005002450402476
4000296216431
1005001689098747
1005002011641839
1005002324803954
1005001448425642
32996616341
1005001942401814
33052011178
1005002357380863
1132489501
32979515617
1005001793032305
1005001468710626
1005002234015782
1005001268648746
4001122509584
1005001687743147
1005001640640459
1005002469100076
32654547146
32837146719
1005002373208471
4000094483660
1005002427846694
1005001731784934
1005002312483876
1005001598308340
1005002253362517
32843100526
1005001610224748
1005002363423476
1005001695562145
4000547648394
4001296450755
32730284057
32944973546
1005002146612263
32706213421
4001308110153
32917185556
4001289272601
1005002100682764
1005002272556935
4000602989047
4001009497652
4000044151433
1005002276033898
1005001319383353
1005001627322156
1005002476210796
4000284459415
1005001996443888
1005002207529693
1005002315120750
4000429719860
1005002328486914
1005001334887848
4000809837596
1005002454278682
4001209040409
1005002086808204
32990918352
32833505592
1005001658187044
32977646430
4000313493689
4001337955939
1005001705243112
32830929142
4000426673216
33036717976
1005001510983442
1005001535207090
32840547823
32319323681
1005002224329199
1005002451160283
1005001560490794
32964915396
32962274193
32901097849
32961983770
1005002260284470
32997860924
1005002483389589
1005002305876597
1005001967003747
4000219962942
1005002046916092
32912998426
32970007591
1005001883966167
4000394175883
1005002474363440
33004308642
1005002320917806
906762217
32434500494
32845396951