1005002043107924
1005001935834560
1005002377537289
32827443577
1005001552372810
1005001698637181
33023715136
32959155152
4000244643373
1005001831766162
32909411460
1005002318415202
1005002196430914
1005002416698092
4000449210592
1005001832043284
32971883547
1005001736378357
33005191687
1005001619008209
1005002469249815
1005002485658487
1005001501317724
1005002056909872
4000794654909
1005002301009242
1005002341934042
4000519719462
1005002319185269
1005001781273219
1005002018577775
4000139521417
1005002388947070
32854601890
1005001305361869
4000177321166
1005001309380328
4000199902062
33035102120
1005002489985978
1005001288023984
32991358235
4001333286903
32944729198
32850650445
1005002304768515
1005002304980310
1005002377370099
1005002077690139
1005002364517353
4001038515009
33049307058
1005002125779779
1005002490016907
32914398268
32961004051
4001153848049
1882533309
1005002325032548
1005002288695950
32856681091
4000834039776
1005002434775019
1005002159306896
32967402621
32947398479
4000708462566
1005002341774520
4000550088600
1005002134508365
33061042365
1005002312333177
4000807269960
4000546539797
1005001425186961
1005001525237900
1005002204480912
32861245893
1005001922934934
1005002405113072
1005001638072816
1005001736784202
32853149368
1005002284806078
33027509880
32250198502
10000314575948
1005002269062390
4001044473894
1005002198742864
32961453095
4001080544239
4000011093455
32817891536
32975659277
4001260229222
32974245037
10000404558720
1005002412689359
1005002428936455
32610273573
1005002354518401
1005001508196903
4001161111311
1005001868116376
1005002170598984
1005002258032039
4000258141577
32854917416
1005002305828837
32969371149
4000686057126
32757392434
1005001695632013
1005001412611688
1005002283365351
1005001876999755
1005001461791789
1005002233436628
32841000381
1005002232190507
1005001697889985
1005001348154014
1005001711259224
4001043517268
1005002418876522
4001160746584
1487362320
4000899591951
1005002318948459
32907862462
4001200591981
32893381034
32964304012
32972534231
1005001893725426
1005001515764409
33026470607
4001162881032
4000443126755
4001228670666
1005001520446322
1005001896460117
1005001979783650
32955508976
32951752367
1005002254902378
1005002341338471
32809436018
1005001603408399
4000904133294
1005001501957547
1005002063904746
32813200844
1005002097059375
32974736933
1005002399889937
33058038642
1005001319150761
1005002296874250
1005002303608754
1005002395003287
4000180085522
32896086705
32952557361
4000112834988
1005001470139799
1005001953386272
33023921119
4000554827031
1005002255282067
1005002128531284
1005001505850588
1005001614962898
1005002314151658
1005001765817298
1005002405220415
1005001906910640
4000311868068
4000019320021
4001115972092
1005002197067352
1005001899492602
1005002333900197
1005002404214165
4001178532950
1005002179157528
4000975080887
1761287523
1005001655888099
4001350815387
1005001722859441
1005001996831306
4000704390009
1005002475553836
1005002258512848
32834350385
1005001879590047
1005002380915542
1005002315912682
1005002281360022
4001216013464
33001871315
1005002091986038
1005001525388713
1005001895532423
32984922511
1005002276143989
1005001747400282
4000804471227
32973647646
1730610491
1005001867904370
4000185347527
4000359820146
1005001713579614
32858573631
1005002426063509
32832986641
1005002302474033
1005001963529114
4001151272557
33042499146
33050065097
1005002414023814
32831595508
4000800862312
1005002248615791
1005002248948562
1005001987378013
4000144638863
1005001722722922
32958296647
1005001498660843
4001038960943
1005002275444996
1005001397006951
32807968711
32421194654
32825025519
1005002330749074
1005001692642474
1005002412477049
32799475345
33005345857
33025222268
32888953498
4000845046417
4000575867983
1005001608709569
32957887460
32976274531
32970329907
1005001843140837
4000796593972
32976855180
32618323034
33038270226
32974940841
1005002278879604
1005002365614559
4000328375404
33015774774
1005002306614282
33019283754
1005002087204202
32861317890
32863006629
32827776379
4001083829534
1005002305223150
1005001315916859
4000267512951
32818860645
32986913430
4000122927615
4001270992399
4000313721755
1005002475503892
32945973594
1005002322566383
4001156477182
1005002176230491
4000400373738
1005002395004192
32813703398
4000030069676
1005002427257365
4001083197955
1005001987483575
32984566049
1005001763877292
1005002470278222
1005002279054776
1005002258359227
1005001473902533
1005002477791351
32821132503
1005002005021094
4000191079466
1005001835470354
4000055749070
4001051892877
1005001481641919
4000817221160
1005002249688827
32997691301
1005002359005804
1005002386391963
33023555694
1005001615579905
1005001731051795
33039063575
32968133114
33032603194
4000149235621
1005001779771712
4000689306594
1005002337609859
1005002489941911
1005001675584037
4000772476434
32911971816
32907671082
33039249248
32971362402
4000548659194
32806835867
1005001340347449
1005002072660019
32785065860
1005001882393490
4000840524398
4001048952964
1005002494895984
4000067642246
32682742960
32812024600
4000284710428
32836179346
1005001348903107
33002167759
4001001166214
4000006064854
1005002229567719
1005002337779395
1005001840171695
1005002490279868
4001139561100
32704814451
32945857272
1427391586
1005002438442276
32402116505
32915804745
4001350011634
1005002260413607
33019659353
4000987762616
33028608987
1005002259440305
1005002342598420
1005002368367774
1005001429705052
33004165438
1005002174950369
1005002082286679
4001277878482
1005001405126217
33020934892
32995290672
33001570601
1005002233626324
1005002376279709
4001051405617
1005002330731898
1005002292866032
32618346109
4000240220850
4000294897753
1005001998727665
4000906362355
1005001334742255
32411162563
32969667405
1005001743035115
1005001343033110
4001261434151
1005001882824070
1005002291142062
32975115965
32850943429
1005001592192770
4000287036448
32953055803
32796354517
32990970870
1005002254899239
4001029931440
1005002282776910
1005001900581077
1005001789182535
32924334613
32891910092
1005001727606796
1005002353983506
1005002171821393
32833829029
1005002346642338
4001271390399
1005002337089557
1005001645708118
33005521393
1005002488155147
4000781775624
1005002344882911
1005002438902842
32574079378
1005001566607294
1005002227899826
4000723882078
32912889986
32876580853
4000335574364
1005001494304641
1005002307621835
1005001989529184
1005002336525035
1005002238705436
33050188641
1005002151286147
32897583552
4001262782197
1005002435805183
1005001953420153
1005001648056345
1005001972770142
1005002412253689
4001196230129
33012510652
4000813867831
1005001270653488
1005001962998817
4001184137060
32919996621
32821654172
4001273900442
33007215597
1005002286784169
1005001687935085
32345353523
32805879357
1005001424747592
4001256356603
1005002063575020
1005001339510264
1005002454329957
1005002094858852
1005002368318340
4000294435959
32608031361
1005002288623506
1005002357635155
1005002345058114
4000902842012
4001043190171
10000384995775
4000803973069
1005002310952240
1005002340966536
1005002016834827
32960563097
4000034403472
1005002279130508
1005002136992242
32952209682
1005002276857854
1005002454206580
1005001830768559
1005001738113317
4001015016041
1005002170770412
4001181694231
1005001425456019
32671838606
33018933671
4001093901713
4000938873161
1005002265678248
1005001454252955
4001020484198
1005002347016185
1005002101746583
32757686352
4001098691856
33010721211
1005001415380917
4000043698453
1005001779912262
1005002034796894
1005002274205059
1005002383016831
1005002230293787
33053620803
4000119916521
1005002198240108
1005001620734949
32967266289
1005001474718737
1005002308735442
1005002337893538
4000070130688
1005001556728566
32783482429
1005002344654847
1005002319049013
4000269986226
32974986500
32850827418
1005001632730317
1005001929031704
1005002387932223
32902389685
4000511751320
1005001769817636
1005001878709368
4000739441939
4000348806382
497048900
4001058024359
32723423816
32887667496
4001154470373
1005002431230831
1005001736756375
1005002474701613
1005001793993998
1005001463962768
32901126848
32783502599
32858155125
4001294354695
1005002175964210
1005002079682349
1005001560364750
4000812717138
32975752304
33052832405
4000966470514
4000955761718
1005001748677459
33031722214
32862318534
32938855744
1005001976221228
4000410264879
32859865919
33012917771
1005002240142974
4000148207163
1005002276687889
4000807659554
1005001493845087
32503054948
1005002297469931
4001273341515
1005002288607741
1005001588244223
4001327051990
1005002286560823
4000140296792
1005001286613474
1005001488494670
1005001633749337
32946144960
1005002384453525
33000232598
4000546533441
32257564026
4000955182563
33011186718
4000811771741
1005001612640059
32831644965
4000894691563
1005002305378945
1005002337141460
4001192320864
32946204792
1005002367490332
4000785540848
1005002344099290
32801718977
32957634258
4000551799178
4000790253393
1005002342173714
1005002081782110
33042348057
1005002482017296
4000794279787
32811181791
1005002412235485
1005002298110619
1249163184
1005002333617706
1005002213621554
4000370075938
4000925565146
32796495294
1005001860039893
4000111789826
32853136764
1005002167349190
1005002366109915
32949845550
10000339723965
32692854922
4000626008810
32862818664
4001120278341
1005002316352739
32465107230
4000921043164
1005002466222250
1005002339010177
1005001861214966
33046262729
1005002355569315
32839719488
1005002322243872
1005002245930996
4000563841586
4000808118846
1005001621065162
1005001681890248
32829529943
4000703044985
1005002333657131
33026681699
1005001482942543
4000237078943
32405233889
4001206741030
1005002293168904
1005001608571443
1005002428181193
1005001364466604
1005002293503628
32983322779
1005001579281467
32968855814
1005002478435205
32950406839
4001326500368
32854714680
1005002234105138
4001127145802
1005001607637318
1005002465824244
32503614210
1005002070634794
32694484591
1005002240248027
1005002123738671
1005001899594416
1005002279078742
1005002257197169
1005002371713312
1005002336278912
4001247592353
32989989185
1005001404954511
1005002123866637
10000395886997
4000473209537
1005001934371547
1005002242261054
4000607959185
32833562464
4000723026893
4001280747025
32900589355
32308722751
4001268580415
4000384332164
1005002004015404
4001270431486
10000225881238
1005002105113284
1005002343385507
1005002368615291
4001296675558
1005001581322457
1005001264812110
4001123732512
1005002242179538
1005002389203118
32908133359
4001240115977
4000689852407
32986403906
1005002386634365
1005001580270322
1005002417536375
1005002414741177
32298635762
4000611125648
32963647964
33028386414
32864317643
1005001551944641
32949166340
1005002367304847
32644957346
32918723909
1005001348471913
32908002327
4001138641893
1005002390176452
1005002318913867
4000193210450
32745314969
1005002469033811
4000965421681
1005001462439788
33021336420
32801814875
1005001803974702
4000201745518
1005001889615971
4000821987935
1005001966239466
32919258986
32774956432
1005001295654523
4000726144208
1005001728414530
4001014871127
32785351329
1005001531792161
1005001592611520
1005001763836471
4000782663040
1005002352619892
32737197750
1005001506066290
32802106810
32854198337
1005001591831214
1005002466695044
4000159429544
1005001621794917
1005002204592489
32868197299
1005002307789709
1005001326050831
4000035703134
1005002345771654
32826463950
32312839576
1005002395278771
4001228596569
4001286656819
1005002352264341
1005001603743323
10000360755240
1005002030722817
4001189411248
1005002244725333
4000880069949
4000131642678
1005001731153609
1005002459512215
32805670019
4001156710849
4000868465219
1005001556639988
4001175942671
1005002045517817
1005001621014406
4000466023264
1005001950242420
4000358006428
1005002387331307
4000695733280
1005001874133357
1925990153
32892591035
1005002233671979
1005002105749871
1005002376447024
4000235530864
4001220264008
32983806279
32748628456
32865170416
1005002055130342
4000368149674
1005002287544975
1005002299537422
4001235251397
1005002458165601
1005002312624531
32966763687
1005002213133843
32856309055
4000353005129
1005002253364224
32822682332
32805854088
1005001524948286
1005002246336935
32843434128
1005001439034946
4000378605046
1005002022476527
1005001968633460
4000764061668
1005002489663192
1005001778123281
1000008473496
32828709961
1005001539938823
4001094136919
1005002341453061
1005002441901534
1005001451023945
32907983795
1005001888387052
1005002258945672
32886307836
1005001296799766
4001253218535
4000586972615
32958233863
1005002339334327
4000602711036
1005002272564615
4001274993553
1005002340737079
4001317451503
32950700374
1005001815330050
1005002406551130
4001361072614
33037457796
1005002461067848
4001043745547
1005001529430724
1005001977283494
1005002307380959
4000206000053
4001349854052
4000418698265
1005002440098099
32940818006
1005002277361032
32604857092
1005001474825361
1005001357469411
33010823849
33005675137
1005001525297894
32921078173
1005002305816922
1005001504914738
4000054591570
1005002316883913
32889825522
1005002293895471
1005001515065191
32817689098
1005002298943649
1580004756
1005002323652911
1005001763173362
1005002453632144
1005002245776980
1005001846007464
1005002268275331
1005002433827504
1005002008138053
1005002338667396
1005002466206210
4001267475794
1005001636551638
1005001638447760
4001227024407
4000800487932
1005002317710293
1005002459731605
32789114104
4000246070250
1005002121776600
32579305578
1005001970456850
1005001708236344
1717423243
4001278863527
4001221722578
4000987112310
1005002364112222
32849662768
1005002306010382
32837907971
1005002467016539
32934647106
4000047237563
1005002409710598
1005002236317416
4000323289450
1005001817859292
1005002296170081
4000525371249
1005001437463418
4001060690093
1005002320166762
1005002377323202
1005002385364499
1005001762219472
1005002058772238
1005001977306552
1005002115617629
1005001883699421
4000546568054
32887911941
1005002347016943
4001230406237
4001015921760
1005002392459929
1005001844606428
1005002100830485
32816278515
1005002211520700
4001115194071
1005002320844486
1005002190235771
1005002293547225
1005001671450558
4001038086934
1005002314290912
1005001544559245
1005002091455426
4000432601647
1005001732282637
1005001657920923
1005001619986381
1005002300853250
4001036654156
1005001452920151
1005002332332352
4001119435837
1005001972924486
1005001327502780
1005002461832334
4000601674334
4001162555720
1005002424102693
4000809556227
1005002427654235
33010755276
4001343892172
1005001333413171
32659907583
32916824272
4000076192564
1005001594601689
1005001830343009
1005002237780864
32896833142
32818619223
32954063848
1005002304334683
1005002027077604
1005001450937632
1005002322324418
4001007432231
4000954411304
1005002217842178
1005002304373361
1005002346640235
1005001996652088
1005001835847225
1005001942469986
32869049099
33009666849
32581979978
32953084604
33026292181
1005002011672415
1005002321699589
1005002345852652
4000472551434
1005002400562918
1005002357147700
1005001481755563
4000031647190
1005002173017456
4000111258724