32691022098
1005001880019030
4001039408608
32921542459
1005001791904967
32957970865
1005002480896874
1005001954864426
32872829867
1005002443706691
1005001614339492
2022919261
1005002438788653
32806313193
32987350169
1005001605344044
32857116938
1005002357534131
1005001803593288
4000376864872
1005002219283546
4001149935937
33036452736
1005002319293506
1005002304388318
1005002274090674
1005002030089310
32878763628
4000330021424
1005001495765706
32777301695
1005002055613978
32966762593
1005001714940581
10000376534131
1005002317231942
1005002500450187
32984663091
4000829813431
33026582955
32806436242
4001208601764
1005002061277354
4000326691547
1005002411962895
4001273147112
1005002099903029
1005002311947655
1005001792225308
1005001302165661
32844522225
32933150501
1005002344660716
1005002399041174
4000281816719
4000240308477
1005002419053404
1005002364520020
1005001841189254
1005002418551607
1005002468102420
1005001882473250
1005002287496015
4000504199195
32919963217
1005001821505725
1005002214804178
4000066932166
4000801522710
4000160209538
1005001666766521
1005002288283032
1005002265490486
32677825689
1005001320245050
1005001603868881
1005002273887657
1005001671000026
32886134019
1005002027753265
4001060992588
32324180203
1005002074030273
1005001447226681
32757469082
1005002382833214
1005002406398533
1005002393445191
32957683037
32972350243
32915809793
4000094418172
1005002342562238
1005001392271202
1005001948731773
33041600995
1005002225803438
1005002487946672
1005002278687698
4000384718959
1005002252958477
32683691662
32807842737
32853960118
1005002329923121
4001018850971
1005001515689074
1005002395443381
1005001287709513
1005002338952393
1005002356984113
1005001640882522
1005002231527352
1005001518491938
1005001320056012
1005002285878022
32964586204
1005002334061359
32698118950
1005001532238073
4001263641633
1005002306714021
32978351962
4001238542567
1005001804795180
1005001265228865
1005002122517446
32921141477
10000027100033
1005002345223248
1005001541878430
1005002238028658
33062590570
1005002368710736
490751978
4000995312764
32841429620
1005002218694458
1005001518494264
1005002439620500
1005001833928208
1005001938010538
32236916792
32844103309
32900312294
1005002489486952
32829246179
4001115260229
1005001972839752
10000175424655
4001219566880
4000559013030
4001241211785
33050763879
1005001865233799
32869112584
4001043532260
1005002166721078
4000301023275
4000429555884
4001162871508
4001210553828
32931197917
1005001299109427
1005001597706475
4001260323928
4001205270226
32985855412
4000926434042
1005002342551266
1005002211642746
1005001890314949
32773900937
1005001431291751
1005001766090343
32863518990
1005001723130914
32591371147
1005002454340375
4000434995238
4000473641841
32695954369
1005002077196727
1005001632199447
4001152808677
33008971463
33022919211
1005002212035402
1005001562687228
4000959851953
4000042659720
1755859469
4000466235082
32910118667
4000704659890
4001162681064
32965442257
1005001871190019
32835553899
1005002383127456
32944478837
33064015234
1005002286725709
32795679901
1005001875736844
1005002496824554
1005002258663484
32962664542
1005002076252823
32808483481
1005002434107292
33048429692
4000878135275
1005001520609490
1005002314442918
33014330092
32877300480
1005001657109258
32823459076
1005002287911729
4001248404689
1005002322774280
32872861092
1005002447389842
1005002213798035
1005001602335252
1005002425641365
1005002337800526
1005001803705506
1005002428955528
4000401176294
1005002339866510
1005001802649996
33059198057
1846484056
32959087469
32826526653
4001240452049
32963335597
1005002381781677
1005002276647429
1005002074251155
1005002129731022
1005002259008226
1005002275413439
32873127447
1005001966551180
4001097855863
32970677865
1005001471282927
1005001501252203
4000123051390
1005002315775612
4001360183074
32615373792
1005002272037560
1005002306764980
32990417914
4000117680090
4000172822271
1005001671134146
1005001516554995
1005001888869330
1005002137394999
1005002433434767
1005001868909977
32919530767
32908777237
4001282754163
1005001712976885
1005002211928264
1005002339025954
1005002399366489
32820904296
1005001709443249
4000060838800
32697273715
1005002288324624
32808973812
32825411603
1005001305339421
1005002452960295
1448923610
1005001368763905
1005002413317241
1005002489648115
4000251597916
4000722670056
32840908735
1005002105913779
1005001869791826
1005002240804875
1005002277372933
4001165058211
1005001589285018
4000043876545
32801273564
33000905325
1005001506992327
1005002104945745
32967318520
4000185579606
4000421955369
32578578914
1005001284618342
1005002287200922
1005001667105625
4000074129573
1005002498462527
1005002318414391
1005001817522776
4000513092779
1005001631713807
33053659460
32968556552
1005001594727215
1005002455241141
1005001389146373
10000388660012
1005002367022414
1005001541224129
4000111799855
4001083069094
4000299784156
4000308140782
1005002399295666
4001260377066
1005001982926189
1005002457342804
4001053253001
4001056964729
1005001780549964
1005002388886323
1005002239278176
1005002296758378
1005002423730508
32886662644
32954619908
1005001356593547
32679508128
1005001966070086
1005001809854499
32736313094
32845483360
1005002207658064
1005002229786815
1005002334458282
32791573381
1005001750323905
1892800146
1005001598810238
1005002487650915
4000738150515
4001110555679
1005001888399362
1005002247549387
32563588836
1005001900789098
32980353454
1005002093819760
1005002342606404
4000214856975
32971630687
1005002300814124
1005002273188825
1005002282769778
1005001620503513
1005001428928158
4001179627349
32799293411
4000356497857
1005002025649270
32814632979
1005002482679382
4001033951712
4000815212206
32882995696
4000943658063
32839822972
1005002037224947
1005002425606939
32820164942
1005002260006794
1005001797129286
1005002238267549
1005002213232776
1005001704592610
4000706886818
1005001511570808
1005001980109979
1005001933296347
32828901174
4000340873724
4000848511137
32271754230
1005001972029184
4000146888177
1005001464020981
1005002323135024
4001190166408
32803314647
4001088741588
1005001890755053
33026634438
1005001913841352
1005001388951144
33020619631
1005002425778446
32547192152
4001364493959
33005333237
1005002370414727
33034576485
1005002417453561
1005002091466469
1005001586638864
1005001267078904
32548212998
32438236776
4000769550308
2048253153
1005002168330643
1005002311845713
1005001739348705
1005001485610840
1005002280642770
33045616609
1005002290847947
4001021434478
32707123856
1005002283603780
32959303401
32837397897
4001218097290
32764510101
1005001927754264
1005001581839457
4001138835441
32904496465
1005002307499454
1005001442969276
1005002143799000
4000768430783
4000627761195
1005002286267895
1005002357676146
4000092016407
32956751449
1005001437716853
1005002483772073
1005001690843772
32881692906
4000995135602
4001193403970
1005002394999360
1005002389658291
1005001848804252
33054509981
4000426311339
1005001304259234
1005002465765028
1005002288419969
4000506497202
4001214294138
1005002120755760
1005002347347335
32870010708
1005002425683256
1005001517224334
32864848067
1005002242290022
1005001388736162
1005002431517474
1005001471569835
4000275243549
4001364354769
32982593205
32810346992
1005002365362894
4001214717086
1005002408094959
1005001567025695
32705393083
1005001597650023
1005001955049109
1005001452080305
1005001780869089
1005002423521574
1005002253808601
1005002333379469
4001061891888
32449407212
1005002441718027
32922915067
1005001930964216
1005001456771036
1005002279771108
1005001435751913
32821904380
32791098828
1005002304283880
32814968516
1005002394733629
1005002332527815
32608585568
1005002305295614
4000095937145
1005002364917797
1005002369334155
1005001499625914
1005001471102259
1005002035047599
32817989383
33006247950
1005002279941272
4000077814971
4001231910688
32855342464
4001086616876
32959146739
1005002482221411
1005002428514277
1005002450546567
32992867941
32891386606
32966391495
32388520755
4001195541107
1005001615329424
32875935843
1005002309741715
33018007059
32659716111
32938396072
1005002296743853
1005002477239951
4000054189643
1005002272058050
32953378998
1005001469444402
1005002207371355
1005001499674958
1005002309589511
1005002432261204
4001038560064
1005002069891507
1005001448655771
1005002376489102
1005001416665727
10000205632049
1005002430509186
1005001638680228
32927244058
1005002461974372
33049508967
4000774876137
32829747101
1005001869714600
4000074733514
1005001895154267
1005001758389919
32969882068
32321106961
1005001356119498
1005002043390632
1005002042584921
1005001670763532
33012534657
1005002266791109
1005001722201473
1005002167255350
32961303951
4000837089662
1005001922951894
4000699260957
1005002007370262
1005002326664411
1005002037398060
32821440348
1005001813518133
4000546562794
1005002401474609
32951242802
32886018817
1005002313556479
1005001553085214
1005001693289752
1005002258014116
1005001492976652
1005002363078603
1005001828650340
4001364088963
4001294567531
32973676251
1953168828
1005001989687072
4000154757180
1005001933439174
1005001457674596
32897631271
1005001752888989
1005001670776857
1005002332589040
32990816386
4000026181302
1005002181082353
4000895943984
1005002465846349
1005001780491011
4000586227002
1005002026685744
1005002400046538
4001309217100
1005002297358335
4000602736247
32946958011
32831284950
32853964080
1005001363737916
32750306459
32672056602
1668783739
4000545828682
1005002210383258
32919597913
4000922257080
1005002288328695
32770176736
1005001515884554
1005001519998995
1005002139823944
1005001420908831
4001273199733
4001278570360
1005002262932998
10000198241051
1005002474554695
1005002226120130
4000821869108
4001106784874
32790364388
1005002286508602
1005001304145476
1005001833236807
32881994646
1005002288353058
1005002482567842
1005002348313999
1005001997643885
32951329057
1005002409784155
4001246235450
1005001333004833
1005002475143477
1005002399628970
4001159538200
4001037369805
1005001868521262
1005001392021356
4000843278080
1005002376562382
1005002419040499
1005002245618833
1005002376933385
1005001398681362
33043601689
4000322273092
32885164019
4000790557819
1005001284616857
4001031466236
1005002345107595
1005002465330696
4000638337503
1005002006101839
33011565507
4001298730724
1005002476698399
4001256121999
32973547959
32858869239
4000156731647
1005002203433788
32849335455
4000604230602
4000547650180
4000701497432
1005001570923650
1005001961581340
32737010894
4000923144869
1005002425924079
32455256284
1005002252519377
1005001797696866
4000103901206
4000682427626
1005001588110844
1005001797838481
4000127074855
32842804990
1005001599685018
32449568003
32979430176
1005002288705164
1005002397015402
4001240091997
32890542698
32579846130
1005002425662193
1005002365363485
1005001697480284
1005001698625459
32769250367
4001316013596
1005002259051447
1005001762125142
1005002288639388
1005002323679061
4000519727290
4001170008526
4000387634520
32805702367
4000796156309
1005002400434916
32828652903
1005002291079568
4001270236793
32736554478
4000096140663
1005001452297071
32346761286
1005001835281085
32873228883
32992285301
1005001553527016
1005002070571316
33010332425
1005002340815653
32845196542
1005002328171056
4000467971851
1005002206254521
1005002316807188
1005002381242710
1005001582495466
1005001863245312
1005002489746325
1005002449765654
32969249027
4001241192772
1005002425943039
4000898736617
33045427575
4001077690015
1005002167682273
4000171368815
1005001680596116
1005001682650655
32907045029
1005001769443358
1005002482553213
4000167264579
1005002266144632
1005002219547028
4000480377594
4001184339193
1005001877273995
4001002854383
1005002425160408
1005002371635707
32804746302
1005002385203554
1005001867308557
33054559017
1005001861297309
1005002305024498
1005001495677420
1005002341357466
1005001802578798
1005001777727655
4000465905742
4001339277120
1005002394337123
1000007954365
1005002238925436
1005001402088646
1005002319124808
4000333529011
1005002353185192
1005002207633031
32832564769
32921360609
1005001437090120
1005002469236939
4000031143130
33011188572
1005001460018557
1005001818284663
1005001818594583
4000755700800
1005002490739717
32994292060
1005001567496169
4000722656262
1005002423579141
4001224813251
4000355453692
1005002443634472
1005002484585559
1005002417478094
1005001526321135
4001135621164
4001058326664
1005002500532257
32991112573
1005001908288076
4000808782612
4001142245614
1005001374801364
32836910392
1005002126222444
1005002496058377
4001365760054
1005001864728355
1005002312405381
4001272743352
1005001627332655
1005001657041282
32899697544
32960415548
1005002465902043
1005002180357186
32841342244
1005002358400366
32829784732
33013890922
1005002342348847
1005002288676397
4000162840741
4000916407221
32847054018
1005001966530140
1005001405626361
32838075883
1005001927102438
1005002001219912
1005002341257211
1005001635583492
1005002276284788
1005002356483795
1005002434886241
1005001580040107
1005001816758824
1005001355372046
4000959208963
32815148483
4001302396037
32847842524
1005002376028218
32919234927
32968377773
1005001894902798
32556335697
1005002276805719
1005002418591957
1005001425089963
1005002406553571
1773656499
1005001613115558
1005002500435776
4001282609191
1005001368759742
1005002017324155
1005001780080333
1005002298070551
1005002320616179
4000223786460
33039948723
32608744387
4000836480381
1005002094865398
1005002391862708
33027505814
1005001907848095
4001066935646
33004979629
32870052567
4000668366117
32889230736
32814521106
33002369367
1005002388446610
32902678299
4001153999571
32871163122
32843843912
1005002038632344
4001248960491
1005001804001618
32643715883
4001060833062
1005002408851506
1005001285087910
1005002300045933
33026236571
32940224456
32637672933
33028300911
4000180008972
4001158200587
1005001866648723
1005001458668198
32946874932
4000607025261
1005002287936611
1005001270261503
1005002038219837
32960912332
1005002456612553
1005002395675348
32835819657
1005002003846940
4001343429322
32710474450
32817616124
1005001695494413
4000078586496
1005002266365197
4000642422759
1005001717805212
4000309406722
1005002324076218
10000351718845
4000143910395
4001038489439
4000818094796
1000001886104
1835648232
1005002364549173
33037683142
1005002220302752
32445288386
1005002321750342
1005001639529681
32984010817
4000295566094
1005001975994096
1005002395033947
33019537798
1005002205856487
4000400559274
1005002330019487
1005002224419262
4000966790318
1005002288093524
1005001960997235
32952350887
1005001606908562
32439283903
4000662331243
1005001872101441
4001305703314
1005002170563927
1005002375798155
32685483271
32955142442
1005001525518155
4000932108050
1005002483644950
1005002490181132
4001293648950
32800758384
32824172311
32962511647
1005001693524286
32805936297
1005001627417004
32971321766
1005001631721051
1005001865774540
1005002167355453
4001193829408
1005002248894434
4000117635767
32970995570
1005001880212176
1005002293678506
1005002389841378
4000287066944
32918117355
1005001698907869
1005002315990789
32996522361
1005001359977235
32617796644
4000495131335
1005002053477724
32973967925
32384950348