4000801661047
4000720554984
32857252011
4000035378405
4000672479624
32850379983
32797573020
1005002453744243
4001288851325
1005001792762599
1005002180396797
4001011204550
1005002306334672
33036907556
1005002302562219
1005001580372710
1005002236397261
1005001625294902
1005002350733488
4000898018213
1005002475144636
1005001394220454
1005002330217233
1005002444923707
4001089079674
1005002166343271
1005002487396047
1005002232378918
1005002167946791
1005002219523685
4000765285917
1005002241069226
32973303038
1005002142853221
33001050421
1005002310753335
1005001520109276
1005002221572045
32888296407
4000384338157
32919246390
1005002348548717
1005001983296909
4000115734801
1005001810916185
10000138625450
1005001695714329
4000189272564
1005002264989084
1005002268816826
32987395369
32956635194
1005002053274043
1005002305003182
32900555269
1005002277902809
32867025027
1005001343257041
1005001824274318
4001245288977
1005002453578421
1005002295322618
1005002025264307
32556176064
1005002421483501
32964496173
4000306493421
1005001756350906
1005002255012191
1005001742329156
1858712618
1005002450855902
32984051203
32980681306
4001258909483
1005002421544309
32919068568
1005002225510272
1005001460487113
1005001442643790
32868570353
4000864981391
1005001430629470
4000029450509
1005001563457299
4001296572910
1005002329817767
4001127625687
1005001576124718
4000282197967
10000306283181
1005002184415839
1005002360599491
1005002489860745
32931541659
1005002309542286
1005001632743766
1005002318948764
33008740119
1005001773052792
1005002059876815
1005002450429678
1005002322839536
4001224586820
1005001577209861
32883248317
33049771771
32909436041
4000756675226
1005002206017242
1005002294964821
1005002340109481
32962393783
1005001587880016
1005001380785860
32440774212
1005001853863903
1005002352746536
4001183503584
32975687411
32855872745
32988220197
32826733162
4000080053157
33037310486
1005002255232987
4000985195330
33026272094
1005001386306783
32950716394
1005002475303819
4001197902018
1005002255781131
32835050925
1005002076470251
32820266510
4000410315100
1005002453110505
1005001329775722
1005001303167398
4000985312449
1005001934171120
1005001495606374
32974957490
4001014386048
4000219066065
4001035440394
1005001843936639
1005001445647722
32803400661
1005002483314312
1005002317031798
1005001599908267
32918569297
1005002055321746
1005001868438890
32895632551
4000785465682
1005002393884769
1005001897732490
32842750008
1005002382524339
1005002344893883
1005001769015738
1005002298080287
4000993455161
4001267634543
32946546557
4001129792587
4001264268457
4001235668730
4000528804744
32890187279
1005001375803137
4000104057543
1005002483088613
1005002377128876
1005002439806082
1005002426025499
4001154407743
1005001890835716
32999908088
4000982870687
32857232287
1005002395828550
32943216952
32865760086
1005002458755894
32813680165
4000990852791
4000509424698
32975500273
33027595641
33054365592
4000117969930
1005002304025260
32969089769
4001234357790
32974395633
32807523670
32954001907
4001094445119
4001062604159
33018016949
32790926500
1005001308221334
1005002008046226
32230600385
32246361655
1005002162296953
1005002314083399
1005001666001581
4000561450213
32574352759
32891100441
1005002064996072
4001365733684
4000867855769
1005002439955165
1005002276339450
32969854791
4000955059323
32802425438
4000186624299
4000078707125
1005002347599207
33053621945
1005001822354066
1005002321836435
1005002376160241
4001054948369
4000324457717
1005002394480541
1005001516765692
4000405124122
4001108078200
1005002217255285
4000032348281
32965000077
1005002035770783
32814640968
1005001441427380
32813044393
1005002260182578
32975755863
1005001939605256
4000808040937
1005001286207269
32763950771
1005002281207537
4000317907423
4001231251217
1005002329920162
4000269756696
4000194021027
1005002483242128
4000335555602
32630647655
1005002447952857
1005002226068447
4001251878997
32999288258
1005001286844492
4000599379650
4001326985550
4000532091998
1005002260376597
32838679979
32996313824
1005001633019962
4000811413631
32620661739
1005002046076964
1005002307711586
1005002374938437
1005002347346847
32999236644
1005001665139537
1005001656819768
1005001672556705
32984846602
1005002332270687
1005002313796113
1005002495989911
4000960576845
4000080223375
33039803922
1005001609520576
1005001317348043
1005001379038957
4000266899351
1005002284561158
1005002211857252
1005001769174942
32674113186
1005002307119421
1005002268999694
4000594600145
1005002240982320
4000322821862
33008505458
4000837115391
4000172389224
4000146928269
4001015018420
1005002324680514
1005001850926124
4001017170786
33029690876
1005001585774431
4000811489119
4001228646476
32642720041
756451921
4001174109547
4000602813457
1005001896305628
4001275106814
4000626811831
1005002460992254
1005002217276511
32854642386
4001123082271
1005001858459413
32579002756
1005001351478030
1005002439106255
32853825185
1005002424429445
32760225757
1005002318345909
1005001357978724
1005002323063751
1005002296988126
1005002427880335
32869195463
4001275034792
33031264659
32989673321
1005002063734750
4000815284512
1005001829573720
1005002329807531
4001268379238
1005002450432411
1005001878116094
32880130593
4000394162668
1005002373060749
32977631623
32963708192
32996683599
32960378370
1005001441644844
33004279213
4000859078365
4000637370381
32850637156
32782485135
4000200221436
4001309004936
1005001326525897
1005002281862528
32932115426
32721712516
1005001584492279
1005001397347175
33045917282
1005001525338839
1005001287056943
1005002087031986
1005002302686060
1005001374954847
1005001598470875
4001208560117
4000926378707
4001125416803
1005002256301585
1005001600340993
4001101014776
1005002117314024
32856254118
1005002247424772
32949311149
10000046440170
4001286069519
1005002397868475
1005001616908739
4000873721451
1005001967223758
1005002380449353
4000320633388
1005002276015536
1005001863137422
33004402347
32931221508
32807537290
1005001291052310
1005002268290104
1005001393031594
4000842815923
1005002321791272
1005002047174161
1005002059580585
4001009556164
4001119871781
1005002420904083
4001003542720
1005001664440185
1005001942851562
1005001947849253
1005002006666006
4000108931690
33030842741
1005002180540132
33027421512
1005001334743660
32790789955
4001362054614
32242471004
1005002419241022
32847061178
32823393212
1005002345218392
1005002264270474
4000812417340
32881215254
4000112544502
4000063729947
4001274768873
32818673990
1005002110714388
1005002302310492
1005001423153560
32804820009
1005002440352968
4000400412798
1005002368944633
4000844922498
33055693971
1005002305084640
4001250895158
1000004472016
32785159444
4000808145684
32975233796
32857691032
4001318220151
4000781126060
4000703394211
1005002175827355
32913041541
1005002322865063
32923904665
32974453604
4001235106475
1005001692617552
32390998106
4000243534371
32956420773
4001267406086
1005002364642705
32879601009
4000601583512
4001226444665
32339622049
4000641797660
32483600099
1005002224710910
4000958853783
32823594936
1005002494744746
1005001838402467
33029796468
4000981152729
1005001561141465
32976114826
32974408734
1005002256099585
4000750956122
32943238507
32819515740
1005001454526508
32867869334
4001324750012
32953056026
4001235520600
1005002058413935
32809214673
1005002282582675
4001223304382
1005001470822717
4000444653869
32660638498
32869499704
1005001989816660
1005001525369819
1005001732069651
1005001315348257
1005002307946221
1005001367653808
1005002028586094
4000189759484
4000467650365
4000990994346
32862468885
32783853024
32847514022
32902251843
1005002327998379
4000834061058
1005002219831805
33007333012
1005002260365801
1005002329446187
1005002392637761
32865037307
32804143489
32837642694
1005002270727587
1005001785577962
4001109372700
1005002303128593
1005002390317133
1005001348322731
1005002117314757
1005002288938557
32838674122
1005002370234870
33013517631
1005002314079214
1005001627211794
1005001530645952
32987704451
1005002337960012
1005002333957019
32977707603
32994556875
1005001644101246
4001128161235
32814260102
1005001699402839
1005002317848612
1005001419794291
33022896369
1005001495707550
1005001846638536
4000661543355
1005001534908629
32794295754
4001277756610
4000373836359
4000842664548
32866649354
4000916922302
1005001536895283
1005002237603128
32865597389
1005002474299347
4000896374248
1005002253809090
4000007592749
1005002049640990
1005002458069002
1005002316598719
1005002253809296
10000050497915
4000264636556
32820769650
1005002403243158
1005002361306646
32983315817
32920015225
32952680613
32792666117
32870327482
32998410554
4001276347657
32916032926
1005001396874416
1005002395904790
4000669374045
1005002418009888
4001293585172
1005002310280970
4000828184161
1005001926772187
1005002466124639
1005002448966587
4000413605587
1005001773695545
33015109160
32829710046
4000099306056
4001234385719
4000651997089
1005001791786105
1005001870969177
4000777825581
33034863577
1005001982589339
1005002450334409
1005002344623432
32910412289
1005002425459586
4001170059994
1005002007915652
32760658397
1005001334257104
1005002322429176
1005001860908234
1005002242634527
1005002387978630
32807552383
4001240199829
1005002079166721
1005002314262798
1005001604874516
32727368357
1005001353974501
4001228443793
4000853324241
1005002425346606
32814236327
32926103131
4000883908793
1005002253332197
1005002288187740
32839246395
4000211305378
32966071468
1005002324125365
32796721292
1793109422
33060138923
4000038890171
1005002292727954
1005001687813068
4000911477692
4000206442586
1005002306106628
4000381977438
4001166460425
32922080625
1005001813599086
1005001441390772
1005001682313916
1005001413897809
1005002331832756
33055536017
1005002423948868
32926206291
32874353330
32952285220
4001307937663
32827206594
1005001648724763
32967532092
1005002369871270
1005002107965960
4000817101011
32841981714
1005002469028866
1005002424999417
1005001853742032
1005002444422217
1005001435662834
1005001915046097
32712584846
1005001405580733
32864010108
32529965887
32931618343
4000727780876
33039202906
1005002228371895
32623394064
4001290083926
1005001464386255
1005002318976596
1005001559757235
32836517974
1005001705378303
1005002394937331
4000271899849
1005002444979109
33059678963
1005002311173492
32582167878
1005001992451258
1005002334480238
1670086814
32988495414
1005001627413870
1005002258495628
32931185800
1005002329660823
4001041638489
32716444245
4000038158190
1005001309590848
4001270796563
32950029667
1005001596998039
1005002367488700
1005001946237273
4000597316566
1005002290840784
1005002345974518
1005002427821864
1005002381661560
1005002352158125
33002589546
1005001548789830
32886473990
1005002358822458
1005002260065318
1005001325409587
4001042571378
1005002232017207
1005002326834337
1005002353324983
4000176446787
1005002410366987
1005002224100700
1005001645518629
1005001467663079
4001127772086
32976018133
4001098253333
4000939592663
4000035811627
1005001797843936
32901982525
1005001883306559
1005002369289735
32970123365
1005001994869382
4001066334131
4000849935751
4000682372737
1005001866783683
32999900753
1005001524939139
1005002276080732
1005001398629299
1005002315660018
1005002103533015
32951419086
1005002447683175
1005002261873622
4000070572988
10000383272082
4000050439606
1005001846467324
32962721791
32607558747
32922784600
32921099946
32965514207
1005002078727266
1005002483744837
1005002289786197
4001273681837
1005002448126948
4001201363692
4001117699006
32900004896
4000251980099
32797157573
4000168011388
33019423148
1005001304091362
1005001390877781
4000683763429
4000888961515
4000124777026
1005002280286941
1005002193990058
32846332158
1005002288740853
4000244708160
32755297183
32972217684
1005001615821092
4000211564758
4001195565457
1005002234161635
1005002331653181
1005001533811728
1005001633826522
4000600442482
1005002289647819
1005001321185453
1827060019
1005002416500039
1005002014444736
4000340095183
4000809108883
1005002167919479
1005002286000929
32785100627
32568825388
4000982909667
32837233586
1000006292804
1005002244576141
1005001482813111
1005001309513537
1005001567288840
1005001769295952
32796324828
1005001637756183
4000749617334
1766181089
32901162366
1005001311710908
1005001699474446
1005002420763690
1005001636499785
4000170326903
32980489268
32317363312
32968918507
1005002225003573
4000833450060
4001030354271
4001189640305
32826539847
1005001580991558
1005001659311836
1005001820425624
4000257279001
1005001531567431
1005002485113128
4000189240956
1005001585237030
1005002325047393
1005001614414077
1005001738605227
1005002314515611
4001266044220
4000397174858
32809326291
1005001556495870
32949897074
1005002489496090
1005001858145817
1005002313430196
32961874367
1005002365910704
1005001670729867
4001139279118
1005002266430942
4001247103342
32798549035
32345475122
1005001407987300
4000437940813
4000784935088
1005002351576398
4001319541150
1005001957383351
1005001814931656
32230046846
32967980703
1005002442767743
4000498955432
1005002018413413
1005002314243444
32338369089
32981374147
4000966575377
4000218950458
1005001304966232
33038546881
4000924875325
32854672560
32921452161
379577838
1820132219
1005002442159399
4000065345292
1005002460928113
1005002418257297
1005001640621532
1005002421612263
32976848412
1005002426875362
1005002311460327
1005001731672094
1005002469262710
4000545735002
1005001781855554
1005001637898978
1005002313431095
4001112064177
1005002305061975
4001170071148
32854423740
1005001686488194
1005002231893755
33023193208
33003414340
32979323188
32895278664
1005002326241265
33043824958
1005002332451483
32856404832
1005002191642754
4001205160704
1005002365468074
1005002086152706
1005002287445018
32947135282
32909314415
32863427997
1005002370614042
1005002408101971
4000930141763
1005002064866882
1306505332
4000483838274
1005002461613048
4000025015841
1005001852231683
1005002289512637
1005001321220482
1005002237498497
32984630397
1005002214118608
2036008031
1005002325324097
4000382503446
1580773565
4000473437247
32832566589
32971228863
1005002192988918
1005001667301115
1005001774727664
32843814622
4001045499957
1005002459438574
32971108034
33021708620
4000741764014
1005002319314448
1005001780792264
1005002274841770
1005001782410345
33013796263
1005002375617045
4000286914121
1005002395654777
32329181872
1005002396144892
4000219165020
32862248025
4000067729699
1005002363964881
4000052164885
4000874286759
1005001626819838
1005001688770614
4000537541941
4001178252125
4000311892399
4001041076900
1005002060358613
32839030133
1005001593385112
1005001880623630
1005002346143638
4001201389961
32864703618
1005001474376083
1005001525864765
1753695056
4000952411798
1005002333621938
1005001593855204
32875975569
33002097298
32864510262
32780183649
33003014502
1005001736589735
4001243448591
1005001457604341
4000926106946
1005002281846243
1005002105730017
1005002291509268
1005002357691997
4001089477406
32810537124
32507062523
33026841158