1005002219676632
1005001797896212
1005002139647839
1005001512979347
1005002307298422
1005001605032587
4000020592839
4000122050813
1005002034664791
32913040588
32986203494
1005001657236501
1005001604709047
1005002003642091
1005002485379755
1005002461651128
1005002363679270
1005002136423940
32819054670
1005001614504872
4001135171244
1005002187902467
32946764125
1005002323517205
1005002287402819
32649858995
1005001863455732
32833988448
1005002193715986
32368708049
1005002348504569
1005002259661895
33019569644
1005001581157601
4001339958841
1005002482848030
4001139443376
32918725086
4000606384743
4000039339221
1005001473823390
32993262789
1005002388109695
4001193078969
1005002325003723
1005002448263072
4001156173769
32965963010
4000799387157
10000106873658
32880756187
1005002395749240
1005001315857338
1005001843340980
4001154665190
32931437831
1005002248571860
4000071275731
4001192667149
1005002330859185
1005002358048979
32954852506
1005002291121779
4001273875770
4000099949999
33051730153
32872663632
32918857660
4000266124997
1005002488991408
4000116762627
4001335592107
1005002286740250
4001344869480
4000089711449
4001344077496
4000029226111
1005001691179473
32995220994
1005001913163792
32304305744
4001219120561
32894907631
1005002293121647
4000264055766
1005002355961258
32770300575
4001162519545
1005002336481211
1005001652428289
1005001498932170
32831832915
32917960411
1005002312559417
4000100392990
32624300248
1005002074044137
1005002184119606
32971313344
33050165177
33057642407
1005002321527343
1005002084797752
33001481784
4000804829397
1495276002
1005002449201768
32525487630
1005002256471726
32965086638
32644726381
1005001902402266
32997048996
4000966931042
1005001446018384
32855359614
2040345186
32644201360
1005002303798719
4000888644142
4000802276944
1005002390489448
4001294365243
4001321976477
32932986315
1005001715657846
4000232130441
1005002006736315
1005001797396665
1005002357299749
1005002430820536
1005002107290051
1005001854085550
32956611155
4000960924673
1005001609059333
4001327349666
33039552693
32976502799
4000126215676
32221135419
32999099101
1005002322217292
4001327287460
1005002440256912
33024717029
1005002007034232
33044736190
32972263818
1005002337145179
1005002222073152
4000283633801
4000989436853
33031344365
1005002051459473
1005001611815242
1005002467203015
32962328852
1005002363637224
1005002306527951
32486280296
10000423254129
4000263448415
4001066416259
4001241978770
1005002211161853
1005001525388551
32863396993
32796274117
4001234132687
32863069167
4000157034276
32875020446
1005001988697687
1005002382607863
4000960525578
32840405009
32940700602
1005002358309893
4001242757053
1005002443525144
1005001350296790
1005002353499438
4000089978206
1005002414240788
33032062448
1005001336018528
4001061074809
4000473413282
1005002259654013
4000837714065
32976667365
4001221620551
32965278120
4000825737383
4000575223054
4001174451667
1005002315358170
32839176339
1005001938075025
1005001820639394
1005002282733555
32868838158
32986131092
33043912237
1005002246313870
1005001338713773
32787099587
4001282694726
32894441737
1005001847466884
1005002448858723
32669999061
4000725276116
1005002263953056
1005002120920486
4001150405360
1005001803216008
4000333813280
1005002168141752
4000895881880
32963215171
1005002337320477
1005002481446182
32312617239
4000465064420
1005002351671073
1005002447349881
1005001468748678
32942142187
1005002015762896
1005001985099536
1005002462239899
4000149392298
32946085364
1005001411399264
4000415621074
4001053892074
1005001958805787
1005001961062029
1005002146751345
32824982104
1005001368929827
1005002190036622
32879526476
1005002484987601
1005002292666972
32983213005
32825437173
1005002254713397
1005002457401265
32973860339
1005001717605965
1005002235349424
32995290623
32982351493
4001037405584
1005002207846882
1005001672392740
32973837998
1005002307386120
1005002431691468
1005002263730523
1005001759288861
1005002384678173
4000863226288
1005002359967342
1005002027352811
1005002412423229
32860127916
1005001579075897
1005001566359231
1005002266576164
4001090794176
33004014695
1005001665128390
4001114126554
1005001268845369
4001173789194
1005002182369562
32835531313
4000680943558
4001116380675
4000274625316
32947076194
1005002387440523
1005001981166790
1005002058875656
1005002114545200
1005002324520060
500231170
1005002326005914
4001177643815
4000627718343
32965048689
33061431068
10000023175621
1005001580314513
32885553410
4001221279183
1005001408738317
10000399950599
1005002281054293
1005002267817210
1005001947033242
1005002267683312
32962556517
1005002432996377
32925998626
1005002475074275
1005002228770728
4000798494267
1005001407844835
1005002417692167
1005002018461954
32646563225
32903555812
32994544543
4001238887349
32903002431
32953033123
32804287245
4000099379700
1005002460697850
32970071024
4000197667599
4000764250138
4001216752677
33012585007
4001012256357
1005001479963020
1005002314878362
32859619676
32833204196
1005002051945236
1005001887641739
1005002427785967
32990446045
4001208389371
32831333689
32961906045
32962488903
521846934
32960125042
1005002323847097
4000777564072
4000224709768
1005002368928027
4000592928540
1005001948171927
32847617794
4000416767026
4000495245358
1005001678066798
1005002281367003
32967793345
4000776156285
1005002314292963
1005001658147181
32916621251
33051502138
1005002224317049
1005001392779916
32992351982
32525580170
1005002497489227
4000234226414
1005002233634164
33012674780
1005002364814246
4000334499243
1005002363954858
1005002481641888
4000983941854
1005002500522223
1005002124583606
4000104153362
1005002226249257
1005002068886413
32844922413
4001297685094
1005002383815860
1005001274213695
1005001843758682
1005002277691687
32860155784
4000744967853
1005002334391991
1005002371712007
1005001823452156
32868610105
32990104940
1005001627944907
4000557544972
1005001762278321
1005002425786805
1005002463582808
4000774539507
4000960913302
10000185388755
32941606254
1005001402372476
4000195736099
32865888517
1005002384712705
4001057296601
4001300274961
4000132609997
1005002038079951
32955729240
1005001779749984
1005002491150761
1005002490000867
33025116921
1005002263460770
32390254199
4000431188561
1005001994511963
1005002350778549
4001150622263
1005002312462306
1005001984885146
1005001929001930
4000593882979
32981076007
32853049999
1005002264063918
32293309651
1005002380882564
1005001851433407
1005002384079340
4000256029379
1005002467554622
1005001992646452
4001228648595
1005001412491149
32726784569
1005002276603182
1005002406339174
4000810835142
4001230563862
1005002156533961
1005001860685261
1005002390896044
32861548831
1005001440752308
4000153332169
4000828742741
1005002262005661
1005001793811104
32827352710
1005002473641712
4001188446367
32818977307
32968350742
4000003342490
1005002350287368
1005001798535248
4000668375774
1005001515947286
1005002399262634
1005002249014594
32699490544
1005002433665365
1005002073525062
1005002129310746
1005002453987234
32490284978
1005002126437287
1005002413153114
32992724387
1005002168007351
32806326831
1005002167308271
33035979538
1005002358814651
1005001643815126
1005002218632259
1005002376379904
4001142642658
1005001896816416
1005001845816585
1005001388306385
1005002277212794
32921242837
1005001458555427
1005002323262464
32819727905
32746713083
1005002316071143
32857991817
1005002007153081
4000522753501
1005002063337732
4000057018761
32297022190
33057224329
4001197694811
1005002328611136
32959175126
1005002330457359
4000497821449
1005002056296217
4000856706084
1005001626694448
4001021306171
1005002368810439
1005002363358129
1005001870464060
32864026167
1005001354146459
33002194126
1005001928875303
32984586315
1005002048568959
1005002309435363
4001178393275
1005001896850658
1005002132905747
4000314255737
32952313697
32778259850
4000746168803
4001027115740
32960543147
4000003171758
33007453170
4000739974054
1005002344944370
1005002250558644
32931449565
32851126162
32997989897
4000695184134
1005001534588943
1005001308530054
1005002032003754
10000282368255
32818750489
4000716785745
1005002023925615
33017341471
1005002469269417
1005002289656857
32967744547
32970145289
1005002191288385
32753203814
1005001833951770
1005001704746099
4001262649220
32867375920
1005001859905060
4000415974347
32824445837
32616909802
32998661326
1005002353983774
32712934572
1005002337640514
1005002254403120
1005002060520963
1005002186106593
32972145733
1005002274866155
4001350356144
4001037367439
4000266356211
1005002377621936
4001265006501
1005002037285697
32861752918
1005001987653733
32951443269
32929553397
33017774096
32953658632
1005002050821179
1005001494616821
4001021799264
1005002013414888
4001139180409
1005002212371846
4000143815424
1005001271640545
1005001287945604
1005002276206443
32957604330
1005002294141389
1005001475253979
32918230813
1005002422785960
4001230866258
4001181772052
32732685617
32849698318
1005001500355713
4000788687633
1005002370586209
1005001291313653
32834982454
4001078766837
1005002447152909
33028319976
32227124463
1005002476466831
4000804417431
32870012434
1005002368905533
1005001444563877
1005001664981415
32979860270
4000581322814
32816698887
4000392590720
32904376087
4000888923660
32825068121
32961434140
4001200013077
1005001768531378
4000452266052
32792993579
32637141405
1005002286033209
32985995669
1005002270634686
32910533078
1005002282281009
1005001454679114
1005001894976039
1005001933876681
32939825225
1005001966405692
33047048708
1005002070089787
1005001398964848
32925942775
32683571789
32825195508
1005002246657645
1005002466193035
4000598624776
4000994279091
4001088903009
1005002045714595
32907397609
1005001581334677
4001088065409
1005002411034927
1005002333468801
32965834618
1005002282713695
1005002337861640
32918257168
32947281790
4000842985531
1005002425912524
1744028983
1005002081984840
1005001823694169
1005001467931186
1005002033236959
4000480371297
32910101782
1005002302712422
1005002369448525
1005002434369186
1005001715237270
32880764751
1005002034532406
1005001985476146
4000516786357
374992006
1005002197758608
1005001365466625
1005002406297032
1005001750757048
1005002285832337
1005002330745692
1005001800339442
1005002008038363
1005002289640638
1005002306205167
4000359895623
1005001665902414
1005002020225158
4001063619795
1005001517417788
1005001664750100
32969142061
32874777570
4001215939341
1005002457327315
33036630955
1005002323222894
1005002011754435
32986520553
1005001408399233
4001230778573
1005001705019138
1005001626298467
1005001618069347
4001245820200
32976384037
4000203736853
32794538019
1005001832217780
1005001869428274
32525468516
32275916479
4000215608078
4000400862087
32903293037
32917981855
4000018700157
32923283624
1005002221753807
1005002314365720
1390487203
1005002034420843
33040109240
32828766947
1005002320648101
32844547752
1005002475669622
1005002434665804
4000111345166
1005001808852609
1005002368671925
4000382046507
4001268428219
1005002306670388
32762361121
1005002465198819
4000172690501
4000252726599
1005002068073864
1005002298120710
1005002091412254
1005002291679219
1005002315373912
1005002315171723
32860154204
32978895596
32924767509
1005002107374172
4000223528396
1005001438580919
32899067206
4000688989446
1005001423105022
4000796748640
32372043691
1005002369520396
1005002018295531
32881758701
32779792955
1000003826108
1005001935267422
1005002384004883
33033348626
10000032929226
1005001629122280
1005002150251017
1005002302580800
1005002498520991
33048057155
1005002323410685
1005002463000609
4000789373085
1005002122258924
1005002321076237
32615114192
1005002177552032
1005001339540008
1005001567197966
4001218815956
1005002287267765
32957190623
1005002376413174
32699389596
1005001913284314
1005002055569123
1005001367804088
1005001665910786
32727317798
1005002376052854
1005002112323445
33012843708
4001099134354
4000505177929
1005002232330693
1005002397767161
33049641167
32904159969
32955937145
1005001520036679
1005001465428547
32808869875
32962558589
1005001699516759
4000001660613
1005002392977662
32870032875
4001233891737
4001294427907
4000675709107
1995271837
1005001643632679
32887953067
1005001667168026
32920766359
1005002342625386
4000261613555
1005001469385525
1005002467201385
4000219017525
32883459418
33020880501
1005002303247419
4000691686089
1005002268675026
33001297608
1005002322495391
1005001397772259
1005001329777760
1005002320553179
33003165718
1005002317815131
32900920871
4001166327560
1005001858005757
32962129977
33028024334
4001189514727
33030659187
1005002454621164
32976459849
1005002268114931
1005001836253671
1005002260582014
4001041112139
32828570915
1005001794654754
33058319925
33026807188
1005001909869493
4000843825983
1005001728437377
1005002180117297
32309044575
1005002310919992
32971839446
1005002339453935
4001107750502
1005002253110106
1005001804233729
32865806895
32678873978
1005001998436260
1005002414202748
33042138970
32846859806
1005002358684247
4001271222523
1005002134438270
33001729485
1000006866221
1005002239563953
1005001352010008
4001294289217
32870651682
32763201284
1005001531596635
4001215178256
1005001424619901
1005001550646587
32891406908
1005002303733480
1005002405999309
1005002345964998
1005002187860209
32986543394
1005001732310886
4000742802392
1005001272812485
1005001560720519
32822949659
4000411582807
33051964981
1005001586785635
1005002344984419
1005002090936091
1005001843600405
32394256032
33026605537
4000475559455
33038441641
1005002449709796
1005002137570981
1005001883431636
32588166886
1005002377259965
1005002381114744
1005002500329865
1005002468341239
1005001844703811
1005002381230488
32575035531
1005001799040235
32971998126
1005001326088680
33027804800
4001088802673
1005001343777875
4001118587866
32905948291
1005002273647630
1005001848612180
33021508385
4000223113839
4001171340143
1005002314211183
32954237326
1005002026465733
1005002069463948
1005001270144673
1005001405933002
1005001308310803
32805858256
1005001972318728
1005001877307432
1005002483951342
4000378580274
1005002344849569
4000088006158
1005001905503621
33014426625
32519298865
1005002130959363
32854578337
32785347040
1005002304024819
4001049364222
1005002198709244
1005001909098896
1005002284562962
1005001519980399
32840016629
1005002239159903
1005001369092262
1005002088556879
32836542010
4000373243280
1005002276413619
1005002286627972
1005002307229762
1005002314453044
32919310276
32603852799
1005002387796367
1005002320165725
1005001694585922
33003239842
1005002355349160
1005001702481713
1005002304821600
4001245326608
32908051590
32922741219
1005001339397192
1005002490036128
4001112019479
32885799892
1005002378748918
32916142234
1005001506711494
1005002314985876
1005002401504885
33010713868
4000247335624
1005002478941971
1005002379183859
1005002307479798
1005002397698586
32998911603
4001041128779
1005002335227007
1005002008461169
32842569384
1005002217173489
1005001728104766
4001083598218
690401984
1005001401741915
4000686778291
4000852457949
1005002318898041
1005001802545881