32807003286
32953739917
1005002314340087
4000712337768
1005002299400165
1005002441491642
32798006502
32952818080
1005002419110207
1005001762899439
1005001587708705
1005002363395359
1005001682119807
4000601278569
1005001604535132
4000641422311
4001271110648
4000882877843
1005002332834461
32850831131
1005002021709575
1005002331002404
1005001682562488
1005002320543790
4000990969416
32859893288
1005002233357880
4000473284963
32960776353
32733786457
4001108679088
1005002307165358
1005002280968908
1005002330006880
4000523987845
4000776554263
32617159714
1005001607710545
32890525231
33041212919
1005002226094347
1005002231500373
33038069423
1005001367885163
1005002498975739
32855351801
32869246735
4000944416846
4001233065968
1005002361727366
4001037410426
32845149528
4000026405405
1005001741326088
1005002004799299
32969947392
1005001398648062
4001346586285
1005001572673814
1658431532
32827067886
32287470806
1005001671461946
1005002299775048
1005001414809740
4000155615643
4001018618204
32989650542
1005001496194055
4000833615560
1005002393778171
1005002314405168
32988232020
1005001814297059
4000462459985
4000445331915
32842927373
1005002461065644
1005001615355369
1005001659211160
360409982
4000003062551
4000128578769
1005001407690704
1005001775588108
4001158520044
4001080278688
1005001986181111
32888625460
1005002375425004
1005001737878868
4000327381835
4000112106883
1005002394851116
4001217638771
1005002317934366
32849310185
32976428290
1005002178165495
32859824242
4001192278043
1005001560798097
1005002327875317
1005002357874479
1005002444334495
32951942423
32878622677
32764430711
4000938975105
32850234724
32847599425
32763535033
4001306508810
33024064896
1005001761731785
4001013576114
4000419989798
32826652638
1005001334097550
32836715614
1005002094965190
32949598830
32998091622
32765022359
1005002317843619
32989069271
1005001562372312
32985026189
1005002427997845
1005002491319037
1005002322788052
1005001415526106
4000337935232
4001122450753
1005002346009837
4000955732977
1005002459188190
4001359579559
33025769822
1005002358808732
4001072973672
1005002393482764
4001154116496
4000538126893
1005002055780006
33045225066
1005001558273180
32761918238
10000286615394
1005002319152810
1005001335670894
1005002271027818
1005002286240935
1005001841621149
1005001867411133
1005002452201862
1005002419585903
1005002339235163
1005002344227171
32375319371
1005002376620179
1005001874033965
1005002239999079
1005002298715956
1005002256817450
32951449852
4001292515942
1005002260375298
4000797906526
1005002332153390
1005001568362025
1005002362684595
1005001320898579
4001155752231
1005002294253372
1005001450423227
1005002337697848
32882440048
32976398166
1005002363076858
1005002310288639
1005002413344701
1005002373018276
32864954956
1005002314327304
1005001570824619
1005002311059531
32826821621
4001015053167
1005002065041614
4001178687526
33012757744
4001055839524
4000095018575
1005001736623844
33062614602
1005002343872873
32823994507
1005002064858791
4001240388774
32873451571
1005002314100079
1005002224381939
1005001315547474
4001110285404
33013973428
32827137495
4001121301252
1005001939819569
4000988074872
1005001997912083
4001152276823
1005001826945589
33046751056
1005001781460382
32934283668
32797295378
4001365369388
1005001562693738
4000427583406
32822784650
1005001731879664
1005002387448182
4000843026074
1005001596284593
1005002281270385
4000857318896
1005002319973210
4000742200257
4001006115589
32998414334
32898224993
4001023099510
4000282654902
1005002313280927
32671855505
4000985774144
4000123842504
1005002401298774
1005002357745569
1005002390732779
4000203726164
4000231588204
32949812281
1005001900146586
1005002395356889
4000199728059
32881659559
32885861798
1005002299828427
1005002384330291
33010315865
1005002363806185
1005002337006296
4000310393739
1005001577088560
4001028167529
1005002358799543
1005001898735943
32967125131
32798093877
1005001556438510
4000089231026
1005001969981624
32980792485
1005002456777313
4000708820674
1005002335012067
32593580294
1005002074992939
1005001864035819
1005001874723352
1005002431855191
1005002248892231
32457446123
32976748127
1005001693643289
32708747493
32991829201
1005002350631090
4000069245809
4001014700073
1005001987696420
1005001810439827
1005001280210293
4000523658443
1005002306522972
4000941010399
1005002111500468
1746234171
1005002282954984
33010555798
4001272489614
4001229156518
32876860885
4000161034538
1005002413750537
32844604006
1005002512067394
32891959338
1005002432811016
1005002390941781
4001273319040
1005002371631951
1005001736857069
1005001329888143
32952623485
1005001817758952
1005002311554058
4000816873599
4000755582431
1005002159162746
1005001806686997
1005001321282972
1005001867342705
4001225191334
32870211466
4000903798240
1005002460059662
1005001757898717
1005002329867918
1005002196719173
32963128846
4001332730959
1005001640474513
32988851720
4000035576887
1005002287578565
4000642251702
4001199151644
32802786790
1005002279516876
1005002253074067
4001128022170
1005001759539591
1005002461421029
4000593585297
4001298090426
1005002457320467
32652566205
1005001519090538
32820730267
4001024860272
32896641729
4000534168492
33003398378
1005001441369363
1005002393049054
32874824337
1005001869506014
4000104644957
1530343968
4000897689630
1005002478792693
1005002028259600
1005002294269065
1005001834470801
4000310720394
33043289711
1005002228289747
1005002420068844
1005001697605090
4001287968661
1005001817527965
1005001894130235
4000098583022
1005002454473834
32960166322
4001274632476
1005002376830495
1005002264795168
4000275153915
4000007197415
1005001930372315
4001238056800
1005002245717215
1005001997165706
4000898181209
4001240304958
1005002269659383
1005002427815748
33035324099
4000062780301
1005001405364580
1005001558304973
1005002425692380
32306924690
4000557768798
4001253761081
4001106155337
1005002337332462
1005002465563050
32966218583
1005002417063889
1005002046640461
1005002466935515
4000047547060
1005001580194096
4000922269799
4001240058898
32809342229
32959331609
4000691304892
1005001593101942
1005002440221431
32618994865
32988780717
32815044206
4001350554631
32884597135
1005001693333938
32956078427
10000212614959
32997037961
32861276117
32925631541
1005002372453309
1005001633676399
1005002350482512
1005001406695613
1005002467531208
4000955036367
4000226327796
32803194936
4001352564793
1005002475173322
4001216585468
1005002314976514
32985824091
1005002314253873
1142796665
4000025742797
1005002476117310
684852559
1005002244021547
4000906482611
1005002318471255
32911906072
1005002447573792
32665146729
1005002343580312
1005001334396110
4001110139604
1005002314435261
1005001666254428
33058282910
4000244223551
32887832017
4001204971733
32729478826
1005001277739093
1005002312990888
1005002112730680
1005001557390227
1005002310981190
1005002129258895
32982589367
32774021031
1005001835792083
4001116261106
1005001515758286
4001134176246
1005001992450500
4000943540646
32868623652
1005001863572447
1005001719132875
1005002232485696
4000808169281
1005002283403970
33013814999
1005002393735193
32875739981
32963215091
33012480538
32790284125
4000187177712
32709009323
4000493212351
1005002268385885
1005001908377303
4000398080870
1005001789836185
1005002393360909
32899050069
1005002357511027
4000121214390
1005002340075259
1005002393844210
1005002323828310
1005002375669088
4000194192767
32815359651
1005001570288792
1005002374636850
1005002362133982
1005001524092108
1005001408925736
1005001736647707
32348122563
32700478419
4000999287308
32992668383
4000941403541
1005002167961620
1005001321162125
33055488934
1005001656710266
32926394294
1005001908306378
1005002353200863
4000200106620
1005001870927893
1005001918971109
1005002363204839
1005002292185954
1005001502898949
1005001580783394
1005002372427203
32797847969
4000726177013
4001247349727
1005002349616104
1005001595097754
32823527368
4000718270604
1005002363506787
1005002219913535
4000794776817
1005002373273985
1005002252811206
32887237583
1005002260435819
1005002191866882
1005002226045949
4001030882458
4000970657556
4001193662424
1005001652198498
1005002052458618
1005002316453249
32847785563
1005002204294587
1005002304404137
4000700849940
1005001658508280
1005002187323294
1005001840576406
4000800882594
32970858065
1005002356437956
32673917934
1005002288948880
33060320806
1005002399851567
4001156316051
1005002478485884
1005002309440452
1005001339547587
1005001844030384
4000571642555
1005002316951280
1005001594248757
1005002268801648
1005002291763340
1005002326439837
32859924120
32647607617
1005002258824160
32866592881
4001292393433
4001215095614
4001244516256
32795243208
1005001607968118
1005001813433564
4001121465052
1005001883661027
32972346868
32853283999
4000454437960
4001264793837
1005002059541740
1005002271780040
4001310558368
4000082294740
32921024603
1005002122243806
1005002277368526
1005001578692198
33057957342
1005001302851282
1005001670764740
32959436447
32956555382
1005001934990014
1005001850209751
32953554932
4000738361269
32389087389
4001296966234
4001231491392
1005002259015733
1005002413332697
4000422966617
4001080749898
4000729859535
32925839513
4000943226411
1005001930972102
2045927566
4000790600265
1005002420202623
2035761546
32763800819
32982824503
32922203810
4000438108811
1005002146502927
32997019218
1005002431352396
4000126934053
1005001885119346
1005002384581422
1005002305882746
33011074266
32865014907
32977889838
32801798314
1005001438892105
32921623406
1005002395563653
32968347494
32856603326
1005002211729847
33029888264
32930347952
32905954340
1005001618070520
1005001457252073
1005002431107180
4000870492056
1005001826846600
32776298590
1005001700307779
1005002497343864
1005002229357984
32838092069
1005002401139373
1005002245863614
4000235848314
1005001718279357
32701643965
1005002459557256
32920664844
1005002122419133
1005002383752763
4001235381667
33024204409
32969164618
32954480731
1005002075257729
1005002497105424
4000353882864
32484090156
1005002406538960
1005001425213764
32837638488
1005001862358966
1005001524086658
32990874412
4000751557729
1005001987798198
1005001694564009
1005002345153345
32827997360
1005002205391544
32981709099
32315532520
1005001838837001
1005002270063862
1005002471411241
4000842948917
4000768176585
1005002314048325
4000818379608
1005001947824544
4000157064796
1005002298242190
4000761831749
1005001775690859
1005002261154074
1005002129671070
1005002439572525
32954797023
1005002317556564
1005001656785788
1005002466762570
4000711584978
32219465804
1005001632652832
1005002487493315
32791397040
1005001809517182
1005001841510034
1005002119366331
4001272463480
4000661105097
1005002444297098
1005002439811613
4001075297621
4001040506891
1005002446863627
1005001982305487
4001174070051
1005002292028521
1005002465834040
4000176392971
1005002259712493
1005002351452575
1005002076333335
4000546186910
1005001604002019
1005002350723262
10000306494927
1005001877735278
32836817643
33056493826
1005001432602095
33014105098
4000106392021
1005001934185094
1005002207224747
1005002398326708
1005002022321941
1005002234019092
1005002281318731
4001060952841
1005001626045003
1005001518590661
4000474633952
1907105572
32706012834
1005002307563561
1005001526171593
1890810568
1005002428408640
4001278820944
1005002232821874
1005002442776137
1005002483792904
1005001423224659
4000726382934
32970224586
32842419932
10000342210718
32960257267
1005001541276933
1005001922185481
4000093220638
1005002201970200
4000035327150
1005001617282870
1005002389107700
1005002313668720
1005001711191172
32904982808
1005001889174854
1005002273512721
1005002212045102
32985908845
4000594745082
4000298229899
1847754079
32924122037
4000006944544
32907719875
1005001498926886
1005001644988502
1005001343662037
1005002433649479
4000694519374
1005001637712326
1005001905660241
1005002405290469
32955177140
4000842215176
32975468234
1005002238863940
32911480619
4001244679242
1005002080917395
1005001698974088
1005002260088504
1005001834801987
1005001842750811
1005002314739333
1005002448287649
33045491916
1005002382175712
1870059440
32834884985
32324447364
1005001424491964
32961882143
1005002335108562
32702521688
1005002394045767
32841259475
1005001823017889
4000373247683
4000346006609
33042931365
4000302404122
1005002428115109
1005002256714056
32841088699
4000843799828
32805531120
1005002346967155
1005001550210049
4000544858594
4000368102771
32890074745
4001049907477
4001053350025
1005002258132759
1005002351664575
1005001781735400
1005002438363886
32871044821
1005001625653735
1005001695291912
32752673858
1005002271647065
33000814013
32909014974
1005001967279678
1005002266185109
1005002453546761
1005002465125404
4001293078258
1005002067632832
4000555942339
32749182964
4001249854134
1005002474181451
1005001618177466
1005002348283181
1005002314039086
32833621358
4001129272540
1005002281631905
1005002297928311
1005002484574311
1005002295541173
4001247832074
1005002158589605
32739506418
1005002439967565
32978185212
4000271774504
4000732834906
32802783293
32866552912
33000132833
4000327550568
32849299536
4001039425176
33003213989
4001003862408
1005002263451913
33000885842
4001103156982
4000483854067
1005002494572815
32844996742
1005002358557624
4000942764569
1005002340621041
32793726139
32814439425
32962077767
33008547374
1005002051566970
1005002388021268
1005002354647643
4000742014238
1005002392946412
1005001782828546
4001041027922
4000196913133
1005001622088616
1005002039160623
32974724658
33005355832
32933387256
4000173619223
1005001507021983
1005002289092437
1005002323798711
1005001289675637
4001244472163
4000246894001
4000226790208
1005002028407120
1005002386507297
4000755872630
1005002120047334
4000466400939
1005001564728413
1005001525408677
1005002312609456
1005001813092540
1005002221136840
1005001525316869
1005002400102952
1005002379470555
1005002426204023
1005001655142851
1005002430376634
32373084007
1005001793803235
1005002340228056
1005002386354971
33014356815
1005002376809649
32940652874
1005001622288579
4001218096612
1005001940071616
32886944275
4000387968751
1005001929031956
4000002392892
1005001633853669
4000863076321
33055609080
32743962174
32993174830
1005001777076394
33032162925
32979536481
4001219142633
32920045342
32778453455
4000504068737
32920613529
32996765772
4000528249660
1005001315406748
4001332454899
32886420523
32835108352
32607448949
1005002433714834
32719977399
1964462202
1005002238031735
33022373601
32900903826
4001307911844
4000332073557
1005001920508752
1005001929563342
4001233535943
32990880769
1005002250858622
1005002302775094
32796139810
4000239638293
4000960678118
33001415979
32804289272
1005002148158533
1005002389097867
32894980871
32812091857
32861529254
32985723589
32772905697
1005002380995536
1005001491176928
33032624705
32852465319
1005001862307702
4000075233013
1005002313468515
32963715796
32878262973
33004168391
1005002158952663
1005001382486158
4000552707886
1005002454321919
32918457446
33011718486
33004668299
32823363895
1005001451265045