4001238254632
4001141600834
4000507085361
1005002082498478
32958150622
1005002287012127
4001340137794
4001365655779
1005002481762026
32807954135
32868030250
1005002356135346
4000693256140
32857338640
32986292115
1005001300064774
1005001580527562
33060582596
1005002320839764
1005001999790453
4001186702085
4001268896108
4000709646863
4001136418973
1005002263757774
33049155547
4000821704472
4000379439858
32856104761
33021717138
1005001910197452
1005001465507539
1005002258858854
1005002435820042
4000927428135
1005002246140715
4000330220953
4001347323609
1005002423428414
4000695541361
10000334043622
33050079083
32687573925
4001174574628
1005002219368771
32875247339
1005001286768579
32836566552
1005001474270999
1005001831535908
1005002352849399
1005001890465068
1005002024127101
4000334319347
1005001502142104
1005002424019282
4001014260497
4001228734260
4001001974667
1005002226010334
1005002408293969
4000997085144
1005001608909855
1005002264985363
1005002438507361
4000382305992
33058523169
1005002483053465
1005002214865452
1005002291042284
4000575893158
4001358385291
32885787155
32666392177
1005002273719481
1005002267654791
1005002348423249
32430669804
32967879486
4000308269514
4000570240484
1005001406664585
4000074089026
4001015448821
32941875149
33021345852
1005002226158091
4000760902851
1005002399970283
1005002300137325
1005002377434234
1005002065098591
32861122241
4000453578269
1005002290993857
1005002345972777
1005002091365817
4001187164464
1005002175876402
1005002079137491
4000575885265
32962347193
1005001907762891
1005001494886392
32700966134
4000849877025
1005002220010117
32948454427
1005001762735352
1005002386554549
33001559136
33002562683
1005002350731883
32606918025
4001022588025
4000944279412
1005001332963356
1005002289451386
33027533466
1005001962700149
1005002265477406
4000495122770
4001097451206
1005002459073614
32977956437
1005002322383971
1005002329248016
32849002515
32952431683
4001228659102
4001287453759
4000710017208
32242062773
33002198619
4000920244760
1005002383143262
33006925915
32915042169
4000738324581
1005001870093634
1005001809776361
1005002328307261
1005001822288101
4000365164239
1005001705705356
4000349856432
1005002213465294
4000124274921
1005001873977488
1005001869442965
1005002374558613
4000210935769
4000180186077
1005002398916131
712804000
1005002273814745
32918003430
33017938097
1005002281720775
1005001656742910
32771717412
1005002301567150
1005001518634451
1005002116515812
32840914116
1005001889708969
1005002368559686
1005002362502937
1005001670850530
4000335571383
4000510369945
1005002358499250
1005001630527501
1005002224476638
1005002206830842
4000181051620
1005001859968696
1005002256668852
32813847290
1005001736388553
32950593675
4000118148679
1005002214735936
620594587
4000546069392
32709358589
4000044702890
1005002249424314
1005001930870612
1005002216057491
1005001726538551
1005002370601759
1005002462733282
1005002353399441
1005001830251784
4000030523762
32808079102
32617789745
1005001994035250
1005002333519028
32725845387
1005001640889178
33023038304
1005002129493097
33004859163
4000087392195
32994150718
1005002215458479
32940045823
1005002337380292
33042340771
32677471061
4001294327063
1005001808573103
4001307875937
32687912501
1005001821795321
32749785638
4001341909346
32580915879
32890018151
4000133186853
1005002167706801
4000039380929
1005002396786482
4000689204729
33047997697
1005001757636194
4000726058567
4001263623812
33023524055
4001251176689
4000598844707
1005001405339064
1005002330792037
4000990847547
32997620605
4000071491209
4000983398617
4001259783675
1005002084941944
4000202211843
4000218321639
4000302903401
33002123324
506629356
1932891510
32977810426
1005002314208587
33027524442
1005001980997229
32833658324
1005002359116565
32698480545
1005002260565332
32846520940
32803215034
32963398417
4000059686403
1005001639845794
10000132910038
1005002315755028
33031788048
1005001834892745
32948998069
32800647153
1005002055182807
1005002089173803
32883034670
4000295717850
1005002413471030
4001276700624
1005002496644942
32798720614
1005001564778525
1005002323225506
1005002263435136
32793085151
32755942942
1005002442540997
32920314149
32716533658
32992936787
32575873451
1005002372153818
1005002233547616
1005001459722277
1005002224689225
1005002430268592
1005001994627691
1005001998382296
1005001502360529
1005002416260125
1005002136110406
32955925965
1005002314286410
1005001541424185
4000390889091
32858438493
33027179592
33008203886
1005002416663739
33030026160
32835902099
33048281292
32999456782
33050508071
32821717583
1005002278720362
1005002298676329
1005002332059525
1005002316838276
1005001991752544
1005002045770730
32855278372
1005001437317716
4000803995656
32804297483
32822817098
1005001693602438
4000401526504
32794516609
32902343593
33016795003
32728272793
32608829145
1005001716163114
4001014248129
1005001603577145
32891262061
1005002350575777
1005002240108848
32863695991
1005001381520935
1005002331976786
32966878150
1005001365162255
1005002513380406
1005001299118867
1005002291118069
32852127067
1005002413539287
1005001648908091
4001189713447
4000295806181
1005001709034434
1005002273485137
1005002030613414
4001157062385
1005002060077638
33036611026
1005001329432230
32914116841
4000693892279
4001287009083
1005002298605064
1005002258976016
32846613916
1005001642807168
4000245647853
33050572068
1005002314807032
4000895267030
32869577166
4000850198719
33046258222
1005002322274483
1005002346595256
1005002325163210
1005001392662200
4000349866025
1005002077271583
1005002465644264
4000170247572
1005001423117567
4000493446261
4000009467746
4001296919957
4000342338311
1005002378142678
4000371038197
4001181572456
32956893211
32907392532
4000850539158
1005001572278013
32857490140
1005002314301420
4000309650212
1005002314468219
32988106206
33055759775
1005002388140842
32802806953
1005002138411655
32981742365
1005002155976521
32841711427
1005002226148040
1005002253043812
33013878539
4001317049468
1005002435588861
32948393696
1005002309660660
1005001954277622
1005001412483119
1005002243860837
4000580780871
1005001441078602
1005002171168024
4001350257351
1005001982344051
1005002259832724
33055112247
32837599523
4000155521876
4000165487678
33026770890
1005001686007279
1005001725982574
1005002348730239
32830795131
32962693731
32227833925
32810489249
1005002363502118
32999685334
1005002361919665
32886475847
1005001571689459
32851991108
1005002367237859
32979169385
32858106792
1005002412514081
32963740275
33056729410
4000960628539
4001068332411
4000045987225
1005002010222986
1005002220369308
4001240903747
1005002330497621
32406155461
1005002351229355
1005002337626818
4001133998942
1005001876832498
1005001670688377
32724947757
32793134941
1005002292504206
4000690943159
4000177949525
1005001793714055
32959086029
32643079627
1005002287375869
1005002337796468
32897828924
1005002346672789
1005001301637921
32850934340
1005002251120547
1005002412410570
4000925900033
4000923372441
32867148242
1005001588109776
32776398154
32978631097
32987804700
32828290261
4000304015188
4000627010222
32693815837
32969147476
1005001843806440
32772300822
32857952108
32947715983
1005002327925465
32975835913
1005001697690175
1005002312500128
33031554710
33021660606
4000110939350
1005001861271186
4000730505621
1005001632773597
1005001369919140
4000114204792
1005002457210386
1005002293414428
1005001824851864
1005002268341723
32822376067
1005002242483811
1005001452321075
1005002334720227
1005002443844572
4001090063679
1005002500522789
1005001835598097
4001259894254
1005002055966790
1005001977737687
1005001901796260
1005001633608536
1005001439100564
1005002085510334
1005002367633774
4000333448174
32924074227
4000816378502
32780222518
1005002122408416
1005002291307152
1005002468214443
4000041644498
33045596822
1005001532089141
4000402054168
32959647027
1005002359741740
32641399952
4000709456898
4001351207090
1005002314438758
1005002317242549
4000895562432
33059903936
4001258927791
32396663173
1005001651685097
1005001410642659
1005002074438763
32295675201
1005001646495295
1005001804247347
32797157499
4001270683256
32884631946
1005001850173899
1005001332190839
1005002494321813
32741188997
1005001893400651
4000284603982
1005001273698984
1005002443738016
1005001721906453
1005002239230588
32856331043
1005001949908450
1005002272474581
1005001309133199
4000955801353
10000395933260
4000483556280
1005002390521726
4000199565546
1005002413448359
1005002435102431
4000037289734
1005001429943388
4001230345653
1005002404378472
33037421555
4001331604599
4000058755431
4000308283976
32828930872
1005002331039034
32847954352
32971779386
32975297106
1005002072568323
4000040191303
4000186366824
32678568985
1005002383496502
1005002465895387
33004075423
4000876921603
32395596087
1005001493906256
1005001630868939
4001024662191
4000192402730
32838946110
4000106370166
1005001845383539
1005002083888751
4000152236170
4000637731419
32851600149
4000548398471
33027456653
32997360855
4000031159756
4001195498397
32882767437
4000378595164
1005001354106792
32958180880
1005002450249784
1005001302757664
1005001441367330
4000965876214
1005002401263722
1005001838537057
1005001677375851
4001220389409
4000983427751
1005002291120685
33057151027
32957498005
1005002288215202
4001029429550
1005002363213169
32676492477
4000201078004
32929170276
32891773012
1005001451506354
4000264358472
1005002425771043
4000848184299
33015811117
4000547948169
1005002498766276
32956775961
4001021018782
32894651792
4001312794731
32969402624
32958515703
4000901899175
1005002338999874
32871909630
32960097890
1005002314232871
32897836077
1005002476146201
1005001526346225
1005002105468401
4001290883488
1005002322463646
1005002200881261
1005002382439367
1005001608110905
32858750291
1005002388398176
1005002233112324
32860361016
32915182687
33045539033
4001365741469
32418030106
1005002225488766
4000213452436
4001157619204
32362339044
1005001808005643
32859474046
32647587588
4000185739963
4000960622673
1005002319370007
1005001861070884
1005002265152686
4000783114934
1005002392767369
1005002365153694
1005001929341814
32604767699
1005001489713872
1005002248473752
32901093810
4001023597256
4000202856596
1005002404528892
1005002359279964
4000829692186
1005002292612428
32860219740
1005001678371889
1005001364735159
4000888919128
1005001514273767
1005002306392578
4000670927542
33040899111
1005001787485046
32790811681
4001212960369
32923584464
32990824214
1005002038025830
1005002295532042
1005001678510918
32892347803
4001237435319
1005001347124596
4000921649854
4000954450821
32895002015
4000031905476
32975675000
4001340208974
4000400903313
1005002212550104
1005002037121419
32625064693
1005001402242574
32780145739
1005002281901630
32382233850
4000125257853
32965891134
4001317391495
4000037500006
4000685165925
1005002314427319
1005002346243369
1005001315084547
4001171335571
1005001873465977
1005002417616873
33024266280
1005002334706921
32980030786
1005001901849765
4000857281259
1005001578962064
1005002320468188
33035635016
32889816260
1005002246893176
1005002279246526
1005002426012748
1005001926894542
1005002162222383
1005001541061473
1005001355299913
1005001983017610
4000471256568
1005002333458783
4000544983100
1005002456805001
32954888692
1005001996981151
1005001423438670
1005002069747527
4000265469169
1005002232154664
1005001468088910
10000259112061
1005002271756921
32270448447
1005001558426708
4001351662895
1005002273127512
1005001682830984
32827544310
32989088747
1005002002306161
1005001411272684
1005002054888261
1005001370338346
1005002346314542
32974353183
4000209638723
33037330532
4000733988901
4000078109591
32975498912
32919553627
1005001695709841
32856758359
4001292766121
1005002468652690
4000648725185
1005002224721394
1005002091131733
4001212451608
1005002347500817
1005002240078621
1005002166581486
1005002376487899
1005002417178581
33017389666
1005001860017078
4001349755360
4000906888143
4001333500132
32969671894
1005001609531310
1005002278147211
1005002367113417
1005002224484113
1005001617107644
32921054688
32656798345
32993038114
1005002058606709
4000469786137
33054035072
1005002297960511
32984555588
32763770395
33022522148
4000308546129
4000162319346
32218373215
4000309476258
1005001808840908
1005002272318577
4000881168205
33013842438
32896640730
1005002485737215
4000709376695
32607276897
32966214463
1005002205705302
32943873957
4001039436333
33035567361
1005002283164488
4000214149972
1005002007210585
1005001284966164
1005002082442542
10000328921361
1005002448340716
1005001851148930
4000961048598
32354955723
33027015232
32950681688
1005001483213535
1005001703643324
1005002338830868
1005001725654879
1005002225968662
32961341008
4000982639485
32974832651
1005001844680852
4000397494497
1005002310202618
1005002008067057
1005001984497681
33019039177
32919756450
32811224300
4001193927317
1005002435729259
1005001898404652
1005001936776872
1005002301401482
1005002101975614
1005002413412182
32732071724
1005002394304130
1005002127767997
1005001779583512
32992509800
32851673454
4000504300576
1005002322140989
32907572421
1005001882402700
4000693682564
1005001954089407
4000189062731
4001179744937
33013405556
1005002458843758
1005001781489473
1005001577729075
4001110298115
1005002111996298
616305964
1005001868972971
32817465660
1005002347142442
33032515733
1005002264697220
32877131644
1005001775571937
1005002033549447
32278635989
1005002363788850
1005002167446374
4000404424440
1005002454475067
4000848397983
4001234358008
1005002016984310
1005001599936773
4001240193953
1005001739736043
1005001452293716
32883435913
4000570404489
1005001602250053
1005001460489499
1005001943110562
1005002258260935
32920041389
32828037990
32950335831
4000267736319
4000822654381
33049933742
1005001727722743
4001108329021
1005002103204015
4001025370768
32756874003
1005002265226980
32978238269
32889974066
4001152811580
1005001632053489
1005002237585194
32874966364
1005002443449575
32807013862
32882504026
33002647802
32997298986
32959888566
1005001357619024
1005002171996115
32762745085
32782485659
32825218075
1005002275892413
1005001698722122
4000064527700
1005001564916982
1005002254734691
1005002381479803
4000283608097
4000018131011
4000043047422
1005001373531082
1005002070684311
4000278260751
4001230331725
32666994875
1005002454697135
1005002354305515
10000257830616
1005002272504873
1005001602053079
32888685431
1005002167707882
4001011274287
1005002448899481
4001334816531
4000655856780
1005002421579266
4000975067328
32844643148
4000096345735
1005002435720049
4001062634145
1005002244321387
4000591233651
1005001325537248
1005002376060005
1005001315934150
32845463433
1005002129083649
1005002167709767
1005002069267354
1005002412328339
1005002316001608
33005909029
4000280424765
1005002383168265
1005001826185822
32684657147
1005001824713507
1005002311233772
1005001705608583
1005001604607617
1005002453326058
4000498710226
1005002068536467
32853991249
32810537234