1005002252722715
32811340789
1005002072475521
4000214730757
1005002489192985
1005002240003697
4001359751920
32998469642
4000272356859
1005001845512614
32883666170
1005001678604180
32854119624
1005002383178114
33020850703
32881551421
1005002244641572
10000235885734
1005002370899816
4000001890003
4000839792820
32893644669
1005002378995172
32658368205
1005001489009023
32847315988
32785026977
1005002343169997
32821745798
4000581146406
32811359924
1005002341023336
1005001577113690
1005001926683141
1005001848711345
1005001949986420
32824537235
4001294451534
4001225114747
1005002373144165
32820598838
1005001913712953
1005002415954201
1005001980322197
33031103622
4000291195352
32947279617
32935034043
32919390134
32634637816
1005002330832041
32964440279
1005002254688347
1005001278305700
1005001834665564
32904749351
1005002402828702
32884468972
32916659773
1005001980157028
4000123885153
32844753924
4001036272142
32844095784
1005001616671470
1005001665306855
32982669999
1005002180612137
32808354544
4001220581957
4000970842546
1005002481161800
1005002457050234
4001362238966
1005001649016403
1005001308078568
4000201062902
32802641365
32801409505
1005002168822260
4001021610693
32809408013
4000130697612
33022885103
1005002027468806
4001005201828
32776787289
1005002302731475
4000199966292
1005002357103882
32947699233
4000595563249
32964494810
32978389992
1005002314669566
1005001966273747
4000810035262
1005002349636239
4000246048740
33007656019
1005002490362662
4000377912806
4000687110655
1005002453006204
1005002260432499
1005001884644014
1005002237704853
32966374240
4000003848134
1005002053405566
1005002339505273
1005001499516346
4000929510227
1005002314366772
4000990615021
1005002422052218
32896883990
1005002002726738
1005001672642818
32582050577
33025960333
1005002357231313
4000964034118
4000170283423
33063867712
1005001798767890
32963161165
1005002221220632
1005002343218015
32844845768
32966910800
1005002256534447
33022862292
4001318029802
4000241782414
32864626638
1005002361368961
1005002315897362
32795693768
32816928735
4001238046170
1005001518807794
32806809350
33000333900
1005001550665985
32751139572
1005001530653794
4000071020576
1005002315390343
1005002279373022
4001114251307
32799757931
1005001495460140
32720585767
1005002450420112
4000397540420
4000397566059
32668700248
32958497245
4000842197545
4000043771159
1005002421214411
1005001848953624
32957483315
1005001572181607
1005002484336655
1742930415
1005001645363994
4000843011399
1005001591711538
1005002120657623
4000176919684
1005002297909195
4001263921527
1005002263954300
4000291498478
32585971250
1005002462556554
4001355477762
1005001869683215
1005002291950771
32819182611
1005001349596969
1005001571635210
4000365873957
1005001956682058
4000084311299
10000146578701
1005002363935204
1005001970326398
33037397751
4001226834385
32881571364
1005002462430094
4000170631216
1005002056744313
1005001848483454
1005002427837573
1005001531268202
4000210821995
4000961372225
32824501435
33055532083
1005002413319039
4000930930805
32902277434
1005002233003501
33005875875
1005002454012078
1005002401929433
1005002131017159
1005002345421125
1005001461947296
1005002166124953
4001257056175
1005001525361684
1005002265474974
1005002393935848
1005001622026460
4000953659274
4000104047147
1005001804185400
1005001560309782
32949884010
33002256977
1005002478036457
1005002085477901
1005002314939467
4000940898702
32921818427
4000770156480
1005001957298099
1005001954274149
4000814918253
32913901799
1005002362475713
1005001463390999
1005002297953373
4000065877860
4000554959922
4000190889134
4000955740847
1005002323437258
1005002080720195
4000957428931
33027820558
1005001438865570
1005002016909228
1005002240103820
32914385705
1005002310516540
1005002340873529
4001267173936
4000368312513
1005001351920457
1005001431567297
1005001839053816
32973250189
1005002369117473
1005001622216021
32953134366
32976074999
32735747304
1005002185443949
1005002298182739
1005001704352814
1005002286751885
32990572060
32962727204
4000216122055
4001165551601
1005001863856764
33044796512
32533586361
1005001868699269
1005001615026513
4000443875943
1005002394534814
33042659637
1005001393871311
1005001436867861
4000237508051
32870373160
1005001319592936
32990228275
32957199739
32933303460
4000102751347
1005001461837623
1005002490072388
1005001973452865
32792134962
1005002304424951
4001090442322
1887242980
32833012991
32864955266
4000881609246
1005002267778976
32957382234
4001085680617
32997863857
1005002333278904
4000837025234
1005001339645265
1005002385170190
1005002045851592
4000207231998
1005002357546402
1005001425784290
1005002347562785
1005002448702375
1005002150685960
1005002207414323
1005002229501567
32991495386
4000307203946
1005002463243875
1005002116744470
4000071632773
1005002055114820
1000001386852
1005002206669117
1005002498810647
1005001903017164
1005002425526966
1005002204140098
1005001586339190
32899644247
1005002355654623
1005002387549822
32890767594
1005002372983883
4001135351194
4000817035604
1005001795791359
4001076843469
1005001916133810
32848364170
1005002370821806
4000677739160
1005001652911994
33050255825
1005001862916771
4000002047593
4001026923445
4000682846930
1005002147877222
32985848035
1005002233239469
4000777938870
1005001656934613
1005001434445240
1005002314292420
4001123659167
1005002171091155
33034440084
1005002271104630
4001231542989
744014543
1005001416804916
1005002467242862
4001204209256
1005002012766544
1005001619782970
4001101585023
4000108752454
4000344256682
4000462854751
32323452335
1005001710335627
1005002309314300
1005002302248910
4001312966419
4000362526007
4000847820898
4000661091225
1005001887801980
32593147157
33042001192
1005002496092318
33053617124
1569521561
32875274811
4000730270811
1005002340476541
33047853923
1005001978130801
4001198218781
4001221566204
1005002419326772
4000704202506
4000267523877
32890341895
1005001514563314
1005002451085203
1005002167910747
32354906177
1005002388632608
33002789395
32912642235
32632523554
1005001508216911
32966869596
32968337194
1480402834
1005001830283532
1005002359609974
32248951035
4000119273786
1005002395087951
1005001749360527
1005001652648182
32657766905
4001054477184
4001183408165
1005002301629648
32737946528
32845451548
1005002399587458
32867681957
32872158650
1916057298
32997561892
1005001710144114
33022931576
4000302942940
1005001946459926
4000768595706
4000460329626
1005002475034097
1005001381301345
32916352878
1005001750850395
1005002428326692
33042856625
1005002065531412
32969054495
4000944056179
32944800351
4001132009796
33029605319
1005002266898104
32991307305
33046586513
1005002456817648
1005001459518894
32940931826
1005002180477251
32914036652
33044356263
1005002420392369
4001154056868
33051150899
4000235343342
4000932277175
1005002466943730
4001228640151
1005002020069358
1005001901862691
1005002488664395
1005002284755076
32480038510
4001230973346
32925903339
1005002353933987
4000322583086
1005001841926383
32742528535
32862986156
4000433801360
1005001971962842
4001195555677
1005002287148698
32842436560
1005002012296482
1005002064692570
32468359394
1005001792811042
32866495460
32807587011
1005001548928683
1005002351662856
1005001645698248
1005002253292227
32882404918
4001335728108
4001234642150
4001271568956
32924074825
4000781297186
32775012828
32991627036
1005001946963254
1005002160588498
1005002112358297
1005002460638710
32842291900
1005002090629196
4000732358702
32768785508
4000133850228
32962201785
1005002080205102
4000892129923
1005001725531993
1005002011444036
1005001354978556
4001078144940
32894543102
4000921916414
1005002346124048
1005002232244767
1005002297696210
32897890372
4001221496543
1005002483027554
32969442317
1005002386777176
1005001320771637
33040342997
4000914623589
1005002483914854
1005001491419932
33001545826
1005002323186259
4001019269745
1005001737309485
32914691000
1005002317383222
32923391875
32884461071
1005002327242858
1005001875174939
1005002340640806
4001278893682
32903863818
1005001837026154
1005002372200670
32850060223
32848126737
1005002294025408
1005002314373369
32972664090
32998515858
32890147656
4001140179278
1005001768550326
32722977950
1005001918615756
4001103595655
33015330258
4000878422410
1005002388591130
1005001846613667
1005002278245166
1005002398162440
1005002030105145
1005001544468534
4001187261109
1005002263555493
1005002482168047
1005002372830110
4000311600609
1005002244523845
1005001657282023
1005002228642588
4000241357146
1005002432645400
1005001404955167
1005002292691116
1005001625599912
1005001628393081
4000772355832
1000007384190
32945603710
1005002318861565
32334377275
1005002455122094
1005002176446806
1005002344941510
1005001975131156
32327803477
1005002306636161
32413740231
4001110320264
1005001310015966
32939664587
4000960704542
32793127467
1005002279053748
4001241485231
1005002347788287
1005002112049473
1005002347869663
1005002010478647
32974673951
1005002430495011
4000604228717
1005001859926722
32971273573
32988388079
1005001585865380
1005001399027992
33046698730
1005001912871547
1005001311242091
32898913407
32918256016
32789266896
4001068749585
1005001906786166
1005002301334898
32991083016
32651751781
4000737096225
1005001884273950
1005002477341109
32989005826
4000959644509
32694071087
1005002114681785
4001192151274
1005002388843212
4001165969905
4000242637795
10000214779444
1005002339653775
1005001727014241
1005001965970866
4001225271385
1005001968925030
32958372163
1005001682102933
1005001686217094
32805019105
4001252180396
1005002292407256
1005002303719621
1005002372430714
32946488473
33049308615
32466178785
32387612397
32991381922
1005002327889334
1005002431187750
1000006288891
1005002192735947
4001112021173
1005002319577345
32473543251
32968577424
33043457721
1005001518725442
32805885770
32866215093
32454905230
1005002313188629
4000150328685
32971947878
32842419839
32855290985
4000206260319
32959650111
4001252725726
32861440679
1005001508631198
32919347110
4001042378382
4000231742183
32557625883
1005002412241760
1005001464728770
32838868253
1005002482996855
32978904970
32955405796
32860960800
32896611975
1005001935762375
4001145461457
1005002344738578
32901628114
4000522159438
1005001580609775
1005001791962491
1005001555970873
1005001411651022
4000783571630
1005002397135430
10000321539536
4001251897289
1005002346840670
1005002400235799
902564805
32795028181
4000665905322
4000063334762
1005001567049341
1005002342524548
10000032307902
32835335847
1005002333629186
32944349380
32848600353
1005002407013769
1005001333531754
1005001808897596
1005002476561256
4000701234310
1005002331109836
1005002052459676
32948721103
1005001543236752
1005001418801574
1005001773866102
1005001746581545
1005001478428816
32899813797
1005001998813231
4000029843986
4000964606947
1005001501700930
4000141242833
1005002347028932
4000909581512
1005001423696606
4000606252950
4000685091512
1005001698706343
33014163285
1005001631355747
1005001529072805
1005002478850250
32972042963
33001076382
1005002159631384
33039502272
1005001525421600
1005002399777880
4001290564515
1005001316984854
1005001982150752
4001019675419
32852339928
32856612819
32908984792
1005001559900968
4001031511992
32251291629
4000205688227
4001348516533
32989839243
4001248992715
32985808606
33054057690
32814814640
33041321037
4001230640255
1005002342625024
1005002289119098
4000282859816
4000972894025
4001021157567
4001261381112
1005002237722441
4001148796434
1005001948549178
1005001924119264
1005001891619466
1005001343634454
1005001779443878
1005001464487070
32852663885
32833823816
1005002393208149
1005002182427060
32976060610
33006566591
1005002473233428
32897796171
1005002354461328
32535833735
32824974449
1005002440738725
1005002318812609
32947936507
32835798354
4000007122561
1005002467612504
4000808299231
32979870080
4000243378560
1005002254226535
1005001943794875
1005001579805662
1005002423980592
4001064996109
32719683162
1005002225910977
32876053504
4000905702348
1005002342195409
1005002213371973
4000418872838
32901505351
4000361819920
1005002428298447
33030240114
32999296804
1005002436052693
32861286932
1005002371729091
1005002314244439
1005002491101270
32773588339
32975222548
4001177467480
1005002077853518
4001220161853
4000825534634
1005002308855149
32769611992
4000850150935
33000920762
4000846368466
1005002314816158
1005001809265540
1005001411784797
32820865973
1005002388358485
1005001586895738
32857392603
1005002327799471
4000429747747
1005002416205116
1005001626262146
1005002297929122
4000046679364
4000598721203
32943371631
4000766095119
1005001848929761
4001290590988
1005002233592594
4001222871706
1005002070497537
33009968233
4000666086674
32922255295
4001234470496
1000008347811
1005001585833668
4001076603710
1005002314356847
1005001780432480
33000534586
32961986073
32918467708
1005002400143374
1005002304239403
1005002454324278
4001146209184
1005001445822615
32817986720
1005002315324313
32550960981
4000838007076
4001294690259
32815323919
1005001644138993
4000901298720
1005001354933457
4001223811394
32780192478
1005002342528462
33041008286
1005002381149201
1005002398416185
32840292271
4001180001866
32532756357
33013039404
1005002390371215
1005002400728902
4001262561355
1005002454344820
1005001373889420
1005002482081209
1005001942101300
1005002024074007
1005001588841351
1005002346980227
4000203058318
1005002192479132
1005001525477066
4000990639486
1005001477995029
1005002213079504
4000829708073
4001313371589
1005002310145594
32856670442
10000351291377
1005002339126026
4001295342348
32438609372
1005001864796348
4001050620471
1005002253238396
32860497576
32801719599
4000626988447
1005002245532701
1005002346558870
1919717477
32719568429
1005001818851584
1005002466121342
1005001878953457
4000202552841
32945245204
1005002418176583
1005001570160665
1005002359176571
1005001933868037
32925851671
32888295971
1005002074158457
1005002288187586
1005001940188155
1005001518266232
32810378181
32615261323
32650776180
32844869666
1005001326382164
1005002381359918
10000095377641
4000734529022
1005002058539256
4000209913830
1005002089109852
32828797701
1005002172255536
32955647041
1005002425516652
1005002388837425
4001273201682
1005001810796706
32961525439
1005001350092613
1005001737823549
32919703202
1005001950265642
32961566798
1005001723831942
1005002329921476
32870130672
4000302189676
33054539324
4000842619386
1005002312655143
1005001639693251
4000226526210
32993208536
4000465204419
32525055094
1005002314425839
4001024946390
32708502312
10000088321052
1005001846672564
1005002433264905
32980276027
32779026809
32994691536
1005002382681332
1005002313740670
33038216034
4001065518674
1005002365731485
1005002186717073
1005001502607849
32799428971
1005002324020584
4001293954445
4000097291365
4000960595260
1005001337760514
32958563918
1005002096538775
1005002443650682
1005002490106132
32334634010
4000804340407
1005002490462371
1005001983721305
4000814936002