32495230736
4001351697443
1005001315123068
1005002264558701
4000051809131
4001123046158
1005002039425281
1005002393094240
1005002358739270
32635682792
32957317666
1005001292843215
32866631191
32975441827
32811643457
1005002398758215
4000044771394
4000180685595
32934623025
1005001845005392
32884344214
32938553109
1005002397984254
4000243154837
4001244242571
4001289702068
32515614296
1005001839248892
32944669651
32848814128
1005001954434069
1005002311114009
4000141211068
4000844947399
4001202079861
32873491692
1005001764283080
1005001989346808
4000335598189
4000910461853
4001042672614
4001225182929
32941509319
1005002369501345
4000041612865
1005002415991991
1005001921648373
1005001993161659
1005002265653518
1005002462355515
33059443397
32642120398
1005002495671313
1005001495602656
4001362872111
4000427293736
32844192246
1005002453310213
33032190953
1005001317381065
1005001620319243
1005001935130374
4000691230707
32459592457
1005002273013462
4001084273585
1005002481403823
1005002368738991
1005002378327641
4000928692324
32881636782
1005002307858807
4000735641136
32866720297
32879973727
1005002341439504
4000791507002
4001235984292
1005001495599310
1005002319060532
32948629778
4000130755727
1005001302358475
1005001729555085
1005001638330003
4001258759839
1005001705640880
4000089428728
32700657644
32886041517
1005002356650775
32959510909
4000175028675
1005002238042912
1005001958464231
1005002241678522
33031768122
32802776983
4001060772603
4000089524829
1005002277684744
32966394860
1005002101880471
1005001851995926
4001332451347
4001362074555
4000111926222
1005001381358475
1005001860099222
4001135678585
1005001408048051
4000221469044
1005001572223854
1005002338177924
1005001705087827
32814900599
1005001966383636
32861792410
1005002265948041
1005002480089305
1005002206648114
4001340438040
32794269039
32949843815
32784575049
1005002259804585
1005002444233391
1005002312944718
1005002103983347
4001050577955
1005001809462534
32881054588
4000027727390
1005002181622467
32956967852
33000058463
32868302287
4000453589040
4001286704238
32347162123
32832670996
1005002052183945
4000366476807
1005002350057044
4001230446866
1005001848458501
4000872976353
1005001543789609
32879281168
1005002275699574
4001211937598
1005002115255451
4000089489829
33005243317
4000994662877
32885396971
4000233182494
1005002318313531
4000822845876
1005001592645681
718345919
32995264647
4001100061540
1005002246327351
32920550487
1005002421310762
33040893445
1005002263813308
1005002274814428
1005002204163035
32422013905
33007323995
1005002306309040
1005002309752659
4000543970352
1005002312062379
32792435667
32988369360
1005001670645076
32454598581
32958963047
33018707299
4001358401005
32637750342
32953489009
1005002384752530
1005002345249830
1005001768984847
4001278596026
1005002318563427
32957239136
4001051639275
32853318396
1005002170871075
4001009602363
1005002027427053
1005001571352763
4000822530158
1005002079161447
1005001707744328
1005001967366439
1005002306366081
4001171300483
1005001319349545
1005001725377913
32990052333
1005001337918667
32946069509
32816602586
4000804976069
4000505124857
10000128383423
1005001613339085
1005002459425579
1005001880439304
33039373971
1005001327071138
4001085314647
1005002314337774
10000314253937
1005002025244382
32978651351
1005001459491880
1005001905741570
4000464705786
1005001977589458
4001068761012
4001255125655
1005002330157185
33015518612
1005002399627726
1005002358395180
1005002313729257
1005001831963081
4001275070167
32642506316
1005002330444994
751443120
1005001508196649
4000051015250
32825196947
33007097528
1005002495179440
1005002350892035
32851027825
1005001756998039
1005001624663926
32834114447
1005002314748491
4000850680454
4000386161056
1005001567555060
1005001296166359
1005001513070952
4000337980853
1005001817777518
4000150990055
33036624154
1005001579402003
4001066596489
4001316623356
1005001565960203
32883527482
4001230694068
32838814943
4000363952756
33017541042
32905792036
1005001453926436
1005002432654556
1005002352292045
4001075112834
1005002068010909
4000114867641
1005001888319589
4001064933657
4000792736726
32866252631
1005002257684521
32958703163
1005001457727213
32860050355
1005001877360666
4000974736249
4000930512110
4001153622507
1005002320500928
1005002317895558
1005001607674780
1005001815336897
4000209972932
4000008751036
4000054933559
1005002120873197
32966247972
32860731384
1005001638659997
32811373952
1005002309263962
33030522654
33011240382
1005002424078770
1005001500266310
1005002364031296
4000057413219
1005002358783143
32648811099
1005002252946164
4001358767450
32872533732
1005001741062369
4001360490378
32861469384
32852949923
1005002290052464
1005001834659342
1005001907106317
1005002288898012
1005002340038062
1005001710707310
4000564523993
10000415974791
4001299345081
1005002453514294
33026758606
32817269927
1005002314455435
1005001935016854
32998495337
32975563928
1005001671034138
1005002241141945
1005002395999896
1005001987182811
4000832421677
32801719012
1005001890502215
1005002489494160
4000335542725
1005002381496610
1005002357107902
1005002273875149
4000981507497
4001326065521
4001006804081
1005002316606367
32851537533
32908656118
1005002261204669
4000868917235
1005001966224146
1005002177994521
4000405339324
33008914493
1005001936258277
1005002401035312
1005001704126189
1005002170642833
33018082107
1005001870107804
4000761074940
4001291156051
1005001616613803
4001047269149
1005002388141593
1005001906288246
1005001627195649
32921790256
4001282109958
1005002362462072
1005002466696690
1005001883635766
1005001808586924
4001364891743
1005002290503823
32967413618
1005002034558083
32820289027
4001033573683
4000583135533
1005001867851760
4000142398193
1005002351717348
4000908569253
1005002494619835
1005001387521483
33010343019
32998172275
32838083509
4001273996862
32931250627
1005002348162472
1005002289130058
4001317234579
1005002454437603
4001042040038
32819008054
1005002327612769
1005001564410228
32841630971
4000163394194
1005002333401392
32741119190
4000247248333
32979861787
4001360192805
32886182703
1005001663216596
32846816312
32580921280
32976823942
32990106880
4001192018680
32365307319
4001150116864
1005002247596479
1005002376437780
10000028298766
32829177065
32918760852
1005002080529235
1005001739342486
1005001632736708
1005001693215547
1005002347491882
4001034918609
32958267014
4000689006959
1005002315623752
32977913025
1005002276375200
4000215563891
32847214372
1005001688605408
1005001322846581
1005002292192754
32966778145
1005001486889356
4000557688937
32966888930
32615374263
1005002033186763
1005001410992602
32859502466
1005002468157296
1005002420007601
1005002477927598
32910490133
4000274287701
33012676355
4000808631680
32820801981
1005002159293767
1005002187500780
1005001387983951
4001033577586
1005002267977251
1005001688413128
4001223498180
1005002166128356
4000427253114
1005001590734786
1005002406319148
1005002193948050
592938934
1005002354235291
1005001325670479
32962560250
1005002218026504
1005002090399849
1005002249598432
1005002450243663
1005002060521070
32976120487
4001251239352
4001163114791
4000516146410
1005001656977480
1005001905534822
4001197362248
1005002269332829
1005001560945086
1005002245325730
1753893713
32993013512
32968349629
4000196312640
1005002262110490
1005002122405501
32831955418
1005002439793917
32798809121
1005001626188159
32962398373
4001186104412
32951752979
4000921137991
10000314144693
1005002399047491
1005002023830656
32856077609
4001031448303
1005001958654840
1005001970231469
4000921535632
1005002233721022
33048575004
1005002417598469
4000107056447
1005002393446556
33045488828
1005001276412250
4001083126863
1005002073813231
1005002462740690
1005002396573488
1005002289441623
1005002015748188
4000208086761
1005002395211116
32969757818
1005001731473126
1005001645613935
1005002383018120
1005001670756105
1005001611693405
4000785451583
4000559631082
33005427266
1005001920938480
1005001493167581
32673980236
32918076893
1005001872411906
4001019353397
4000956029495
33029147667
1005001889445902
1005002253722688
32380405983
4001010605614
32771088882
1005002303926054
32319942059
1005002353321548
1005002099888670
1005002472980005
1005002461475290
32851074787
1005002317553395
1005001996795873
1000006820004
33014193196
1005002328975380
4000553854238
32629872616
4000585652564
32972286515
1005001604953082
32715243681
1005001834605654
1005001521679925
1005001580131102
4000032507266
1005001843235565
1005001967831084
1005001326272249
1005002266827472
32285769298
1005001570300932
4001118972411
4000956214491
4000816632542
1005002365546774
1005002281943221
32875772652
1005002227697903
1005002424245865
1005002368444584
1005002142768194
1005001393009768
1005002257973859
1005002314358467
1005002371708700
4000083651511
32831855006
4001249070264
1005002301416956
1005001380419755
4001354686533
1005002417057306
32836349632
1005002291221610
1005001398635652
4001278788947
1005002260708746
1005002482527364
4000577430121
33017600590
4000201966609
4000360395023
1005001279945409
1005002284672516
1005002293211808
1005001971011641
4000349900085
4001043086569
32846156369
10000332493013
1005001721684704
1005002230569784
32967915452
4001051427474
1005002377741222
1005001872148864
1005001564908009
33021717560
32614831525
4000884488126
1005001334755909
1005001993226329
4000349926440
4000223331665
4000908152180
4001147877768
33029943898
1005002461422005
33029050898
4000199549334
4001166154811
32813492780
4000748567797
1005001584402043
1005001992729618
1005001346636824
4000927842616
32957876625
32752539608
4001108009103
32966893918
10000071375251
1005001481775778
32857034655
10000343374494
32827140111
1005002448855468
1005002319118108
1005001973676495
4000802240259
1005001349728035
1005002352353984
1005001576515729
1005002395239442
33015151202
1005002027244073
4000316890996
32993150581
1005002465695117
1005002473864911
32906073811
1005001785577992
4000983575444
1005002433497577
32439934026
1005001325904540
1005002319986602
1005002474480268
1005002347250815
33045158576
33031851693
1005001296802954
1005002408336869
1005001804273457
4001315388609
1623248534
32368957733
1005001885034876
1005001603784668
1005002190060278
1005002432898434
10000149167850
4001271923732
32909635251
1005002187220039
4001197056112
1005002084165028
33003071215
32769565579
1005001445077137
1005001700380538
1005001566664011
32963135352
1005002342530513
1005002193137492
4000382597939
4001278626731
4000919108426
1005002224395798
33062070616
32997804804
33053682860
1005001840804125
32849748313
32895484775
10000181580104
1005001683277926
1005002371981845
32918335412
32772603216
1005001933242735
1005002272764936
1005002288979795
1005001642912260
1005002338920902
4000674174368
4001106503259
1005002396767120
4001125245598
1005002239510351
1005001864185538
4000918773356
1005002500610040
1005002001560862
4000478013958
1005002384084534
1005002237750789
4000571022618
32603190639
1005001697266605
1005001449243579
4000615052626
4001318729975
1005002322605378
32825553943
1005002341805765
32217381433
1005001807973227
33014840334
32801371300
33047435478
32870021408
32784583644
1005002068906583
1005002333638963
1005001621018131
1005002076305354
4000850631892
4000047323645
2045523402
1005001803231363
4000054979756
1005002317524405
1005002304400030
32868792550
10000089311532
1005002250763238
1005001731487186
32963061661
1005002317732244
4000039744979
1005001438777803
1005001626415406
1005002094404714
4000320874252
32964844100
32933442249
4000369901332
1005002415921892
4001220951210
1005001359456888
4000545866124
4000803638480
1005002271390991
1005002198167558
4000263519472
1005002286994188
4001290494057
32839967842
4000244715144
32969411310
4001327699418
1005002334794912
32961341558
33017347947
1005002342415523
32675769934
1005002246140566
1005002372104264
1005001853750480
4000538293888
4000002711999
1005002317465129
1005002328539393
33018454319
33031867502
33016353173
32783166310
1005001612383793
32792083761
1005002352785604
1005002365482354
1753965921
32719763046
1005002440827909
32965659852
1005001651446453
10000384771635
1005002266403011
33030589977
32848246211
4001360781337
1005002051500591
32845134256
1005002443128329
1005002326706539
1005002339524791
4000073859150
4001069065609
1005001874019847
1005002351136981
1005002337346500
1005001613144340
32462238288
32433166193
1005002346309430
33021016383
4000554752927
33027812538
32789923931
32964120755
4001062857601
1005001388088146
1005002030055223
1005002460794688
1005002461195247
1005001644311302
4001291751589
1005001335214145
4001047841818
1005002388405221
1005002223215563
32760999425
1005001304699336
32614708631
4001055946037
4000134523550
1005002500081231
32849482178
1005002433378915
1005002277167346
1005001834773398
1005002320905903
1005002372814378
4000938291347
1005001690979743
32967466108
32888115323
1005002293929308
1005002485015759
4001337682316
1005001561301531
1005001876504939
32962302283
1005002086730585
1005002361436570
1005001690849249
32791415968
4000856732716
1005002318828829
1000007172921
1005002196101882
1005002304206789
1005001474124179
1005002050801463
1005002420610282
4001038616780
1005002281226022
1005002223309630
4000832018716
32967427165
4000045078166
32854983064
1005002295900894
1005002271353811
32884573976
1005002032227864
4000702068237
1005001869731546
4000857217546
4000858996486
1005001705227664
32841171016
4001218696738
1005001330257075
32888317475
32267053164
1005002423403400
4000466705253
4000823585732
1005002348165864
33027818128
1005002378595384
4000925772041
4001227527258
32887595355
1005002298088018
1005002159483720
1005002267885141
1005002252495841
4000258124881
4001261511356
32846991170
4001316572832
1005002332246417
4000049591166
1005002329078185
1005001692669926
1005002322400650
1005002011573612
4001117748059
1005002341029306
4001280598103
32947341545
1005002276687549
1005002384650990
1005001704054528
4000210206070
1005002279131217
32911672993
1005001324743979
4000263423659
1005002322974929
32850793099
1005002052512949
1005001957369216
1005001397045249
1005002339044523
1005001968714672
4000160275980
1005002258107569
4000917765609
32956905243
4001159404067
1005001882347529
4001252690196
1005002397859055
1005002177034204
1005001750756869
1005002233855408
1005001935193531
32674552910
33040033356
4000196058585
32953494289
1005002317492604
32347438773
4000963974803
4000530623416
1005002387087698
1005001620681755
4001196801123
32806114309
32850764787
4001221713673
1005001602842760
4001109679347
32828040565
1000007902445
1005002298277463
1005001998384347
32951158509
1005001370121381
32822295670
32915164363
1005001726796597
1005002017046771
1005002252659798
32887506711
1005001392452278
1000004622016
1005002311477472
32744370487
1005002337573116
1005001465041355
1005002303115315
1005002241761511
1005001547196487
1005002285554807
4001135697686
33007930110
1005001546862300
33049643984
1005001494980283
4000448725331
4000925717059
4000236367717
1005002102103273
4000545773485
32920536518
10000089287482