4001146415860
4000110690885
1005001444897181
1005002438047164
33046615893
1005002023087336
1005002375273731
4000799786419
4000169985398
32971152139
1005001672442204
1005002321825273
32648364168
4001249770152
32997713877
1005002244620804
1005001733857474
4000983331470
33010681168
4001119200110
4000473260446
32839603185
1005002289799779
32841782900
1005001560752368
32968143825
1005002279950132
1005002481531776
32999680261
32946652537
1005001770163577
4000378084743
32896150034
32880330538
902608167
1005002196792477
32882263544
1005001704612447
1005001728402534
33039317641
1005002399825400
1005001381273121
1005001476565031
1005002299156783
1005001652611197
1005001743825462
1005001599600588
1005001843907226
1005001453466209
4001101116907
1005001442792025
33048142817
1005002444561129
1005002049254791
1005002378150450
1005002327558546
1005002406402439
4000132496361
1005001834585912
33004956025
1005002003861133
1005002260174539
32788171733
1005002011121163
1005002408361545
4000093837635
33010721578
1005001364926353
4000695732450
1005001353996028
1005002342165020
4000085396963
32695464924
1005002260257195
32915942018
1005002369665071
32995690915
1005002400305613
33051939706
1005002314170677
4000834146107
32843762657
4001214044366
33027947006
1005002280653000
1005002443297281
33011465837
1005002099027453
32909756998
4001231444280
32667153157
1005002322640775
1005001845980410
4000687429157
32416900102
1005001620568270
4001018909921
1005001920927168
1005002320041149
4001146179021
4001248527236
32921214430
1005002272731633
32995661737
1005002388906214
1005001525447761
32799826570
33031656904
1005002309866515
4001365217014
33061066666
32968425912
1005001930685552
1005001723812175
1005001570175156
1005002392329793
4000856319151
1005002316212220
4000217057499
1005002011218169
33001330646
1005001983213008
4000098801218
4001093774574
4000112996122
1005002370023651
32969599592
4000808320335
1005001766204062
1005002304096188
1005002333424261
1005002395026352
4000734081407
4000837393723
1005001976583811
4000117374691
1005002267693867
1005002330568378
1005001819284953
1005002058836132
32845578713
1005002340069741
32668995318
1005001877130771
32859805938
4001281641577
4001242494862
4000587526542
1005002166756838
1005001591781077
1005002324040336
1005001844127542
32967674556
4001295384557
4000918621050
32535231340
4001069589102
1005001942860582
1005001999081081
4001214167890
1005001983577794
4000253587961
4000926723840
4000639954843
1005002314343751
1005001718711640
32839174596
1005001699020378
1005001848525578
32978813498
33008389648
1005002160735005
1005001592144180
4001051738017
1005002453175232
4001015423584
4000107158024
1005002309378886
32953895838
4001107734217
1005002320846444
1005002140305619
4000980671590
32810109653
4001178236867
4000540579187
4000190026523
1005002362510053
4000098637202
4001115871392
32962185600
32813612139
4001042651612
32905738881
4000110942740
1005002079720116
1005001850739063
32830066005
32974169491
1005001355830480
32823644490
32975000278
1005001992882636
33005714895
4000165854775
1005001823412086
1005001330821180
32846788727
4001176953062
1005001764015367
1005001479924319
4000794908288
1005002300019834
1005002035644820
33012960166
32590284250
1005002274161169
4000552778818
1005001271122351
1005002291948757
4001228568533
4001264326507
4000607543303
1005001482667555
1005001343546512
32961141102
33007258201
1871912014
1005001584645316
1005001955242571
1005001762518088
1000007746487
1005002281150941
1005002318486000
1005001849282608
32848032771
4000955331621
1005002315306509
33015195000
4001027721749
1005002388319011
4001061401544
1005002339683632
4001216441193
32957316156
1005002271238444
4000037817774
4000776387415
33017783291
32581891159
802929110
1005001940906246
4000444568390
1005002119323428
4001070646752
1005002333892293
32963720237
1005002398893906
4000180821365
32973129314
4000470778673
33002795875
32919117147
33012151854
1005001349838388
1005002269421414
1005001821053300
1005002327233221
1005002413155238
4000153334505
32949917881
32616999939
32854265858
4000099447830
1005001519335762
1005002453812039
1005002373662768
1005001824111957
32774261129
1005002329242350
32948393525
1005002396744275
1005002132858826
1005001845735265
4000392202228
32871755446
4001014880711
1005002239975086
1005001620053617
1005002309592130
1005002460619015
32962609883
1005001958640774
10000417711824
1005002300777473
4000609596228
1005001495791092
1005001792331308
4000218434142
32977991685
4000304065617
33038993241
4001316789219
4001293087098
1005002395277056
1005002383074982
4000506327668
4000814914132
1005001723681612
1005002018577352
1005002466120016
1005001714141360
1005002203818641
1005002400481350
4000990866100
1005002330271821
1005002318452108
4001320576257
1005002275961613
1005002419798898
1005001924203057
1005002096021758
1005001525520123
32864535886
1005002024688117
1005002271503424
1005002339872393
1005001758343847
1005002361879197
1582705312
4001347596636
1005002340934651
32876747672
1005002231529122
1005002285603842
1005002243419892
1005002432538548
1005001751793953
32810798820
4000479816086
4000154127754
1005002318358824
4000862724745
1005001966365904
1005002327285382
1005002476992684
1005002260056312
4000670257347
32811278274
4000545409914
1005002265094171
32805994116
4000069756618
1005002314506365
4001214407902
33002546160
32840437842
1005001955031872
4001211718456
32391352715
4000762323378
1005002034471024
32975177361
1005002392659786
32288918407
32997092636
1005001543302281
1005001906395094
32698820523
33015846336
4001123092106
32831956886
1005002364477421
1005002360170974
1005002090280258
4001060783105
4000033963371
32773885024
4000898146166
1005002353043382
1005002281455519
1005002345855388
1005002116294496
1005001677012375
1005002256246606
1005001399475485
4001038585700
32977530043
1005002305073610
4000808692006
1005002337232315
4000313592116
1005002398976888
1005002491059138
1005001478777521
4001271943618
1005002270320703
32840610562
32736605530
4000392818471
4001253060978
1005002408340638
32950936817
32246247384
1005002446637481
32949654922
1005002063492135
1005001579500982
1005001504449075
32958998457
32261023171
1005002315296481
1005001398707115
4000909998334
32954102917
4000421740019
32967897150
1005002210682164
4001228564459
1005001684743406
1005002305941116
33036834271
1005002048982507
32824012509
32929377560
4000037936707
4001038402254
1005002065783724
1005002476927370
1005002282245987
4001269809648
33052354035
1005002316284353
32986195981
4001274768606
1005002353057896
1005002053966054
32854847433
1005002289512668
1005001393829021
1005002314112288
4000532414770
1005001609244075
1005001904086722
32920639132
4000318373919
4001085308058
32890448511
1005002340705060
32827949548
1005001338038589
32815251462
1005002389373004
1005002487696158
33016739426
4000580287650
32986893717
1005001350065421
4001252379522
1005002065368827
33056016037
1005002483765562
1005002438723557
1005002482755224
1005001709839076
32810786446
1005002439313163
32953542629
1005002390834999
1005002228512891
32995438292
4000656086482
1005002265699887
32881222961
1005001317322836
1005002298221749
4000424308764
1005002363156649
32837989868
32867397981
4001302929853
1005001524825820
1005002259171491
1005002284464204
1005001424243861
32988200378
1005002218068578
1005001908227981
32855068805
32822383779
1005002433608829
1005002289771354
32964432566
4000321865213
1005002293802425
4000258869521
4000478616497
4001310943481
32981056458
1005002381560882
4001156622997
1005002364172485
4000021903897
32861524259
4001262930398
4000205615363
1005001297503308
32979300254
1005002000159625
32828785435
1005002413646090
4000377200079
4001121228540
1005001960436302
32812420372
32958200000
4000249327814
1005002298466244
4000984997026
1005001811927933
1005001357384846
1005002352485415
32803155020
1005002334626553
1005001664734733
1005001487710422
1005002367663856
1005001299116189
1005001709459410
1005001815647402
1005001942884658
1005002255067183
1869771343
1005002299538037
4001145427433
1005001764745044
32912726168
1005002330657961
1005002313882244
1005002297952059
4001023120446
4001344947956
1005001868400203
1005001338420435
4000239729337
32700172319
1005001550922579
32894249671
4000262642662
32965015558
1005001492918373
4000292779631
1005001498991151
4001078619305
4000672176249
32947515578
4000691341434
32353611307
1005002329766965
4001178240714
32993801423
4000036255729
33043757704
1005001472201685
1005001897318519
4000505746793
1005002160392042
4001205571312
4000230572992
1005001447313103
1005002295265686
32861700752
1005001971364970
4000641048190
32884790286
1005001819287088
1005002481168200
4001350076910
1005001375322016
4001000321455
32823128921
1005001549174970
1005002318193328
1005002326923023
1005002299507982
32957183685
1005002471432856
32917458935
1005001908595333
1005001544057502
32809051487
32582706419
1005002443851223
4000099591880
4000781308493
32938870096
4001060136109
10000021726931
4000575936263
4000845134835
1005001815647624
1005002289099406
1005001295141515
1005002355564618
32965021421
10000052651479
4000493452170
4001268485006
1005002255007895
1005002281891497
1005002035702936
1005002243266508
1497020610
1005002042743148
1005002290159113
1005002432985068
32702630857
1005002409508685
4001275669483
32299483578
1005001279354630
1005001334093044
4000519690801
33005532331
32982015109
33061078815
1005002120617211
33008525866
4000696682028
32830273004
32956591496
32998417736
32992986117
33001794467
4000784556681
1005002454745516
1005002220373281
1005002235541481
32865707439
4000807409530
4000711852348
1005002439189621
1005002242170535
1005001897536546
1005002499688920
33019011198
1005002330714782
32308169745
1005002316294828
4001324038598
1005001515922295
4000897355578
1005001644257156
1005002404713855
32749564561
4000917350313
10000017999031
1005002325152371
1005001288807196
4001246251337
32380268701
1005002328228857
33000186675
1005001958849044
1005002420978138
4000413692550
4001263795794
32867753331
1005002356297737
4001054081773
4001120047513
1005002401648304
32900385291
1005002198283691
1005002015162882
1005002344045463
32949865560
32903496618
1005002286280304
1005002206533448
32815557144
1005002324856137
33009819418
32976567904
32857088961
32834353867
32932088728
4000408892711
4001316879635
32384199021
32628745258
1005002077815116
1005002317728736
1005002373388627
1005002314308094
32825739981
32993779103
1005002370646651
1005002259100558
32964332131
1005001671558513
1005002310260565
4000353720584
32913717629
33057118419
1005001906986724
32436416798
1005002385772181
32811961827
1005001285306158
1005001348083353
4001313820882
33029921301
32856556084
4000990944482
1005002367843577
1005002280577321
33028490750
1005001736266661
1005002368687486
4001065814473
4000955669193
32972313556
32899137628
1005002290043470
32979682008
1005002341547349
32994897890
1005002496213193
1005001520287096
32956437206
1005002168073823
1005002396692517
32988987205
4000281342766
1005001834937592
1005001693020071
32827630128
1005002412171574
1005002384997251
1005001948388681
32882614235
1005001614935883
1909424248
32570200208
1005001354985531
1005002361999072
1005002387316280
1005001670946043
4000955903296
1005002340868789
32794487815
1005001504106652
1005001683309173
4001156244538
1005002323204518
4000185139751
4000921906359
1005002350940970
32961848164
32789828179
32835261505
33018518975
4001260072453
32876221804
4000049161144
1005001462247357
1005001880213952
1005002288027981
1005002467581694
1005001988546346
4001036650348
1005002460851957
4000400810253
4001154662103
1005001941059944
4001251612205
32947761383
1005002184543856
1005002191431042
1005002219442345
33016925666
1005002228154511
1005002396643980
4001275684462
1005001876717871
1005001611366236
33036747828
4001275614722
1005001895979518
1005002293301236
32994342467
4001193858980
1005001780357855
32910790893
1005002253236987
1005002339548951
32909911739
1005002381162502
1005002400907177
1005002382959576
1005002039591406
4000943179211
1005001915298345
1005002305713242
4000926005760
1005001819033717
32949280274
1005001964054853
1005002304406088
1005002224776868
1005001265358391
1005001671437559
4000990830444
1005002352249128
4001216390381
1005001670482971
32819009102
4001050242347
4000689071087
1005002412461772
32869860479
1005002115873332
1005002329915174
33046572261
1005002052091711
1005001466684272
32684227242
1005002347901765
32833266223
4000335542723
32965332118
1005002314253860
4000163578399
4000167632309
4001274703117
32573834700
1005001510802182
4000990876257
1005002483923561
1005002313956755
1005002341010290
1005002393808106
32791163125
1924952596
1005001714469848
32917226789
1005001937888240
1005002084533195
1005001810576864
4000029690540
1005001634376710
1005001803224645
1005001815276313
32979984220
33016203016
1005001874641911
32847105656
4000687486062
1005002364159042
1005001289195290
33023608875
4000509343603
4000101272119
1005002319075653
1005001841606494
33054532237
4001233205214
1005002349491516
1005002190967846
32975419216
1005001394372697
1005002287438419
1005001585963855
1005001526002324
1005001671229803
33041927135
1005002014239802
1005002361641963
4000204270932
4001212586419
1005002398820330
1005002382032721
1005001348732737
32962584896
1005001872491993
32984691027
4000084485674
1005001994237614
4000024493442
32893591482
1005002253474292
32971070402
4001054224460
1005002170223820
4001279188978
1005002226300842
1005001963499275
4001080914324
4001067237482
1005002059389792
1005001457355829
1005002457138285
1005002392922121
33008564428
32734548106
1005001594939478
1005002085204632
4000274411305
1005002259227825
4001066499786
33031863214
4000823023991
4000876672664
1005001438623698
32820818314
1005002170571080
32692760730
32789393382
32965042881
32837413432
1005002252388337
1005001571328904
32892677851
32856662155
1005002436062061
1005001919147663
1005002323179651
32984535643
32801175764
32947878526
33053692616
1005002011904833
1005002330479487
32922895304
1005002185170570
1005002312594202
4000907614974
4000172588191
4001308028330
32942259873
1005001452139807
4000210053764
4000943121705
1005002022364709
1005002147268407
1005001656858056
1005001530358260
1005002319337406
1005002433786096
32959987594
4000955793657
32834397938
1005002359276402
32758094909
1005002306320774
1005001587699814
1005001590832640
1005001437888281
32880752427
32898245393
1005001843568700
1005002350813020
1005002273585332
1005002347095832
1005002435040550
1005002115261895
1005001771158799
1005002280790426
1005002227777461
4000923211977
1005002287722094
32981609560
1005002264722311
4001309842014
32627244430
1005001770088949
33060383119
1005002304343506
1005002300377062
1005002313826276
32617849465
1005001500862599
1005001573307621
1005001774070669
1005001732015186
32701540329
4000958661025
1005002207928059
1005002433918978
33023154029
1005001776340976
1005002002080573
4000158627139
1005001781588923
32981193196
1005001488983105
1005002069022063
4000133053146
4001151308159