4000299970715
32814504966
32728904061
1005002316182246
1005002350532941
10000370212832
10000325243697
1005002052415575
1005001455700428
32579236883
1005002316794992
1005001664680408
4000002512760
32904417078
1005002278921410
4000362691146
4000166870276
32724171349
4000247090577
1005001321195973
1005001840439098
4000185640575
4000680076660
1005001780485922
32356229083
1005002055475496
1005002298085599
32824908941
1005001556115437
4000038467305
1005002377498816
4001290997047
1005002322609313
1005001793128017
1005001961003911
32996056632
4001249162809
1005002233354556
4000994969597
1005001529511099
1005002265153735
32834774947
32968482607
32822487399
1005002288172141
1005002362087574
33026724115
1005002277426143
10000315961518
1005001525641753
1005002276273267
32785144837
1455076587
4001203378371
32954501925
32818049352
1005002395222339
1005002267318827
1005001469092226
1005002148160118
1005002332653282
1005002433185245
1005001678348362
32886715188
10000327190906
32748499040
1005001457610812
32942116099
4000616061724
32842288837
1005002135122121
1005002394391782
1005002277186279
1005002310925559
1005002341468561
1005001567198237
4001232033123
33016235270
1005001529816386
1005002314802685
4000152434182
4000298553739
1005001956496795
1005002331702913
1005001967147415
1005002339033433
4000552495498
1005002425646495
1005002327131060
1005002398876952
1005002362167328
1005002014382312
32799803275
32867458700
1005002295354509
1005001484198544
1005001850452938
1005001757411873
1005002336763399
4001149833507
1005002248300415
1005001591677356
4000627020969
1005002324770116
4001090817259
32955918838
1005001648764923
4000276772828
1005002356292091
32906980861
1005002325407927
4000715769694
10000291584770
1005001582812629
4000935269297
4001238509095
1005002055589463
32973047439
1005002356790705
1005002299766111
4001221944342
1005002289421965
1005002006185662
1005002086697773
33058001443
1005002380872299
1005002281004979
1005002265170100
32789551438
1005001664509409
1005002363830708
1005001516894498
32608864101
4000324520395
1005002459866122
1005002459878024
1005001736786264
33035707825
718218098
1005001588519020
1005001642817871
33015375207
32797915761
32800604465
4001064963282
4000381245074
1005001862729084
1005001721299461
32928251263
32903799692
4000306603678
32807656653
1005002253501086
1005002440887355
32852995879
1005002155240674
4001215774850
32583303032
32989655941
1005001980907547
32951029059
1005002167317626
10000138235233
4000208254209
1005002415909380
4000445146288
4001037248224
1005002394890402
33059698931
32585928590
4001133927344
4001320754585
1005002326630909
4000073567953
4000796853518
1005001657837318
32960657556
1005001797456364
1005002237935170
32824690987
1005001696104716
1005001695566066
32703957204
4001041068607
33021572803
4001040805038
1621701509
1005002336623961
4000291416511
32985151892
1891531425
4000548319190
4001119073798
32970214779
1005002361745530
1005002425596766
32749146518
1005001701499160
32878313096
1005002409593274
32824956149
33003426377
1005002187270257
32707786942
32834418976
4000511857845
1005001376135568
1005001300003754
32855178816
1005002015284444
32880041702
4001040810002
1005001664071939
1005002327900576
1005002112728451
32979524737
1005002168228391
1005002466045434
1005002232992281
1867083751
32896781239
1005002086140798
1005002357726683
33016838369
32870967840
4001217769217
33058861995
1005002450171306
32830499173
32958224428
1005002278763819
32818710963
1005002227899166
1005002334675164
33060352794
32960647585
32909845087
4000954902202
4001210498660
32837041407
1005002339446894
4000773654176
4000788516718
1005001309559843
1005002477264706
1005002295376609
32814812453
1005002315849638
1005002220167497
4001274155789
4001280458977
4000768002627
32953026297
33005975199
1005002317348291
1005002383840713
1005002494455242
4000960601678
1005001639351111
32825831993
32969790169
1005002278470126
4000001747026
4000959692650
33014426651
1005002313931511
4000401407802
4000211752154
1005002192472795
32754532979
1005002258658094
32681250765
1005002054049715
1005001905953234
32956490582
32934599100
32881780156
1005001895746014
33059582761
1005001988604123
1005001458519657
1005002453330171
32873055558
1005001608573332
1005001430525070
4001061671688
1005002276640355
1005002466991534
1005001340391157
32919847380
4000071185379
4000194152679
33016685088
1005001671403458
4000049298105
4001047136918
4001100578428
1005002317671363
4000934301350
1005001955022187
32907289474
33024855348
1005001453194984
32864307934
1005001515754867
4000782242810
4000082060502
1005002290822947
4000642251523
1005002457208481
32583824594
1005002029435233
1005001942155485
4000223869839
32982550563
32781439192
4001084168396
4000727628036
1005001326168517
1005002137367931
1005001393758964
4001106594842
32903261195
32827319719
33045249477
32693415683
1005002375070698
1005002282138966
1005001716628099
32948475555
1005002264713841
1005002439308874
1005002415718354
1005002364346428
1005002380470951
4001016483410
1005002132886388
1005001612371735
4000689051837
1005002362559541
32869220694
4000050333292
4001037348082
33040484712
1005002270599164
32826652599
4001239047541
1005002427495141
1005001825727210
1005002167952626
1005001441011707
33002461283
4000804245871
4000119073228
33042553976
33059694456
1005001286850667
1005002382725692
4001059167543
32646500985
32851189875
1005002329845743
32905727413
1005001798388499
4000211125705
4000978778346
1005002402304995
1005002416933851
4000074936196
4000200997957
32880420751
4000190416542
1005001638734025
1005002318670485
1005002355322202
33002327167
4000218583177
1005002313548240
1005001933710396
1005001579393812
32866963338
32947217574
1005002332514159
32840926365
1005002233898204
32853656731
4001305248211
741088214
4000335586251
1005001606416306
32878507522
1005002390359989
32828021089
1005001706772489
32974912613
4000773075457
1005002315290747
33056269977
4001266251797
32350170321
4000112269388
4000953430075
1005001905875457
4001316910406
1005001604707571
32982780601
33004948490
1005002323431479
32884915761
4000262377800
1005002308455808
4001052538440
1005001982951283
1005002104999524
32604759663
32933374703
33008853176
1005001835149261
4000888854881
4001267565853
1005002211907444
1005002418265926
32969403474
32959522780
1943740312
4000902950703
32990449087
4000071773719
1005001998129495
1005001559607403
4001222547314
536226212
1005002253181436
32979293864
1005001549293384
4000554765077
1005001855136851
4000827064448
1005002483542971
1005002043389031
1005001679502198
32586734569
1005001466355189
33010204951
1005001987322989
32969581580
32966179610
1005002439019126
4001204816802
1005002352297908
1005001894470430
1005002180599028
1005001846533565
32882734238
1005002070331498
4000419140585
32442762567
1005001849257773
33032709780
32993768932
32749477648
1005002483941155
4000781264224
33013972447
4001350164856
1005002318919516
4000217288696
4000935042038
1005001615151928
4000197171446
32994573535
1005002369461984
1005001424559984
33053648451
1005002237579685
32853569128
33010290471
4000987455309
1005001958768444
1005002245440287
4001139124491
1005002262195849
32959377717
1005002275862571
4000857332289
32950293762
32407280149
1005001559616949
1005002288954633
1005001614873414
1005001920780927
1005001721486595
4001271476385
32975625791
1005002213609140
1005001984466397
32567819677
32862019546
32995118546
1005002386833410
4000709315037
4001287481259
4000641316380
1005001992159868
1005002448032210
4000920299444
32965969743
1005001807533876
32947729518
32794765909
32968893463
4001090383240
1005002133110349
1005001352214353
1005002482943730
1005002281415988
1005002361774166
4001225245444
1005002307655629
1005001274302022
1005002141359504
1005002060873805
1005001658421144
32852441053
4000831090407
32962816835
4001231791931
33004349544
1005001563064794
1005002282693471
4001270353345
32977935983
1005002224388240
4000195370122
1005001976189914
1005001394750327
1005002394757982
1005002337748710
32638809574
4000563020631
4000176385518
4001162240090
32824578806
1005002244631821
1005001709216846
1005001710966647
32606143696
1005002074302916
4001301772401
4001285022893
1005002337236350
1005001482498711
1005001594179017
1005002288797209
1005001797987278
1005001537085869
1005002438912149
32993230818
32900405225
32568196654
4001089904603
4001360392005
32858282346
32858126665
32817177756
1005001972747059
32810329452
32854816119
1005001884126479
1005002372484145
1005002115295509
4001251116117
1005002399707730
32810110092
33009581419
1005001381307318
32842841031
1005001319469211
33027823625
32892364713
1005002382444303
4001134036248
1005001319755286
32958129408
4000838801729
1005002438102194
1005002489963637
1005002421546575
1005002011687001
1005002412775594
1005001725604163
33048152553
32974041227
1005002196960758
1005002315365589
1005002067973474
4000006721248
1005002114692327
4000618723732
2024355738
1763845483
33012715547
4000032381643
33017001186
1005001350453586
10000329552725
4001130393286
1005002336701435
1005002334108952
4000382616254
1005002435872174
32831599581
1005002326510824
4001214422383
1005001812836648
1005001914916634
32877394517
1005002277874123
4000588458881
1005002394408139
33009016478
1005002313753688
32950076714
1005001774771667
4000077754015
32962410957
4000194926224
1005002500684777
32915657753
4001230767077
1005001525390516
1005002091136945
1005002314385333
33053298603
1005002015276918
32366217485
1005001669946028
1005002288159000
1005002081761973
1005002296206030
1005002376829159
4000902784544
1005002166647345
32888981054
33000935300
1005001654780496
4000671200663
1005002421413656
32871551638
1005001665273474
1005001657811553
4001049815320
1005001355721744
4000630680073
1005001509252902
4000320256970
32813378698
1005002267686629
32796101776
32918518856
1005002243114757
1005002388255975
1005002382212480
32909710373
4000548804934
1005001838792085
1005002412141952
32829042391
4000032950376
1005002226156998
1005002307488561
4001320241532
1005001725587544
10000018238433
32833941415
1005001703047012
1005002341722824
32850949618
1005002262597992
32455599024
4000983972125
1005002168446203
32899100911
4001146887514
1005002420959292
1005002382249506
4000678128687
4001189237775
1005002306472207
32830326371
32758331464
4001155102854
4001054718806
1005001716690177
1005001710909788
4001072734842
1005002164685145
32853891405
32829268686
32826210593
4000369720751
4000463615570
1005002346376095
4000334238856
1005002263263560
4000152895125
4001237980735
1005001568570940
1005002192324196
1005002086099129
1005002238087689
1005001918781293
1005001763934386
4000342606367
1005002426388245
4000926934349
32609818777
4000966601829
33003011434
1005002342545460
32870788165
33034704312
33002078021
1005002477907644
4001167033782
4001334368384
1005002132761564
1005002054093141
1005001857280026
1005002272003822
1005002277879255
1005002397669795
1005002462605940
1005002487655376
1005001780738373
32500997953
32710273753
4000369561793
1005001611928863
10000028309898
1005002448857735
4000777175359
1005001969049471
4001187169442
4001228617313
4001287122335
4001098904350
1005002425417069
1005002465387845
1005002144253643
32827937534
32959973980
4001012974972
1005002009221897
4000818295189
32963024867
1005001644122335
4000990685913
4000500988397
32805253580
33009878997
33008580267
4000938239730
1005002194095034
4000544640647
1005001669886519
1005002276987835
1005001930741650
1005002048820029
1005001859775165
1005002292527972
1005002111935656
32965301894
32920639043
32938294903
4001189170674
4000789921903
1005002219559143
1660076856
1005002470084562
32773227911
1005002023510917
4000696044763
4001156715840
32747278385
4001261514712
1336131636
1005002309079204
1005001803339530
1005002359761131
1005002112311041
32856964841
33010332509
1005001441021346
1005001861069816
4001259936878
1005002286282788
32624854732
1005002342599293
1005002405427007
32914334854
1005002388381161
1005002313989562
1005002241553632
1005002227917442
32598395516
32934415001
1005001802748255
1005001639470193
4001253427769
4001216761707
4000887975939
4000808465299
32472606607
32863135361
4001272003703
1005002095804240
1005001839145551
1005002318662078
4001222789617
1005001676503552
1005002001618970
33011475084
1005001895660117
1005001813929851
1005002308995595
4001040680813
1005002284238825
32971056616
4000955801464
32981126028
1005002320525291
4001207154789
1005001665942932
4000855717146
1005002090193144
4001163352961
32958452387
1005002315246192
1005002068364084
4001044649830
1005001591677488
4000415056278
4000431125415
4000853667976
32505016987
33050166746
32986753120
4001320341253
4000189257462
4000833681618
1000008501101
1005002307013553
4000711622864
4000283610100
1005001977372118
1005001603344548
4001097258762
1005001320778829
33018227256
32863499479
1005001597709678
1005002261504506
1005002442284868
32947651903
1005002103070583
32947910732
4000748049087
1005002449588386
1005001365069202
1005002198938812
4000232125923
4000414605967
4001189935100
33000045217
32795660659
1005002144795495
1005001754624281
32952302248
1005001928372463
4000151413481
32478809177
1005002165743449
1005001832293873
4000203356662
1005002314703587
1005002263808972
4000320728884
1005002254171228
1005002433810505
32907952879
1005002346766103
32555110054
1005002368954437
4001137304451
1005001797087324
32856787222
1005002408929734
4000833883917
1005001846158096
1005001608771494
1005002337811829
4000857121999
4000035767072
4000863149308
1005002361746035
1005002346763587
1005002053723299
1005002413419452
1005001585859838
4000781979657
1005001625899779
1005002303547494
1005002369678328
1005001515166120
1005001693533472
32827183658
32987130606
32998684648
1005001438807948
1005001741733184
1005002314192883
32811609386
32963493248
33021120250
1005001768344961
1005002324061112
1477338797
1005002252255589
1005002150834517
4000549567989
1005002448542579
1005002416539183
1005001329804096
4000538098968
1005001893274331
1005001882502419
1005001576195642
4000170425869
1005002345772564
33018434321
4000989060551
1005002454291346
1005002325862005
32886071960
1005002004812671
4000138193170
32947609444
1005001386459415
4000013917968
32805209035
1005001864333573
4001188762486
1005001991910130
1005001693714573
4000173069284
1005002227963154
1005002314932367
1005002482230907
32785700207
1005002381589713
1005001987253910
32871899595
32808636208
1005002217267682
32719825416
1005002294150024
32866389834
1005002356406166
32886387493
1005002473941619
4000081424897
32852233974
1005001570163383
1005002309610709
32809046432
32919957026
32973973963
4000808471905
1005001901757882
1005002260718831
32839822770
1005001297511361
1005002388194915
32606440861
1005001703637917
4000266343901
1005001681956639
32850907757
1005002351657852
32960546406
32915086902
1005001813134386
1005001858529534
32957143614
32828439722
32951253259
4000843283023
1005002064071394
1005001458499813