1005002201720879
1005002110214832
1005002273323531
4000869239424
4001296008300
1005001611814791
4000481574326
1005001937855992
32984914391
1005001958278397
32843812618
1005001485339343
32833276384
1005001573909063
4001179609004
32973425222
1005002352038775
32861980232
1005002372283263
1005002307738088
4001107965713
4000801296306
32758558271
32854387158
1005002253291339
1005001930546451
1005002077914322
4000376188197
4000437354067
32899561832
4001167480770
1005001705144684
4000207844659
32872574237
1005001504266473
1005001963476476
4000489249253
1005002382018604
1005001357450192
4000841715391
4001091048616
1005002331992970
32796724638
1005001682328901
1005002383521729
1005001805181185
4000593557340
1005002264304938
33028136236
4000146345518
1005001269356500
4001358974135
1005002262219190
1005002095431737
1005002330112345
1005002073847499
1005002329256449
33050142549
4000311788274
32806734109
4001189678514
1005001941168058
4000357479925
1005002250009933
1005001780565887
4001228560587
4001173812981
32895123862
32539935639
1005002419625497
4000034575710
32951955503
1005002281344615
1005002094369643
1005002201168374
4001294818141
1005002359862413
32913206754
1005002398420001
1005001441385019
4000731217579
1005002411616035
32933262160
1005002022626491
1005001643580524
4000235991652
4000142569733
4000797535405
1005001334159543
1005001792987594
32884763188
32964806465
33000901612
1005002259418708
33043103533
32899406281
1005001893377545
1005001416587811
1005001788916239
1005002394502782
1005002177975017
4001345308655
1005002260551299
1005001627363504
33061231300
1005001612955024
1005001441328489
1005002448389382
32628477178
32950103740
1005001933681199
32856894241
32924831645
4000955878430
1005001441439520
1005001286294696
1005002295641177
1005002316284028
1005001531548236
4001221511482
32950399812
32841403528
4000685005685
1005001511463343
1005002324019958
1005002393892351
32970884714
1005002170845208
4001308430028
1005002376965179
4001231672953
1005002460472411
1005002201595740
1005002398680938
1399662615
1005002454367737
1005002324532666
1005002362615051
1005001753263435
33010705635
32905541455
4000161415307
32559031232
33060602051
4000186213889
1005001890389700
4000388626529
4001134653170
1005001329999686
32883152094
4000014146950
4000142903272
1005002368371478
4000710342938
1005002431531215
4001264221353
1005002077205487
33049795264
1005002259223985
32809882381
4000706620618
32911407771
32913540964
1005001525356027
4000128068992
1005002473973355
4001302095068
1005002006876253
4000848861334
4000595163826
32928188470
1005001695577299
1005002404144490
1005002246006135
4000933160569
1005002207675967
32766789535
1005002449809010
1005001280415439
4001267433622
1005002367331481
32264867512
1963119248
32831963874
1005002330164445
1005001904265341
32769420907
32794315474
1005002461820726
1005002293539925
1005002128369131
4000902474476
4001230449685
1005002050394409
10000084790422
32785688568
1005001850025704
1005001954408383
1005001838659156
4000203055964
1005002400821938
1005001683666302
1005001561111252
1005001356375570
32717318722
1005002070716099
4000544758486
1005002293915722
1005001628591446
4000894668257
32920180414
1005001656800802
1005002387961121
1005002465902996
1005001677491266
32673607320
1005001999370218
1005001747495325
32973020675
1005001796665489
1005002466237914
4001264326543
1005002339741122
1005001531713409
32854318395
4000491962346
32816785459
1005002208378618
33038409755
1005001482582656
4000473412279
4000262038251
1005002075085933
1005001445894523
1005001664335385
1005001852383456
32811887396
32810309054
4000858980699
10000395949120
4000614813298
32970969905
32988915559
1005002376965786
1005001556991949
33003541686
33004742580
1005002377870538
32919256409
1005001658298469
1005002277939089
1005002347276839
1005001829835922
4001231953402
1005002239474918
1005001398619959
1005002314258573
32855066109
1005001470138729
1005002328094512
1005002317597570
1005001883952357
4000430016177
1005001722643454
32911025133
32856743041
4001228532370
1005002318722003
4001119025583
1005002467239413
4000623802931
1005002347152651
1005001977464440
33004286254
4001233825530
1005002206860671
4000701185621
4000837691722
1005001617402793
4001138316899
4001085138745
32799680074
4001249728522
1005002273875308
1005001604981627
1005002167213547
32900471553
32811626764
1005002467418057
1005002397697936
33019399831
32919934681
1005002459997631
32787109102
1005002383088902
1005001670826004
32842431250
1005001381103775
4000403390697
32839199446
32628761029
1005001595752909
1005002277593237
32824489238
4001160048028
32567956656
32903893169
4000625883639
1005002232234072
1005001872143111
1005002167980161
1005001333885669
1005001994292842
1005001960233049
1005002399833156
4001356400829
1005002328737513
1005001906027287
1005002157524847
32951843202
902564818
4000628353237
1005001882428218
4000799106334
32591016128
1005001287808763
32773491133
1005002276218157
1005001813131678
33049021236
1005002316628217
4000162977306
1005002404375309
32733974064
1005002052227263
1005002359614237
1005002443470775
1005001992153701
1005002307533323
1005001878582730
1005001644838558
32751607795
1005001640595520
1005001851269076
1005002495632652
32865315619
32885689028
4000203785534
4000416197363
4000505323216
32906093310
32916167968
1005001868513506
1005001633279128
33055493309
32756226137
4001273225513
1005001694109078
1005001300161315
1005001863537143
4001118589188
1005002401354192
1005002374162690
32902787576
4000908229277
32924737714
4000763362789
1005002299127013
4001024915920
32994863566
32354731616
32821835138
32956968235
32913084343
32853801816
32794497251
33048399424
1005001355223262
32805026225
1005002450389410
1005002492316455
1005001618046089
1005001494589940
4001038595922
32841664355
4001013780434
4001233779133
1005002379015236
1005002264901534
1005002219577913
32920250329
4000214888957
32834535656
32880753930
4001335465721
1005001738256724
1005002270142882
32670346734
33045603193
1005001869780976
4001035334545
33002124312
4000583770216
4000902696359
1005002122441755
32826643635
1005001438603351
32971103632
1005002326941241
1005001340884759
4001270846551
4001022734106
32901827614
1005002336890369
4000990776469
1005001704120148
1005002167347385
1005001680578524
32843186055
1005002340076861
1005002096500027
1005002382176702
1005001900114573
1005002326610926
1005002261030760
32848382782
4001279086109
4000038222956
4001257194512
1005002378362853
1005002383158626
1005001702790460
1005001995607068
1005001406335815
32970558163
4000221871920
1005002316176185
1005001849536914
1005002336142989
1005002482926066
32944644391
32358972674
32898240896
1005002439441891
1005002291485653
4001283788988
4000281699131
1005001484748105
1005001459323342
1005002298930520
4001155318080
1005002342991719
1005002283965284
32880851224
32977323098
32972274336
32639470353
1005002378995497
1005001470956829
1005002311416286
1005002271044531
32951650347
1005002453911599
1005002340745802
1005002191825223
1005002326491398
1005001314471704
1005001857018877
1005002443089131
4000562483125
1005001867294690
1005002403871836
1005001361169541
1005001988516266
1005001793265395
4000630978977
1005001365455252
33002198436
33001168392
4001214347896
1005001966484623
1005001915692527
1005001863166166
4001236169787
32287231700
4000661030997
4001203913813
1005002295328471
1005002112309939
1005001652376453
1005001948322555
1005002375656261
1005002148295481
32848965958
1005001608278164
1005002051651593
4001152795870
4001290799525
32771495887
1005001397960208
1005002383552464
1005002242599192
1005001969089254
1005001783220441
33040266551
1005002443448672
1005002090810848
32850607820
4001038638735
32818006488
1005002112167059
33031596723
4001267638224
1005001679583417
4000120941664
4001244975465
1005002353630337
4001274922489
1005001311206738
4000209917280
4001016498758
1005001697760347
1005002238372553
1005001454614535
4001137543474
4000959805945
4001235235638
32692708198
1005001452421034
4000168756287
1005002176981668
1005002369511638
1005002136824754
1005002350862007
1005001934293362
1005001660336447
1005001998778390
4000878183171
4001222254155
4001283358093
4001214169914
32955197356
1005001304367919
4001118727872
4000258117924
32859258853
33040446104
1005002321385284
33008471098
1005002378008246
32881476292
4000226910919
1005002447198422
559029396
4000546016168
1005002400881457
4000492917003
4001088097281
1005002318896646
33017229882
32473426254
32948837391
32919486215
1005002405712448
33024374071
1005002389179547
1005001849224474
32985826237
4001273130903
1005002028969334
1005002066644102
1005002204347769
32720569421
1005002372334924
4000375125113
1005002245281296
1005002372980686
4001218868356
32744389016
32827941701
1005001997218492
1005002121432233
1005002327185835
4001095243191
32932951678
32764483420
1005002329564813
1005002377885022
1005001758064788
1005001285252072
4000052471833
1005002490562039
4001122649156
1005002338249357
1005002275226206
4000357730540
4000525366287
1005002340220609
32856338585
1005002142497566
32907228634
1005002441729056
4001264850617
32794108169
1005002180779866
4001223570024
4000642317516
1005002241862107
32869375618
4000261022945
1005002278683963
1005002282061083
1005002482463065
32656283452
1005002468504958
4001127330951
4001220229939
1005002319153213
4000352614279
33039551945
32987661146
4000506284049
1005002353321584
32900303115
1005002246864333
1005002318895192
1005001841333267
32350457258
4000223155171
1005001438419407
32836102302
4001287996673
32850337735
1005001867242754
1005002003201990
1005002114362555
1005002221494214
1005002005006292
4000955605427
1005002319095418
4001133043720
32966773895
1005001339858639
32839918254
4000595763975
1005002330462008
4000989023204
4000062127901
4000475319243
4000983525249
1005002266618343
1005001854202790
4000917459044
1005002381510386
1005001348868272
1005001293269137
1005002065576662
32845587501
4001243957208
33001219435
32659642716
1005001317757883
4001247188778
1005002319143417
1005001877295981
4000122417465
4000893681621
1005001464872551
1005002422917976
1005001399568060
32951822677
32965715307
33001720177
1005002345786641
4000300112303
4000003428831
32981703057
1005001971915100
4001240794472
1005002287276834
1005002256560968
33012462366
32675762757
1005002162086774
1005001782981383
1005002425451283
4001110498629
32994165946
1005001303457354
32861637158
1005002388792747
1000008271687
4000382541031
33022357931
1005002114649077
32815048261
32815473433
32302350769
4000127150420
1005002076431627
4001006121115
1005002170490954
2027679639
4000727034419
4001200325627
1005001635081981
1005002363281107
1005002123293751
4000311920889
32420619550
4000926792227
1005001379273222
1005002381147626
1005002292216963
32983298371
32859111812
4000286314835
4000537185059
32965105119
1005001608634144
1005001660037739
4000190847332
33014119705
4001214317030
1005002316100770
32919854369
32924950969
1005002222238682
1005002217937142
1005001890447723
32845625592
32811660981
1005002389704963
33016541825
1005001470658223
4000101459028
1005002023444743
1005001882692341
1005002254286447
1005002454808294
32991375398
1005001610224429
1005002258159685
1005002080950074
1005002326858794
1005002293312086
4000867395747
32893632511
1005001972803520
4000409315438
32682068460
1005001763762956
32909676720
1005002341433625
4000722360060
4000904277288
1005002423679017
32976128112
4000049829196
1005001525488399
1005002372953799
1005001824494672
4001107957675
32954874709
32954016832
1005001561874610
32904381030
32861055536
1005002462549887
32828713291
1005002242525900
1005001990528340
32943409944
1005001325446373
4001033623048
1005002094027522
32710183822
4000958662997
4001181343050
1005001897827457
4000843783236
1005002046175744
1005002440785401
32747958795
32961759217
4000970919187
4001140589310
1005002395193870
1005002365783440
4000332278482
32995408753
4000401690674
4000049221206
1005002166646575
1005002345417062
32620135905
4000141396151
32883699376
1005002115234456
1005002313545786
4000287670350
1005001575037832
4000126182623
1005001500281474
1005001515805738
4000021456811
32851852288
1005002453820844
4000184014841
4000255417905
33006531692
4001295766234
1005002454311773
1005002404106212
32907836812
4001261076267
32365838679
1005002276680489
1005001957543001
32617255514
1005001512931245
1005001340277848
1005001908830950
1005002196202954
1005002239874117
32904545694
4000366156955
32842464836
4000176833788
1005001528927856
4001225203433
4000348883019
32810321526
1005002261995946
4000813982084
32611956926
1005001732233682
4000167829516
1005001895481165
33057727889
1005002294027876
4001251844590
1005001504042586
33014326009
32859870739
1005001326640258
4000430522387
4001334339541
32840865907
1005001506152153
1005002248958253
4001332630346
32620673575
1005001704303136
4000152600310
1005002274429857
4000001623386
1005001619841661
1005002377943105
33000414698
1005001869476967
1005001709229798
32913890222
32909123626
1005002110731511
1005002480611263
4000292876228
33022205915
1005001708789427
1005002334914007
1005002086262506
4001214647834
1005002275736627
32854570866
4001286298595
1005002424509347
1005002107983681
32893131216
1005002042055280
32947903275
1005002482949412
32968583822
32920960568
33048962385
1005002326645467
1005001450805338
32841498448
1005002022671838
4000274925269
1005002139467937
4000822037893
1005002116688348
4000811050007
4001022305915
1005002409181955
4001345188361
4000986880957
32978135076
32939513350
4000979875368
32369120400
1005001759899928
1005001982700209
1005001500467350
1005001506671328
10000315964331
32817830464
1005002297877374
1005002343835749
4000328545641
32964882894
4000245146483
1005002256380655
1005001677991750
1005001271664507
4001226547859
32957830505
32904010230
4001350723893
4000580516888
33040995812
1005002256751004
32785450526
32526388483
1005002186076972
1005002271457651
1812559626
32466061635
1005001780163742
1005002388703869
32823818679
1005001487050680
1005001713232104
1005001441386132
1005001365473226
32304933643
1005002382712186
32802362627
1005002267570672
32529694454
1005002252221763
4000473300837
4000234011894
4000532669405
1005002120590930
1005002377833801
1005002287308981
1005002192673787
4001169889329
1005002447533881
1005001816945726
1005001567287801
1005002245319305
33043620692
33007112786
1005002450708883
32922010262
32913668156
32921136245
1005002473494809
1005002266034481
1005002314303442
4000448943388
32723708356
1005002314867603
4001043209038
4000695806467
32844745026
33004675661
32957507790
1005001985007567
4001187752897
4000617555648
4000144591363
1005002304074144
1005002235154682
1005001862833693
1005002163338027
1005002420453393
1005001906946048
1005001633525265
4001207023110
1005002240818087
1005002313680652
4000966644483
32705936563
1005002352979757
32970574976
1005001813255014
1005002204727859
30000001169081
4000631393717
1005001466122777
32784133909
1005001998850236
1005002449542792
4001004075326
32885003189
4001133119956
32976014604