32853224697
1005002360137593
32844499720
32790858670
1005002334790693
32804732914
1005002281989278
1005002271729730
1005002334170213
4000003088837
1005001353631808
32969577427
1005002474142289
4000776689650
1005001789116950
1005002448216992
1005002295606814
32846924988
33027541079
1005002310032064
1005001556755188
4000341742365
32971838576
4000275936935
32775068843
1005001817775854
1005002435768548
1005002341049428
1005002459209795
1005001333268313
32700164850
4001251422284
1005002384776611
32960175350
1005001399870382
1005002467673215
33049943445
1005002292666383
4001204356288
1005001971045739
32618528381
32707120882
32911972859
33039292524
1005001480011926
1005002199667519
1941164135
32973036611
1005002042106505
1005002433128635
1005001812901854
1005001565782455
1005001947564457
1005001552863900
32961455153
1005002314787899
4000088061301
4000474921545
1005002205434479
32845981522
1005001927593585
1005001566166685
1005002197034948
1005002166652507
32891431029
1005002288332550
1005002459010677
1772722672
32959526127
32667464932
32904424628
4001035247174
4001294035654
1005002305866486
1005002273504118
1005002279342100
1005001984682043
33058506792
4000473179336
32728373841
4001035228449
4000782049418
4000657055287
32993761067
32823060134
4001210898555
1005002055959405
4000931632729
1005002389352020
4000151931095
1005002394129613
1005002436117428
32879586221
4000111957409
1005002275003593
1005001466689216
4000971512199
4001333677208
32972466675
1005001913624416
4000750958129
1005002426838784
1005001387381025
32932716192
1996894901
1005002317024272
4000703336529
32842970461
1005001810719997
1005002454219799
33046713741
33027471605
32850771043
1005002035250610
1005002316877554
4000489445109
1005001452342104
4000479828977
1005002395611585
1005002314662912
1005002456935738
4000020489940
1005002383143941
1005002239924403
32556193497
1005002122537047
1005002346256156
1005001456610315
4000699853669
4001130759517
32865811667
1005002017385323
1005001721339724
32889049196
4000160870628
1005002293548064
32963916911
32886202050
1005002180987994
33028928768
1005002281869459
32856275196
1005002180559054
4000156363993
1005002362031545
4000844861828
32952300169
1005002350767415
32796470165
4000094029228
32761541623
32478726441
32478454486
1005001846462788
33048855698
1005002393820530
1005002329279950
32872848396
4001244798444
32728905455
32867577484
4001163656822
32884552515
1005002364954152
32884629176
1005002305912883
1005001680160684
4000588520563
1005001868919600
4001078827883
1005002308020119
1005002296706434
1005001756137905
1005002311332376
1005002205243339
1005001556120944
32940831213
32735915421
33040518496
32243307493
4001033118196
32962176098
1000007398086
32999621310
32758202009
4000849839460
4000281854083
1005002225289664
1005002311321396
33064251354
1005001557632002
4000830223597
1005002289609258
32792494993
4000533445691
4000814669326
1005002395142550
1005002289757099
32898640842
32789789599
1005001522144221
1005002338584502
4001155261925
1005001367680700
1005002023872381
4001230434087
32734455540
1005002318631053
32888377596
4001039225874
32951985400
4001030113362
32991191309
1005001882351602
1005002332844621
1005001809657168
33055189699
1005001845306711
1005001270192919
32841140061
1005002314338554
1005002271122936
1005001284587550
1005002318804521
1005002353318514
4000798116471
1938090674
1005002311143528
1005002120307092
32741540519
4000015402062
32975909997
1005001515612006
1005002309959021
4000340168404
1005001451397826
1005002454003413
1005001711209650
4000737055156
4001117914649
33054527515
1005002488871977
1005002292925631
32953784300
1005001525373575
1005001496154790
4000186448796
4000204063237
1005002130936484
1005002134401223
1005001426664928
4001041985818
1005001856091319
32898084445
4000960601458
1005001611660813
1005002104894168
1005002336781801
4000277631807
1005002213679923
32805155182
4001305340594
495693406
1005001656900539
1005002312392690
32493391502
1005002443139178
4001207629662
1005001560576254
1005002175186297
1005002420609733
1005002129272274
1005002278820352
32962174134
4001112573320
32817242482
1005002321741088
1005002357579001
1005001571847244
32956087577
32791930809
32970086021
1544513183
1005002252434733
32274371212
1005001543061621
32895976896
32857320048
4001048865633
1000001245309
1005001700918980
4000019779875
1005001857059228
1005001698327824
4001018779500
1005002307886468
1005002224812566
32906783986
1005001423991547
4001268618032
33054040995
4001018800819
32827754556
32886185561
1005002093724885
1005002246890573
1005002129288645
4001275185292
1005001857087863
1005002286798122
4000786092200
1005002367595959
1005001528565893
32902883986
1005002307073958
32894415902
1005001614919793
1005001968974314
1005002391888823
1005002329043330
1005001276824607
33035833708
4001217442902
1005001406795838
1005001868397958
1005002333809134
10000061984324
1005001680385480
4001297194531
4000917824622
1005002440521259
1005002074015029
1005001405692788
4001280065409
32820864165
1005002324664920
1005002361557130
1005001394746011
32809885042
32973527408
4000475276785
4000159312122
4000286934712
4000133362854
32953610074
32887291327
1005002486020412
1005002233860520
32892773423
1005002330334895
1005001808529459
32990342936
1005002311806816
4000437865446
32815452699
1005001863928514
4000239253333
4000342030978
1005002169079888
1005002340127959
1005002127080280
4000907008223
1005002094296226
902607685
1005002351284051
32775513185
4001074825201
1005002262722339
1005002381809774
902565120
4000423151399
1005001365670887
1005002233546258
1005001407100818
4000326601445
1005002248807142
1005002406855809
1005001458378977
1005001586840787
32683566494
4001244167106
1005002474509464
1005002318599804
1005002247872120
1005002207830481
32907209517
32993140838
32817140542
1005002264553458
1005001561796268
32934283497
1005001284475419
4000222436477
1005001579240374
32302564250
4001145770114
1005002234688348
1005002452980510
1005002080720143
1005002453368229
1005002268152156
1005002342523873
1005002381783290
1005002393469062
1005002421353203
33024878891
32897380369
1005002240738723
1005002399727574
1005002384575301
1005002443709300
1005002119582577
33031329196
1005002258699632
4001220150366
1000001712180
1005002311007092
4000844934809
1005002295203959
1005002133308686
1005001632254017
4001265620492
4000471988810
1005001805911956
1005001842838601
1005001615566605
4000985175040
1005001705792279
33051056816
1005001873200829
1005002203544801
1005001590650689
1005001902171811
1005002480980584
4000288225041
4001145981693
32517667764
1005002457533522
1005002278492091
1005002296945545
32800606860
32899622276
1005001466656721
32889184331
4000434416228
4000960625102
1005002356987543
1005002388903703
1005002379668469
33052957889
33031851621
32889910225
1005001732915569
1005002272034125
1005001763601731
32989675389
1005002168920184
4001041130053
32977449083
4000945267416
4000089516887
1005002326348838
4001109620276
1005002399548984
32927442975
4000781522272
1005002282983973
4000834975900
4000480093514
1005001551626445
4000909500872
1005002469184818
1005002211168714
32903689424
1005001701264350
4000959745205
1005002495498460
32981020247
4001166764890
32617167853
4000273958430
1005001660237137
4000315692057
1005002289680290
32910735975
1005001563266612
32325904154
32868728450
4001120254436
32374883956
1005002281400004
32867841458
32723304205
4001127580011
1005002426019685
4001059959885
1005002215097162
32948822850
1005002442685636
1005002235190606
4001018352785
1005001839006316
1005002485624064
32956990140
1005002313151922
1005002364537042
1005002449691809
4000759354828
1005002413416135
4000100318726
1005002090853073
1005001803777816
32884617552
33037509816
4000364359873
1005002341913547
4001238190582
1005001874240388
4001015850298
1005002313881096
1005002247020583
1005002300631742
1005001337490910
32835717773
4001261499917
1005001830225526
33052325034
1005002273155393
1005001365356732
32863357379
4001361232423
1005002225347101
32725229222
33021921097
32847906132
4001027507680
1005001531582137
1005002054252792
1005002289019372
1005001327097264
33046190029
1005002412244381
33034847987
4000836468009
1005002491035078
32923298118
1005002328288750
1005001500063039
32339516562
4001187201188
32856330706
1005001506340911
1005002265796687
1005001408208040
4001251439273
1005002313569821
1005002129879535
4000241230475
1005002323334494
1005001576356157
4000815075298
1005002179568514
4000096963986
1005002352040685
1005002288341972
32757698283
32816442057
1005002170687789
4001290847318
1005002283612542
32953689152
1005001338202873
1005002333797091
1005001321732794
4000945543164
1005001645459901
1005002291460916
1005001867231748
1005002351082765
1005002355860379
1005001844171798
1005002336676130
1005001859498501
1005002328523682
1005002293479276
32864735217
1005002341971350
32922591635
1005001824564682
1005002239057181
32585279746
32840829863
32857911787
1005002398354568
4001111664455
4000129513443
1005001782539461
1005001816685482
4000881791113
1005001484576561
4000456044864
1005002298132197
4000961763627
1005002409242904
33061211015
32952829571
1005002272021011
32885224918
4000288603702
1005001599995673
1005001371015461
1005002177994204
1005002368950493
32954609048
4001040743088
4000460112568
1005002413515180
33054385085
32967253431
1005002352779609
1005001451409162
32920943650
4000179257184
1005002332110574
4001291300000
4000433859523
4001075583136
1005001761853111
4001279996444
4000230226551
1005001387703241
33034785494
33005842334
1005001814161185
1005002288069982
1005002292886809
1005002438945756
1005002303991964
4000311884993
32788912219
1005002283251804
32871875213
4000850152267
1005001726762530
32856330895
4000942824079
1005001834968254
1005001321679504
32979161700
4000316741386
32993082921
4000084592884
1005001987303976
32879662465
1005001958840034
1005001954957222
1005002434661921
32845484900
32932978233
4000392026977
4000672678793
1005001893555774
32896785803
1005002140994012
32697631442
1005002399261772
1005002167449144
1005001975799910
1005002339838747
32705081810
1005002449386144
1005001649658191
1005002142551948
1005002291895586
32857645458
1005002310924489
4001346480498
4001218864699
32967302841
1005002334584360
32834469849
1005001882688680
1005001759537579
32982707119
32759483209
1005002320925790
1005001798570563
33060049079
4000244172499
1005002482665718
1005002026764488
1005002186134076
32873108806
32983660429
32864660711
33043743112
32879978658
1005001350630672
4000030804678
33015882096
32924270111
1005002395035232
1005002284357611
1005001672823934
1005002054651795
1005002416029364
4000378857084
1005002347082271
4000229840746
4000111476177
4001294070779
33042783665
1005002298672253
4000961505311
4000093540290
1005002433495598
1005001682745201
1005002310496521
4000134611808
1005002316307290
4001031100529
1005001592898450
32998818404
33002264529
4001268498810
1005001742628867
32838159846
1005001955961736
1005001832513313
4000282366373
32526464338
1005002494900295
1005001863451885
1005002217948231
1005002344994195
32907984217
1005001580566036
1005002352911637
1005001339079074
32868105983
32841339963
4000074023706
1005001300603907
1005002402007818
1005002034559448
32963229276
32957567851
32371638578
4000017804991
4000717608368
1005002489884213
4001052556015
1005001570271597
1005001588138722
32831652521
1005002398242473
1005001731121616
1005002140287105
1005002281525411
4000989968735
4000954302152
1005001810763678
1005002347242082
1005002319171845
1005001666248101
32908701989
1005002341680428
1005002287674786
1005002302843481
1005001933795094
1000006211459
32496647350
1005001271670202
1005002347151652
1005002323174731
1005002277686024
1005001839109231
1005002351015133
32949508547
1005002470866201
1005002032676013
1005002213556631
32997817457
1005002175127688
32800615282
1005002294546350
4000689837575
1005002450561390
1005002283178853
1005001304374055
1005001556055176
1005001301755827
1005002242206252
32993047475
1005002435684770
1005002487812231
32906014110
32949395070
1005002167903016
1005002293250422
1005002260094683
1005002368689817
830294579
1005001585613979
1005001884222715
33006871507
1005002261203065
1005001671898756
1005002167877412
1005001808346429
1005002032280143
1005002060500946
1005001488687763
1005002264978631
1005001520923979
1005002386579416
1005001877919722
1005001660114497
1005002478829624
32954637973
32764066675
32886355906
32331837624
4000313685498
32791180573
1005001605260549
4001321643511
4001099235134
1005002467485993
1005001289840247
1005002139589316
1005001931095266
1005002394932437
32808849385
1005001977702058
1005001290039374
1005002323390285
4000277335134
1005002283390259
32981808384
4000239844345
1005001589299166
32819686655
1005002383299216
4001032207705
32809940257
32831730406
32443758754
1005002097289996
1005002344904681
32826695281
1005002260674913
4000804242501
32888790921
4001332706270
1005001543985252
32989984966
1005001364808125
1005002289756830
32725593871
1005001314310080
1005002337352423
33035455845
1005001484782630
1005002360076107
4001147434062
4001264479693
1005002317444825
1005002281361868
1005002337295634
1005002052431002
4001296856227
4001220192221
1005002311125697
1005001298923551
1005002261992583
1005001990355514
1005002288526114
32996972995
32801602856
1005002346739294
1005001627441053
32857287721
4000505417590
1005002448106572
1005001414109899
1005002480793113
32890355197
4000104255801
4001279199829
1005002272029229
33050186565
4000682713892
1005002392383121
4001253749381
1005002340033942
1005001615431407
1005002340691767
1005002253748588
32995093081
4001134615107
32523390119
4001017431762
1005002388380067
4000386463988
4000688459906
32956026441
1005002364312400
4000754906617
1005002484446275
32888891378
1005001632568345
4000052071074
1005002335391168
32838958510
1005002050473746
1005001520237486
32970202897
32852559875
4000019703355
1005002128252146
33001757165
1005001971403085
4000031580441
33051991315
1005002204434735
1005001993665407
1005002025670584
32900854546
4000707448953
4000032840699
32816899287
1005002027439998
4000558588179
32955303308
1005002206569311
1005001648071966
1005002369530200
4000786364714
32837804262
1005002319079484
4001235778107
1005002382040244
1005002413448208
32890981613
33026359893
1005001285137939
1005002002028414
32803271931
32979113026
1005001525371689
4000838440472
33048002668
10000128301191
1005001942166258
32889076201
32901299583
1005001645142305
32899642571
33006755504
33011956787
1005002318895534
32919184212
32734793225
32983807275
4001230518444
32808788375
1005002359330586
1005002297508127
4001094588217
32824802665
1005001407479493
1005002371985244
1005001698565976
33024475619
33057813067
32960475235
32764449216
1005002310040666
1005002314332942
1005002247599491
32848296974
1005001736488906
1005002254953399
1005002292795148
1005002481459439
4001142995039
1005002340396008
32826899442
32243742825
4001294581245
1005002367535510
10000411935319
1005001659471786
32967582332
1005002260127014
4000807979944
33043598559
32999985423
1005001640816079