4001136019291
1005001958626960
1005002490332919
10000026657500
1005002014551150
1005001878098890
1005002292086061
4000907438795
32728028302
4000696885689
4000475363066
32888983649
1005002315321113
1005002210265016
1005001723240885
4000709598029
4000945258103
691032741
32963818587
4000533365565
1005002288284325
32860367663
32817219624
1005001658746105
1005002350682306
32739629826
1005002330278407
1005001798602178
1005002065876816
32784928485
1005002309336746
1005001446435610
1005002279016683
4000345414911
1005001525884639
1005002363869169
1005002315860818
4000630536815
1005002165882308
33006982786
32667472014
32965246905
32839810689
32625532441
32813396480
1005001371332344
32824111085
32628465345
1005002314926347
1005002034366393
1005002350662319
1005002459398260
4000569311737
33029371571
1005002433432206
32696050126
4001114291558
32859863516
33054697407
4001135719822
4000860103344
1005002368633113
1005002345580099
32982601434
1005002369705196
1005002395436956
1005001587604990
1005002167899449
32858546306
32917685125
4001144853355
32372973053
1005001771874479
4001202199158
1005002296324391
1005002322200046
4000182116450
1005001405035808
1005002214208531
4000389732206
1005002390493971
1005002131199582
4000767503296
4001244501160
33004768540
1005002304681305
1005002061658033
1005001813463485
1005002325323915
1005001515927258
4000845286294
32792835139
4000848870361
1005001443430072
1005001515892509
32821368512
1005002137040985
4000889472662
1005001918578007
1005001670969837
1005001553752740
1005002289521606
1005002372725581
4001153279595
4000748407282
32869712742
33024736679
32970998517
32991919250
4001219558452
32960301669
4001106402969
1005002329842896
1005001882295778
33009442950
4000583030592
1005002384219409
4001008998977
4001099094478
1005002428315349
32241139801
1005001864361688
1005002350636997
1005001285229622
4001102334691
1005002337247959
4000842627691
4000929510561
1005001899615068
1005002394047904
32920355072
4001056843823
1005002261163253
4000336917235
4001178365881
1005002382561957
4000848503830
10000029386800
1005002030409732
33021887470
32815881583
32892531899
32837688418
1005001829765548
32981958469
4001284485094
1005001802994785
1005002301765611
1005001432548104
1005002074493594
1005002371628257
1005001364100281
32416796033
1005002449847117
4000045743803
1005002499535405
1005002429081901
32639576395
32566528438
1005002011022743
1005001431874509
1005002261267965
1005002299622962
32922155133
4000538225001
1005002450180913
33005520098
1005002412216621
4000977332138
1005002334116726
1005002351298890
1005002172819585
4001174369570
1005002443128820
32992676519
4001195139211
1005002313965198
32977271609
1005002434145893
1005002351153806
32971786404
4001270434693
1005002333657267
32965117895
4001120987442
1005001722089663
4001156553479
32847643776
1661883012
4001297197769
32794093033
1005001903088933
4000426557189
1005001393164396
1005002244392869
32755834601
1005002384560682
32848329828
32654350231
1005002260088152
32825930875
1005002074595361
1005001596425357
4000190383631
4000166383505
1005001617850467
1005001929573324
10000423736537
4000067552259
1005002383041438
32660994431
33025210238
32794363774
1005002199332272
1005002071529697
32973252654
1005002108437413
4000903840748
4000376067324
4000784825509
32988935237
1005002181434453
1005002353693411
1005002375659127
32949045732
1005002401323349
1005002198175421
1005001686900588
1005001515881511
4000028511537
4001240699482
4001270484573
4000763799639
4001283721213
1005001694506007
1005002352985138
33029680600
1005002308917223
10000395852358
1005001392906890
33014216212
1005002002693078
1005002399859949
1005001666855537
32813404180
32871118303
1005002341123449
1005001889451259
32850431664
32981850413
1005001531875373
1005002373338047
4000810477837
4001170155389
1005001789771052
4000138063892
1005002117260534
4001138941302
1005002332464463
1005002388766796
32954282324
1005002314791483
1005002283039384
1005002417835563
1005001485147601
1005002230244594
33034666453
1005002465928039
1869175195
1005001829611648
1005002016602449
32917101278
4001345116392
1005001779968166
4001028961195
1000007740938
1005002408883248
1005002263380507
4000703669289
1005002315646070
1005002393748485
4000043402300
4000264852949
1005002319419311
4000124767148
1005002295476051
32914110320
32949772784
4000789255204
1005002291717421
4001157315559
32965397830
1005002292018394
32826062024
32766471580
4001062605112
1005001503195877
1005002473050102
1005002345178389
4001306461235
1005002262380143
1005001486797782
4000662899563
32912678216
1005001921275145
1005001698027832
32981155873
4001034176195
32817358287
4000789281263
4001120166243
32728944273
1005002115777759
32538677342
1005002316821328
1005001726150571
4000415263794
1005002285688231
32951429314
4000545717695
1005001991123024
33047019794
32791410055
4001260738161
4000507284518
1005001630519268
4000811947740
1005001463849860
1005001915304353
32890408845
1005001329800603
1988124734
1005001631563089
1005002436033963
4000097062087
4001116106995
1005002357001310
1005002201414398
1005001763756544
1005001585931658
32658895315
1005002367612020
4000994164271
1005001322873692
32958728087
1005001835331952
4001224153764
1005002425541201
32887534069
1005001311724768
1005002282491664
1005001834214580
1005001639809354
1005001408725211
1005002167126343
33011555686
1005001749240121
1005002381163923
1005002314467380
4000191482353
4000406205541
4001234384459
32743153563
4001134669991
1005002414563091
32812199327
4000833843865
33007982481
4000972703758
1005002453043074
1005001400820539
1005001797977089
1005002258031768
10000122343615
1005001736410267
1005002272249902
1005001863034713
1005001800313243
33020153497
32892587044
1005002366666159
4001116713089
33040713782
32676305528
32823529742
1005002065778975
4001114829551
4001103342467
1005002190229428
32827449707
32961691285
1005002408619309
1005002273482829
1005002470793539
1005002072363834
1005002246251661
1005002291116616
1005001567281107
1005002054972764
4000846474514
1005001469147604
1005002428113132
10000402344556
4001028692973
1005002314212918
32918773926
4000096281290
1005002313883419
1005001954662808
1005001890101825
1005001460272796
1005002228479928
32739645764
32858325767
4001126541361
1005001551035618
1005001632538381
1005001820246512
1005001470337876
1005001874135440
32799424991
4001240426945
1005001373428831
1005002439036959
4000990930621
4000835957677
4000750697712
4000114336814
1005002346249319
1005001297584956
4000773628948
32728122625
32888658788
1005002458424943
4000956262062
1005002362805592
4000755205272
1005002059206634
1005002337027510
1005002418872709
4001219982889
1005002350752000
1005002328305838
4001042548629
1005002267925579
1005002347363451
1005001656916329
4000306114650
33025094810
1005002357318719
10000423747345
33039287341
4001271328282
1005001961911271
32748559168
1005002167168941
1005001429059021
1005001420012511
1005001933379519
1005002446630100
1005001666453897
33024966175
1005002417467671
1005001441514119
1005001914959509
32600131421
1005002014612992
32818441334
4000300026413
4000960552882
32855012326
1005001367549305
32981251789
1005001507454349
1005002179144989
4000561946562
32850126142
4000288812343
1005001757438322
1005001364095820
1005002312276750
4001211195888
1005002379049819
1005002196578037
33007106696
1005002314327582
1005002220464473
1005002464809676
1005002288893986
1005001489046771
4000715156550
1005002213439111
4001093518462
1005002352145229
32951837672
10000399957970
1005001715556978
33013937144
1005001568990969
33022200877
1005001836471726
32706843029
1005002295414295
4000177831152
1005002280670709
4000072873585
1005001833177950
4000398191637
4001108454857
1005002429429218
32888799998
32528164079
33029748211
1005002361480579
1005002334122082
33028120180
4000174153645
1005001465450230
1005001657265059
4000102351488
1005002498688216
32953908058
4000154237697
32829816354
4001264466099
32727839364
1005002179927314
1005002443842895
1005001770813922
1005001877460833
32846332638
32807014636
4001283106009
1645552414
1005001899041799
1005002413443695
1005001334433596
32597304241
1005002345475921
1005002450498081
1005002481604486
4000955089371
1005001845943456
4000500466439
1005002064010352
1005002081781330
1005002266053306
1005001714593156
1005002376954921
32668338047
1005002343476168
1005001764331318
1005001309725391
32840078740
1005002265713976
4001192526982
4000858936122
32968386017
1005002454282892
4001280333420
1005002293839070
1005002490870604
32960720961
32945488142
1005002449863047
1005002395078152
32853845874
32797640066
1005001418216276
32723652670
4001221675435
1005002287546590
1005002239406900
1005002465662706
1005001487467423
1005001617070425
4000691583529
4000033916318
1005002344783766
1005002431452210
1005002267553254
1005002191739863
1005002245152787
1005001741925711
1005002315726598
1005002196261966
4000873905980
1000007921851
32450303578
1005002307685518
1005002107279633
1005002342419718
1005001707940760
1005001297096022
4000459903198
1005001636516857
32864195140
32827492278
1005002225846352
32887046845
1005001720746313
32959851643
32843254788
4001221463213
1005002346347576
1005002319308142
4000145057372
1005002124565717
1005002276633623
1005002368233477
4001206324114
32916143377
1005002014836259
1005002293480510
4000688797652
32754779797
32947998704
1005001514001467
1005002310956413
4000209826867
4000684520295
4000857156874
1005001714094123
1005001814270622
4000693266500
1005001310150668
4000223477551
4001142751244
4000475197460
4000067220758
32798045138
4001178789128
1005002005926237
1005001560600480
1005001656790903
1005001642814500
1005002150338332
32890293214
32972412139
1005002302204795
32957967014
4001029053578
1005002476762511
4000714492273
33023461937
1005001929627692
4000171350442
4000257635319
1005002333005719
4000175065941
1005002079783646
32885097536
4000071736858
1005001883456049
1005002320938272
32890452643
1005002129438114
32952750922
1005001981810989
32860232612
4001272472904
32949460121
1005001329535942
4000943283373
1005001870295578
1005001615393203
1005001407547254
1005001640040778
1005002493916571
1005002320805702
1005001339680622
32839848224
1005001447108396
4000039941461
1005002497367438
4000588203624
4000715539877
1005001807835632
4000288234300
4000624099075
1005002185884057
1005002412856885
32885968795
4001029464523
1005001853967579
32864528444
1005001379812050
10000032778136
1005001511979475
4000173214074
32890880830
4000097234839
1005002359621888
1005001464725538
1005002342057791
1005002393862142
1005002370116900
1005001708905864
1005002170865933
32824042240
33058382023
1005002462070382
1005002219410891
1005002319179081
32962905776
1005002473146053
1005002433655382
32886030739
1005002431670989
1005002454306817
1005002418056851
32472594853
32868689108
1005001913151538
4000009364532
1005001669837968
1005001665011707
1005002130183313
1005001909162625
1005001457991241
4000168862272
1005002433604329
1005002004014877
1005001612871979
1005002323228454
32985908999
32844096593
1005002305418825
1005002482110304
1005001835471334
1005002323146501
1005002390884330
4001259584669
1005002314549389
4000039245946
1005001560111313
32795521628
1005001273217358
32803454922
1005001999470075
1005001594534879
1005002477503069
1005002476984860
1005002191785128
4000393624938
1005001736087855
32797140768
1005002288208985
4000262818784
32826186619
4000257269678
1005002499860515
1005002243657995
4001231329467
1005001864305865
4000025050712
1005002315404135
1005002205278864
1005002400066986
32953486341
1005002326747449
1005002330707108
32908100594
1005001595922579
1005001833643949
1005001910632109
32971869898
4001138515932
4000784785023
32474007919
33057377340
4001054578137
1005002345093715
1005002272340059
4001175164608
1005001798674321
1005002489860109
4000925954139
33005051975
33011108564
1005001669509732
32888546578
2026269779
32889469765
4000269896425
1005002260827364
1005002038647915
32670362828
4000725215868
33014937155
32853632144
1005002346991833
32849910356
32831773816
32790995202
32968885458
1005001338676757
1005002467687389
32808391696
1005001304798833
1005002007611212
1005001873884436
32918877697
4000582367513
32892858465
1005002365581109
4000843450107
1005002379226427
1005002370463819
1005001835308221
1005001784754723
1005002245914969
1005002034891322
1005002478382488
4001359829914
1005001487748096
32867533959
1005002245031457
4000734376482
1005001869936103
1005001640762730
32897111345
1005002292111187
4001034424042
1005002336953602
893912088
1005002439058813
33027619584
1005002208192258
1005001757483390
4000416101908
1005001324411983
33009283046
1005002297858989
32887506824
1005002452679277
4000189544342
1005002244912098
1005002418026494
1005002277699708
32861839435
1005002420841644
32898496648
1005001803531061
1005001404889503
1005002340235817
1005002185176770
1005002461614899
32619539019
1005002205559036
4001230288869
1005001731134712
1005002297115732
1005002442836807
1005002331756981
1005001713854798
33005971097
1005001453305170
33001744658
4001125582724
32354361134
4000823090163
1005002237454140
32321622485
32756575565
32820244288
1005002444557108
4000086899856
4000602635529
1005002281825748
1005002489397303
1005002250166644
32251340059
1005002214717350
1005002443614301
32993281940
1005002129352168
1005002313254993
4000068553590
4001174548639
32812649240
4000199994945
1005002271166588
1005002246290979
32991243465
1005001582445811
33001592208
1005002016827859
1005001355104586
4001228564633
32996901575
4001264506194
1005002400161736
32907670570
1005001656740857
1005002460156380
1005002148474954
1005002377521695
1005002398526526
1005002075225385
1005002316220951
1005002086895737
1005002232783596
1005001288068168
1744551247
1005001623938403
1005001392321366
1005002313611210
1005001607101945
32947850143
1005002100314448
1005002388330783
4000494001466
1005001843453291
1005002477274668
10000399956482
32701499172
4000918454289
1005001565505320
1005001482582005
1005001860393163
1005002225474209
1005002022045320
1005001870825398
1005002456873935
32230445047
32577117990
32720585128
1005001888953926
32973360493
32969502380
32951609827
32935091846
1005002467284147
32976970932
33015654049
1005002277602565
1005002384027622
32424145951
1005002396159428
4000104965442
1005002120987549
1005001317365890
4000266589317
32921970235
1005002467022214
4000137140658
32961699223
32892391785
4001151813386
1005002052465705
4000939061387
1005001997032403
1005002343260017
1005002012099002
32905378323
1005002483595745
1005002118983079
4000909852674
1005001779915350
32915599419
1005002419296587
1005001593156506
1005002465442374
4001317148170
1005002314408667
1005002115449658
1005002217460282
32971148434
32851795771
33032430967
4000888966516
32976080724
1005001599171928
1005001961563662
1005002054437848
4000002452603
1005002311250019
32828114197
4001226122892
1005002314323179
32834372695
4001139573254
1005001483356047
1005002454402295
1005001550726949
4000333923669
32534227053
1005002339861615
1005001507176346
32953077411
1005001615646083
4001188631234
1005001645192741
4000125927554
1005002292482355
4001065615865
4000909158118
1005002401496751
1005002000387554