33008951698
4000955909546
4000990864627
32798581639
4000903241225
1005001722255959
1005001840542794
32884389559
1005001387089506
1005002084692262
1005002165976277
4000834028924
4001021266612
33000293918
1005001359650408
1005002309129318
32987461619
1005001525241272
33000879761
1005002325839786
1005001457788014
33023548626
1005002073668023
33006235163
32709675880
4001140530470
1005001494784951
1005001343015263
1005001874358916
4001268001763
33012423094
32566313835
4000412277005
1005001441325711
1005002306075016
4000854032915
1005001941796224
32878669547
32827220636
1005001483851352
4000544750700
1005001292751801
4000538189736
32895909090
1005001611493099
1005002481942610
32855112681
4001272362422
4000044934411
32965246726
4001151480630
1005002287559200
1005002100975933
1005002108632337
1005002023848760
1005002427875002
1005002388251048
1005001507594112
1005001435560401
4001310245224
33033584670
32949814233
1005002440650110
4000106949352
1005002404609451
32960609274
4000525330719
4000934088632
4000276096530
1005002034476662
4000722846155
1005001338458823
1005002321111255
32997751829
32856606993
1005002354091888
1005002006324410
4000983464738
1005001998590709
1005002356348992
1005001993547129
4000625901785
1005001334873321
4000498666181
1005001737134445
1005002425801873
1005001678920075
4001005994119
1005002110075731
32866983230
32845753074
1588091599
32978089970
1005002378909489
1005002286864637
32914642136
1005001797777739
4001057868182
1005001926864698
1005002495335937
1005002291693355
1005001465299020
1005001693609745
1005001849899420
32819940506
32870844744
1005002070185552
1005002280461626
4000118517253
1005001763508231
32788641350
1005001732489667
4000267628377
4000817896609
1005002341094978
32917385348
33022319065
32702184672
4000674738199
1005001901843658
1005001948542199
4001151898426
1005002246570274
4000863955272
32906390022
1005001616258562
4001192960316
32873140048
1005002286003236
4000382509227
32841820285
32887580980
1005002417298925
1005001862742630
33040389928
4000148234270
4001271956528
4000415093883
4000752966525
33018893308
1005002314418487
4000059966156
1005002302337734
1005001846463594
4001118564613
4000068803124
1005002339115821
1005002375504602
4001219554464
4000906162469
32990854763
4001120673451
1005001416031445
1005001997617204
1005002281726956
32894336639
1005002373601246
32963080924
33000480127
32818684186
4000847756831
1005001519949309
1005002264117814
32673368818
4001175587980
1005001349661323
1005001895622291
1005002368337516
33000147845
32675522938
4001278806849
1005002255199830
33032160538
1005001681674305
32714812352
1005002248549992
33005908235
1005002323306457
1005002416572935
4000499167401
32311661796
4000706057058
1005002364132282
1005002499222819
32995354729
4001312718797
4000677221307
4001006286018
4001309023481
33054812937
32966440510
1005002288317992
4001137684021
1005001841234730
33041786968
1005001467084081
32728561015
32926115302
33017433506
32828973019
32988866182
1937147975
4001322418592
1005002387907091
32673612252
4001150984031
1005002365106761
1005001726069497
4000888644932
1005002351858395
32794913361
4000774161670
1005001957162626
32996413082
1005001388828472
32949792329
1005001848564864
4001205091837
1005002258438034
1005001627095232
33018957481
32996542210
1005001518417402
1005002194121019
1005001765019263
4000454653827
1005002314445186
4000202701893
32886683364
1005002024283654
32730262485
4001038742584
32841477831
1681523227
32790003181
1005002305801237
1005001708799645
4001284683667
1005002289949622
688120651
32658454001
1005001391078274
4000061971180
1005001677689451
1005002367358311
4001048843648
4001042582248
4001069459781
32737882127
1005002284071580
4001216261810
4001235985590
1005001972101915
1005002314458194
1005001634498085
32860678020
32921201395
1005001724039480
1005002322926339
1005001270080875
32468068779
32849755659
4000073700173
32793396007
32989171097
33057775212
1005002022852802
1005001525345843
1005002340139687
4000711888678
32845526164
1005002493963351
4001200197947
32835488354
32867357811
1005002337298790
1005002441463621
32226948369
33037741830
1005001748853454
1005002305341054
32979833460
4001159628313
1005002318732156
1005002022584788
4001281404442
1005002002754948
1005002363564886
1005001506561937
1005002027113513
1005001769846440
4001162191463
4001308030427
33011190875
4000419313500
32856385042
4001186179341
1005001642712912
1005001419047584
1005002395039491
1005001464758577
1005001947105220
1005001557243181
1005001887704313
4001281120857
32981582760
4001116177467
1005002224446571
32862486197
1005002224837548
4000232072152
4000624704827
4000381438207
32946544176
33029263627
1005001509728371
4000996561914
32977827497
1005002226187322
1005002342616228
1005001602739505
1005001652768478
1005002494759546
1005002482959599
1005001930881577
1005002454349285
1005001670781618
4001355672753
4000626962914
1005002213260776
4000015724948
33012992570
1005001975157684
4001186511707
1005001588302612
32818768075
1005002375227009
1005002310041380
1005002265209773
32987208189
4000522877654
1005001817366336
4000322544816
1005002489657177
1005002336589990
4000960641287
4001008022538
4000519328246
1005002270670454
4001103072371
32819528844
32436239697
1005001526181092
1005001286267243
1005002204733686
4000582953949
4001127787805
1005002271662958
1005002140304558
1005002263339899
4001313119393
4001194232326
4000406294319
4001291729017
32963970331
33031847750
4000999355808
1005002350787796
1005002329044371
1005002235840373
32780006513
32800461147
1005002058601916
1005002061204839
1005002348279025
1005002078764604
32931563617
1005001560469995
4000009184062
1005001742682364
4001156747331
32390647638
1005001632988568
1005001404920442
4001137821152
33029525923
4001213223280
32933334826
32878688915
32843635085
4000667948307
1005002305336199
1005001857365105
4000448931376
1005002401058975
32903759286
32516843922
1005002342873034
32275621436
4000538014418
1005001471260908
1005002483013351
1005002205866598
1005002335017716
32678049612
4000529294805
32890801483
1005002265185762
1418035401
1005002314420018
4001127285820
1005001540414082
1005001380968424
32901794591
4000210841219
32545743999
10000397733765
4001090543696
32596448265
32462551315
1005002243297699
33007187800
32906763851
4001038819038
1005001401724921
1005002319399300
4000141886049
4001015150686
4000112258787
4000144713824
1005002421522558
32858447384
32902923068
1005002350780422
4000623966536
4000199992560
1005002201866576
4000756696385
1005002377522592
33004015120
1005002014080903
32573610204
1005002460545462
33027699897
1005001627606950
1005002346948190
4000901649410
4001009456851
1005002400345525
32927281361
1005002297798719
32858725464
4001244152485
4000557062577
4000986816251
1005001902241792
4001228904392
32881233078
4000751504150
1005002489222761
1005001303674847
1005001289799729
1005001483027098
1005001602536461
1005002003866212
1005001367384796
32994089138
4000322521302
4001131379708
4001355603450
1005002427115212
32958958965
1005001418529517
32856390328
32976133647
1005002125635318
1005002456732272
1005002246200356
1005001526222782
33011644477
33013511722
4000941068777
1005002236213311
4000824206848
1005002002618313
713497510
1005001494310771
4001107531775
1005001561571796
32962116522
1005002408372429
1005002250504214
1005002033709435
1005002316746359
4000556974768
32846992584
4000667820004
32968048134
1005002108252106
4000735697748
1005001392696484
1005002333636325
1005001915093142
1444642922
1005001578852913
33036607454
1005002368941398
1005001326607507
4001046227902
32930856352
33020939737
1005001688718244
1005002337812079
1005002377687813
4000090972876
32793183094
32801504591
1005001609485868
4001003243871
1005001677382703
4000251557334
32924415554
1005001952993871
32975348295
1005002000376086
1005001708316711
1005002409238902
1005001689667239
1005001773423165
1005002224067240
32910183326
4001111932847
1005002309745701
32911779594
10000242998479
1005001763477779
1438282817
1005002258729676
4001182445796
1005002345813064
4000283479156
1005002400329366
1005002388410149
1005002054334497
1005002413099123
1005002147278353
32816133318
4001260632908
33054499355
4000206038833
33025802488
4000726124801
32876192041
32982855899
32884705592
32823296586
1005002238168178
1005002104958243
1005002164871547
4001332013932
1005002236106650
1005002383277050
32892867438
1000008333000
33040882405
1005001929740198
4000548938717
1005001304929089
1005001715356263
4000083463401
32984034926
1005001834802339
1000008336449
1005002405320319
1005001986100096
33049914763
1005002500466596
1005002250504656
4000598399791
4001180335901
32966422394
1005002080351628
1005002379838295
4000095922431
32997876433
1005002332633223
4000023187785
1005002388310512
4001157269788
4000822742501
4000017811389
4000224970384
1005002213453232
1005001354484662
4001250792919
4001157032014
4000548768771
1005002042078842
1005002063449045
32439295697
32957917484
32811486128
32979397621
4001362032510
4001037644725
1005002347443131
4000505116282
1005001374803275
1005002281049598
32921983217
1005002213386497
1005002334251104
1005002320991625
32804371258
32818702258
32998089430
32971091305
32957910609
32967855795
1005002060345456
32955813565
32973507352
32806115954
1005002335284721
1005001820463350
4000381265605
4000926042216
4001234236244
1005002296930888
1005001533532284
4000983605766
32899422072
33027436636
1005001386083223
1005002286517409
4000099002905
4001317420971
32792849353
33055066303
1005001752871683
32662409021
32894923943
1005002233921940
1005002283860448
33029023694
32851772539
4001245128737
4000082975748
4000083582476
32953374601
4001022586413
1005002353318508
4000068843004
1005001566445676
4000963325417
1005001333825399
1005002288725135
1005002404261306
32874405288
1005002324111011
32961776587
1005001973826162
1005001899377754
1005002225852821
1005002213699217
4000053376889
4001067049706
1005002314308756
1005002357923905
1005001982381749
1005002265061601
33012635764
1005001626707635
32862993926
1005001713079005
4001090695026
1005002337176434
32946578962
1005001769893960
1005002479880288
4000768671361
1005001431757894
1005002460446446
20000001866502
1005002469178885
4001242774568
1005001888680274
1005001579947084
1005001666733741
33036914065
33002111956
1005002448347717
1005001568087296
32999218701
4001131992464
32970930538
1005002352071674
1005002017223645
1005002314203856
1005001917882721
1005001988691072
32757810397
32906092334
1005001809444132
4000922646671
1005002302280164
32961960579
1005002388062888
1005001671247432
1005002040347990
33012128324
32798910923
32860862158
1005002322119584
1005001873873968
4000060838184
1005001443131153
1005001506686121
4001064095475
4000773597962
32774285047
1005001995189452
32608555926
2046711797
4001196552202
1005001986120645
1005002419986493
32997941176
1005001876816963
1005002356790747
1005001894688087
1005002073847954
1005001339952285
4000083722627
4000844145918
4000766625114
4000101666310
1005002317993521
1005001438952131
32839001116
33009292414
1005001429064232
1005002495090329
4000239627326
32917748429
1005002233890168
32833585850
4001049696298
1005002319198132
1005002269197916
32825771510
1005002315828603
4000130806584
32511165438
1005001803230507
4000518479703
1005002242242271
1005001325531687
4001101021629
4000105074445
863114614
1005002447368384
1005001930914511
1005001628120195
1005002396846273
32802623971
4000826939208
1005001694868673
1005001877310463
1005002132809845
1005001340991982
4000111860418
1005001982206558
4001291747309
32948627872
32793441894
4001299639458
1005002489924387
4000943154243
4000161016589
1005002489701729
32980087225
32901223506
32987637318
32858996380
32849817008
4001204713766
1005001922821733
4000507765511
32859518442
32296590228
1005001798412915
32800918384
1005002302343647
4001286024733
1005002383022155
1005001388734751
4000693463364
32813115467
4000811000455
1005002455252858
1005002418292363
1005002228785031
32789336764
1005001611393314
1005002311653592
1005002370165444
4000595911191
1005002254888671
32965449419
1005001334361834
32983764247
4001272762191
4000857353826
32705245799
32853522407
1005001621495546
33001296802
4000481589559
4001216434030
32972414078
1005002393392235
32950510120
33004133485
1005001651039282
1005002489617277
1005002416117418
4001108556883
1000003620031
32794210631
1005002357943349
4001231692828
1005002368409372
32965130338
32399097663
33037957956
1005001917228974
4000971707073
33045633764
32732459935
1005002167897039
1005002187709504
33002027223
1005002254405634
4000608640246
32250394571
1005002368111370
32782867850
4000688724144
1005002377292656
1005002343000976
1005001413252515
1815466073
1005002098600283
1005001982600654
1005002252923773
4000075539197
32800325338
1005001613054859
4000511009016
1005002388342543
1005001688325743
32851259045
1005001727139179
1005002321060550
1005002050232083
1005002336302087
32980955985
1005002390799799
1005001805997365
1005002166815287
32883596711
1005001598624547
4001233741361
4000013991546
1005001676497971
32976611850
33061178858
4000297053186
1005002197906037
4001286959011
1005002438281862
1005001511695418
32699635106
32835750608
1005001804163918
1005002396718612
32970941713
4000329418535
1005001417209416
1005001474812870
1005001630506846
1005002259898699
1005002432329858
1005002440521983
4001034157765
4000378382095
1005001825528690
1005002490455585
1005001977003333
1005002291037399
4000549482098
32874716840
32951321914
1005002260454051
1005001708950720
1005002099920994
4000406099987
1005001935171519
1005001680456701
33027030690
1005002389185861
32966082314
1005002122421243
1005002341669580
33013860419
1005002412291773
4000703505615
1005002072365650
1005002365281250
1005001547840814
32996616945
4001090149973
32981868105
32888843317
33027521843
1005002286609502
32852872641
1005002335878748
32827492218
4000396197415
1005001609083652
1005002382257982
1005001610130175
1005001806022450
4000752386756
1005002363353169
4001268472353
1005001287565955
33053736896
4001294629942
1005002489638016
1005002490487465
1000007418244
1005001563204310
1005002082043898
1005002017663817
4000252178941
1005002393287188
32911559974
1005002180800831
1005002359238053
1005001727357937
32860451509
32692345234
32995746929
1005002295010117
4001082892892
1005002130221639
1005001989902500
4001036572603
1005001473819839
1005001952624454
1005002313995695
1005002319326590
4001271223436
4001097667485
4001149868099
1005002430616961
4001170168263
32984306325
4000953328729
1005001354103745
4001183561024
1005002324692059
4001025447236
32848456498
1005002444849558
1005001930969294
4000529311541
4000922450257
4000873176084
1005002372299005
1005001722191861
33000681163
1005002192703558
1005002341504862
1005002052604233
1005002206494429
1005001354891435
1005001839107217
4001055897382
4000125204520
32794963306
4001190024696
1005001926256262
1005002197105702
1005001907472637
1005001798647578
1005002259271879