33025428186
1005001387604174
1005002344911708
4000711936217
1005001695457732
32811764839
33031214311
1005002114281982
32973363771
1005001921791841
1005002268186299
10000402910074
1005002314511311
4001140687456
32802072016
4001237523648
4000990920869
1005001855279049
32950775601
1005002291912249
32723785798
32957372343
1005002219203539
1005002234041834
32822108564
33018371753
1005002084520931
1005002238082505
1005002254242454
1005002027520583
1005002390426922
32887558010
1005002333641264
32975419890
1005002340771526
4001019675321
1005002133335506
32974840528
1005002293539754
1005001907925849
1005001695540027
1005002245092129
1005002220544709
1005001495711717
1005001534295428
4000945589111
1005001944218473
1005002415294527
4000818429279
1005001890800823
32842696111
4000309579557
32862698704
32827135664
32937491330
4000428953642
1005002090663170
32949861136
4000109667483
4001293451237
32790646818
1005001624824451
1005001694788199
32991359086
1005002311477107
4001127454800
1005001853259977
1005002466200497
4000614853289
32678449235
1005002490421949
32912481707
1005002393342517
32805347981
1005002325384422
1005002317210074
1005002235737167
1005001758329745
1005002377153364
4001153104218
4000842619839
32951375274
4000798557164
32746973668
4001358729114
4001331888523
32861110282
1005002399292831
4001350667843
4001271831526
1005002490129618
32938624584
4000994525666
1005001320988664
1005002377519613
1005001467977551
1005001665720879
1005002129411589
1005001408225181
1005001947839504
4000397362098
4001047996698
4001221440330
4000336952888
32961131103
1005001456753893
1005002312565900
33002403079
4000976223804
32899270750
1005002499315599
1005002403581104
33055512794
1005002235381989
1005001456751408
32988627035
1005002283156457
4001243338611
33037603114
1005002294166033
4000331725812
1005001841690819
32572115116
1005002114821538
1005002068590059
1005002253170103
1005002336771351
4000149603217
4000924593374
32949465180
32882571138
1005001824054545
32828086169
1005002342534543
1005002273763040
32952479327
33001904819
10000402410659
4001054673765
1005002111219678
4000156257731
33022754826
1005001730911694
32949414021
1005001628646207
33048500234
32978495068
33003525945
32887046859
1005002449341705
1005002378649825
32823675769
1005002309021003
32302042273
1005001525500129
4001249317387
1005002270995532
4000220827678
4001284469642
1005002490523930
1005001298275695
1005002206253514
1005001902395295
1005002279951133
4000627647226
4001317606843
32982959915
32869954267
1005001872974233
1005001529992397
1005001463947938
4000135498916
1005002492003016
33048470308
32893677566
1005002309106734
1005002170842398
1005001320614226
4000571041903
32985595698
1005002428327515
4001020384746
1005001944194097
1005001915567942
33020149365
4001316378084
1005002396025968
32864382306
32304974434
1005001287061630
1005002203843440
32636902768
1005002444455595
4000533390822
32942046613
1005001628288199
4000537312705
4000138406461
4001025390677
1005001975068873
4001235787678
1005001502019851
1005002288884944
1005002317787511
1005001656668815
1005001739539661
32829230829
1005002295215406
33005766948
33016395783
1005002475130648
33008114103
1005001788878449
1005001395669155
32999454354
32977645717
32918084744
4000419198091
4001136553734
1005001983126304
1005002266769270
1005001487826286
32868725566
1000007638924
4001118285554
32842074738
32770965043
32941660281
1406109231
1005002242951731
32921165766
1005001639185711
4000320426650
1005002376505821
32855041121
1005002484677983
4000525886250
1005002085358291
1005002291246282
1005001725144758
32871498945
1005002258783025
33048823652
1005002393726522
4000937627299
1005002412668664
33043152004
1005002475439272
1005002304677937
737242492
1005001626313119
4000067778801
32549496811
1005001588108529
1005002323049787
1005001468551143
1005001985709833
4000931425462
1005001999017754
4000237249330
1005002056494696
1005001357158891
1005001945911527
1005002324456913
32895688514
32852675268
1005002319931895
1005002305907276
1005001458798000
1005001955004346
1005002401357115
4000814945790
33013980701
1005001897290757
1005002079369540
32664707466
1005001490526789
4000019931824
1005001525366704
1005001666568429
4001044633728
4000902524712
1005001793922934
1005002337741254
33026802313
1005002139676760
1005002494387654
4000089440467
4001275256081
4000191057382
1005002314963578
32757967343
1005002061929306
1005002353179407
32814140684
1005001419861009
32687450659
4001031700730
32861580474
1005002327756413
1005002351443119
32842063008
32810066555
1005001652063181
1005002396610392
32863044888
32774112770
1005002270353324
32943905190
4000990764566
1005002401965212
1005001343988449
1005001750000006
1005001379877730
4000232391028
1005001621484559
1005002340263747
32841773494
1005002363429742
1005001307396049
32846505291
1005001835438589
32840527518
1005002050029946
1005001780971561
1005002208541478
1005002100809331
4001183317865
1005001402381251
1005001808581293
4000344639927
4000210254954
32886886711
32796721494
1005001435599806
1005002367509717
4000435722858
33010803639
33044725849
582748309
1005002395245622
1005002434873147
1005001406404390
1005001705552230
33000960121
2045655253
32942217582
4000054646256
1005002427018026
1005001983105453
1299961753
32812628029
1005002240488475
1005001776374399
1005002346681910
1005002314646090
1005001619872888
4000697231188
32962902767
4000908180048
4000124725067
33041592113
1005001988163482
32436936877
33015430007
1005002459754342
1005001546965296
1005002118851700
1005002428887805
1005002335299729
32957775787
4001294081892
1005002130119269
4000872555482
4000480515984
33004003754
1005002401497214
1005002327927249
4000134282131
32912608969
1005001784416822
32702146151
1005001713401864
1005001293668004
1005002470197817
1005002206031199
32992187900
1005001462664431
1005001478299101
1005001946969003
1005001763835620
4000333859368
32826315030
1005001314637735
32929908274
1005001452239154
1005002176996537
1005002333625095
4000767612007
4000121294435
1005001896080072
32856271285
1005002181003258
32804249575
1005002312930158
10000108070556
1005002018291850
32668891091
1005001972868471
4000341115286
4001039448304
4000361250084
1005001803257894
32987129079
4001045584363
1005002374948627
1005001637929965
1005001859200412
32905840145
1005002428197413
1005002286849817
32868782169
32823149256
1005001506494726
32811823131
32979369072
4000479949826
1005001929957901
1005001867417178
1005002379352073
32920444159
33027525948
1005001937467258
32886665784
1005002351554368
32823132208
1005001729243788
32922324688
1005002320948961
4000817943910
10000351033241
1005001877324386
4001224629438
33014097116
4000843344439
1005002050432963
32831745871
1005002477869848
1005002379368121
4000074666461
1005001609141413
1005001381297025
32783853334
1005002389224340
1005001808512261
33061439696
32790831371
4000105149096
1005001972711535
4001280476549
1005002460432854
4001165387412
32724510732
1005002389426310
4001293705948
33028022151
4000857977163
1005001808616009
4001275153179
4001326484402
1005002357840852
32921627633
4000563035994
32991598279
32958418644
1005001590445496
32998351596
1005002402266247
1005001621294221
1005002376695907
1005002364515611
1005002495271846
32971161835
1005002450220437
32915675917
1005002055411374
4001176020806
32860506113
4000663615406
1005002319305134
32847641601
4000513100580
32961015901
33019279629
1005001506234563
1005002253693950
4000557435280
4000005593884
1005001835823152
1005001477873214
4001107622783
32970202443
1005002310837655
32921630200
4000954452203
33060170627
32894968980
4000874008306
1005002182265384
1005002004251754
4000791181133
32983316393
1005001975282793
1005002488924850
1005002315180665
1005001865118590
4000250794014
4001174219135
4001251813221
1005001989795150
4000371095060
4001085006296
32730466431
4000391934844
1005001419479425
32999094001
1005002332406706
1005002306570759
1005001939740873
4000909473936
1005002254187547
32618820930
32871799097
33007635320
1005001670887884
4001096411537
4000134766497
1005002125703161
4000267134108
1005002407790216
32946606966
32958256234
4000140198308
1005002233974619
1005002449677421
4000080786071
1005001810177309
1005001989374757
32962610636
4001278906337
1005002394438349
4000642120696
1005002364606455
1005002299717929
1005002384929276
4000811386986
1005002498892343
1005002254744290
1005002428030647
4000803762175
1005002314021766
32846253131
32883708119
32955972832
4001291525084
4001282995174
4000826708881
1005002333109836
1005002321167987
1005002223978788
4000843542410
1005002369119481
1005002341382671
1005002347102368
1005001893761994
32957146302
4000943308070
1005001648049457
1005001764030064
4000186845365
1005001700997446
4001071920075
1005002205571230
1005002436286508
1005001531754208
1005002052451939
4000895263012
33029098025
1005001928717383
4000345968321
1005002314319981
4000115293213
1005001287363490
32968288876
32981040854
32894172553
32899810320
4001152165039
1005001430501232
1005002314288165
1005002412932036
1005001996740658
4000910530264
1005002125164327
1005001621459720
1005002469974319
1005002498931756
1005002221191971
1005002309626669
1005001821714696
1005001999630975
4000324842680
1005002275940639
32819649495
4000250582812
32959395683
1005002388896939
32829175703
1005001367635626
1005001813713015
1005002170584957
4000491348498
1005001598056551
4001030301333
33020092045
4000769900314
1005001495646460
1005002271943437
32960431805
32848054017
32623661658
1005001970119678
1005001693835903
1005002213986473
1005001264733469
4000751038826
1005001744213886
1005002327179338
1005002474947285
4000703358408
32570192552
32844561401
4000463625638
1005001861653656
4001220691859
4001270523325
1005002318899112
1005001350616508
4000545774411
4001206613551
4000626357114
4000057928726
1005002332834333
32972211317
4000250186804
4001178865205
4000696134740
1005002369380095
1005001632000834
1005002233726319
32836726008
32967058120
1005001835072880
32844668825
1005002301642717
4001118085213
1005002233127764
1005001431281129
1005002226350035
1005001895198196
1005001906534898
1005002401782506
1005002388513229
1005002294113094
33036007538
1005002489797590
32859977465
4000348356379
4001006673963
1005001441398662
1005001488803979
32825599133
1005002253851985
4000415994506
1005002265913064
1005002438021983
1005002204594585
1005002447096840
1005002296642754
1005001561003195
33025547054
4000124840727
32858602356
1005002462596257
33007407192
32908811598
1005002344979211
4000929460872
4001227124679
1005002306806831
1005002210824729
32773227623
1005001581855160
32801541395
32642711077
32950056015
1005001833758854
32877144386
4000498308166
1005002250238453
32689283461
33000487774
4000767473659
1005001849364443
32895432645
1005001830426271
1005002244087050
1005002318666605
32262497093
32975249458
4000545798376
1005002452147650
4001274989163
1005001438994108
4000807295838
4000993946618
1005001516103025
32860064929
4000741709597
32879552530
1005001698329090
32917854842
1005002413686319
1005002001640348
1005001922955969
4000765884760
1005002353862913
1005002205394458
4001275063923
1005002125395408
4000834122352
1005002312018827
32849277304
4000898286076
32945080822
1005002414380361
1005001860153243
1005002344809523
1005001847001101
1005001797370733
33026401062
1005001413078519
1005002238842339
4001141707299
32961431373
1005001670807084
33028062683
1005001488532189
1005001873031020
1005001586166746
1005001820917005
1005001591699424
32993220238
1005001935181773
1005002354378847
4000652780343
4000893198549
1005002264849788
4000401634092
4001047610988
1005002368309150
1005001432662247
1005001608632838
33013715061
1005002475663315
32986159352
32978330343
4001364948932
1005002467257101
1005001729491256
4000796408353
1005001952319620
4001263789000
4001225390175
1005002333486423
33029844036
1005002302312050
1005001971863610
4000884984474
1005002357286007
1005002271789534
1005002412450838
4000046886419
4001183737791
1005002386269301
4000609049480
4001108656601
1005002318849568
1005002359703223
1005002046733329
1005002254765063
32949217368
1005001698000628
32785830861
32831956555
33005465462
32976723321
4000538544679
33003179798
4001276848553
32814833909
4000262116110
4000203899654
32983991367
4001257044051
1005001354272627
1005001731769654
32825322953
1005002292370383
4001225214665
1005002111559169
32662914143
1005002433143512
1005002443684192
32987076938
32795172070
1005002370267415
4001052555910
32996341614
1005001860860663
4001266077076
4001122870615
1005002408487070
1005001621099803
1005001913388811
32752535399
32885000282
32364216200
1005002314039769
33052963444
4000808657868
1005001900128304
1005001769913688
4001021120049
4000907301263
1005002143811524
1005002287904310
1005002315918832
1005002363297732
4000684577236
1005002490957943
32795308803
1005001325613079
1005002399653949
1005002017098487
32895058174
1005002460937952
32810421102
32861032161
1005001476803301
32915518641
32974937609
4001205266280
1005002240498312
1005001957087912
33004344020
4001065320006
1005002495628126
1005002006227695
33012184028
1005002280703634
4001081893955
4001204832459
1005001435756186
1005001367996177
1005002430931883
1005002276663693
1005002433450872
1005002354417098
4000826377382
1005001520525520
10000316093919
32825603470
32715597777
1005002309545641
1005001834585419
4000119608435
4001061846433
4001306656309
1005001638282919
1005001947967714
4000111399364
4000921664026
1005002227343849
32835311319
32895517464
1005001552862727
4001267061337
4001090682211
1005002294243200
4000662762045
1005001570726606
1005001557311062
1005001506690596
1005002069804699
1005002049473319
1005001808853783
32992164298
1005002320971620
1005002329709915
4000682341920
1005001591598794
32671970155
4001127521633
1005001849835998
1005001847319648
1005001296967442
32908113187
1005002189737561
32959456369
4000294691019
4000155754446
1005001316170990
32640715381
1005002433577660
32293360592
1005001671824078
32916993901
1005002110512103
32638162111
1005001438487986
4000706590383
32913036761
1005002326839773
32860845003
32818436443
4000849782489
4001294798051
32916254736
1005002271085361
4000101283672
32797796489
32863960289
1005002325220775
1005002420096740
1005002192796007
1005002293859376
1005001621601064
4000500905675
1005002065102929
1005002403977293
1005002242482360
4001247159450
32945874796
33047654049
1580811176
1005001287633348
4000498071624
4000135505185
4001204278808
32919369158
1005001374017421
32990766885
1005002357513817
1005001626919560
32955322710
4001094381319
32850905186
1005002357131021
32970837167
32977815666
4000960674162
32919049708
1005002471378692
1005002053873929
32966689607
4001192980932
32834195564
4000126381050
1005002268457745
32797417465
1005002253482055
33032698790
1005002317112090
1005002330869554
32947970463
4000959177946
4000158543567
1005002288620410
32891278146
1005001634269379
1005002394792799
32991968843
4000425155969
32890015141
1005002094107564
1005001775547706
4000124017935
32816862239
1005002395178778