4000218120527
4000723219480
1005002312521375
4001199605675
1005001313498960
1005002454213898
32823981087
32868912990
1005002315318204
1005002462751706
32870116494
33042166777
1005001621853055
1005001555013876
1005001304009971
32945181499
4000703707382
4000169174771
4000077735854
1005001290837466
1005002270502649
32972624540
32755221062
1005001753765871
1005001386845153
32790094792
1005002321388092
4000120618715
1005001576886100
1005001487626431
1005002270987313
1005002339339601
1005001942134195
4000146044479
33039476742
4000817322121
1005002318109304
1005001903379828
1005002306156673
1005002147597829
1005001609115899
1005002120992813
32986047470
1005001830164905
32868506968
1005001800588809
32908054574
32967598976
32915134663
1005002227804690
1005002435864921
10000402409014
1005002377291026
32821490351
32836959574
4001115399042
33033786951
1005001645358853
32983543940
1005002294832333
32963269422
4001176997367
1005001723062781
4000580518583
1005001736783280
1005002232381681
33002713319
1005002473243963
4001130238911
4000938948293
1005001525537131
1005002310973552
4000710983016
4001150748602
1005002278639364
32985991593
1005001426671976
1005002322835434
4001218001000
1005001851189857
1005002237880805
4000310401868
32790130466
1005002288131505
4000448839756
1005001792357064
1005001840292693
1005001718654222
32913802412
4000699237569
1005001291657893
32854484357
4000084612722
4001069415909
32946950840
1005001471870506
1005001501096583
4001304391342
1005001762403418
1005002368551426
32883818696
4000992617696
1005002426075553
1005002233651692
1005001570233676
1005001616453617
1005002491775700
1005001446429738
32938644335
4001270824013
4000641382242
1005001368882416
1005002129434206
33027931264
32976082230
32895185383
1005002316872200
4000778103106
4001126309460
1005001736716513
1005002175132906
4001225181106
4000401847487
4000392882272
1005002347925760
1005002322666520
4001221498436
32719805406
1005001985845580
1005002331240626
1005001799058509
32624677101
32914060765
32899803722
32980825828
4001133807990
32753398752
1005002193892476
1000001570022
32877785925
4000195680644
1005002253706277
1005001722412462
32854461620
1005002345121549
32881465461
1005001829402137
1000001341960
1005001899413756
33031479046
4000269319691
1005002319331536
4000022375525
1005001474679178
4001056402419
10000395860063
33000564699
1005002378724207
1005001544155505
1005002074533686
32829510520
1005001706417657
1005001682836006
1005002363379230
4001119764037
4000836526213
1005002277707516
4001253070100
32887662036
33002909497
1005001305484945
32835183187
4000478828551
32953698287
32826513272
1005002380598135
1005002274245683
1005001971661517
32701447717
1005001665828955
33041721688
10000283725481
32979852135
1005001858243052
33043876015
1005002005401362
1005001862645048
1005002228156263
32930963042
32952604668
32949036377
33003682326
4000756794677
4001251049158
1005001347327381
1005002495828972
4000909622984
4000688532464
4000236491951
4000038166813
32376866517
4000489586218
1005002416651909
1005001609860313
1005002441960937
32801817413
32970172473
4000519683839
1005002260578217
10000395843751
1005001961349133
1005001929164204
1005001652121920
1005002137442865
1005002241402314
1005002348846192
4000552078254
4000655843815
1005001681909300
1005002281986148
4000683022701
1005002247729045
32922471624
32949518223
4000420260648
1005002476758919
4001253750209
4001358798280
1005002371482279
4001271752470
1005002086218404
1005002160146315
32999325458
1005001341237611
4000834316907
1005002329627593
1005001578955403
1005001315546507
1005002055156052
1005001704160950
4001017840140
1005002233710670
1005001389512743
1005002382940316
1005002284465549
1005002383889290
4001252488766
4000981847361
32841722302
1005002377035023
32960142899
1005002385154110
4000977334206
1005001971366449
1005002427907349
4001229188845
32829677589
1005001888031349
1005002217295769
4000929656776
1005002306117860
32668552695
4000433306221
1005002476405506
4000726459467
1005001588804396
32839373137
32807671103
4000893698969
32356781849
32986011917
1005002167668928
1005001626492954
4000157465718
1005002114997061
4000110126811
1005002346143447
1005001667716630
1005002301518304
1005002390692076
1005001577652201
1005002302521732
32790533241
1005001816823872
1005002287333301
4001155510997
1219932742
1005001453403138
1005001977311038
1005002397927200
33004046891
1005001682783084
1005002266637863
1005002124452065
4000097008910
1005001639421464
1005002161978739
1005002288450185
32296501954
1005001402224329
4001334008319
4000492454707
4001022780564
1005002292195587
4000856281520
1005002288475889
32918283891
4000032162561
1005002176623459
4001110564727
33032841488
33030014195
32702140323
33056898146
4001138049634
32961550234
32850386744
1005002488605130
1005002068273688
1005002270744036
1005001903118551
1005002317406830
1005002374941854
1005002003905895
1005001558051789
32952012584
4001110971337
1005002229927577
1005002346092738
1005002392109393
1005002313820680
33058875293
1005002224343465
32666539192
4000789991150
32858568045
32656734244
1005001626598023
4000966566550
1005002326749600
1005002399696421
1005002311857108
1005002266189481
4000252108914
4000933893047
32852316983
32996530419
33005646226
4000523632353
33005261216
1005002480836761
1005002206184724
4000288103197
1005002250275409
32963391606
32955879229
1005001966496493
4000154435555
1005001405830974
32832125688
1005002491917484
1005002395762637
32852868957
33013453926
1005002448788002
32710566445
4000509186470
4000111716231
32964966465
32877443676
1005002348813659
4000254047093
1005002166297357
1005002399243516
1005002387171872
33015338458
1005002187468962
1005001705364379
1005001429303532
32921045448
4000498307002
1005001953298512
1005002258021970
33050683988
1005001868422730
4001132470369
32973966690
1005001562916897
1778577558
4001116267459
32946926831
32809967739
32866540475
1005002376558643
1005001576484200
1005001907283204
1005002220638083
32950337560
33040155754
32971579993
32807478767
32862434902
4000222396559
1005002398790651
1005001310731323
1005002388828747
1005001267311477
1005001529750095
1005001380737494
1005001376106840
32842659064
1005002226221749
1005002450214454
33054484947
1005002310571087
1005002358628029
1005002426452424
4000102988031
4000499821436
1005001781917629
32810260704
32814642645
32965353532
1005001602670495
4000958755789
1005002261447443
4000927578426
1005002490309350
33027509728
1005002239207822
1005001395539345
32577288104
32851892383
1005002392308423
33063195515
4001037106543
33052127620
32968791067
33010385941
1005002460680948
1005002292643243
1005002066277342
32813072741
1005001922374131
4000225597491
1005002167762555
32850320532
4000708312999
32953553514
1005002473540647
32807165224
1005001522091750
4000648394131
1005001953701352
1005002304337189
1005002224506557
1005001616691573
1005002492349114
1005002129495911
1005002475666079
32332357434
1005002358384449
4000135627926
4001288981510
32886070716
4001170639911
4000586407123
32522045651
1005001839671392
4000045980156
1005002004697700
1005001813899648
1005002364487357
1005002073678118
32833092372
1005002355230843
1005002314741308
32696515399
32732013029
32953869006
1005001757832469
4001211274849
1005002314016094
4001288782762
1005001587249123
1005002302794904
1005002324757956
1005002318028971
4000819274297
4000727671724
1005002323696894
1005002006456403
4001232372099
1005002251880741
32965922835
32798410871
1005002490022808
1005002310950595
1005001994788552
1005002303815075
32902237106
4001257766552
32851556149
4001237352193
1005001620916541
32737551455
4001043257777
33004493784
1005001515934227
32916909801
33038210616
4001257155906
1005001413685640
32994946675
4000262081809
1005002381664998
1005002219818070
32598405689
1005001631473393
1005002294905437
4000873837091
4001153548709
1005001471778027
1005002423675649
32974244960
32850521814
1005002084493661
4000823026359
1005002423771475
1005002317633376
4001103694939
1005001646597970
4001013012570
33038756394
4000858234035
4001298239283
32840490871
32800701086
1005002330932575
32885158317
4000806182211
32909153770
4000734235949
1005002465848270
1005002164714080
1005002421394421
4001017719695
32868155846
32852345070
1000008032639
4000152485591
32965836121
1005002027976689
1005001287297052
1005002111136901
1005001334475784
1005002167959138
4001188221833
4001274091143
1005002305026597
4000214515125
32808866449
32376046128
4000344203404
1005002167829180
1005001695102276
1005001638239397
4000558110165
33009730163
4001139028983
1005002208468000
1005002239858080
4000007752405
4000340643700
1005001616223408
32914041120
1005002398170005
1005001680649001
4000989102660
1005001743102618
1005002313590461
4000481944224
32803713013
1005002306503918
4001228636727
1005002352278481
1005002398118106
32804526119
4001290826580
1005001882546035
4000513138670
32822919381
4000734454679
1005002349659790
1005001634220859
1005002362739607
1005002313959756
1005001695529692
1005001516017003
4000206531138
4001232117405
4000580120541
4000203791368
10000384146446
1005002060341048
1005002375640931
32762482017
1005002062167114
4000095388097
1005001884540542
32780788664
1005002087051149
4000183453604
32861415244
1005002377872126
1005001665695536
32852765017
1000007846873
32459606536
32781053629
1005002310952352
4000463450892
1005002483304028
1005002396441781
4000216568974
1005002314423171
32829092657
1005002329276093
4000782097767
1005001280767831
1005001742609157
1005002467005745
1005001337888307
1005002298846929
10000420143737
1005002284744190
1005002264993469
1005002356094965
32802609779
32866042704
32796180427
32833735732
1005002301455344
1005001608864023
1005001726441577
1005001861181888
1005002327750986
32965473966
4001026567754
4000114747454
4000126570910
32988184420
32839958499
1005001779810683
32834015184
32849206016
4001286666447
1005002319969775
1005001571926917
4000810857788
1005002296500563
32800314198
4001103304977
1005002105034668
4000299340337
4000041106781
4000351758281
1005002310856303
32956077548
1005002394839539
33047647154
1005002313766267
1005002166319845
4000849835047
1005001941391249
1005002466954005
32960035773
1005001663966928
4001139736044
1005002220159802
1005001361193953
32975187000
32916777176
1005001479141809
1005002439701377
1005001966201792
1005002490439309
33001563567
4000170659358
1005002337758508
1005001790621498
1005002380856576
4001170431719
1005002180910347
1005002183408624
4001126890930
1005002344259262
1005002316510261
4000732616435
1005001626154803
32824784599
1005002459807300
32260583918
4001141665085
4001200801562
4000843217875
1005001869391070
1005001952255388
1005001653109914
32862085391
1005002494426323
1005002304958323
1005001991683566
1005001817955218
1005002448854512
32981152193
4000470085033
32826727929
1005001704358216
4000267348318
32899907269
10000164605820
1005002278524782
4000012685161
4000140624125
32893053624
1005001720873832
32888561951
1005002298088769
1005002080809080
1005002323324177
1005002351228506
1005002192928753
32824930797
32883196508
1005002421242173
1005002150376906
32947413599
32942846817
32349683340
1005001522277063
32863619890
1005002320766478
32958216544
33001531886
4001291010012
1005001566543161
4001294452267
32766964741
32981042652
1005002310947676
33057384644
1005001381770746
1005001326670320
4000516706297
1005002342884381
1005002221434155
1005002019575069
32738531721
32955554789
4001309674187
4000696883152
1005002258169805
4000506292166
32976583225
1005001388226977
4001258864512
1005001799185688
1005001560790544
1005002314014906
10000012899408
1005002310573857
1455075668
4000184572317
1005001605414621
1005001737619590
4000626632437
32897866651
4000112822866
1005002223523752
1005002441457824
4000471812994
1005002367339787
4000116655353
4001127071352
4000893447845
1005002318872711
32996519294
4000732595246
4001341524677
32681506641
32881297623
1005002387630784
32805813883
4000594100013
1005002474985754
1005002459742308
4000394189473
32900235966
4000258961021
1005002412240485
33046028441
1974348296
1005001920438651
1005002364060263
1005002323553864
33006041735
1005002454317785
4000859363015
4001270422694
1005002318859275
1005002318425134
1005002244783822
32861940829
1005001966485210
1005001457236508
1005002265169974
1005002344787650
4000444342454
1005001683069564
1005002387804340
1000005975774
4001354464139
1005001602564364
32889416406
4000434131364
32848840414
4001302299197
1005002212973203
1005002206437097
32912539193
1005001665299691
1005002227891565
1005002367906323
1005002331808869
1005001741669277
1005001867707091
4000975996133
1005001303552006
1005001678482867
682776800
4001005046264
4000997041562
1005002186202611
1005001560886037
1005002265175609
4000068673237
1005001682782219
1005001692302615
1005002426183940
1005002239408075
4000293900225
4000853467562
10000030171603
32831967187
4000638114847
1005002363732900
4001153767661
1005002292538618
1005002262557023
4001206731609
4000306764066
1005002196081066
1005002357588457
33010467156
4001156292711
4001002576965
1005002147520225
1005002281857734
32874493418
1005002111966843
1005002315292633
4000039436372
1005002470558610
1005002167969385
1005001703387695
1005001637841055
32922613001
4000046610526
1005001678653480
1005002318697753
4000874213135
4001355659924
1005001977879693
32839621987
32683626416
32948930202
4001062798332
4001308936008
4000159523493
1005002275423813
1005001855769958
4000641422350
1005001862938810
1005002488800241
1005002335927991
1005001864654753
4000930595019
1005001651110573
1005002434698700
4000862820819
32896479929
4000556688802
4000263730209
2053186442
4000293062286
1005001953305466
1005001734472267
1005002420621763
1005001997297120
4000509220954
1005002409525021
1005002176020177
1005002319295597
1005001566143409
32835234972
1005001495224619
1005001584627189
32795007689
1005001861023792
32864175556
1005001946013475
1005002356357821
1005001679254727
1005002286762381
4000313931128
4000510964519
33062675530
32811879020
1005002345808181
1005001952702111
1005002441064707
1005001872429570
1005001360158989
1005001790590322
659322919
4001182459535
4000905548170
1005001657857286
1005002217410517
32773179670
1005002469669422
32845294424
32703242734
1005002305811990
32695379668
1005002358204574
32742701703
1005002310524415
4000834281976
4001291731529
1005001626964093
32823189343
32963041067
32960275656
1005001593512418
1005002261650116
10000323260107
1005002483010065
4000445811178
4000894404441
4000662580976
1005002090742942
1005002358226252
1005002217989933
32894626707
1005002027471043
1005001797571998
1005001270120610
1005002247886055
32387275835
1005002384133702
1005002262584143
4000628595983
4000054882364
4001065045309
1005002283125143
32740537445
1005001409696593
4000005243379
1005001393030738
1005002097600096
1005002191422250
1005002192696004
1005002352490358
32854814895
1005001931046683
1005002262093920
1005001397572858
4001218021982
32766587450
32923099519
1005002319156548
4001005118425
1005001781024270
32907201836
4000114380258
4001192309520
1005001942346557
1005001406640092