1005002135957946
1005002034130335
4001145672460
1005002388968478
1005002368569043
4000314828751
32833639394
33044599166
1005001515644198
1005002423617420
4000777546363
4000859635490
1005002346291599
1005002403632445
1005001836897364
4000072344643
1005002311807589
32754563821
1686926672
32311673011
32955133831
1005002245214775
1005002326066404
1005001418273268
32986667994
4001131403789
1005002313945885
1005002344976291
4000934287316
1005002358300640
4000270596754
32919530408
4001095828963
1005001689341795
1005002291043276
1005001781473754
1005001927609879
1005002301282355
4001364206972
1005002385105239
4001309103196
32969208925
1005001763102980
32907521462
1005002408961194
1005002304067143
32950871200
4001175305878
1005001551127675
1005002500530451
1005002387167220
1005002333720552
4000296191526
32984623834
33017128255
1005002219270612
32795542906
10000089168548
1005001415406840
1005001670911939
4001186438177
32870488209
32822921012
1005002365900141
4000859404759
1005002341044016
1005002446182576
33007094354
33057378658
4000812553027
4001034119199
32988600796
33006826209
1005002229304202
1005002289530559
4001365006911
33036868784
4001080154793
4001326346851
1005002424824743
1005002050374318
1005001609959810
4000498354499
1005002320104150
623435104
33041537888
4000076754619
1005002359840045
32888198594
1005002272218233
32956113613
1005002344333172
1005002289793233
4000110316792
4001160311339
4000020612996
33060323585
1005002440544647
1005002240294535
4000206333665
32841812648
32590328594
32651243816
1005002312575206
32920765287
1005002236309816
4000086732323
4001338205750
1005001930236733
1005002402692161
1005002453941727
32623121687
1005001730698970
1005002490639221
32899470691
32982250239
4001245401497
1005002042219577
1005002319669348
32762398085
33009673327
1005001927930073
4000171233883
1005001388802242
32901184502
1005002341386248
32899740940
32867339430
1005002477884772
1005002207046431
1005002418515137
1005001362489695
33058066371
33039519896
1005002316778372
32804529957
33010816421
1005001284949467
4000563017166
1005001488872294
1005002012859369
4000715016242
4000808290813
1005001935428544
32924779949
1000000929032
32954087632
32954209543
4000226085202
1005002225201897
4000058199533
1005001511189802
4000371931507
4001242157894
32819691004
4000803499243
4000677343788
32836175214
32848237094
33024545404
4000842628572
1005001615243505
1005002254596807
1817757916
32680183322
4000704134831
1005001873245756
1005001374372114
4000341171798
32969052709
4001058094213
33022255879
1005001629111344
1005002443134341
1005001872425828
1005001406593391
1005002348787809
1005001580676311
1005002272011645
32829896122
4001221014305
4001308758904
33026493242
1005001874224970
32845976273
1005002015525604
4000850692050
4001234275759
1005002400723250
32892223423
1005002116039741
1005002347063989
1005002310509152
32569170059
10000352566428
33008561937
1005002411425675
1005001834726592
1005001737095201
1005002033617534
1005002360212158
32856355114
4000780140855
1005002342809356
1005001518587673
1005001840338400
1005001548957997
1005002362554176
1005002413325916
4000185603168
1005002022885955
4001228911397
1005002269040018
4001277830818
1005001293399781
1005002406557936
4000819098958
723292758
32851933197
1005001626141178
33030483686
4000713042432
1005001457892305
4001219963179
32852610890
4001104932824
1005002094973131
1005002344991876
2043969794
1005002342532484
705757745
10000395859732
32591120191
4001130880660
1005001680195551
1005002346092970
4000854699966
2041058394
1005001768615333
4000275028536
1005001473703922
4000955767540
4000247469042
32974692319
4000353216220
1005002419232087
4000052770971
4000922674349
1005001726890764
32905474502
32846568629
1005002337904821
1005002106870420
32886638896
1005002064891084
1005001586474589
1005002500219030
1005002288381398
32815376211
32303284908
1005002373403673
1005002395192689
33022931535
1005002393824116
1005001865511533
33058346864
4001018159334
1005002032923704
1005002289360923
1005002108463672
4001314742403
4000008221129
4001248529704
33022112277
1005002469591477
1005001333450017
4000225758613
32829422106
1005002482414111
4001140929616
10000276953395
32885251276
4001220901963
1005001701631493
1005002484818852
32825196541
32849059208
1005001904938818
1005002314546242
4000256881631
4001122780787
4000191002039
4001207256248
1005002193829117
32880809236
1005002310170970
4001054122349
32869787405
1005002236360620
1005002204300721
4001296891820
4000242227546
32924002120
1005001811047507
4001112107170
4001112249007
32969161121
32896669974
4001063394706
4001050467944
4000239106240
4000808116992
4000580376097
1005002364081792
10000395950524
1005001364346025
1005002439827332
1005002497487047
4001004804902
10000395951263
4001025547795
32915685062
1005001602339909
1005001549082935
1005002043606856
32913032957
33001268856
1005002292339816
1005001482593070
1005002160108698
4001127323411
1005001948857477
32843356158
4000985310307
4001015221457
32664118845
4001225180861
32816656116
1005002368434873
1005001285178285
1005001495075811
32683189176
32914501864
1005002254242598
4001098097388
4000225058035
1005002073744869
32540400158
1005002488110923
1005001699104298
1005002459688785
32764086582
4001202780312
32916329357
1005002347893241
4001286411858
1005001397397131
1005001882436594
1005002288200134
1005001690450104
1005001918927465
4001289286798
1005001758079220
4001075521207
1005002254202101
33009200926
32804752586
32914808914
4001145289572
1005002287288378
1005001418385020
1005002260775172
32839427999
4000792652409
33054366511
32976469448
4000163026273
1005001880925132
4000803518574
1005002271149321
32950058227
1005001774824651
32963744422
32888236599
4000337375226
4000537786080
32846772949
1005002477828227
1005001414150347
1005001670518754
1005002361544179
32857532281
32831977102
4000465970778
1005002425399626
4000679255473
4000349137499
1005002262775053
1005002397832434
4001056794475
1005001592100840
1005002378167278
32983834229
4000135226627
32936603181
1005002334320377
1005002026791484
1005002418542680
1005002143782001
1005001577223885
1005001981921167
1005002213053807
4001003787009
4001010444430
32716010823
844344236
1005002023298583
32849558967
1005001670848379
32904319152
4001264122695
1005001934315420
1005002206664236
1005001615762119
4000036251501
4001243779035
32796447839
32680183895
4000890613062
32859690196
1005002314572425
32842247456
10000400050307
32648019531
1005002489768845
1005002448010392
10000384983523
1005002251712739
32918518222
1005002271816546
1005001375558846
32778455167
32842034051
1005002398811752
1217287659
4001278904129
32919397764
4001335519128
1005002283616070
32908260848
4001039954417
32455821782
1005002059691129
1005001737976475
32595782974
1005001977607134
1005002362076990
1005002474346171
1005001320037888
4000994700855
4000990835545
32959947151
1005001988823643
4000921759911
1005001775677418
1005001857130643
1005002348721189
1005002020675024
4000849726675
1005001833890153
1005001409322544
4000246647123
1005002454644871
1005002445310754
1005002417133821
1005002368745450
1005002303865382
1005002439756238
1005002413246650
4000294029961
1005002288315977
1005002368970086
4000095948948
4000546611154
1005001883550776
1005001726591446
32964108814
32980672410
4000235680493
32960088823
32791516554
1005001441625944
32567947773
1005002401481107
1005001576758033
33044980248
4001269513524
4000316957679
1005001285370159
4001041123687
1005002022718698
1005001935463552
1005002206547599
1005002481213129
1005002305150324
4000318315353
32920621685
4000895500155
1005002420547074
32812542652
32817855169
1005001780887021
4000463789112
1005001498860748
1005002319303921
4001248674457
10000395834963
4001174938606
1005002019607961
1005002324808955
1005001566618966
1005002357655420
10000402349208
1005002442921312
1005001488564493
4000704017491
4001142043768
1005002322171889
33037526827
1005002332142804
32989348131
32982377187
33056907193
4000036250622
33010795621
4000723067722
32732020541
1005001893612436
10000323759649
32758614547
10000027908604
1005002205920087
32675015640
32340940744
1005002276794118
32849421614
1005002389997996
10000169848534
32884041802
1005002282467605
1005001635486781
1005002310993014
1005002355317904
32931551925
32549460378
32981573335
4000158902980
4001272011822
4001327989186
1005001806394463
4000437887610
32888343176
4000197855774
4001356561779
1536234463
1005001588242113
4000580337834
1005001976464040
4000241935195
1005002011010717
32929234074
1005001835683267
1005002314258280
1005002340247190
1005002286739824
1005001566269027
4001286909261
1005001875671643
1005002406556478
1005001586477628
1005001510470860
4000290638659
1005001304599514
1005002000002015
32908503323
1005002418519644
4000097594779
4001010402073
4000448472365
4000960914236
1005002329874054
32837711509
4000768474829
1005002308097506
4000114547563
1005002302277213
730626402
1005002306073192
1005002350332916
1005001573938326
1005001266977196
1005001978064991
4000804859070
4000762200914
1005002320742193
32807353942
32353783714
1005001551592136
1005002312941777
33006162366
1005002287235652
1005001608552205
32894531582
32981757831
561226732
1005002351925338
32488198129
4000807642423
1005002416767210
1005002490511026
4001017499392
4001174248087
4000429575985
32901210852
1005002239684624
4001230614907
4000699105520
1005002482423547
1005002319801875
32853729153
1005002335006278
1005002420609103
1005002120515334
4000375597193
4001219209648
32958054975
4000038359685
1005002203662890
1005002288871120
1005001483958852
4001132704837
4001246149069
4001320733942
32639575684
32862879378
32251355216
32722147829
1005002476357958
1005002335518470
32834605039
1005002185482100
1005001333278035
4000657164030
33008056382
4000099623483
1005001990343218
1005001966615194
32916245830
32957849703
32740945098
32863439517
32768475682
1005002280690579
1005002410906367
1005002284500786
1005002467163490
1005001397528478
1005002361829576
1005002142973691
1005002258210711
4000320420991
32583327378
10000284164662
1005001631016696
1005001905739250
1005002315080536
32811956609
4000023701542
1005002238765521
1005001515467844
1005001491543142
4000031783220
33021889248
4000064135651
32901072451
4001076729502
1005002400430257
32971116025
4000211775597
4001175807722
1005002246249720
1005001736722536
1005002319281837
1005001543010754
1005002055472201
4000473698585
1005002285760337
32254842381
1005001975687279
33059432957
4000170272978
1005002244889438
4000836403968
4001098435491
4000777087183
1005002333994545
4001216306791
1005002234959685
1005002379135081
32871342730
32852950027
1005001985704299
32961515907
1005001783043557
32782184841
1005001382624931
32942658025
4000169042461
1005001815925049
32889132055
33053157953
1005002369286285
4000132246394
32790118525
4000096422035
32951883448
32773978495
1005002289550812
4000277607912
33022988681
32690828152
33027935263
32884303063
1005001265619751
1005001280928277
1005001737491026
10000379491369
1005001566007592
4000469673987
32902638144
1005001759157641
1005001591482650
4000685751469
1719901903
33030970477
33057088130
32840002947
1005001659334903
33023726864
1005001823891977
32947769484
1005001392310735
4000906504525
1005001886012058
1005001890515929
4000454668779
4000547943099
32843108612
1005001369665818
4000190057937
1005002265310491
4000410867398
1005001834824671
10000089287944
1005002135986692
1005002307319992
1005001803236990
32891723320
32832264702
1005001884271388
4000603494949
33040071495
1005002136369113
1005002446919961
4000384296632
32982726613
1005002376574162
1005002345125484
1005002273859763
1005002339542657
32954637934
1005001493608602
1005001962692736
1005002245160750
1005001952714869
4000667967219
4000857199088
4000955831869
1005002414238507
1005002469060320
33039098130
32976303868
33008539397
4001228401970
1005002426269087
32792098670
4000626636325
1005002371622682
32978631907
4001217011139
4000824097198
33008592376
32842999363
4000746256644
1005001817435898
1005001756097742
1005001614808731
4000960311295
1005001965707045
1005001573594782
33046250731
1005001615777445
10000012732882
4001286208235
1005002250610388
4000562080998
1005001928260497
1005002321070949
1005001525454493
4001294948961
33042550797
4000785885238
1005002306245848
4000641388130
1005002167342253
1005002233797713
1005002316173073
32802306821
4000114305883
1005002335006092
1005002442878102
1005001328989696
1005002398146921
1005001810828538
32831656782
1005001844327264
32958742040
4000910065254
32895847954
1005001684965677
32951832448
1005001474099716
32740073641
32858150797
1005002350517002
33018563513
4001278367889
1005002426179645
1005002454319642
1005002314869815
4001211759126
4000982840740
4000722315317
1005001619576998
1005002327871677
1005002314843961
4000467560643
1005001841970148
1005002304232902
1005002078721750
32923099711
32849333409
4001149701313
1005002253045464
1005002497194103
1005002356955971
4000120926859
1005002247618935
4000544338815
1005002357773107
4000382285349
1005002467933757
4000884232133
1005002089725361
4001247352362
4001199672085
1005002204880814
4000533205712
1005001808485525
640509425
4001134784146
1005002381167616
32798711005
1005001954933458
4000685880662
33000384973
32986141955
32881128935
1005001948734930
1005001337712971
4000816498024
1005002336723300
4001211491968
32623956589
1005001593711883
1005002254454588
32861355477
1005001956001617
32952578121
1005002314089549
4000300701323
10000138497297
1005002457370826
1005002348120446
4001114919833
32858977457
1005002359767956
1005002120795353
4000769561967
33024676516
1005002282432320
1005001861596239
4000916753511
33048981068
1005002368486620
1005002265276422
1005002204798519
1005002388511077
1005001377292064
1005001553117664
32896875057
1005002426727820
4001079208799
1005002040180773
1005001849636632
33059570151
32974741843
4001032109638
1005002253603987
32982271542
32922409132
1005001423607308
1005002279010662
4001227634509
1005001972423380
1005002321564308
33024795020
4000065819447
4001289492045
4001095102822
10000313345591
1005001850598148
1005002363986835
1005002171812337
1005002033063982
32802661592
4001192608725
1005002241154444
1005001314118947
1005002443697148
1005001665610362
33008816250
32719461954
4000970975013
1005002007821643
4001076506238
1005002475699684
4000856965312
1005001666614026
4000695581985
1005001336049401
4000107820586
32825976829
33004805667
4000928045744
1005002240202666
1005001566112903
1005001780299193
1005001814985389
1005002147763639
4001187902615
32950000857
1005002318129564
32962652913
4001310629561
1005001871424544
1005002065906304
32737777047
1005002055384969
4001112772543
1005001887950397
1005001812606097
32603190424
1005001690332925
4001150274284
1005002397799892
32607526258
32814625807
1005002318652840
33028147736
1005001910251165
1005002053304916
32957849582
32891913246
32777099079
32627582055
4001019191744
1005001958520921
1005002306773792
32348192831