1005002115275699
32810870634
1005002122474182
1005002363350523
1005002304182984
1005001828466647
1005001872768114
4000802287314
1005001815637693
1005002477726104
32989038002
1005002355961708
1005002428079488
4000659875725
1005002256345336
1005002353990195
1005001849591176
32726601334
32649531379
4000090239899
1005001574371808
4000145584126
4001084317794
4000552802285
4000206342638
33043071889
1005002435864434
1005002394309822
32772770492
1005002312736090
32903042186
4001028682245
1005001446445159
1005002347731452
33005221052
32827384646
10000126912533
32802296415
32866793876
1005001351505895
4000504883071
32994312498
1005002417097107
1005001785604251
1005002012059132
32919617816
1005002315274863
4000960178175
1005001863314274
1005001464971175
1005002052160981
1005001726742828
32991311484
4001207750231
32874966513
1005002337788304
4000649211715
1005001961210787
1005001473776420
4001031277635
32747372125
1005002400760975
4000804617141
32815934199
1005001303990528
4000589444360
32807595970
32808593944
1005001603869202
1005002480765893
1005001594759782
4000437473844
1005001311713664
1005002314421292
1005001667959121
4001225016999
4000243209537
33059762631
4001324546873
1005002119130933
4000097049234
33027493927
32957390244
32965776624
1005001812039208
32721263620
32959927722
4001277378595
32638383588
1005001849355758
32877571716
1005002277677646
1005002294032356
1005001386141182
32845064157
32815964583
32906656290
1005001813176826
4000994363316
1005002384025362
1005002260147747
1005002352499265
4001352585259
1005002145836435
32570328964
32961703565
4001224082686
33032485495
4000990989390
33007704597
4001244782865
32964892936
1005002046514524
4001207744773
1005002241502570
1005002287708122
1005002467656984
1005002322560726
1005002385392019
32975538303
1005002311459997
4001224998409
1005002468993490
1005002090188154
4000328028431
32912015036
4000050816848
4001273346350
4000641892343
1005001454485260
1005002441491908
4000184216267
4000302273234
1005002459981968
4000328048115
1005002291044400
4000499164185
1000008248356
32694876555
1005002492108861
4000845837462
1005002224418639
1005002263747398
1005002019099876
32886516206
33041706243
1005001363314532
32948528403
1005001615579657
1005002456574529
1005002273666048
4001306398694
1005001808395474
4000322637049
1005001765082183
1005001884859308
32907434407
32922949456
1005001889815694
32819693642
1005001637891693
4001228656545
4000742159575
1005002212130112
32748739358
1005002364098021
1005002350226824
10000000909341
32615727894
1005002245754237
1005001995747588
32923311760
4000202762506
32811758977
32822971735
1005002339304106
1005001707848991
32840759598
32844270875
1005002210288379
1005001726553897
4001240651036
4000521940486
32863794437
1005001321016865
32945204017
1005002380359447
1005002289529331
1005001830678586
4001305544549
4001217034766
32875476834
1005002337665285
4001118352082
4000405259964
1005002299817267
1005002187067265
32950146688
1005002332152848
1005002304463069
1005002337164705
1005001997592189
4001363892048
1005002319248687
1005002233369662
4001065949647
1005002275634687
4000427855294
1005002461827667
1005002180275778
1005002281870609
10000157016282
4001350729604
4001065251702
4000997063319
32717675641
32919098753
33057755710
4000354777005
32368712196
1005002318385997
1005001438703697
10000144157415
1005001877849533
1005002033030908
1005002319001324
32895933378
1005002310059948
32993806726
33051193923
1005001359544709
4001060571526
4000055076408
1005001642558267
32915832354
32786859011
1005002286719927
1005002312715041
1005002413580953
1005002207469975
4000012613655
1005001286141505
4001038735456
4000691100394
1005002333165006
1005002310595499
32840815471
1005002354249492
1005001524413285
1005002459607530
1005001915935835
32385216038
4001000883294
1005002317486443
4000034293867
32983284021
1005002245667794
1005001657003719
1005002462464493
1005001521103537
32584009407
32960546466
1005002314013111
32379125592
4001156394703
1005002246104976
1005002314726805
1005002160302936
4000092141771
1005002492768874
32854421501
32945674877
1005002173082711
32983779803
1005002448493141
1005001525082267
4000874516736
1005002323270480
1005002328427397
32970379029
33001578609
4001223736051
4001021640905
1005002316682538
32234378153
1005002066746264
1005002310518780
32829914047
1005002233241950
33055724699
1005002240219548
1005001525402428
33049057615
1005001413097476
4000176314056
4001302148435
1005002116371913
1005002265908671
1005001982948529
4001209411359
32592323773
1005002257918236
32990964834
1005001675184920
32840575486
32808331279
4000890381489
32950447968
1005001918828027
1005001617800046
32978121843
32818888766
32838917499
33008733731
32844261534
32991895918
1005002408035073
1005002313559786
1005002449108209
4001244426115
32895409885
1005002207797473
32784620371
1005002256644995
1005001669363807
1005001689047689
1005002259404110
1005001966590950
1005002094419374
32799823455
1005001651665498
1005002305952150
32968519537
4001228578984
32970729054
1005002301787529
4000133555044
1005002376672756
1005002364443397
1005001988541527
1005002439921732
1005002467051106
1005002206105934
32904423249
1005002300950720
1005002309765895
1005002204743748
1005002062049132
1005002212484085
1005002205757256
4000161745038
1005002291408781
1005002449525917
32678254169
1005002356192564
33036053629
4000938316295
33037756545
4000830225657
32881663508
4001249641487
1005001516870180
4000698226948
4001027482322
4001123418049
1005001566825563
1005002331980445
32989504204
1005001561006156
1005002495219483
1005002290734769
4000503818310
32921632448
1005002125807566
1005001300073269
32949705560
32969383803
1005002478028719
32827188331
4000209427257
32979650943
4000768051567
1005002462847054
1005002311433356
4000013781118
32982430451
4001285722152
1005001419245203
4001118073223
1005002467482715
1005002276942458
4000567614635
1005002378093147
1005002359470339
1005002320995369
1005002216675263
4000299666578
4000429711667
4001312683618
32902529373
1005002108551489
4000850541928
32296791291
1005001799420417
4001071966936
1005001729330429
33041024521
1553684020
1005001735113335
1005002314272661
4000502060385
1005002232909971
32968192938
32757506234
32787465716
4000009147354
1005002236078308
4000999993198
1005002491627764
4001290565808
1005002427915704
33011397840
32952427814
33016990551
1005002249538149
4000394597551
4000003309251
1005002237725858
1005002348277519
1005002461951274
1005002375684587
4000398088805
33001639201
1005002241457724
4001124619379
1005002428069542
1005002244464707
4001264763620
1005001763314580
33017051748
4000306501297
1005002039040711
32618729132
4000838122689
33029056935
1005001906041402
32904229011
1005002399954148
1005001320893074
1005002416665189
4000075716868
33045244960
32810296216
1005002433578412
4000589279604
1005002429337414
32995636192
1005002339729298
4000817363840
1005002438956046
1005002018802685
1005002068517144
1005002170060376
1005001469105003
1000006779046
32857988838
32860332876
4001110704532
33053978019
32772522403
1005002243288244
33016035698
1005001580251607
1005002331681733
32925891741
32972301372
32747273079
1005002096878059
32914725744
33030014184
1005002082085945
10000395944108
1005002467231252
1005001706426913
4000019685474
32845065221
1005002408396173
1005001695842746
33006181553
4000671965244
1005002461487848
1005002334072708
1005002430555344
32922848951
1005001690808359
1005002267889489
1005001667608469
1005002311677503
33037610248
4000789320815
32917607728
4000689000817
4001147529628
1005002345362446
4000012695765
10000012735618
1005002090601175
1005002398843730
1005002420662212
32921541261
1005002350870804
1005001810899890
1005002314369364
32627780436
1005002477559135
1005002108821563
4001089101670
32958353951
32779170029
1005001511128887
1005002333271053
33028460849
4000686681743
32758303661
1005002253142736
4000288149665
32869606679
33036822259
1005002317446511
4000384801256
1005002481079543
4001359538893
4001103428602
4000116494134
1005002347697484
1005002223934608
33021729872
1005001678322708
1005002393269058
32820895555
32896490222
32886849429
1005001579116913
33048233776
1005001603693267
1005001446562491
1005002352456497
32810784454
4000234845235
1005002007913172
32865931777
32950404778
4000157828898
4000292198681
32856235617
1005001695509136
32986917331
1005001350331552
32649442104
1005001552290689
32866184562
1005002362946621
4000787287777
4000599046836
1005002056104875
1005001830695733
32899312219
4000656888479
1005002442445770
1005002068357551
1005002398540312
1005001482095908
1005001930978204
32919494092
1005001856208532
1005001763622548
33004748802
1005002233367425
32982805017
1005001317597781
1005002344694439
1005001390845903
33010747046
4000863950002
1005001325292496
4001216591438
1005001830908903
32901223297
33042860441
1005002433163416
1005001463669694
32970776932
32696318287
4001078944528
4000186860269
1005001458364213
1005001862263488
4001204679707
4000469016602
32790984883
1005002184362285
1005002357293802
32854369334
1005002389494944
1005001918237815
1005001511934971
1005001927888947
4001143121727
32626294241
1005002319840625
32668975458
1005001897529389
1005002044095788
33010230359
1005001338879425
1005001273017041
1005001714302678
32609677275
1005001292861259
1005002358829704
32842341194
1005002120791509
1005001747078837
4000030923032
32506508757
1005002290447890
1005002318159060
4001184456207
1005001708415876
4000060453909
1005002406018351
32909313396
1005002082073455
4001130768381
32757694280
32839393890
4000828011020
1005001887546895
32890755207
32988883510
2028046741
1005001408551848
1005001927971161
1005001525440379
32884691866
4000332953551
1005002377190406
4001298886791
1005002223399881
1005002133750410
1005002072854589
1005002054284749
1005002301190330
1005002281860637
32859376420
32947006468
1005001299245399
32677391067
32952622794
1005001580891102
1005002362712208
4000854985001
32534381941
1005001514875872
1005001742498548
1005002339038065
32889002978
10000194516664
1005002326836976
1005002340573686
32608683868
1005001823486677
32813242695
4000156542693
4000801525912
4000752520433
1005002272191201
32668325497
1005002157117718
4000793962125
1005001798941523
1005001980298019
32920662201
4001044405725
1005002451297352
4000927225485
4000853783126
1005001569434228
1005001619664431
1005002286935356
4001294237527
32958214001
4000038642446
4000131347601
33058832853
1005001844852304
33002453422
4000057845276
1005002334274579
32955352958
1005001947726455
33001020270
4001269633881
1005002329363279
32840719584
32755085842
1005002374844301
32812774055
1005002298036577
1005002042088578
33013281161
4001182360921
1005001921406051
1005002353151926
1005001823782797
32596750092
4001336032687
1005002494107984
1005002089022496
1005001617128663
1005001356415128
1005002304603823
32987026510
4000320684008
1005001322873356
32921764087
32830585990
1005001732829823
32997958766
4000390043825
33045731161
4000945794320
32540156111
4000852569201
4001342993089
4000200199540
32943865899
4001068001140
1005002497150468
1005002194374183
32853487055
1005002387137739
1005001627099839
32848890687
32809874360
32813285587
1005002239100761
1005002282593956
1005001694330106
1005002300798798
32946149960
4000144675658
1005002496281684
32978684413
1078546872
4000177823753
1005002321629957
1005002186272486
1005002310435647
1005002054352002
1005002260253747
1005001835083382
1686190116
4001005229349
10000027681565
4001147813872
32969607442
32403961137
1005002399712948
1005002302386402
1005001941635309
4000981906386
33031956902
1005002368936939
1005001737532897
4000693194374
1005002011342544
4000822197838
1005002164512803
33049967515
1005002264508184
4001252533472
4001200156601
1000005394743
1005002318962089
1005002440835869
4000256107895
1005002420682476
1005001757303578
4000628866297
1005002461194487
4001215810148
32688795440
32844107635
33008465120
32729875076
1005002306505048
4000092365698
1005001340783726
1005001348972359
1005001452799571
33000990991
33010824917
32994021551
1005002288909593
1005001744268977
33001427190
1005001689353100
1005002248297436
32887038725
1005001639102477
32904439087
1005001523606891
4000456900800
1005002260571971
1005002303359815
10000397750131
1005002315506037
32849700679
4001223191850
32976207023
4000247904564
4000215419413
1005002382978525
4000206653287
1005002345355776
4001160307516
4000119662783
33048607944
1005001510814079
1005002120149574
1005001437538959
1005002204751293
4001139243876
33009030521
32813476158
4001362293751
1005001726235904
1005001834698561
4000917872437
1000006066122
1005001638195107
1005002226147601
1005001993231545
4000911768855
1005002326763532
1005002440521030
1005001332738301
1005001970751285
1005002309083371
1005002014157339
4001275093201
1005001816573225
1005001308046440
1005002312123876
32791346636
1005001570325328
32995818148
1005002329528503
1005002443120420
4000335591213
1005002165141562
4001074444261
32837198296
4001021702724
4000850439673
4000816417331
32310128823
1005002450986841
4001216934184
4001228687308
1005002440881298
4000783905908
1005002053109404
1005002238023920
33017894998
1005001577044395
1005002038400153
32914879147
32980932553
4001364318108
32900026795
4000399784430
1005002313971636
1005001769465944
1005001299080601
1005002301874821
32992690378
1005002362939140
4000808148463
1005002467133778
4000337476952
4001237282770
1005001639535523
1005002314877323
4001278852678
1005001596758313
4000773014131
1005001849057632
32844672144
32324490197
32773772200
33049768485
1005002320425953
32835814555
4000704252070
1005002379275202
4000750721430
1005002392885358
4000140947568
1005002210353040
32842127811
1005002314090337
1005002112449737
1005002263128208
32995485593
32670017418
1005002243156277
1005001848926576
1005002281763764
4001104971110
32693002514
1005002316338486
1005001287819108
1005001385908686
32901327863
1005002341210983
1005001869679097
32813303627
1005001611300335
4000381413006
1005002292990914
32884682019
1005002282007622
32888311310
1005001406453531
1005001423414669
4001072996705
33046480310
32849606526
32961690509
4000074464988
1005001867304506
1005002340935136
1005002467221490
4001289233386
32974437361
32742664445
1005002120528558
1005002428178199
1005002299524579
32915615308
1005002235764707
10000397745402
32907916584
32983220599
4000652854059
32761634279
33009504341
1005001941909494
1005002386927820
33039472332
4001231587493
32855200349
1005002323419198
1005001362724136
32968539081
1005001515685211
1005002361846473
4000305468426
33029837291
1005001769216676
32913814880
1005001632130564
32996532952
32832188797
1005002319191375
1005002318996984
32998606227
4000117941777
4001149359122
33003968253
4000850496095
32906263604
32808369469
4000302760843
4001354929030
4000269532417
1005001898958457
1005001794814911
33021220621
1005002275364724
1005001727508017
1005002314263798
10000400021516
1005002467051428
1005002353924802
1005002378166174
1005002449916916
1005002423535062