1005001527237230
1005002024460691
1005002296723002
33031453423
1005001993648151
4001309432296
1005002395014616
1005002318756632
32967678703
1005001695590041
1005001305333646
4001259793282
1005002387950267
4001164294288
33008450135
1005001947373036
4001363696456
1005001303051142
1005002068707565
1005002358338265
4000960626369
1005002198731908
32883816355
32849053335
1005002163058031
1005002378071678
32797819793
1005001869621258
32819584868
4001041992647
4000223837409
1005001908210979
32966468007
1005002084541169
1005002367927391
4000310421318
4000778336273
902607761
1005002260679830
1005001531516200
1005002319565451
1005001493267714
1005002409182156
1005001511348821
1005002068571340
1005001736717734
1005002496787641
1005001337541695
1005001787718091
32818483990
1005001908639012
1005001726284533
1005002377566339
4000829797519
1005002409403911
1005002122473271
4001155587283
32966128169
1005002245662667
32868092975
1005002268461223
4000792353892
1005002272294370
1005001568902329
1005001644740372
1005001353451868
1005002288077817
32840071398
1005002396115860
4000902420443
1005002265077055
1005001499363203
33058972818
1005001677369573
1005002358712236
1005002363500547
32851008483
1005002414037501
1005001781804362
32972753278
1005001670978060
1005002276884476
32815806200
1005002439217045
33037291139
1005002284622558
1005002251764273
4001002832087
32921948647
32955695340
10000393909114
32840060328
32887664529
1005002327204715
1005002261127341
1005002490390898
32866684814
4001192476373
32930917616
1005001830976759
1005002345109670
32823692149
4000607109738
1005001439106671
4000586896875
33052507609
1005001338601246
32911048980
4000019642592
1005002474585347
32855968339
1005002461653874
1005001921019551
1005001377265074
1005001787027347
32959667140
32915962123
1005002166268411
32793844434
1005002182510631
1005002340201738
1005001452143285
32840628753
1005002396835019
1005001587811069
1005001731525452
32384542107
1005002369405272
1005001958556179
1005002282287669
4001026075232
1005002246268248
32906738268
1005002453164351
32970917479
1005001626591754
4000195692270
1005002115602159
1005002286260399
32963385147
32712912846
32975369436
1005002134718101
33039490080
4000784808744
32673983512
4000971026501
1005002081519759
1005001720697536
1005001672058757
4000979925998
4001146067007
1005002314291679
1005002440027835
1005002446894373
32957277699
1005001700271186
1005001666273215
32660229997
32850485694
1005001803476465
1005002413387478
1005001856865537
1005001501457130
4000210847086
1005001379742781
32284075167
33029752621
32911232918
1005002294920527
1005002372172779
4000177206926
33023031973
32994951482
1005002018743630
1005002340555107
1005002184317644
32868614627
1005001750800325
1005002272292845
1005001983299828
1005001484386128
1005001520533079
4001350427518
4001187105339
1005002369857760
1005001596365441
32931506413
32952792944
1005002315181343
33045650180
1005002347297296
32860393325
1005002132782729
4001064889357
4001241859623
924150963
1005002327168456
1005001913315724
1005002193413964
1005001478898963
32963719806
32356421812
32588272130
4001272926134
1005002448848291
32630584760
1005002219444986
33050099086
32859639690
4000782733172
32864385745
32953182104
33023594460
33028235513
1005002311466013
1005002489543471
1005002336485174
1005001507788923
1005001503731575
1005002211734945
32369153973
4001221505338
1005002341715376
1005002120300611
4001338209625
4001097331134
1005001564678684
32536179722
1005002198592598
4000186768770
1005001799371342
33039121171
4000439382842
4001134247454
1856858290
1005001523673710
1005002304137467
1005002353834694
1005001473921832
1005001889402464
4001296305994
1005002392636210
32789210874
32839691416
1005002267997922
4000244869349
32822610411
4000644848851
1005002063140468
1005001500421706
1005001698630514
1005002348434701
4000393712152
1005002305615139
1005002282387164
32990934343
4000865411871
32891530916
1005002287088001
1005002323405717
1005001488609519
32906892494
32803723196
32569222646
1005001723958743
4000303151003
4001334247096
4001297237881
1005002359067561
1005001773947949
4001148107517
1005001915138957
33005702635
4000216509748
32949688878
32963108124
842271559
1005001922211804
32952259154
1005002176310060
4001123855795
32829049114
4001359398212
32860296409
4000800563137
1005001715096736
1005001620545377
1005002333491644
1005002321841234
1005001481719504
1005001977988797
32894982385
1005001695357752
1005002462388102
1005002379449264
4001233366075
1005002313391379
32863045109
1005002271659192
10000422266933
1005001581281877
1005002268518281
1005002313466032
1005001337420700
1930838621
32980940264
1005002490461961
1005002022737055
1005002114787647
4000220771855
1005001650617367
4000986128451
4001186595111
1005001958482527
1005001833607054
32894204165
1005002368391344
4001120490970
32757220912
1005001822401203
4000834288664
32962047061
1005002065399209
1005002350642162
4001360114250
1005002262267791
33057484317
4001218096214
32833283194
1005001867632446
32794379362
4000274272506
32811895652
33027537120
1005001714637218
1005002056030647
1005002389432718
1005001523295657
33033418028
32906239632
32889086493
32831592748
1005001817055481
33056582824
32923333245
1005002313416426
1005002371783177
1005001417332852
1005002410822973
1005001883626318
32706885456
1005002441844645
10000343586237
4000509955954
1005002356898910
1005001980276238
1005002460921613
1005002224645409
32789381889
32967949777
33062839133
4000495572929
1005002261469810
1005001500220321
32960268220
1005001570549019
33010025216
1005002310581564
32915275515
4000068665535
32985197940
32830923551
1005002307700537
4000801497274
32839350313
1005001470121272
4000770107299
1005001997159131
1005002322417189
1005002304778579
4001230867691
1005001598665655
4001215598810
32638596991
4000013790818
1005002362964163
4000833481255
4000181237777
4001109960529
1005002363821265
32887889326
1005002193158343
1005002323912916
32922163217
1005001566701095
1005001421392640
1005001530038205
4001112339289
4000143059918
1005001314152432
4000833532360
1005002356585151
1005001607892650
4001143663852
32873831929
32984909768
32968778193
32989266494
4000921107861
32847488217
1005002271283187
1005001405653125
1005002321921248
1005001992547222
32605696384
1005002253166237
32831711537
4001175692982
1005002058713117
32715287126
32824352601
4000683301700
32860918989
4001011067782
32969013983
1005002253640910
1005001624713875
4001197716559
4000474443061
1005001660946514
1005002341051213
1005002126746308
1005002225239637
4001338841784
32301038232
4000261662061
1005001514227363
32890293327
1005001862122250
4001033938575
1005001656828418
33001322713
1005002467552240
1005002313407951
1005002304419106
1005002200903396
1005002103349679
1005001637995564
1005001628113867
1005001670783853
32856802598
33020107652
1005001637313921
1005001381842501
32313317572
4000641007009
1005002439726716
32955267060
10000393010416
4001190821447
1005002315900244
32988847878
32661288449
1005002413206655
4000767934661
1005001525450494
4000593608034
4000498209773
1005001364307045
1005002345185245
1005002322992194
1005002235755325
32816272985
1005001682797849
32744729453
4001170634438
4001158874669
1005001928918571
1005002467704150
4000926067711
32985567636
32882783324
32805045096
4000550288995
1005001952511755
32835437418
4000385396031
32932068315
4001234430110
32559527915
1005001607828095
1005001652578830
4000384674675
1005002179278376
1005002237347895
4001235951339
1005002305138793
32860365716
1005001606257374
1005002078665586
32990975305
32809334219
1005002280661671
1005001873449978
1005002014131262
1005002393874301
1005001847753073
1005002466691712
4000694011719
4001183970400
33052067021
32987288793
4001337697651
1005001525104765
4001230096265
1005002286639127
1005002326594748
4001283857096
33010434841
1005002322341599
1005001592785214
1005002315243612
4001262902972
1005001507774981
4000894120928
1005002282860238
1005001489184279
1005001689330054
32985090066
1005002461792816
1005002383238279
32988503916
1005002394689600
33041102986
1005001452678175
1005002386793014
1005002336869158
33027081142
1005002399669166
1005002185377531
1005002321302406
33034319308
1005002137200022
32676606084
1005002461770149
1005001310983099
4001013752126
32717652419
1005002260177491
4001327645399
4001321134580
1005001695572234
1005001633082139
1005002063303194
1005002369259763
33018697263
32311194340
1005001598876031
4000483966565
1005001298330171
1005001749085294
32844415815
1005002462759230
32829422743
33035197522
4000569118898
4001180025063
1005002464663092
4001230333757
32505256179
545020128
32792954645
33009200071
1005002120297295
1005001741607748
4000130113811
4000982508358
32958120176
32961404482
4000627070620
4001316605484
32949627919
32881787149
4001282467625
1005002460112380
1005002271962046
1005002288916639
1005002313911116
1005002336162230
4001068053733
4000857147769
4000039360655
32367159766
32862704541
32813961334
4001331294156
10000414684142
1005001307138690
1005001845299441
4000987831389
32941399010
33061367476
1005002378696869
1005001723205872
32643386253
1005002238636683
4000308359258
10000418164942
32965241568
32924319692
4000132518645
1005002468535179
1005002353644276
1005002313468092
1005002489796498
32910702076
4000466273588
1005002056374275
4001316527007
4001032075452
1005002357901213
1005002160471848
1005001364318050
1005001671050903
32883790883
1005002323590030
1005001932903925
4000373386699
1005002122418759
4001060455327
33033217787
1005002028941995
32887526208
32826256695
1005001670813626
32822346716
1005001954874717
4000361623155
4000857325228
1005002260515814
4001140474980
33015956753
1005002317646000
1005001515858915
32867172050
1005001515035740
4000167021244
1005002219462111
32966874756
4001166040216
1005001450222347
4001033997221
1005002425248296
1005002309938859
1005002264631487
1005002264817445
4001017472817
1005002354065520
1005001873611564
1005002448573645
4001184265672
1005001939934521
4001047228047
1005002237802900
33029454945
32978931365
1005002274158214
1005001813244513
32890724513
4001046365293
1005001340048218
32869774747
1005002428282183
32524846301
1005002375085510
1005001441700206
4001052170168
4001234207450
32889701893
1005002448875193
4000944748242
4001162574623
33045240060
32746531386
1005002215491240
1005002332020973
4001157537729
32796671922
1005001411514513
1005001972450663
1005002413435167
32947081651
32902551064
32888661990
4001260061720
1005001923553673
4000537867842
1005001768654425
4001199532961
4001272960367
33003926674
4000167933136
32969261900
1005002321418891
32662248804
32889128300
1005002032805536
4000215361471
32680543565
1005001865091401
4000655850794
4001221101077
1005001814436676
33017688535
33011374999
4000627406352
1005001411445844
32809544462
1005001523980416
1005002188131857
4000810340261
4000059176782
4000215078521
1005001456446884
32954079285
4000903323493
1005001405737464
32966109276
1005001869884602
32879698892
4000383493532
32623719208
1005001454169602
33040933851
1005001761652925
1005001499170371
4000028249943
1005002388338272
1005002422111008
32959856916
1005001515841666
705550822
33017971533
32416265526
4000618608679
1005001738381195
32708239702
32996979916
1005002320296682
1005002367354358
32877334797
2036661125
1005002342240558
33010370270
4000909907268
32855601788
1005002347132193
1005002008328278
32948493850
1005001604528471
1005002023329634
10000022118565
32982332319
4000763375331
33009729376
4000447220370
1005002450611495
32804207245
1005002143152827
1005002363762352
1005002304949995
32983478735
32958397130
32843518878
32897152892
32819781350
1005001820792350
1005002180187711
32584236940
4000781997424
32896167842
1005002439134698
4000032213664
1005001460309337
1005002331970786
4001154183364
32968419136
1005002362308930
33000851116
33013835016
1005002265722431
1005002267929494
1005002417850043
1005002347379285
1005001658206168
4001114418730
32802117301
4000124081840
32986865327
1005001462848716
1005002469867338
4001334573910
4001208465381
1005002375747154
32960412744
1005002395315081
32967586844
1005001848594008
1005001758110415
1005001844832387
1005002449500913
4000975913790
1005002487510535
1005001329881137
1000006615390
1005002441182861
1005002475225635
4001184621543
10000319804878
1005001682567025
1005002305106328
4001283158787
1005002210248322
4001218005963
1005002441532197
1005002418329946
1005002191982742
4000498400478
4000794176600
32859708023
1005001383116847
4000918442318
1005002314542658
1005002122385956
32973109105
10000306314874
1005002227731454
1005001288462487
1005001666141506
4000218454826
4001270913410
32814105741
4000307355374
32872323804
1005001834883785
4000188548114
1005001451227306
32984017067
32843113837
1005001304576682
1005002185315919
1005002387099782
4000217601161
1005002304026936
1005002378073886
1005002283916164
1005001906347414
4000809993727
1005002466059049
4001253295584
1005001930384314
1005001587968910
4001150543899
32378106619
1005001525492189
32998442770
1005002256156845
32843082239
32628716699
1005001950112535
1005002417094865
4001278632006
1005001992347646
32827567083
1005002211962998
1005002456499268
32966545583
1005001408254088
4000273947997
32533301636
1005002498903993
1005001657849424
1005001505916253
10000373923096
1005001890310226
10000371553872
32791163678
32853389174
1005002021901267
33054648520
1005001594391763
4000808423567
1005002271471922
1005002342948145
1005002268260975
1005001779368482
1005001698424226
32900355595
32986098808
1005002240016684
32900618746
33047887368
32981130253
32971919230
32965837392
4001198977642
4001037223141
33054253011
1005001447219685
1005002250150733
4000342032715
1005001426492312
1005002229667924
1005002281499981
32913599756
1005002421171580
32807034540
1005001849337118
1005002175568674
4000320939359
32825768552
32968203025
1005002176933605
32934631639
33046881871
32955324780
4001050003875
32296774803
32955512336
1005002414049722
33037079861
4000127998080
1005001664090887
4000466008852
4001209025041
1005002268738687
33026072496
4000933943105
32557618828
32884278654
4000837908721
1005002281747075
1005002439325796
32822351676
4000823790469
32878435330
4000443202595
1853154970
32932539786
4001217431279
1005002231720151
32915515272
32989526625
32782466877
33043019931
32943729451
1005001269468485
1005001895857073
4000766852280
1005002500400580
1005001393204299
1005002383813813
32982973718
1005002490098553
1005001999413823
32453136276
1005002423682971
4001139620211
32965974335
32812877271
1005001600018068
1005001965627847
1005002181790361
4000945487906
4001167570494
32794377963
1005002333532283
1005002317545654
32833923485
32989729778
1005001720963379
1005002029422923
1005002298100382
1005001896034726
1005001608159851
1005002482886988
1005001821772074
1005001393925029
1005002254456306
4000407963882
32987813388
1005001581790187
1005002443613935
33033769758
4001259643568
4000014775144
32963831240
32777261932
4000945768321