1005002129866718
1005001340984472
32810982194
1005002359699361
1005002241978996
1005001327388868
1005001656943280
1848832806
4000418656493
32808635803
4000826018160
1005002326237831
33036228874
1005002240366796
1005002438358828
1005002182174028
1005001731764852
4000106125785
1005002467406944
33013844229
4000039542916
4000610216812
32826875760
1005001512800679
1005001604822205
1005002011748427
1005001941410273
32701286955
32863382389
1005002246378280
32822902736
32966773773
1005002077034722
1005001556663559
1005002124968268
1005002352997521
32837783172
4000899731281
1005001818041170
32367659415
1005002496635071
1005001525693680
32978167380
1005002333623610
1005002350342551
4000127309219
1005002281733284
1005002314211424
1005001877374024
1005002433097899
1005002333405846
32854417346
1005001479748087
33008523715
10000062851184
33025836827
4000214740648
32897366571
1005002253621533
1249390011
4001275888092
32826716894
1005001830122463
32737799497
1005002089274474
32863884125
33021981558
32630487065
1005001987888173
4001184722476
1005001929455597
4000717715536
4000385467077
32808274848
4000228934576
1005001810979413
32644451526
32817096357
1005001616781932
4000245873063
4001191794436
1005002326583838
10000207745462
1005002315889254
32303639652
1005002281949222
1005002487757088
4000287614596
1005002450520243
1005002359044132
4000920984106
1005001970624046
4001117292063
1005002286334125
1005002377199805
4001268181977
32911523497
4001142529681
1005002475931940
32896032270
4000884162947
4000912799798
1005002361909188
32802771313
32921100863
1005002408015009
32965639538
1005002007706010
1005001360296031
1005002383200764
1005001974626190
1005001391699772
32946539891
1000007340401
32832502259
1005002378005124
32888475591
32847614773
1005001551317261
1005002481123061
32953074284
32905750837
32838825026
32968412607
32983442954
1005002443544461
4000843321469
1005001539944235
4001229985473
32833854695
1005001720165819
1617238004
32649025555
1005002353445050
33046283044
4000778822458
1005002369796711
33004019319
32895631989
32984410558
1005002205319905
1005002336954807
4000444944624
32816724262
1005002428210701
4000328947338
4001060903688
32657565777
32857015988
32983032710
1005002017018708
1005002211425825
1005002289578242
32975286899
1005002371177843
32712473905
1005002071383800
1005002129065912
1005002323559284
1005001626800328
32846077462
1391784591
1005002320021229
4000666784339
4000607195372
1005002003737257
1005001659715102
1005002264462823
1005001653000994
1005001596437384
1005002219567908
4000176187595
1005002213156491
1005002261760715
1005001727895543
1005001685597954
4001324325564
1005001768364979
1005002147196487
1683979839
1492500814
1005002374931593
32579515064
32952506130
1005001872581010
4000896090987
10000399955284
32815345427
1005002271928418
1005002366587908
1005001370946135
1005002395761963
33006720540
1000007381035
32866127588
1005001466315619
32967792909
1005002304400538
1005002364081534
1005002151692713
1005001392672485
4000623935074
4001044805267
1005001484433381
1005001431313562
1005002316828751
33038222823
32839135357
1005001727582569
4001090484408
1005001627738929
1005002027943518
4000375470527
33008340940
4000850666875
1005002033710059
4000410020044
4000960960636
4000689536491
1005001717881844
33007238797
1005002314315564
4001142375628
1005002500424895
1005002122499418
4001343860428
4001280742365
1005001952132595
1005002035399437
1005002352690067
4000842691091
1005002167902042
1005002199099801
1005002246020620
32810957936
1005002416193728
1005002074173602
32966331339
1005002277613113
1005002396531951
4000630811095
32950184404
32890467645
32955504396
1005001838228926
33042606410
4000292504550
1005002133104827
4000987331580
1005002440197202
32648862409
33002374505
33045974899
1005001998247955
4001244622093
4000261861582
32717871708
1005001675136698
4000986441919
1005002254426824
1005001588143948
1005002363487436
4001173914629
4001343958626
1005001939935115
10000382238845
1005001738040257
1005001985814595
4001339160759
4000886944749
4001033014691
1005002436595282
4000661005875
1005002314440366
32934907955
1005002332678796
714422497
1005002350728209
1005002336741966
1005001807786069
32681468306
1005002100547533
1005002347578351
33031197307
1005001474031859
1005002314393332
1005002336217398
1005001686234297
32670597623
1005001966514279
1005001686295227
1005001698968822
1005002421525241
4000594715882
32945988805
32843701221
1005001868658638
33003560606
1005002279165794
32968079970
4000384317156
4001225259040
1005001878941834
4000709117345
1005002170694915
1005001392877968
32853158798
32835585650
1005002340415690
1005001515886518
32800066917
4000461715221
1005002356512296
1005002021712991
1005002298246857
1005002277709624
32947330559
4001138621665
4001285042995
1005002329252922
10000334021473
4000003561973
10000004919764
1005001893456512
1005001515241343
1005001517028878
1005002489647356
1005001541359961
1005002367399025
1005001424393013
1005002467181298
1005002208420414
32553976723
1005002042390720
33057959800
32769815090
32816536745
32976642389
1005001481330486
1005001961709226
33017257588
1005001464889599
1005002268235890
33024672027
33000264189
1005001287753534
4000321681921
1740239547
33014777090
1005001666170387
32985444663
32854860552
32580036305
1005002337676675
4000842755393
1005002307144089
32836057974
1005001994650151
1005002388377582
1005002234484982
4001232128070
1005001698546492
1005002491662244
893760769
1005001270959345
32984570992
1005002301857483
1005001311532910
32975795082
1005001914809189
1005002192899229
1005002314281879
4001037026556
1005002453360350
1005002046302588
1005002348737609
1005001831172338
4000899466656
32770181481
4001109786943
32993243099
1005001572625525
4000695657318
1005002351001943
1005002491401467
2046474591
1005002312106049
1005002443101360
32958879227
32759891039
32910261045
1005002441673997
32983979726
4001230204304
1005002333559745
1005002278002416
1005002335108144
1005002377633784
32982250870
1005002482248967
32999865617
4000322269538
4001333730480
32827614401
1005001423175520
32287938413
4000879170612
1005002198315859
32883784662
33038978508
4000849855273
33000396114
1005001379631992
1005002270721022
1005002359310685
1005002467652847
4001148377984
4001035440312
1005001418929338
4001178375980
1005002288299098
1005002315113585
32823690539
1005002376139622
1005002313744317
1005001715246518
1005002120965098
32832171913
1005002454309280
1005001502552641
1005002310916915
32832573083
1005002471148586
1005002025106077
4000972289841
1005002485170580
4000697476287
1005001722575794
1005002399719775
4000452393702
1005002347341078
32769112490
4001265283088
32837975819
32913430004
1005002325502340
1005002264000386
1005002290069537
1005002465768949
1005002266037279
1005002453204681
1005002332415208
1005002217261167
1005001706737618
4000246618779
1005001729391595
32989152640
1005001437662198
1005002288527733
4000960598350
1005002454971278
32826968415
1005002108557731
1005002240380869
4000861837142
33006949507
1005002336499808
4000176834804
4001269390191
1005002312233517
4001091273776
32989830418
1005001402387474
1005001669796549
1005001406200325
32682203957
1005001834449759
1005002478797269
1000006309935
1005002347066645
33001289743
32961914198
32683973135
32900455063
1005001890018326
4000320850271
1005002191848672
1995169725
1005002448950193
4001320365646
32899736579
1005001659705052
32963346102
1005001584874671
32883650846
4000597631115
1005002234006456
33020644796
4000972868714
4000971469157
4000442321760
32506394707
32833309308
4000930247813
1005001381235222
1005001426570413
1005001848165453
1005002467104512
4000253195451
32816702870
32920524575
1005001441437407
1005002372437284
1005002279597624
4000815346189
1005002440714715
1005002348679615
4000237843129
1005002443723146
32313198511
1005001860695978
1005002453547658
4000512862027
4000262680860
4000505384307
32977082170
32946745031
1005002350794069
1005001850827618
1005001907477167
1005002085382043
32771625473
33016999820
1005001673123870
1005002173520191
32646972915
32881018246
1005002345157334
1005002108523382
32877441372
32822763034
4000772195423
32854914998
4000589150480
32822099666
32703797708
4000397655654
1005001489203374
1005001871087536
33035264047
32900144009
4000443606433
1005001724072526
32705333112
1005002352748429
32955978395
4001272963389
4000530545278
4000982521314
1005002054785417
1005002475893279
1005002321768413
1005002330468079
4001004406190
1005001411562362
4000852667977
32763522407
1005001568684394
4000506489252
4001052778916
32993883291
32652164409
33049505989
1005002390291445
1005002157517544
1005002490502109
1005001853383309
1005002282415369
1005002290471605
1005002313455172
32946445106
1005002330544562
1005002375346988
32955785385
4001034786577
1005001314590094
1005002099386491
4001364111932
1005001936270352
1005001824265134
32775257496
33013819482
1005001656978949
1005002224250996
10000128114872
1005001570652842
4000294693676
1005001547880684
4000812173195
1005002432512334
33021855774
1005002221764914
4000279045183
1005001545603865
1005002288752990
1005001818655250
1005002297142807
4001176108011
1005002316090925
33027525714
1005002408588961
4000889769282
33054624897
32680087972
32918122455
32957023152
1005002289609183
4001289662665
33034696362
32867980288
1005002245781621
2054478573
4001205605202
1005002353247459
32863002003
1005002170937808
1005002205299560
4001215209969
1005002483858902
1005002443190360
1005002468489267
33005016957
1005002395732801
32916736681
1005001728341059
32528079750
350341556
4001228095332
4001120379220
1005002287001512
32952785126
4000131271946
1005002416662264
32830023438
1005002443668617
1005002271762701
1005001721396251
1005002258809432
1005002480931272
1005002395227818
1005002316652449
1005001713454320
4000481332950
4000427101434
4001090724231
1005001325254942
1005001572155612
1005002311609862
32924031230
4001159627326
1005001607798261
1005002311909915
1005002454345699
4000785388450
1005002262211037
32566984318
1005002253625292
4000861103781
4001171035517
32903823567
1005002313994620
4000388023900
1005002418647598
32999076124
1005002307377610
1005002225417094
1005002453740708
1005002283468982
4001265995293
4001059727826
4000782365191
1005002253616321
1005001921433609
4000302003332
1005002069119411
32319606758
1005001664562069
4001278992784
1005002344018432
32956838964
4000257512608
32860764535
1005002417742095
32945552716
1005002425864103
4001109866966
1005002394869657
32894386753
4001049064657
1005002142883774
32949305171
32632555054
32842018792
32837841544
1005001659212243
1005002287707990
1005002490292263
32814766319
4001181311850
1005002075256076
1005002469084999
1005001754106506
1005001384166602
32998578894
32793847266
1005002057183139
2013190983
1005002284259980
33035878266
4001031322215
1005002315386608
4001277098055
32977839232
1005002315315536
10000294394358
1005001849130690
1005001771530411
32836358973
1005001874437335
32833313198
1005002399931303
1005002447939571
1005002007052269
1005002241524369
4000032698823
1005002137204850
32918770381
1005002377580446
4000102743073
1005001519188148
4000283456415
1005002298578923
32902350758
1005002420799238
1005001867861146
33050772961
1005001587107920
4000842967706
1005002336898954
4000636713641
33022009241
32951547339
4000096733585
32843574522
4000980545650
1005001406253706
32975214365
1005001855028659
1005001920518047
1005002267762659
4000860428637
1005002468234845
1005001713202997
1005002076465685
1005002184877863
1005002078664705
4001068492297
4000843046082
1005002346938469
1005001687887598
1005001706774245
32568053398
4000714492604
33031677728
1005001443215630
4001204564800
1005001380031370
10000397749365
4000073773516
1005002348277271
33019986711
10000146372485
1005002372187766
4000990856299
4000462851198
32951781504
1005001335484116
1005001330168678
4000173671675
1005002318524634
32879328022
32769521779
4001138184513
1005002490253652
1005002289500605
4000410735454
1005002387981713
1005002222620821
1005002430839845
1005002357869878
32993992721
4000829235362
1005001640426071
32918839328
32263573487
4001280403337
4000983188143
1005001694768652
1005001360737007
1005001425383141
1005002356312142
1005001348523023
1005002295421669
4000077327156
1005001893146564
4000696258625
1005002345029024
4000057281965
33058737260
33037643241
4000111215671
32869676025
1005002159622020
32858575056
10000183333941
4001132926910
4000842975669
1005002337430135
32616808886
1005002381881581
32862206565
1005001339253304
1005001511590887
32964718596
32985685059
1005002070412796
1005002423874160
1005002298513140
32859469518
1005002300130345
1005001531876112
4000674721869
4000012709976
1005001793067426
32891050496
1005001560886001
1005002234186969
32768000888
10000413859411
32841721453
32918733630
1005001457750950
32951014333
1005002328008235
4000576132229
32891040533
33042500362
4001188673105
1005001783179514
4001327761008
1005001604240163
32964642054
32884132092
4000335543739
1005002312998212
4001337875110
32433759959
10000395870223
4000206686098
32985099094
4001228651612
1005002298266276
4001117894181
1005002473043443
1005002259545209
1005001565334749
1005001438610695
1005001284884424
32789699191
32890077463
1005001923833472
1005002267852278
1005002496977115
1005001984403651
1005001825605814
33033538931
32725745697
1005002229775421
4001197923416
1005002224317547
1005002254060340
1005001670851411
32293025878
4000076250070
4001027918835
4001248673354
4001358707594
1005002490480139
32992411542
2012461370
1005002431861780
33033506735
32951892817
1005002447953811
4001021892448
4000068514433
1005002275313872
1005002419415794
1005002455048187
32788512493
1005001913445094
1005002314050227
1005002353342408
1461113110
1005002176611035
32996566210
32993057488
4000074177482
1005002272549103
1005002400658290
33014899125
4000987520515
1005002345018698
4000837258370
32956567294
33035076367
10000397764176
1005002389400590
32556413268
4001278934223
4001257918423
1005001736827498
1005002283396909
1005001748139851
1005001604597815
33044477055
1005002396452689
32954574230
1005002055365366
1005002333806887
32646837892
1005002272467767
4000063880260
4000804155285
32964223019
1005002301504764
1005002439045243
32749913656
32975808708
32563389696
33009693561
1005001413762544
33050997256
1005002412308228
4001145063593
1005002257749859
4000379740612
1005001897558008
1005002336717779
1005002176292258
1005002094660920
32857676616
1005002390880860
1005001637806489
1005002233370042
1005001504244965
1005002033266623
32782690679
1005002221125357
32930598556
1005002260407503
1005002364253056
1005002284693364
32958767922
1005002166644087
4000812442633
1005002282697578
1005001360483560
32829710666
1005002078686766
1005002314269676
1005001843447259
32891006638
32955433025
32791068985
1005002011728505
4000489193210
1005002326856997
32959988341
4000515110774
4000934275108
32753723276
33045528405
32891183066
1005002334485699
4001115545455
4000138442008
1005001882548786
32945881949
4000808208679