32678500229
4000453707282
32982401649
4000959142184
1005002322617206
32712515407
32966025468
1005002326399468
33007555264
4000549495772
1005001488381986
32904480414
1005001824948613
33049928199
1005002003057467
1005002037536296
33056217844
4001315586586
4000941139308
1005002176984143
1005002359708877
1005002326036248
33037602281
1005002334269585
1005002055736937
4000070380050
1005002328588505
4000771297918
4000794119040
4000546668235
1005002365670428
4000677467026
32726560403
32993083486
1005002393069254
33001952226
4001128518142
1005001693183317
1005001586748767
4001039435361
32846044667
32718969473
4000726598541
4000670006164
32883652870
4000521911778
4001247878313
4000261563239
1005002307470064
1005002253896103
32949893996
1005001762739905
33013716631
33014185133
4001050594711
32812669907
1005002262157951
32295809000
32867253255
1005001525253828
1005001547269776
4001193664004
4000082833750
1005002367549700
1005002319320374
1005002322912342
1005001913962957
1005002241690215
1605530184
1005001620610206
32839378614
32677205707
10000349525611
1005002330056869
4001205129020
32597085309
32919566082
32964177618
4000746244770
1005001640399392
4000706588764
33035929500
4000332894758
4001223699657
1005002434722187
1005002344299314
1005001812370933
32652040063
1005002261263966
1005001934449972
4001274572155
1005002198051535
4000594685099
1005002170688661
1005002314353012
2020940278
4001097189872
4000176712907
1005001531939034
32865195545
1005002333553506
1005001877924457
1005001382135042
32932958039
4001292977781
32793950983
33014838561
33015583524
33040570128
1005001961482062
1005002126294771
32434130433
1005002166666925
4001193920480
1005001516359369
32951331201
1005002318878683
1005002247584810
1005002099649292
1005002336922904
1005001323834461
33015893463
1005001297627510
32881721148
1005001513194062
1005002358411252
4000328269959
4001204081362
1005002314420438
1005002232215577
1005001913699938
1005002442121910
1005001860742891
1005002440042927
32969086711
1005001750767841
1005001529923535
32919514116
1005002306887186
4001183742814
1005002496482235
1005001350803161
4000414944282
1005002425383394
4001224582103
4001343899875
1005002418291624
4000857197309
32796490811
1005001962135424
32917352310
4000503993931
1005002014933101
4001098439591
1005001530016567
32886300575
32882580940
1005002233049066
1005002314379226
4000283450988
1005001708345076
1005001718736400
32815571742
4000923553240
1005001802618561
4001160278830
32890241886
1005002306216803
32588210783
1005002238518170
10000346951133
1005002245861528
1005002329128068
1005002282998890
32982777301
4000385280332
1005002393913634
1005002443701160
1005001519379383
32887034377
1005002450907319
4000402461974
33002864897
33015794685
1005001891840760
32960199404
1005002122359680
1005002150633627
4001037235361
1005001770067395
1005002330755478
32442634548
1005002327851534
1005001481837931
1005002081444469
1005001921768015
1005002069829027
1005002466268523
1005002376452165
1005001496498379
32682836976
32804370638
1005002413662460
4000910585800
4000547745635
1005001812213923
4001057832025
1005001467059185
32865873268
33053628333
32927281059
4001218550112
32672040488
32878201867
1005002394771872
32887819168
1005002450296566
1005002378289765
1005001461088032
1005002337042403
1005001573747260
4001038728866
1005001580182473
1005002390383939
10000064519174
4001204630136
1005001922592292
32890315900
1005001465637333
4001061933787
32812705922
1005001608630416
1005001321056222
32881456491
1005002438133576
1005001687930254
1005001633288525
1005001641286164
32917805241
32805541469
1005002465483885
4000902389190
1005002279064290
1005002001654456
32858036653
4001216329747
4000939943104
1005002353624388
4000867068745
1005002168057782
33048341287
32803767722
33035175689
1005002102397359
4000994330378
1005002232719615
1005001993501743
1005002191881532
32898203205
1005002439886111
33037760857
4000096752609
1005002376037068
1005002228560376
1005001617897217
1005001990778291
1005002396530155
33054492373
4000958994795
4000959695226
4000016879223
1005002467222450
1005001521542848
4000799842728
1005002171991458
4000617719425
1005002305823319
32848753156
1005001310534241
32971907359
32853524106
32822499808
32543569492
1005002394595813
1005001912494434
1005001425372266
1005001450086762
1005001868193143
32994921704
1005002221994485
4001349419023
32952622375
1005001316348448
1005002297464600
4000498638593
1005001906226232
32993462440
1005002381670316
1005002269053241
32995825729
1005002332638110
1005002359336863
4000418546612
1005001848561385
10000400064256
32847390643
4001230319647
32997803510
1005002327745935
32859398833
32980241986
1005002452936388
33025006133
1005002316768434
33043679704
32902206065
1005002252445381
1005002469404083
1005002305731365
1005002347287611
4000894739126
1005002497155843
10000127262758
1005001895963797
4000145770676
1005002324499969
32860690335
4000910841300
4000922005548
4000939046851
1005002355968646
32358163321
1005002076908650
4000374062835
1005002291133488
1005002226520744
32851321774
32829533968
32991539789
33042196634
32917895801
1005002356868287
1005001900245684
1005002242610704
1005001439173281
1334156932
1005002248741373
1005001824634317
4001145919614
32813747123
1005001908804103
32950864874
33058033872
1005002399101929
1005002339971300
32961255125
32906981281
32926494657
1005001543715830
4001100878657
4000325444199
32948172250
32959041476
1005002168395001
1005002204746473
4000854814102
1005002329927110
1005002247367425
1005002324098703
32967999899
1005002390733996
1005002125313291
1973626391
1005001727783944
1005001524848825
32323389009
1005001906986827
1005001658463713
4000267582308
4000571151466
4000116180010
32911142963
1005001734472367
4001113302819
1005002314676139
1005002297544049
1005002281072897
4001230285971
32951451811
1005002477710481
32902054180
33061742565
32673832374
1005002279158224
33004416296
32762663123
1005001422940404
1005002135858721
1005001928147005
32317962484
1005001729103135
1005002180206069
32984178351
1005002288951113
1005002340697407
1005001965777368
32870026606
32272311637
1005002406894957
4001186141417
4001285487228
1005001935042163
4000138764146
1005002168710570
32881410188
1005002122008497
1005002416491261
32952003273
10000351772655
1005002316340594
33008152926
1005001721137538
32924126393
1005002305269939
1005001368706600
1005002213377396
4000043579641
1005002074418899
4000473655013
32845276163
4000300143273
4000960578626
1005001425239299
32850159870
33011362091
1005001406497588
1005002387296954
4000906265889
4000845435303
1005001927390462
32830750857
1005002264601867
4000271855298
1000008160290
4001317706737
4001041375498
1005002346064565
1005002416748995
32859650542
4000823940724
4000468440963
4000510216399
1005002181156564
32562779905
10000062859343
1005001645099961
4000859728695
1005002275029017
1005002246707646
1005002108633519
1005001692699111
4001062782913
4000465848528
4000450967804
1005002318187921
4001204043411
32992489456
4000712645497
33001427283
1005001571359543
1005001695457265
32559948088
32816229798
1005002497653696
32526260375
4000358830954
1005001705166514
1005002336524786
1005001450136565
4000902669869
32886874377
4000979821139
33008407627
1005001315580184
32888415157
1005002355647928
32569222781
1005001604452451
1005002359826184
1005001588733289
1005002249412399
1005002469733244
1005001955615698
4000262578310
33058760017
1005002280738376
4000838320729
1005002459397854
32845098311
1005002341734819
1005001588062515
1005002062934890
1005001967525240
1005002314878961
1005002276920670
32847775303
10000005717605
4000751630998
1005002151840686
32951649570
1005001667674553
1005002350834353
32983439063
4000884122542
1005002470298688
1005002337700443
4001115511615
4000589153058
1005001316634758
33008345799
32800388129
32835043164
1005002206284584
32981029538
1005002110866179
1005001269460488
32410247681
1005002313012646
4000522029111
32923944456
4001242092161
4000773815323
1005001701294395
1005002386781322
32853763839
4001200038181
1005002074074005
1005002256005056
32619396453
1005002464801241
1005001835232591
1005001833370962
1005002382831621
4000830408041
1005002389314407
4001032017661
1005002399948426
1005002240509098
32987142847
1005002247197679
1005001970462143
4000717414406
32951530488
1005001786579428
32897624363
1005002372565654
1005002107662625
32607729660
10000314945532
1005002327751514
1005002371696991
1005002400635170
1005001868551347
4001248293246
33040410382
1005002301043673
1005001415769153
1005001828787157
1005001333386890
1005002270725572
1005001412267525
10000027350065
32853564511
33008180129
1005001682883514
1005002477093947
1005002284735330
1005002389607407
4001249338880
4000627246684
33018738956
1005001397157406
4000456226410
1005001965097727
4001174457384
32983580076
32918876821
1005001695530587
4000286973170
32704701211
1005001889734531
4000187604394
4000049077976
1005002413232807
1005001918780800
32651925869
1005001621358450
32906239810
33045750024
1005002371756134
1005002224854985
32773583816
4000054125942
1005002324568390
1259771730
1005001380460806
4000852748550
4000073607879
1005002287989302
4000215902848
1005001386472432
32962036247
32861345003
33048986769
1005001792995835
1005001416651933
1005002466975574
1005001966635999
1005002083834221
4001175905851
32919474617
1005001529182597
32998734759
1005002053166746
1005001804050074
4000990301136
33038539070
1005002004930509
1005002304262393
32770605291
4001253714661
10000403958056
1005002213257762
4001179758933
32484274897
4000970956377
1005002256330777
32864650458
32908427706
1005001270148116
1005001298899869
32984394026
1005002283074987
1005002193759838
1005001820431409
32874422774
32832662968
1005002289448785
1005002252085420
1005002089745360
1005002363390429
4001010483157
1005002482636315
1005002281511847
1005002441191810
4000696118825
10000395917645
32694671832
1005001360744149
1005002340566935
32702599341
1005002341008670
1005001997463271
1005002301982115
1005002272454342
4000770232021
1005002007110462
1005002442880175
4001252310150
4000941063549
1005002217780264
33049136940
4000299513297
4000153300930
1005002000272060
4000875046351
1005002292524634
33016376611
1005002212291232
32890443578
1005002492217667
1005002173090120
1005002484793223
1005002339923129
1005002140242432
32678121562
1005001450661894
1005001830847988
32871247609
4000006878529
1005001525228279
4001081138687
4001045956131
32998950641
32955958455
32798682269
32830912959
1005001867276690
4001236035501
1005001469188481
1005002219231653
4000117079707
1005002466231340
4001298619070
1005002400328294
1005002238232525
32815062055
32900919137
4000739480253
32957969709
1005002409634197
32346438193
1005002298835443
1005002312703605
33028006198
1005002048935628
4000689102806
4000878138485
1005002084913237
4000266529952
1005001828282856
1005002319385702
32766951698
4000927046658
4000712751006
32668996194
33018804713
1005002348618125
1005002449710733
32820106183
1005001488101194
1005002304358083
1005002261122678
1005001926548596
4000935160133
1005002304760728
4000373645799
32988336944
1005001785952731
32733580292
1005001862838890
4001058676299
1005002243939586
32751862530
32771214281
1005001835555310
32811987839
1005002327088027
1005002191455589
1005001588161536
1005001846021103
1005002259026435
4000990841873
1005002412414540
4001255978075
4001230978601
1005002147428571
1005002079947014
32956349286
1005002453885719
1005002330538883
1005001710090967
1669893073
32648889354
1005001629435786
4000265086823
4001142413803
4000972651043
4001231253129
1005002323546950
4001287072342
1005002358371906
1005001469610781
4000341317905
1005002433458590
4001341035632
1005001657819000
4000528031834
1005002489157401
32532394430
32837542952
1005001805297135
4000453118388
1005001630487511
1005002377573292
4000055559497
1005002258949271
33014208235
1005002351000423
32603944068
32764927765
1005002289062636
4000368412409
4001272471977
1005002287719950
33054903129
33047353289
4001166578202
32886854999
1005002343981147
1005002500374012
1005001995178382
32872397204
4001189565276
1005002467458460
4000525350866
4000140980125
4000265038840
32990339264
1005002167480006
32350463080
32948889070
1005001848576833
4001181099426
4000954991500
4000146671264
1005002440808965
4000850506592
1005002193296063
1005002469560474
1005002241366571
1005001444916895
32957643149
1005002277369911
32964883083
1005002426590104
32838270525
32827957028
4001286493874
1005002359664639
32618956350
33022933634
4001364566257
4000300491333
1005002370066524
1005001413027977
4000256783921
33009245196
32869309271
4000068218691
32989296064
32854615577
1005002427259075
1005001779634058
32799960204
32940584867
32748776734
4001349601962
1005002293127365
1005002388062443
1005002115159824
4000071417812
4001282613129
1005001325470362
1005002260338803
1005002319181337
32863729107
1005001382504223
1005002302927866
1005002394777451
1005002439818439
1005002359765656
1005001514520459
4000056673760
1005002276828759
1005001849041145
32871535887
1005001940690637
10000256315962
4001269031392
33008190355
4001210075091
32900230907
33031020883
4000093028267
1005001567216947
1005002369043590
1005002481701304
32898498363
1005001895681688
1005002316812258
1005001603785713
1005002439946665
1000005807072
32901303801
1005002467485345
4001299763487
1005001808757147
1005001882412386
1005001525380621
4000736675459
32965620670
32829186831
1005002084993106
4000740406603
10000054259014
1005002320882594
1005002275501729
1005002346830204
32843461129
1005001625307418
32840291875
1005002478499638
32292506436
4000331150027
32998434096
1005002315830686
1005002359751755
4000467522466
32971559272
1005001491164400
32802704943
33027082485
1005002146077862
4000058737226
1005001953078367
1005002382162954
4000144786272
1005002236336809
1005002293464246
4001267308627
33050209397
4001097013521
1005002273521234
1005002434358237
4001029939906
33013804835
1005002323971378
1917394710
32911766635
1005002297444468
4001136144104
1005002318304594
1005002073880871
1005001707408759
1005001320246158
1005002336635418
32946008730
1005002389517071
1005002333110551
1005002382299867
32787707395
1005001301625820
1005002368398653
1005002314357062
32983005505
32856759682
4000096543767
1005001494170512
1005001733298444
4000898747676
4001298716141
1005002382259777
32957993218
4001360576511
1005001841908095
4001158957054
1005002167831695
4000712569154
33037149873
1005001397061000
33006861600
32458164866
4000360632212
10000400020925
1005002490803122
4001149786273
32843750329
32768919851
4001094700495
32776942473
32976823225
4001174532623
1005002323191474
1005002235335714
1005002310588483
1005002362004679
32667855324
4000245981210
1005001701212946
4001233837646
33000791703
4000479887537
4001130831071
1005002348399859
1005001593645667
32623931015
32907753301
1819757337
4000957526837
4000186452587
4000967500644
4000209231020
32849281358
1005001664273162
1005002047751597
1005001452104411
4001290560880
1005002303331816
1005002162328664