32967551249
32434114721
4001007922168
1005001733742584
4000960700610
1005002469068416
32382943596
1000006251691
1005002413253621
4000172501313
32988184929
1005002395714054
4000404531502
32862274371
4000812052276
1005002193875267
1005002213655687
1005001707749412
4000232337257
4000999504204
4001283203961
1005002490403567
1005002069641796
32953162100
1005001928906606
1005001737780298
1005002453803819
1005002450778003
4000345449657
1005001763953226
4000483404753
1005001524428413
1005002322040502
1005002017009418
4000865137970
32662538243
1005002365468498
4001085102896
4000320664487
1005001632091076
1005002186383724
1005002412422245
1005002022203465
1005002116156312
4000625470803
4000641465017
32895433537
32965516694
33012365493
1005002310178413
1005002295497433
32889766530
1005002388147304
1005002361479605
1756338779
1005001436094332
1005001332023948
32921212837
1005002033386768
1005002241888471
1005002372331599
1005002181111842
1005002308944524
4000930181790
4001237965967
1005002350394313
1005001567191508
4001082871322
1005001843493380
4000283906072
1005001274325066
32910561588
4000742323375
32847347471
4000912410340
32932862985
1005001853737952
32829568524
32983055601
4000046015265
1005002230756440
1005001817996326
4001228782258
1005001666419654
1005002038183083
1005002217646967
1005001968954943
32820519693
33045565472
4000286488846
32913760708
1005002334167556
32808481628
1005002246593112
1005002303428793
1005001774765218
32962319494
4000186045476
33042764674
4001151157950
1005001701072888
1005002317494037
4000925592957
1005002357278392
1005001744558135
4000235303642
1005002335335396
1005001577395635
1005002060702066
1005002318868537
1768490631
4000720210950
32858638681
32918672323
1005001891237820
32952663341
1005001707823123
32966771343
32905773472
32504939661
1005001474864896
33055807950
33007609581
1005002314523035
32421159733
1005002318938896
1005001694976859
4000848839689
4000237930990
32828268114
4000938189652
1005001586212094
32973548168
4000771246235
1005001896094763
4000215900141
1005002309655461
1005001995820401
1005002383178121
1005002183797068
1005002089907771
32970475710
4001324135065
4000954118990
4001150388977
1005001965565409
4001207682060
1005001659056196
32993967477
1005002315054568
32829132348
1005002304291389
1005002093945803
1005001355215636
1005001732838205
4000293291482
1005002427836408
4001110817966
32716320435
1005001680489538
32657992469
4001161886536
33049360773
32971621500
1005001419016107
4000789373132
33015417248
4001235779304
4001235140115
10000031839832
1005002255113207
32880318605
32886459373
4001280388200
1005002254028427
1005002400534488
1005002104405842
1005001709867352
32898639192
1005002364074604
1005001338714881
4000045509225
4001340317544
4000107903017
1005002337914385
10000384985279
1005001949333502
1005001333665328
1005002442359296
1005002468651495
1005002313104597
32358920776
1005002413183630
4000290925579
1005002316755040
1005001890351103
4000206069394
32790221110
4001009609068
4000970132596
1005002469041554
1005002454727348
32811051914
1005002388300457
1005002401456135
1005002237759578
1005002304976769
1005001854724298
1005002389363387
32897313561
1005002410061379
1005001373962313
32849712174
1005001927704384
33026063794
4001119352300
1005001451571294
1005002122380558
1005001591938822
1005002267873260
32858243078
4000635856038
1005002483065629
1005002063773686
1005001642616770
32948026000
1005001714708317
32853140156
1005002316619406
1005002359110751
4001231454878
4000742598420
1005001659018245
1005001588228553
1005002279017837
4000220567473
1005002291015658
1005001780807066
1005002242931335
4001349475577
1005001905476968
1005001567314901
32929392717
32952670151
1005001580015062
4000898878171
32994214185
32611548512
32835223923
4001238065241
1005001353765654
1005001567616181
4000902886799
1005001499857446
32932304484
1005002053607726
1005002266281239
4000320420933
1005002224298340
32725702785
4001228001070
32892350522
1005001703285291
4000238797585
4000842963742
4000691564582
1005002485171588
32982127342
1005002363276042
1005002336585852
1005002287955085
4000785410032
4000464141498
1005002297248529
32719910727
1005001573368250
1005002313441033
32784960790
1005001398029920
1005001560445299
4001099157305
10000400011370
1005002185333511
1005002315564953
4000850413995
4000918465302
1005002274244667
32819755824
4000012042459
4001307906443
1005002418465430
1005001929534584
33046130405
1005002470940801
1005001912952129
1005001644421524
1005002460908605
4000261805252
32986035966
4001039488706
4001133240821
1005002234449731
32846940889
1005001314006383
1580156981
32879966652
1005002317836411
1005001627630988
1005001483443728
1005002305301736
32889134265
1005001510903712
1005001513210457
1005001630576670
4000468752688
4000983492374
1005001723041480
4000768899655
4000955862048
4000917698586
1005002102229851
32842983103
4000010840839
1005002065574246
4001141704664
1005002252410240
32289186959
32836651047
33052489372
1005002418600093
1005002454367781
1005002125237887
1005002367949531
1005001665445742
1005001639883690
4000358316098
4001157028303
1005001989748200
4000528862879
1005001757513854
1005002386908388
4000507174013
4001095380356
32847338602
1005002500476610
1005002381521119
1005002255176035
32653003012
32886546014
1005001314783471
4001365194400
33007681940
1005002295418169
32866824214
32725890003
1005002119576223
32975619878
1005002282498863
10000387228078
32245006246
32590212846
4000346308606
1005002298672946
4000222092115
4000398014442
1005002316051544
1005002241162635
1005002485539919
1005002281807771
1005001402346808
1005002355862501
4000688919548
1005001864917802
1005002080576100
33054170221
1005002189828673
1005002283549683
32962401028
1005002372746775
1005002052544656
1005001913095818
4000141310568
1005002200955410
32856449440
1005001329733904
1005002147110075
1005002297692958
1005001803713261
4001333428325
1005002459459825
1005002363417725
4000350918010
1005001334911493
4000823541591
1005002085153937
1005001593475091
32824248826
1005001664815427
1005002323911826
1005002388318550
32965939106
1005002375310222
1005002440034362
1005002279023766
32847320556
1005001344795539
4000002499083
1005001392731399
1005001484105630
4000138305444
32892649585
32851482071
4001043692699
1005002070152993
1005001567047871
1005001509977236
32787940256
32842153657
4000206461494
1005001551428226
4001224195503
4000150852909
1005002393547982
1005002310177003
32916456295
32966240004
1005002394792259
33005666193
1005002144682612
32919658218
4001104689020
1005001434115432
1005001570185057
1005002357413846
4000017745894
1005001591086127
1005002312957573
1005001794023625
1005002398127297
32819629884
1005001343494658
1005002346064488
1005001623842410
32351230162
1005002276970284
4000176698906
1005002377130354
1005001901533716
1005001620884362
1005001463140108
1005002323409325
33034200767
1005002318346748
1005001495778456
32870921949
4001183948292
4000895507369
1005001692530706
4000955134863
1005002311244104
4000429649256
1005001445474016
4001002168263
4001271424831
4001175543281
32831061876
33018327829
32857334882
4001350409922
1005001669822912
1005002196981813
33000730542
32950341300
1005002460464340
1005001988443158
1005001316965458
1005001494022584
1005001374367604
33031713492
1005002320479560
1005001770352395
1005001998234930
1005002412524460
33000519355
1005001732473350
32856629183
32952216701
1005002482510801
4000104122692
4000886086079
32700271456
1005002340809373
32995494827
1005002500068285
755979235
10000395823451
1005002412938922
1005002252615624
1005002283314527
1005001990169771
1005002316139463
1005002049936712
1005002064745387
32840276258
1005001975724784
4001256300120
1005001864188495
4000473091833
32995747868
1005002378622122
1005001304499700
1005001520123950
1005001966364532
1005002400528817
4000386678473
4001272586689
32995324572
32329002116
1005001511477005
1005001705969803
1005002260279336
1005002332616247
4000494028179
32344775905
1005002297139250
32849363493
1005001896221875
1005002390133919
1005001450583371
32910426728
4000835326617
32812158435
1005001418874366
32817045196
1005002206433210
32989105169
4000906417364
1005001862979476
1005001992114952
33013835678
32902402310
1005002260122477
1005001592041219
1005002409587457
4000669014292
33031360646
1005002400399492
4000545996194
4000290349385
1005001359175411
1005002204797939
1005001906440045
1005001561764197
4000382240131
4000204542431
1005002401209968
1005001302184098
1005002350800405
32888409511
4001175764647
4001058162848
4001048115291
32828999969
1005002314301785
1005001930713104
1005002500563078
32957370675
32802378808
1005002316065278
1005002283981139
32346011626
1005002230169338
4000734849152
4000063460012
1005002244329196
1005002404013754
1005001447488875
32796488225
1005002214709217
4000902601440
1005001934879085
32866262256
1005001616416064
1005002442092895
1005001516727660
1005001890543726
1005002253093599
1005002352328744
1005002034923477
1005001412608224
4001171012645
1005002425471207
4001254193623
33049098614
32459463321
4000085605366
32999998687
32989011449
32862630851
1005002439591853
4001099131166
4000073467274
1005001621111169
4000052110787
33043569314
1005002196144278
1005001445984513
1005001831813243
32845049394
1005001580703258
1005002288229689
32967022019
32976030767
4001096476035
32644046765
4001235284414
1005002310413500
4001071938503
32874857240
1874329651
1005001424173253
4000935883018
1005001731010580
1005002428046711
32350236381
32972390877
32852609464
32881031588
1005002315405259
4000099946271
1005002304041573
1005001531785131
4000544086418
4001189399745
4001194191735
1005002457000592
4000223794813
1005002369231916
32844368884
1005001520363593
1005002230849309
1005001463334420
1005002334477651
1005001874058117
1005002355034569
4001223946101
32928798395
32889511264
1005002313957252
32976124784
1005001889323188
4000065196174
1005002213735039
4000033629183
1005002306427166
4000321169106
4000957448606
4000829926201
33022528458
1005002328754726
1005001329710913
1005002488044257
1005002314348366
32918504915
4001062176306
32952435589
1005002271262237
32878657758
1005002244542530
4001063377359
4001111411415
32926164940
1005002350344976
32897797666
4000190098926
1005002418914731
4001062221765
4001042263524
32635528009
1005001442798615
1005002179594515
32866648040
1005002286142428
1005001507511590
1005002044023492
33008171425
32977677734
1005001581353364
4000078107806
4000944793024
4000198659660
1005002180604063
1005002364187747
1005001332979017
4001223799560
1005002207269496
1005002323657147
1005002466383955
32899819517
4000934566958
1005001386959711
4001057901530
32983352612
32791064286
1005002128112605
32819841869
32820079514
1005001989942122
32861359655
1005001639392043
4001239764598
1005001838821918
32949121983
32944940026
4000544017444
1005002324148067
1005001915138911
1005002288326119
1005002334687842
4000002962192
1005002291656602
32919246505
1005001865282453
32950530510
1005002197015111
32917407136
32838660903
32738368127
1005002265775030
4000952582786
1005002346557531
32871754507
32888759860
32977999838
32962525732
1005002475899980
4001276532869
32590043154
4001198890265
1005002322265074
1005002246116430
1005002395098318
1005002364765037
32820780697
32773930089
32847429303
33053968872
4000177277240
1005001446496712
4000623891973
1005001555196409
1005002359853375
4000317993079
32975573784
33005516317
4000603133606
1005002428245756
1005002167724708
32946752355
32595346730
924111193
1005002473615357
32987385599
1005002326387743
32927622373
4000862611812
4000875328824
1005002286887881
1005001346581648
1005002356159388
1005002313362669
1005001958769499
1005001537833303
1005002417416075
4001186415243
32622322296
1005001459647512
1005002354447880
4001064591868
1005002148042547
33039970647
4000423943552
1005001659456953
4001239251466
1005001351858053
1005002232527963
4001259366996
1005001813929271
4000749924251
4000579151094
1005002392947584
1005001616717768
32758196035
1005002050436734
1005002002996816
1005002266107492
1005001621163883
1005001817170723
32836557708
1005002288157319
1005002454458170
1005001520547114
33000319930
1005002146310831
4000580697283
32767187773
32960394729
1005002359852233
1005002454325578
33042964055
1005002484732123
32747653960
32828274082
1005002452795716
1005002197121863
1005002443162165
1005001626464630
1005001424155035
1005002490652266
1005002334217482
4001160378188
4000892235743
1005001957574064
33006135054
1005001997266589
1005002487965364
1005001854824326
1005001704155124
1005001858810822
32898446990
1005001559920281
1005002357436875
32392424401
4001313899080
1005002373157834
1005001389608026
1005002461652934
1005001418790762
1005002342304362
1838747824
1005002125102709
1005001790414628
4000491573089
4000404443505
1005002191763108
1005001626966635
1005002167851827
4001201546555
4000280911514
4001290772492
1005001423481106
1005001525849157
1005002395936944
32888651206
4001140342782
1005002340424244
32839552068
32979157629
32461781297
1005001946806393
1005002110010663
1005002022438412
4000868246128
1005001731181095
4000317239785
33055141623
32841415081
32857499674
32905020781
33053796755
1005002171853517
1005002367753676
32610815259
1005002247095147
1005002299715581
1005001863017982
32655511779
1005002244637101
1005001604496936
1005001922429215
32929399259
4001211666350
4001290559769
1005002272839079
32869532318
4001268209981
1005001697517033
1005002252552618
4000895423519
4000210452544
32969018213
1005002368874942
4000169727654
1005001859733569
1005002386681103
1005001792542231
1005002345425861
32809570549
4000265932375
4001259115956
1005001469401741
4000344499268
1000008436321
1005001304174484
33014675587
1005002332416681
1005002410910646
1005002231692055
4000123877850
32983050141
1005002418587650
1005001890434440
4000095963517
33006043471
4000401600305
1005001671073514
4000986171191
1005001835357953
1005002048596530
4000708622890
4000878143015
1000006747584
33055347592
1005001850967823
32793218928
1005002299812970
32834079451
32762179706
1005001701183251
1005002139330460
1005001405443757
1005002304651827
32834291349
1005002284324050
1005001437560847
1005002314370243
1005002028424336
1005002456531283
4000055780171
33011168682
4000278018523
32916922313
4001304784747
4000154674367
1005002466150256
1005002320016454
1005002309183268
4000069607316
1005002230678146
32618665637
1005002056483372
1005001425595356
1005002362932200
1005001881789898
1005001465185238
4001196658230
1005001452787364
4001320043841
4000828014880
4000849873995
1005002450710340
32842401402
1005002434249841
1005002315840808
1005002337710565
4000223834938
32970503309
1005002005741900
1005002280323934
32786008180
4000294104568
1005002409690375
32991772781
32961681170
32918638593
1005001504873864
1005002423144562
32800262816
32888401070
1005002035170332
1005002302218680
1005001493417800
4001000516848
4000979694490
1005002314227509
1005002302291266
1005002344225150
1005001816939674
32673221502
1005002254967154
1005002398850923
32906115512
1005002248521845
4000164214049
1005001763518111
32751013330
32405728182
4001279293557
1005001597383353
4000336669103