1005001651782959
32861220935
32920638638
4000804303203
32643341839
32977355717
1005002121111861
4000772180520
4000358925306
1005002441867394
32721289116
4000579022763
1005001762091933
1005002393773839
4001061275620
32890752877
32910011294
4001057372854
4000483531058
1005002194547450
10000088412130
1005002104934710
4000097427674
1005001565465924
4000843031132
32922621753
32331361491
1005001603710982
1005002318994188
1005001887728092
1005001380132395
4000900476037
1005002238566103
33048592659
4001260297298
4000690841864
1005002340557472
1005002246732653
1005001830233454
1005002281119673
1005001511650086
1005001884004044
32600298377
1005002409803046
4001204122413
4001301885639
32800577883
32992201825
1005002180722186
1005001803489563
1005001780714185
32906161175
1005002467103234
1005002258248809
33010255808
4001111670217
1005002304702240
4000939086870
4000499112802
1005002253908784
1005002311824009
1005001610532276
1005002440108354
1005001690979849
1005002380919100
1005002358533429
1005001720905923
1005001726105282
1005001630602698
32881686275
1005002226570178
1005001798754108
4000566262665
1005001476696076
1005002213664570
1005002298000451
1005002223850901
1005002310572738
1005001799289491
33055889727
32826737056
32917513201
10000334566875
1005002196317232
32969409684
1005001817616926
4000393739349
1005002462302839
1005002453938166
32800149297
32516469870
1005002367553050
32615290088
32968563433
4000328744292
32958677368
32991086107
1005002052195690
1005002050868702
1005002092911372
32979220617
1005002223977423
32912335789
1005001901020519
32959791844
33027525879
32952774604
1005002231958823
1005001901387114
32885797747
33010575117
1005001693932065
4000571625865
1005002481059810
4000734393739
4001119295044
4001280510196
1005002329277649
1005002317443281
4001157194802
4000941230766
4000344299281
32391356854
32871015618
4000427074681
4000057783334
32972118211
32720890260
32680081030
33001510913
33001179230
32852820210
1005002316344788
1005001670903131
4000035382972
4000037521890
4000311146706
1005002315202925
1005001780734575
4000329054797
1005002312132604
1005002314302316
1005002384405002
1005002044358463
1005001656721935
32920214654
32904542449
32884442444
33003138811
32265588785
1005001966365902
32847314617
1005002272397328
1005002367371276
4001056074308
1005002413203969
32854191725
1005002256055291
1005001586166258
33000961244
1005001947548140
1005002246689077
4000320577524
4000874487285
33048906255
4001294015857
32781809092
1005002400166124
32843233699
1005002264553694
1005002115989091
4001140385408
32983718527
4001138937012
1496928269
32924158009
1005002439680314
1005002099944480
1005001607440920
32957983959
4001346779795
4001118221417
1005002472068623
4000797993264
4001082587180
33045098368
1005002365728988
4000110369168
4001197881312
1005001816971666
1005002296671557
1005002281543997
4001260132291
1005002353265305
1005002304576127
32946053483
32790129741
4000803425339
33029383831
1005002400880616
4000624763077
1005002159438949
1005001643585784
10000185020342
1005002055386899
1005002375282574
32853093714
1005002016806631
1005002312065169
1005001687493178
32867151713
32861387811
1005002214903080
32870998359
32973994100
1005002465833588
1005001869507146
1005002237817860
4000132741074
32659127520
33043520463
32915480483
1005001582635213
32657037266
1005001927862648
4000959933647
4000812295809
32820629368
4001015149311
1005002476479631
4000130635747
33059712684
1005001899000520
32557927717
1005001994032506
1005002264630851
4001227847752
1005002414269969
1005001736789241
4001192831042
32999540201
1005001582119810
32890531007
32959553180
32869347438
4001332951786
1005001695475191
32684609073
1005002181521569
33012799525
4001230381456
1005002067409248
1005002382820585
4000545038055
4000354517418
1005002442361563
32961961687
4000972870313
1005002289516881
1005002181068101
1005002233241269
1005002346889271
1005001356347006
33001578874
1005002237284616
1005002150520041
1005002130724364
1005002264632406
1005002191060459
32911869209
1005001526674906
1005001525470481
1005001781632204
4001149866756
1005001571743058
4000498906307
32813282248
1005002272917111
1005002213512095
32851130340
1005002454320204
1005002289788754
4000842679438
1005001431172830
32465388584
1005001389143265
4000333227069
32917983893
1005001923452387
1005002457721203
4000548722476
1005001787420347
1005002499492095
32862758402
32864513236
1005002277691217
4000261610000
1005002366128771
4001070482532
32862420865
1005001646735592
1005001441257850
1005001705306448
1005002429256857
4000595245166
32916183825
33001062520
4000860350393
1005002215106022
4000666175310
4000773902246
1005002315331602
32794383253
1005001664767436
32976458078
33048148474
4000850570087
33023588361
4000705811645
1005001997872811
1005001770218936
1005002206366593
32987501427
1005002033220901
1005002450742192
32230257705
32994001088
32792357481
33030974309
1005002384254183
1005002468077409
1005002309909057
1005002346922478
10000057081672
1005002264545368
1005002198807201
4000700897425
1005001429194407
1005002304120751
1005002467719300
1005001724023504
1005001353275535
1005002467100158
4000329231136
1005001940642344
4000728628323
1005001470303487
4001109153501
1005001555545815
4000389904322
1005001743169232
32926615919
4000108172031
4000320835567
1005002241814674
1005001821755962
1005001614834884
4000203799088
1005001379911317
32790713122
4001017196905
4001266026080
1005002035811266
32990507597
32799144630
1005001924069411
32972152930
4000961144208
32608093753
4000466110012
1005002258655234
33014250827
32832656233
1005001464458292
1005002314213978
1005001545321790
4001031046926
1005002459710637
1005001665705308
4000821961766
4001232101413
1005002305601483
1005002413236007
4000427774207
4000689536652
1005002477621413
4000489967763
4000069139262
1005001364606446
1005001728076648
1005002297852309
32916722459
32954079297
1005002297791383
4000934568545
1005001555676756
1005002317712014
1005002260179777
32511740421
1005001321953054
4000898202039
32842167207
1956007413
4000792631669
1005002308916364
32952515127
1005002023970507
1005002321822956
1005002239339928
33016802783
4000915551434
1005002246174233
1005002313825646
33007013444
1005002314140210
4000525395683
1005002356497409
1005002264679843
32912523980
4001125460795
4001290826482
1005002347203430
1005002467256212
32952488592
1005002384599305
1005002306095612
4000104205038
4000566419598
4000714994551
4000335962918
1005002318916605
1005002414471791
32984274881
1005002275837764
1005001780409917
32958227602
1005001858508426
32608999058
32862830576
1005002353428435
1005002051308580
4000386300845
10000395866582
4000203296397
1005002054019212
4001215482850
4000179570917
1005002296815882
10000000792033
4000927316313
1005002376830440
1005002371624439
1005001621588854
32959895755
1005002262446147
1005002271716735
1005001783195498
32963304523
32871187983
1005002443504104
4001293062356
1005002206599012
1005001457611736
1005001849110252
4000111543359
1005001394284169
1005001581950226
1005002046360296
4001222246863
1005002443889361
1005001510917925
1005002486057842
4000294366945
1005001284651541
32868171817
1005002351787233
1005001604910768
32961403361
33027003490
1005001319584319
32761668271
1005002457472906
1005002224044103
4001272088876
33039628447
1005002461781839
4001086648640
32757373528
1005002389301628
1005002394399800
1005001435826876
4000473923555
32946172700
32830729848
4001204824693
1005001632063201
1005001393417276
4000533928057
1005002065395120
32819798363
1005001499772180
1005001501288925
1005001930893151
33012706471
1005002395371767
4000230190405
1005002373534568
1005002243566353
1005002438591695
32969363754
1005001429100112
4000011490710
1005001600591256
33002925007
1005002376543676
1005002232458431
32815881135
1005002357946874
1005002401888200
1005002238959802
1005001525354546
1005002011373835
1005001617773486
1005001834732627
1005002482771213
32969389609
1005002242075901
33040031302
1005002405465489
4000862874234
1005001602689975
32707511650
1005001469469599
1991452925
1005001305924279
1005001349796661
1005002072223589
1005002316710896
1339500102
33056778881
4000876684735
1005002167640959
1005002286382873
4001098310471
4000296939370
1005001500498497
4000792542661
32909828236
1005001695816300
4001150781512
4000463406014
33006834243
1005001698755666
1005001665759465
4000007486225
4001047759298
1005002395359304
1005001270565275
4000033583442
32832270891
32854833292
4000021319082
1005002412847504
1005001651002368
1005002295253516
1005002370294593
1005002319571451
32995490289
32926487700
32712475594
1005001697826883
1005002412140769
1005001715877972
4000269995485
1005001278916087
1005001642384344
1005002377092521
1005002059150870
1005002388317591
1005002450459608
1005001515701956
1005002382830858
4000150201984
32953268147
33009253074
32980122642
1005002330837778
1005001692948657
33022970308
1005002171076238
1005001907223847
1005002089577485
1005002344854452
4001211748840
1005002262498086
4001031939711
1005001500430583
32888621657
4001090495527
33029411187
4001333769717
32970239906
1005002208454970
4000558573807
4000898334312
1005002339398818
4001153954326
32822221859
32872692297
1005002324850160
1005001611358989
1005002253919863
4001290274321
1005001810059546
4001135171200
1005001834754486
4000938557062
10000343583184
32825350868
1005002330743638
1005002318072353
1005001488694102
4001365506905
1005002426095108
4001039364548
1005002176669254
32722581493
1005002352226367
32884459276
32809799528
1005001401943702
4001324634337
1005002312179826
1005001863997124
1005002386366858
4000433836248
1005002305692446
4000904738544
32860085237
32864083460
10000106690133
1005001499665693
4000349769592
4000883694477
1005002243128152
1005001882520661
32843576973
1005001793047399
1005001424414251
1005002393418190
1005002319221767
1005001514519322
4001140567652
1005002485395924
1005002071850157
32949755722
1005001590624362
1005002288937290
4000201226228
1005002248968408
32888992479
1005001617010883
1005002380283871
32840536315
1005001341222928
4001317578756
1005001382068395
1005002334974120
1005002220443762
1005001723304140
4001237498317
4000747282097
1005002489507620
32672908349
4001035741632
1005002246435359
1005001622099758
1005001387212958
1005002232723384
32331360485
4000546602976
1005002370035731
33037918806
32911891661
1005001716296322
32848622402
32896323680
4001131967401
32912861261
1005002316208685
4001038605936
1005001814053281
4001076764830
4000927721363
4000433953681
4001155130983
32674638038
4000412281226
4001201847888
1005002262220884
4000450459012
1005001985079091
1005002045905128
33018612404
4001183496696
1005001586648400
1005002371704472
4000756559858
4000782822826
1005001495818158
1005001436177398
4000537235199
32466751919
1005002460438892
32953927554
32933130657
32866424174
1005001593301647
32976239622
1005002443506391
32824744007
4001123086864
33048345349
1005001624755442
1005001699194332
1005002416955939
33029459263
4000907673427
4000272264552
33050595600
32970462507
1005002196779283
1005002495250980
1005001518627575
1005001354726882
1005002393560294
32904769249
32888290370
1005001393445006
32993920410
1005001894683129
33053227940
1005001670791106
4000333886234
4000674801491
4000439359845
1005001802387377
32966096353
1005001693311537
4000303540342
1005002422956505
32866541179
1005001835503932
33020611852
1005002386566566
4001037403301
1005001572639005
1005002006449548
1005002095858370
1005002206491650
1005001678460305
33003728606
1005002340992001
32802611414
1005002242777126
32916026681
4000113144471
1005002394787224
1005002316552979
32977610796
32832201265
4000477929915
1005002467576289
1005002278527196
1005002024542728
1005002330589695
33015601513
1005002387282004
10000356304582
32670029796
1005001697975820
1005002103044846
1005001598654337
4001224460727
4001192791181
32799634470
1005002213118000
4000967141393
1005001501294917
1005002193918514
1005001664361392
1005001889595034
1005001297346747
1005001792876853
1005002430411326
4001039506143
4001266925529
32586327013
1005001914783099
4000459598875
1005002495503856
4001270433712
1005001307646937
1005001369422732
4000589545586
1005002311276831
1005002260060202
1005001944049528
1005002350984525
1005002359595699
4001224555088
914821820
4000773609516
4000118759639
1005001727067534
4000604792763
32667715617
4001062115516
1005002316143418
1005002357859254
1005002457090710
1005001605149742
32973036656
1005001284580297
4000492569318
1005002356104311
33015674456
1005001338933359
33030100656
4000147915004
1005002361776777
32247312992
1005002395525212
4001169733808
1005002286600291
1005002458511802
1005002328201765
1005002314456368
32540390761
4000535211838
4001365252893
32955420054
1005002252327844
4001323510272
1005002278171710
33037646240
1005002398863002
32786842792
4000833385341
1005002176735246
1005001330597726
4000168620701
4000590627352
1005002311937958
32997332319
4000028928462
1005002347855180
4000273187680
1005002323535680
1005002301473078
1005001381090613
32582031109
33058546851
32814083986
1005002065958404
1005002362509410
1005001790625432
32978825285
1005002357937328
1005002263045799
1005002288699580
32475198346
33016858115
10000313240223
32908778833
32820970891
1005002320513983
1005002428040680
33015343106
1005002372986255
32798826204
1005001775393930
32700104037
1005002014908088
1005002122468177
1005002355802983
1005002057946892
1005001459424900
1005002260909744
1005002424154700
1005001393171330
1005002393901488
1005001825077062
4001157189485
1005002334919487
1005001877175981
4001172291865
1005002125796256
10000345051453
32459606581
32959739735
4000362641504
1005002398175919
4000329320960
32963290622
4000023759983
1005002438698411
1005002029746919
1005001859755386
32828781784
4000691309581
32814622131
1005001652522945
1005001605070294
1005002294257434
32959917067
1005001963461994
32859771508
1005002027559567
1005001675203443
32889758839
4001304644557
1005002120445351
32715523335
1005002259415733
32855745191
4000137143640
1005001632415726
1005001325490989
1005002398848624
4000425168252
32834330733
1005001623251402
1005002021524566
1005002273687441
4001341088136
10000400013249
1005002327816963
4001250234994
1005001666391945
1005001921640600
1005002372924884
1005002233300331
4001243617936
33049173583
1005001651176173
1005002260468087
4000930423690
1005001608420552
1005002277244974
4000004661845
33057094974
32802498424
1005001921080703
1005001619923959
1005002374413163
1005001507062326
4001038298859
32872054265
32863123358
1005002317638767
32971606257
4001294183147
1005001437943388
32833866569
1005001397007241
4000739307589
4001210141316
4000071238097
4000615209700
4001278780971
32863789526
1005002206582126
1005002452892370
1005002170765653
1005002389048547
1005002335849993
1005001830858352
32946488479
1005002124406324
4001359256535
1005001608987826
4001021561720
4000161362083
1005002395564850
1005002412189638
32819759078
1005002356032833
1005001776677346
1005001947455988
1005002283213862
1005001889685746
1005002474686219
1005002438179164
1005001333465067
1005001849153306
1005002301480949
4001269540697
32945427156
1005002313832614