1005001399119596
1005002299274718
4000717552262
1005002113743300
1005001729009420
32951066735
4001230080189
1005002268443826
4001119051609
1005001492954282
1005001669672577
33027513747
1005002314383306
1005002293803033
32819867156
1005001686071745
33057598635
1005002473335755
4000324156324
1005002219560770
32953324397
1005001321096413
1005001368702200
32951869691
32965762287
1005002405332616
1005002411901131
1005002210153596
10000008712831
1005001914156501
32664745764
32787146298
4001248073637
4000592662247
33060463217
1005002324859800
1005001489394213
1005001430601230
4000035508782
32527043163
1005002364100784
1005002239815918
32829837864
33012557374
32843075653
1005001537108547
1005001336024706
1005002497489103
1005001915380296
1005001717544735
1005001792043803
1005002084306763
33048708253
32572227034
4000221031970
1005001682956956
32263808654
32468732969
4001038650860
1005002459097939
32894288136
1005002291067564
32882099914
1005002315362036
32971100251
1005002204987649
4000026302113
32600483366
1005001308012294
33028223982
32920022776
32716585062
32740593618
33013767502
33059565146
4000169909953
1005002328711500
32813375234
1005001834787526
1005002288887142
1005001407535562
1005001319748934
1005001717711317
4000080129259
33013527032
32903817783
1005002231953008
1005002256842357
1005001753359044
4000813104330
1005002378169799
1005002286805176
4000007030499
1005001429234469
1005002256733688
32917671736
33002270119
1005002247946789
32800531563
1005001736598941
1005002219308634
4001224246070
33056090000
1005002310919645
4000978912622
4000526361925
4000029199825
4001082631809
1005001953562527
32959914505
1005002331823980
1005001470917574
4000074565259
4000009735056
1005002405290832
32978859010
4001347313260
33013999016
4000842729558
4000780938691
1005002330441559
32961656781
1005001833671387
1005001774886126
32865670014
32891674095
4000142782398
4001057554549
1005002247924976
1005002339155220
1005001584721746
1005002251832168
4000301888870
1373822173
32683943173
1005002363406616
1005001967127696
1005001450729142
1005002313977653
1005001452781704
1005001723208922
1005001381684277
4000979047968
4001143021566
4000785765614
1000008685399
4000927847650
1005001721096196
4001108975642
32858044319
32891790101
33041985352
32836322120
4000004795201
1005002452460762
10000056949943
33059455270
4000849873278
1005002435185373
32907665300
1005002268006771
1005002469601295
4000472530938
1005002356874757
1005001515500451
4000694125175
32975624600
32908742932
4000262378823
4000804928795
4000017588233
32933010057
1005001360917119
33014284586
1005002353077727
4000702371310
4000310272948
1005002235159278
1005002359788635
1005001963878124
1005002318234851
4000111930943
32958093857
4000355522758
1005002315961678
33004007417
32658355073
32838211302
1005001721652644
4001140255927
4000788761511
32511996445
33037549634
4001218094878
4000182670466
32775256796
32805041610
33013539984
1005002433173687
32312346567
32963135777
1005002345101735
1005002306163866
4001214192788
4000418867641
4000709004567
1005001935751267
4000789408060
4001138227722
1005001908624309
1005001581217411
1005001546740955
4000250707070
1005002400435655
32852653542
1005001670944137
32980848670
4000935134743
1005002283449504
1005002312525661
32946408952
1005002395748273
4000857190085
32848886892
4000378485987
32823893222
1005001644733640
1005002314542997
32822383397
1005002476498124
4001143478731
1005001329789829
1005001276980372
4000857252167
4001270914111
4001273100140
32842985477
1005001639965766
32889364480
4000479189322
4000905580231
1005002308793706
1005001445874580
4000065740444
1005002208061166
33050916379
4001063283040
4000742585870
4000978976803
32843049150
4001285388372
1005002388229698
1005002323749368
4000251805188
1005001896049560
32721092233
1005002301586613
1005001799284845
32962663320
32883814167
1005001536650561
1005002132982753
1005001923007354
1005002260365690
32973096576
1005002278028928
1005001584754975
4001310807495
1005002046755375
1005002436857950
1005001345905677
1005002246665317
4000850533374
1005002087345504
1005001702939060
32887014663
1005002347060508
1005001603270352
32691292182
4001083740370
4001037726170
1005002228215318
4001238366855
32997145213
32766363137
1005002296952785
4000954119288
1005002424056783
1005002303765307
4001279530209
32890841544
4001343416646
4000778141123
4000987083557
1005002268433807
4001028961150
1005002395326304
4000884044993
1005002024461645
1005001985722377
4001089367571
32849139170
4000627498940
1005001344317868
1005002059768893
32970434869
4000807344418
4001058603217
1005002201801275
1005001922157872
1005001612587584
32595829505
32695383331
32906479651
1005002395237879
1005002294233595
1005002416132657
1005002340212216
4001232963345
1005001552337546
1005002378228512
1005002282474417
4000959652735
4001228100877
32757573086
1005001326181053
1005001271504008
1005001706355836
1005001865799868
1005001469227436
32850711018
32964838905
1005002238177179
1005002332764443
32999535686
4000367555482
32906790669
1005002167109397
4000930826712
1005001946589911
1005001992928800
32826149894
32908306128
4001208883206
1005001370224858
1005001653624817
1005001327225320
1005002480583312
4001333923441
4001201204261
1005001484099795
1005002316279154
1005002301973842
4000738147378
1005001511511578
32987942260
32961029553
33025006233
4000510494532
1761753543
4000264508074
1005002053730772
1005002421522305
32957807183
32845449331
32950976604
1005002182397225
1005002168019029
1005001845239182
1005001962734911
1005001716467262
1005001894883966
4000629303912
1005002405134156
4001098243277
4000641378959
33040895077
33001443657
1005002306163270
32822555124
32700432442
1005002377061320
1005002387565926
1005002323180991
1005001556081620
1005002239640635
1005001540046209
32868872044
1005001756182278
33012695410
1005001315464654
1005002357215141
32885837648
32827444213
4001046159600
1005001702845694
4001323083051
32849530017
1005002465746828
1005002375363255
32924386853
1005002418598872
2054847611
1005002315761488
4001233137876
1005002011639228
32955354891
32922744715
1005002442580790
1005002395578872
33023396091
1005001464263704
32851253408
1005002341505244
1005002280567540
32554545132
32858282386
33000430530
32954873495
1005002228678241
1005002467507990
1005001599313826
1005002408461236
1005002333132914
4001132678701
1005002311389227
1005002357638437
1005002498905095
1005002423895759
4000393839463
1005002056517801
32895897080
4001183601160
4000417122765
4000960897715
1005002403527771
1005002159272914
32996207742
4000017602165
1005001884610134
1005002319656087
32828971687
4001307553503
1005001266540616
4001115677945
33001037987
1005002309964183
32971149578
1005001615074792
33032946370
1005001895065449
4000173200690
32865270101
32984667490
1005001438717047
32941941802
4000322954569
1005002411551422
32898718734
1005001804445192
4000130651566
32968598922
32879797321
1005002000154898
1005002421302567
33057849067
4000894004868
33031041257
4001248279376
1005001887746034
683148899
4001070612179
4001061632257
4001094082137
1005002458735330
33008109231
1005002259633539
1005002328096740
4000687010782
4000819555760
1005001844088705
1005002364324898
1005002282431275
4000110786917
4000475336221
1005002166302731
4000038312862
32674548131
1005002439947589
1005001814127651
4000549279726
32870255506
1005001830976115
1005001731311697
1005002423795512
4000116861282
1005001862645099
32912374742
1005001325302508
1005002058708532
1005002126961492
1005001990563380
4000038987976
32975088433
1005002353934348
1005002370470877
4000466090680
1005001727183037
33016142912
1005002231902604
1005002367557070
32790601130
1005001928698988
1005001501216344
1005002000046505
1005002398891896
1005001824045549
4000560648697
32921878291
4001188820679
1005001605453396
1005002310037048
32815705858
1005002324526134
1005001531754332
32963133330
32965135785
1005001884621611
1005002436417557
32864200297
4001140911673
1005002413903659
32856566698
4000299382618
1005002305668219
4000990981126
1005001474708976
32939614805
4000944087571
32633485242
1005002371499154
4000320853176
32793232381
4001068340582
1005002322712222
32963766359
1005002240226291
1005002427792955
32991626383
4000265997838
1005002237896423
32641197822
4000289705580
1005001530680723
1005002267943968
1005002276039923
1005002315216670
1005002395199813
32860439407
4000384617330
33032749286
32909314544
32965363130
1005002462242617
4000756280154
1005002020766274
33038180747
1005002365240523
4000326639812
32927276401
1005002291977383
4000902740898
4001316911546
1005002366157055
4001228698394
1005001887724099
32970695271
1005002357638989
32928416195
1005001701306955
1005002425814932
4001185666560
1005001603342261
1005002000046186
32957717987
4000981725451
4001101507769
32912337791
1005001821187113
1005001769140721
1005001445052866
32617761859
1005001457449649
4000426938464
4000111964335
4000033109638
33040910773
33057384016
32524138789
4001068836492
1005001713330365
32808310797
4000403092677
1005002332102055
1005001922199362
1005002252228840
1005002334396321
33046305938
4000688951591
4000081155555
4001153529015
32923007828
32823522956
32909470372
1005001970261615
1005002381047909
4000545885196
1005002369709999
1005002263917146
1005001423333329
4001006995072
4001112102112
1005002313691644
1005001859704794
33001332482
1005002042092256
1005002198743234
1005001858163179
1005001829895084
1005002229673677
32808605837
4000547700837
4001240171740
4001164143551
4000588608093
902607964
1005002285803501
1005002027120245
32980964574
32826795139
4000403465317
1005001881300515
10000399962450
32918534420
4001275086270
1005002038863957
1005001967499286
1005001962941000
1005002086731276
1005002470004646
1005002348289976
1005002329775135
1005002352531212
1005002292128115
33058065996
1005001705167452
4001113302393
1005001588231033
1005002168076078
1129565082
4000597505785
32877004984
32886264996
1005001406194613
1005001841648684
1005001885874838
33059287634
32903381627
1005001982240683
32993876734
1005002167827752
1005002280588776
1005002494542047
32959142606
32917568437
1005002201378154
1005002162812924
1005001412319720
1005001678234139
32641529272
33016213447
4000114116178
32957994098
32467104225
32852368457
33029531810
1939484365
1005001779988059
33004501155
1005002376859843
1005001425007901
4001139423880
4001293908047
1005002498776043
1005001593571917
1005001516702058
32837459479
4000473583403
1005001587155584
32819803093
4000808548737
1005002474075447
1005001411350989
1005001721216082
1005001671380271
1005002263252354
4000270005056
32970023110
1005002125047204
1005002380802795
32958961487
1005002395237052
1005002261071037
33055921591
4000445874740
32942201567
32862717483
1005001300178854
4000167748403
32836267112
1005002286359569
4001244232665
1005001758090736
4001307808183
33031578844
1005001927237250
4001099217383
33027942163
1005001671383277
1005002388799938
1005001329760316
1005001378297815
4000550113855
4001022135705
1005002065379226
4000169876437
32776183589
1005001485003144
1005001946689250
1005002428770475
4000888328933
1005002400409263
4000558353580
1005001856514789
4001347643970
32816471939
32708348838
32885501952
1005001737060884
33059713466
4001257079463
32780159881
4000581139406
4001215761267
32946117693
1005002319953875
1005002288969927
1005002438843593
32909176201
4000351511573
1005001510473755
1005001453118339
1005001332879577
4001350730638
32650676671
1005002440183971
4001264707778
1005002180919971
4000484214543
1005001565955933
4001292511755
1005001324723240
1005002459790145
1005001354041221
32890855582
4001316752754
33035508333
1005001371020149
4000098102365
32975251404
1005001381304477
1005002245094705
1005001996995003
1005001824860550
1005002248735942
4001058838696
4000201657997
4000458451852
1005002389236357
1005002055974136
32962677205
1005001901875478
1005001665507295
1005001797123741
1005002172933207
1005001635631893
1005001620715602
10000395914326
32719757071
1005002220630819
1005001767880528
1005002393951779
1005001793379520
1005002191391185
32865080470
1005002122490287
1005002085350679
1005002234496145
32817901081
4000357582083
4000546056309
1005002424528573
1005002312807004
1005002132838719
1005001680491397
4000844159097
1005002034846248
32804301835
32954428540
1005002200742227
1005002354107245
1005001493528154
4000001748109
32447474460
32871542040
1005001997489026
1005001810794695
32802642893
1005002467041742
4001355645276
4000058160064
1005002475122692
4000864826525
1005002264455904
1005002423848809
1005002319176623
1005002270061551
1005001512637696
32882806201
4000073980235
1005001786552885
1005002281045430
1213239914
1005002465695312
1005002370575577
4000965201952
1005002292835147
4000988959195
32841507502
1005002489151802
32767807264
1005002254814516
33018383824
4001106429911
4000808290716
4001121540075
1005002282282043
32876337286
1005002496528014
4000548533967
32862621633
1005001922302576
1005002280939231
1005002180580894
32982581556
1005002351579160
33043927940
33046004897
1005002259317325
1005001349957269
1005002245402103
1005002242614505
1005001982983491
1005001656091161
1005001807700971
1005002393710309
1005002288334373
4000981561915
4000337638732
1005002361054787
4000127150140
4000851099413
33008769918
1005002281025335
1005002314208725
10000146289905
32946161280
1005002425998020
1005002372818356
32287987790
32967478496
32973369041
1005001994744591
4001130183235
4000195138680
32720549012
1005001337601380
1005001666605316
1005002264836712
4001135642795
33016101549
32948352920
4001081273778
1005001849944452
1005002327978351
4001135110739
1005002460682166
32895217134
1005002347280744
33013537783
1005001821355324
33045649616
1005002497559450
1005002130398427
32857640660
1005001799870830
1005002395583253
32997554893
1005002070287067
4000046664890
32973321282
1005002222165488
32997134110
1005001679340062
1005001604852266
1005001514853296
10000055716699
4000324606726
4000147550564
1005002362880993
4000313095182
1005001356305076
4000112222958
4000528436000
1005002258383104
1005001332917276
32606124428
32961740411
33002407823
1005001522178607
4000185543513
4001057535368
4000266357103
32797472459
1005002304230454
1005002319627303
1005002314417925
4001172824286
1005002352918031
32979707706
1005002358235482
1005001482532208
32850470971
1005001810131325
4001244376552
1005002351559808
33036182217
32663479584
1005001799489169
4000253167798
1005002362758727
1005002128624053
1005002447050066
32966373363
1005002427234830
32964378817
32963785061
32908328021
1005001598281168
4001214372104
1005002397989818
1005002064793584
4001165796023
33010898378
1005001649930547
1005002034183461
1005002024338071
32889404322
4001047299769
1005002199301259
33016770134
32973190453
4000382074015
1005002176368193
1005001491362626
1005001873300151
4001257217888
4000785251494
4001093379779
4000704700854
32811423261
32915035263
1005002450437303
4001090357217
1005002494245717
1005002367491571
1005002443102411
1005001813326903
1005002129376559
1005002319389268