1005001380166625
4000802910880
1005002305739315
32880537498
4001226343317
4001208328480
4000535120913
32764990401
32907216494
32999876058
1005001949477741
32626902852
4000072985333
32886220155
1005002399333446
4001198200552
1005002319179599
1005002339359831
1005002035520136
1005001697540901
1005002234393569
1005002382160119
32968084834
1005002425502180
33003326231
1005002324291670
1005002238737809
4000772934022
4000677363550
1005002322753181
4001080322784
4000791579937
4001361054772
1005002402346996
4000064708632
32893964414
4000563250373
1005001606811525
4000896394566
4000599595574
1005001626426510
32810811676
1005002239860422
1005001692560050
4000511562446
1005001268186487
1005002408674018
4000112012035
1005001386795854
1005001394407794
4001231212164
32956385918
33026095133
1005001628011273
1005001762357282
1005002347506731
1005002316808427
4000071339835
1005002341397069
1005001308025298
1005001421539170
1005002339164214
32991849142
1005001557625998
1005002120067701
1005002387864055
1005002318388796
10000031937076
1005002395195579
32764430918
1005001315437911
1005002364020020
32800301872
1005002199048187
32864728015
1005001862495943
1005001729775593
1005002336639422
4000156633816
4000666090605
1005002275347750
32826631573
1005002254071911
4001037872176
10000397673333
1005002317638195
4000665884270
1005001833809536
32825140118
4001033687183
32973172294
1005002007370883
4000747710739
1005001904435970
32944313423
1005001731062272
1005002388167479
4000238190883
32814810757
1005002380774600
1005002356569466
1005002388333136
32583286738
32998656283
4000893683577
1005002359173238
4000024148633
1005002292295155
32970197702
1005001635686394
32921803371
1005001670824579
1005002264051142
4000796370983
1005001907217623
4000836896168
1005002177359871
4000588083634
1005001701003411
1005001742476153
1005001511437140
1005002466889857
32976385197
1005001802657141
1005001341720246
1005002232589785
4000202777149
32974238922
1005002411655361
1005001931093535
32828498390
4000955804559
4001341140319
10000376041822
1005001731437510
1005002368681714
32852501940
4000114670145
1005002282162041
1005002346385569
32806225893
1005002350792717
4001206562885
1005002327964308
1005002439879195
1005002244481005
1005002333242053
1005001828678260
4000837393902
1005001584808366
4001205941674
1005002211535560
32955467870
1005002428009731
1005002495920988
4001137867481
1005002228584533
32999583531
1005002442151127
1005002348657431
32842918664
4001219682580
1005002288192678
1005002124033709
32867998909
1005002121838820
4001267496490
32545549080
4000826937869
33015164902
4000443069949
4000770360334
33036896109
1005002323683785
1005002239523603
4001160296757
32578901321
32886920264
32864355982
1005002297103036
32967417097
1005002347695205
32294486646
1005001820714010
4001062916495
1005001890320339
1005002252072714
4000666221232
1005001966379598
1005001561596554
1005001468702361
1005001796980830
1005002277815263
1005001998535157
1005002473021849
1005002433516228
4000216438638
4001203009586
4001208740166
1005001762305647
1005002051965528
1005002281886478
1005001713157803
4001332807593
1005001314371661
1005001447137751
4000137574125
32977573477
4001054601271
1005001976280190
4001212224798
1005001838365258
1005002323263564
1005002376735751
1005002044827036
1005001487175568
4000209828066
1005002351594468
1005001644550474
1005001388423009
32920602398
1005001864772460
1005001506412814
1005002330741465
32868965013
4000625717764
4001364229932
32824078889
1005001329335705
4001114611080
4001306012197
1005002390548836
4001031290869
32523999998
1005002270901828
4001107632607
1005002192505582
32980474518
1005002289001822
32994192728
32894845835
1005001431283150
33013756093
32853050633
4000314622127
4000736010211
1005002365652334
1005002167537066
1005002354337313
1005002234972432
33036437429
1005001664431785
1005001866522242
1005002420775515
1005001325852719
1005002483963031
1005001387900753
1005002082307276
1005002268734198
33045348949
1005002218875714
1005002266416797
1005001975697661
1005001511825267
4000351238515
1005001452263930
4000396891427
1005001588128401
32580800644
1005002349980703
4001077530833
4000460600589
1005001850564509
1005001889778841
1005001697664978
575633997
1005002352824579
4000288851493
1005002341466811
33022488571
1005001579930176
1005002085880768
1005001278240865
32956017662
2002186569
32844354814
32920516515
32968409604
1005002316783882
32832206752
32923043632
1005002398572110
4001152835374
1005002316059493
1005002357538991
4000682683939
4000173700869
4001138992250
1005001812128638
32862439388
32907171824
1005001463414841
32973301336
4001241062933
1005002298560123
32944370533
33062162606
4001116881765
1005002418823036
1005001758019587
4000374477422
4001025345157
32948102964
1005002347429440
32820115229
32260228615
1005001671131207
4000234282932
1005001423224925
4000274601016
1005002310992192
1005002398427740
1005001638277592
1005002322002581
1005002246107540
32293065573
4000335821741
1005002254307149
1005002254170425
1005002236410298
4001256342423
4000953675321
1005002302498839
32898812219
4001030387051
1005002323319458
1005001484540305
1005002467578957
1005002171731486
4001317428698
1005001874135576
1005001278527669
1005001410959794
32993056699
1005001415593130
1005002338523487
4001091526678
4000049222431
1005002238907163
33015352830
1005002394880941
4001284332046
4000159087021
1005002486292015
1005001351702306
1005001324615829
32820346859
1005001469105395
32745875707
32821270382
1005002287612695
32891358676
33050255289
1005001540498322
32350762175
4001127931135
32711372826
1005002225094016
1005002052765066
1005001404987008
1005002407856063
1005002232628406
4000286806962
1005002312496253
1005001884410369
1005002306024925
32908718762
1005001856218733
4000401773592
33038094325
4000102088513
4000923064841
4000880016981
1005002237729284
1005001997318738
33025318213
4000981350204
32837757023
1005002018847795
32889804136
32690472592
32861147667
1005001355469895
1005001495052072
1005001732434441
1005002427615602
1005001349864591
1005002423642923
33027324509
1005002378642673
1005002340911450
32716468303
32913699155
4000899832927
1005001753807334
4001213765243
4001196358454
1005002459504641
1000008139938
1005001624946110
1005002074751475
1005002329569760
1005001635903597
1005002285789431
1005002228053371
10000399947601
1005002331825845
4000124011204
1005001694961277
1005002111981638
1005001621791039
4000808263284
32585119108
1005002385781172
32861036482
4000761057194
1005002487369842
1005001348761867
32918415455
1005002306181934
1005002397900306
1005001485347604
4000131632612
32949766866
4001259435045
1005001610130837
1005001362475674
1005001899824935
1005001953725543
1005002375422754
32904628199
32997586509
1005001705143411
1005002160680180
32825548260
4000666327231
32865681768
4000665860308
4001112993246
32991132014
4000273845264
1005002162103326
4000720615422
1005001530620445
1005002377893702
1005001709353663
32953630546
32981414294
1005002213156067
4000300075104
4001244915204
32812120250
4000346808551
32946964070
1005002297650248
4001016316083
1005002248800425
4000903331861
4000996062302
1005002042778566
32887776703
1005002312644254
4000547678554
1005002394830429
4000800838950
1005002427647860
32920027170
1005002311566661
32948533329
1005001734128728
1005002337741816
1005002434696668
1005002313955423
1005002381243558
4000389233566
1005002397747588
4000687872096
32668073000
32666404878
1005002286170429
1005002375150629
32327829355
32634691270
4001345772584
1005001864841700
32977807052
32987564289
1005002160219152
1005002314692720
4001092199831
1005002389753701
1005002293101920
1005002448747199
1005001648801615
1005001856803085
4000097085069
1005001583009023
1005001693430136
33061202976
32727560158
1005002490312296
32890622219
4000388082948
1005002492612629
1005001943731654
1005002448085552
1005001798096351
32897092253
1005002306547192
4000205078091
1005001750930338
1005002489318538
32804166291
4001296642359
1005001872691080
1005002499465949
1005001789006128
4000253175672
4001062983189
33021664163
1005002278789721
4000924507665
1005001873255338
1005001867394111
4001211785030
1005002266691188
1005001993412648
32805398114
1005002281886535
32908656047
32923481116
1005002366303922
4000336355571
32406195320
4000546659298
1005002437139272
1005001279199651
1005001965610382
1005002375778764
32831930655
4000858970590
1005002317077322
1005001793947069
4001227129063
1005002334508508
33000229714
32852181726
32886725022
1005002180703753
1005002263391365
1005001884290904
1005001329319550
1005002445498882
32733195100
1005001992151749
33023867991
32659304771
1005001732313388
1005002496962235
1005001857102358
1005002477716404
1005001958132679
1005001872735010
1005002154936377
1005002262731969
1005002055959992
32365829258
4000559309346
1005002383206784
1005001933182994
1005002382683805
4000918290983
32967102113
1005002337091895
32910186821
1005002426381107
32967980222
4001079660580
32618852003
33029259916
1005002302209814
33034070203
32791802653
1005001408036287
1005002167340387
32850297710
1005002342535438
4000287213832
32856779668
1005002299458430
1005002367627828
4000324346642
1005002368854865
1005001578740692
33055289077
1005002395531929
4001283482141
1005002357222665
4001145579095
1005002405070841
1005002029117301
32803683550
1005002356077444
1005001414775770
4001282355673
4000574505032
1005002437776749
4000532254348
4001034368989
1005002218591007
4000926699026
32851872804
4000477107878
1005001585071650
4001210566804
4001158505149
4000039706855
1005001878748057
1005001508044663
1005001575012529
4001085573820
1005002388833395
1005002270231767
1005002399266903
4001125527656
4000428766432
4000991430581
32759683551
4000393191957
4000954487062
1005002210170649
1005002280552648
4000829966593
1005002341119941
4001316140950
1005002206419082
1005002337289053
1005002341153323
1005002289582397
1005002281031622
1005002417930378
4000060207792
32916812127
1005001588077764
10000029420672
4001299198971
1005002140262484
1005002440992388
1005001620720601
4000115525364
1005002341007244
4000234785119
33052747941
32754996713
4000814876963
1005002246963029
1005002450861877
4001350538293
1005001966629217
4000393043333
1005002393643610
1005002392953468
1005002292709889
32853941203
32958932141
1005001329726905
32909404963
4000804464390
1005001571000493
32809241663
1005001994814546
1005002428880833
32961324542
1005001442267645
32827963438
32913090578
1005001321514148
4001022781996
32960048385
32896095168
1005002258813794
32990205739
4000107388539
32948066295
1005001441572607
4000967018600
33049963832
4001006737643
1005002448580318
4000789451417
1005001374540788
32923551604
1005001848857328
32782078849
1005002490549773
1005002254306253
1005002297763462
1005001616162145
10000395833301
4000219053230
4000430753768
1005001966259710
1005001594578382
1005002424677288
1005001860187525
1005002271014401
32715409674
32869943614
33037562849
4001026537060
1005001736653777
1005002305201192
1005001812380071
1005001626498113
4000026013447
32916765279
1005001510162507
1000006180807
1005001356394588
32974113638
1005001667695260
1005002347077793
1005001354594439
32849067224
4000405265602
32827739608
4000129024274
4001236980320
4000730883443
1005002282148268
10000223278806
33036885983
4001275563881
1005001418125918
1005002459023124
1005002288277398
1005002314417195
4000029397156
1005002115670483
1005002256023074
1005002124281114
1005001864401916
4000979690912
1005001505692399
4000181201245
32377865012
4001078271998
10000397720208
4001065244344
1005002244503620
1005002357514212
4000333567362
32618679302
1005001780674472
4000850497913
1005002270289101
32820743076
1005002384773822
4000571737066
32229539254
1005002231350781
1005001388393618
4001044982626
1005002419668943
1005001663927495
1005001381603773
1005001325499013
1005001310463953
4000510077547
32832490201
1005002312516913
1005002489314792
1005001859429234
1000008529078
32458908595
1005002473101571
32921550269
4001039250224
1005002304307825
4000180821930
4001051110747
4000403307913
1005001360208931
1005002193870613
1005002379205142
1005001333160374
1005002312632129
4000974787472
1005001942814856
1005002258555658
4001156662991
4001061787398
1005001998063860
4000376675604
4001191746420
32839241936
1005001565307956
32349457021
4001122675898
1005002090873455
32995182811
32536164637
4001129125478
1005002428554059
4000872879653
1005002215551700
1005001505024120
1005001625805864
4001272048114
32991410810
1005001714084736
1005001975714937
32815840488
32934951702
32950640926
1005002388641123
1005002004318084
1005001503728164
4000699400638
4001211784120
4000267701807
4000800643369
32967767914
33013807673
4001263485403
1005001667794868
1005001962160032
4001270459753
1005001495727941
1005001304577911
32993350332
1005002352010259
32775276182
1005002466153475
4000511190038
4001345706606
4001103208284
1005002376071546
1005002361823372
4000080018293
1005002231679455
32850661299
1005002339451506
1005002459101776
4000130177047
1005001664440619
1005002333790761
4000380781714
4001039118446
1005002238328586
33027325924
4001156656240
1005001287912055
32726965956
1005002401300835
32870025355
32651094268
1005002363795218
1005002191789443
4000626897565
32881436327
4000384619896
1005002425224037
32649471634
1005001461066538
1005001909826072
1005002233707022
1005002272176012
32884351310
4000809913546
1005002428660147
1005002467815022
1005002340363595
10000022833885
1005001799849899
1005002390911698
32971876008
1005002346895180
1005001951116864
32860231140
1005002495599241
4000990874327
1005002474140034
1005002376785455
1005002369399711
1005002427264919
32570839560
32405385052
4000385149211
1005002109559890
1005002432244549
1005002340306816
33042763973
1005001370869603
32859694208
33002812247
32883211925
32924290766
32439881040
1005002460701596
4000542366949
4001201393990
32913791598
1005001570540579
4000151939168
1005002394283573
4001005138260
1005002462045100
1005001669362217
1005002330773161
32913854553
1005002327659887
33000482340
1005001364864885
4000760494890
33006783920
1005002490964949
32967073190
1005002279069512
1005002271950024
1005001564360696
1005002304365823
4000965526686
4001126289534
32854241487
1005001381294003
1005002490696600
1005001499796784
4001088106262
33004113705
1005002342420941
4000975725687
1005002287573446
1000008929283
1005002259497079
32630340757
32977641012
32931551969
4000095613773
1005002304638918
1005002255290120
4000873243402
1005002199105480
1005002310438246
1005001750498779
4001188887213
32857130626
32671646002
32821447646
1005002376307647
32993113843
1005001298403419
1005002100931091
32832139614
33030140740
32959029773
1005002278013990
4000755589746
1005002352203563
1005001906541954
1005002044588187
1005001370222421
1005002352133727
1005002143562360
1005001536666501
1005002228219384
1005001677170641
4000901782137
1005001324643308
1005002400106730
32697524611
1005002125976068
1005002433941014
32961696581
10000404577265
1005001444561346
4000056458384
32962192079
32975532926
1005002450136170
32834584271
4000296736011
1589267425
32927835720
1005001731411075
4001038602681
4001057667104
33047029906
32830340185
4000466060620