33046268372
32947052781
32573424803
4001093727220
1005001954765828
1005001329105454
4000828256694
32822609218
1005002319990768
1005002408140826
1005002329484470
32611115944
1005001575711290
32994931216
32841096505
1005002208280640
4001218971087
1005001438898335
1005002060690573
1005002245568259
4000070789525
1005002291829724
1005002393645058
1005002103531579
1005002396782698
1005001918217830
1005002377150891
4000497802721
1005002111078681
32978975596
1005002436152570
32950744531
4001060139672
1005001493637889
1005002207513783
1005001557731114
1005002353374563
33040078195
32702918116
1454692525
32969868313
1005002476767351
1005002082704640
4000340837852
1005002384908071
4000313006509
4000626012689
10000119127732
4000429702838
32987160969
4001120760276
1005001357009074
1005002270159385
4001214658646
1005002329183675
4000281454218
32677328644
32738679774
33025131358
4001339887034
1005002316864053
4000614864066
1005001423666126
1005001971846960
32991129752
4000109166145
32606378069
32811058737
32510374473
1005001818027641
1005002259252346
32897340096
4000035701551
1005002378866403
1005002394437181
1005001354828696
1005001499282807
4000987365399
1005001815366509
32826880208
1005002046888898
1005001988383747
32804560218
1870056045
33025874679
32880114707
32822462894
4000212340615
1005002329489488
32692065038
32806325670
32529752419
1005001305627435
1005002260591205
32671258008
33008268937
32945865034
1005002006037957
4000842842769
4001127730535
1005002371680508
33051060092
4000551491707
1005001593455404
1005002254365530
32789632711
1005002474947868
4000271810487
33016668777
1005001645201961
1005002348656292
32963262405
32739126885
1005002286129966
1005001645308543
1005002337488733
1005002293179595
1005001294564743
1005002318550527
32934755284
4001117199753
1005002314481305
4000655868547
32963437885
32672378531
1005001468367206
1005002310810973
1005001822214393
1005001420042897
4000734097648
32586783410
32983871325
1005002332464732
1005002294372046
32838966283
32998535628
4000379495385
1005002316930029
4001136303467
32816505375
1005001658869037
32953550857
1005001824809353
32994301568
33011194031
4000285305290
32496253598
1005002388530111
1005002074334426
4000719891863
32970656809
4001186284738
1005001905125927
32848308573
1005001450505590
1005002053759975
1005002416270504
32852750383
1005001771203061
33025141496
1005001266798925
32840485200
4000218252618
4000689697300
1005001267021716
1005002247035658
4001223723074
4001335543271
32815461179
4000120678053
1005002414479008
1005002023907638
1005001304259263
32503051366
4000829739342
4000909552097
1005002459772452
4001089753349
32378712983
1005002441188928
1005002265315682
1005002483616083
1005001671149119
4001191776272
4000664242063
4001051456275
32974037526
1005002167836327
32898845783
4001052111163
1005001612347722
1005002276183872
10000155199625
1005002388344129
1005002348385425
1005001971966601
32867765725
1005002397768764
1005002330569993
32821284639
1005002107131039
1005002226231794
32957518373
1005002353890852
32919189734
1005002270428053
4001219147854
32811711389
1005002399515091
4000604044281
1005001736853410
1005002024062305
1005001835104041
33010556477
4001365426047
1005002007241738
1005002344306613
1005001407260694
4000311288837
32971758800
1005002205813817
1005002033739213
4000541252212
1005002497166813
1005002276435741
4000627383733
1005002091834181
1005001286330341
4000463444676
4001349725853
1005002260737351
1005001693798872
1005002286121696
4000545911447
33008535626
1005002439633072
4000154674101
4000237304820
1005001866054637
10000402332968
32969677334
1005001759647989
32916235480
1005002350925005
4000796804590
4000069778574
1005002049373616
32961078850
1005002395111620
1005001526211323
32945797875
1005002238956631
32931233157
1005002319398582
4001264892181
4001007000613
1005002344980810
4000068382741
1005001909770660
1005002276181095
1005002491750858
1005002120536251
1005002114740842
1005002413420960
32828904399
32581783621
4000411979864
4000586335662
1005002389251336
32858035556
4000297138973
1005002494623463
1005002186596402
10000014211901
1005002076573968
4000712234280
4001309487484
1005002292317982
32948301817
33006817750
1005002087437127
1005002074170822
1005002344987126
32876459775
4000212466396
32823635579
4001110458450
1005001622984272
32592172176
32788060448
4000196600690
1005002304411081
32810999623
1005002294522895
32962455744
33002559846
4001255131891
1005001325170593
32966880969
32837501957
1005002386497295
1005002240184358
1005002015048121
1005002483737002
4000986298565
1005002289000786
1005001966307926
1933259311
4000261127401
1005002350700753
1005001330033180
1005001559085736
1005002003556410
1005001965082518
32976850828
4000433586051
1005001511586031
1005002368513344
1005001556315368
4000232472942
32959548905
1005001808916973
4000505002256
1005001525265988
4000188211744
32651839299
4000661152295
32807612049
32893546330
33051545519
1005002314456165
1005002211853495
1005001809683647
32892082801
1005001272722191
32909349212
1005002276814452
32855727903
32687073814
1005002467038154
1005002006097128
1005002314854941
33010210973
1005001714333044
1005001745421382
1005002358868304
1005001623293325
32967319005
4001241763187
1005002368939500
1005002247213973
1005001860661727
4001166317269
32918101258
32951151459
33031910432
1005001736684410
4001280292401
1005001272996781
4001095103004
4001129763715
1005002252128238
1005001997890885
4001276025303
1005001683130120
4000792499013
1005002042621207
1005001643671042
1005002322187562
1005001996725897
1005002331998277
1005002454314697
4000116161266
4000956290525
1005002358468462
1005001705906353
1005001670842342
1005002487410843
1005001357799365
1005001972221610
1005001299199026
33039424314
32885592029
4000111104416
1005001848967482
33038109030
4000205901943
4000296570147
32958547710
33053561578
32889185749
32918748673
32951411853
1005002154358480
32865475596
4001209461204
4000978994372
4000814504661
10000127275549
4001229236659
1005002470046846
4000629004553
32813362916
1000006808510
32890528963
1005001716710197
32799112787
1005002476084067
1005002246211591
1005001684827510
32821032709
1005002273598265
1005002428128584
1005002101823716
1958173514
4000931189175
4001153900290
1005002492588931
4000053945121
32864210102
1005001281219799
32762569211
1005001703825159
4001030222968
1005002247900296
1005001496973151
4000414119459
4001294202689
4000151031907
1005002317214664
33011428372
1005001525529059
32988008968
4001360398349
4000145264216
1005001794326013
32954223627
4001217079944
4001143573257
1005002344615881
4000760871849
4000172947396
32876452792
1005001868610154
1005002166989674
1005001458315377
1005001776552193
4000682674226
32911547091
1005002462798976
1005002305682550
1005001942955543
1005002278102282
1005001402905733
1005002376848111
32819576919
1005002448181355
1005001877206902
1005001834254926
1005002040246515
1005001506782034
1005002449573844
4001289590708
1005002330630337
1005002495865852
1005002237517576
4001224556247
32918847015
32807066548
1005001568557275
32902105330
1005002431548146
1005002136846473
1005002308992166
32729052045
1005002321627206
1005001691485290
32975157851
4001243829805
1005002172424514
10000399964178
1005002403949706
1005002276407197
1005001441291829
32975480021
32533277147
1005002459861961
32664072382
1005001676903490
1005001594706985
1005002389626316
33003268434
4000084702363
32987633538
4000935120621
1005001511271378
1005002458616609
1005001478241864
32697031490
33025529431
4000074160907
33014213402
33031185748
1005002276011132
32907523424
1005002311155720
1005002428228885
4001230414196
1005002495834291
1005001937142974
32981359512
33012986779
1005002486149365
1005002373279668
1005002311153790
2024553691
4000382937698
4001002269253
1005002268923644
4001340007759
1005002346764642
1005002468761145
1005001698554273
32924130117
32997418435
1005001967748173
1005001441508513
4001085356943
4000677273994
32973608728
1005001780319510
32997514823
1005002337321624
4000645326937
1005001850119704
1005002143315379
1005001938985416
1005002094399491
32958792127
32955012455
1005002455204366
4001036034416
1005001928579740
1005002398864187
4000900595254
1005001612321661
32602965033
1005002256755589
1005002375314587
1005002389436820
1005002196749496
1223235202
1005002461991629
32881857812
1005001670770761
1005002066569968
1005002328236929
4001094755801
33015506010
1005001626200272
1005002210275968
32834358468
33053125249
32842813654
1005002478367637
32717469078
1005001764344681
1005002239858520
1005002192702521
32704072341
1005002380461441
4000813637778
33002501939
1005001516301236
32804998681
32808371717
1005002471102014
4001062872875
32923804302
33027529614
1005002480544243
1005001349278710
1005002426483218
4000767152715
1005001467663744
4000708768085
32958240596
1005001775790889
1005002298458417
1005001686067545
4001227944567
4001293212235
4001208932793
4000522794169
32694508932
10000402364391
4001215985099
1005002310055311
1005002345936858
32863032241
1005002398054695
32989569694
4000337117056
1005002344631440
1005002394885295
1005001634207146
33042906947
1005002469304469
32953484975
4001037843599
1005002069665256
1005001573593005
4000338760906
1005002262545204
10000394157278
32983144485
4000092489993
1005001817890165
32848678670
1005001922858447
1005001838525279
1005002254954735
1005001779817421
33002819241
32817246472
33007990676
1005002352092903
1005002328478934
1005002245704321
1005001482490825
1005001941022546
32351152179
1005001820940760
1005002094198111
33012670279
1005001919184703
4001151838634
4000763883032
10000088323597
33012972887
1005001954539855
4000911563372
1005002214999022
32800775362
1005002288651558
1005001620199837
1005002324598200
1005002431453875
1005002110608732
1005001913544569
32911242263
32981200559
4000433356183
32751780875
1005002329744964
1005002498816382
32969374431
1005001525427891
1005002275753291
1005002424502214
1005002258817954
33020072727
32921426233
33007615580
4000351150748
1005001990495581
1005001731403729
4001358883022
32993059678
32863362481
1005002284233383
1005001426735703
32863613376
33001980020
1005002089238602
1005001858237550
1005001792373400
1005001698385220
1005002094139385
4001105963928
32797063737
4000587313472
4000785959670
1005002219599562
1005001382347248
1005002268124976
32710848608
1005002442642583
4001101515486
1005002454416271
32859331086
1005001431198991
33042111871
1005001318965151
1005001910951401
1005001707947594
32955516893
1005001556515132
1005001474628083
32902007511
4000948591447
32748373163
1005001446867400
1005001439063983
4000849842718
32846242643
4000591662505
33005508695
32822854851
1005002320918636
1005002012096673
1005002295335700
1005002474880599
1005001459288060
32790280488
1005001425893522
1005002453134248
4000224020499
1005002395576756
4000401394041
4001264377386
1005001470164731
4000230117637
1005001890515751
1005001629059960
1005001805199353
1005002130222687
1005002429609654
1005002466897520
1005001487242417
1005002442396674
32888832177
32877933616
1005001431688731
1005002219677537
10000180247140
1005001420294562
32968332830
1274599874
32949380684
32812689019
1005002290459745
1005001873593901
1005002143218587
1005002146858342
1005001285241238
1005001760103404
32765083257
32861949497
32864040415
1005001685649490
1005002324747225
1005002344797922
1005002370097243
1005002192763101
1005001833733818
4000176397783
1005002443153499
4001119938334
32830833934
32880661374
32488045496
1005002492805615
4000723095264
1005002370104244
32971090204
32944724840
32886164537
1005001524050471
32857340966
1005001947765743
4000339739686
4000557807587
1005001407269988
1005002304045863
4000638028451
4000392641740
4000939008621
32998050955
32455814937
32964825258
1005002277906755
4001052991046
1005002337198105
4001013359468
1005002474786983
32956864081
1005001458906322
1005001603561212
4000695674369
32694401245
4000887003425
1005001505815592
10000209269093
1005002372336500
32325865134
1005002401778350
4001155770529
1005001525976894
4000039457107
1005002392632253
1005001781103504
32919750661
1005002293398602
1005002460873570
1005001717373020
1005002446779015
1979612801
1005002305404291
4001234057625
1005002425529324
32762135487
4001186093939
4000397507247
1005002357997027
1005002387945875
1005001337533448
4001341456569
1005001884685664
1005002224139299
4000017875366
1005002289963352
1005002305864307
1005002263639879
32988718093
32845764758
4000398030574
1005001431061146
1005001967798861
32908452970
32765410933
1005001999125802
32997803544
1005001293832568
1005002209978640
4000695676184
1005001970307435
32702056949
1005002309605111
4000341158469
4001050230790
1005002401290753
1005001441860861
33012713533
33022572796
4000128034009
1005001600998273
33037550734
1005001909759654
32833010757
32737490520
1005002364206959
32997204740
4001041116146
1005001645352273
1005002116780578
1005002313958791
4000993097583
1005002327645726
33025210077
4001309024344
4000058360382
4000404737167
1005002405463724
32965103914
1005002357490459
1005001412604857
4001158798035
1005001388749209
1005001689264046
32855460367
32816824244
32789364765
33004813301
4000504113749
32983820544
32835161577
1005002350611042
1005002457697294
1005002293701853
4000259705738
32991984982
4000715044641
1005001770845837
4000183930769
1005002324200402
4000574682834
1005002340115138
1005002301447392
4001209202439
1005002353341785
1005001742617838
1005001735872456
1005001901294252
1005002376987025
4001254961920
32992608922
32984930984
1005002170893862
1005002412765035
4001037694383
4001224593852
1005002481771112
32982879696
32729705101
32989882776
1005002122288730
1005001592652069
33004166647
1005001625829951
32896960127
4000925775412
1005002319239975
32926965428
32891335081
4000607905736
4000872771473
1005002286572599
1005002171084263
1005001803839367
4000809837844
1005002228483495
4001175396612
1005002008173161
1005002303582822
32793345186
32962477686
4000466186565
32810389921
1005002413533933
4000922003188
1005001779636407
1005002486180450
1005002259468202
32812267289
4001006668521
1005001646039914
1005002421949595
4000814428873
1005002342372538
1005002430644209
1005001273298355
1005001858899900
4000186037998
32979981679
4000670230422
4000211686314
4001295336994
1005001844383360
1005002488419272
1005001291322228
4001293542838
4001098482348
32890041367
1005002433909247
4000387129195
33028532968
32784958921
1005002398920620
4000379182760
1005001343532731
1005001386167477
32809627934
32860350379
1005002086780800
32421020397
1005002070626488
4001007412453
4000076741526
1005002007547951
1005002426104675
1005002386221607
4001261523621
1005002264164950
1005001337915829
1005001698774503
1005002256244706
1447401192
4000014458815
32786845943
1005002318257842
1005001515534639
1005002251931707
4000266186727
4000418522082
4000333930736
1005001640400650
1005001948919426
32866741559
33030100505
1005001974858640
1005001437985936
1005002082385761
32958639937
1005001726738728
4000484319512
4000281943060
4000666188638
4001088965855
4000324791329