4000150114454
1005002388155520
1005002324172682
1005002098603697
1005001305287799
1005002397783623
32983251604
1005002490089425
1005001464065205
1005001418637430
1005002332283208
1005001969021212
32705507622
1005001671048589
4001332202527
32994222755
1005002297502953
1005002287171782
33058601711
32618492412
32950218746
1005002079959015
1005001717767315
1005002315428794
32705927316
1005001593213522
10000234850517
1005002351800401
1005002443695339
32842541933
4001028546015
1005002126612152
1005002207478974
1005002322160310
1005002484608501
1005002496081891
32777811789
1005001624803465
1005002122354601
1981788291
4000314950634
33044154663
4000601664612
1005001330915784
32807289819
1005001722412521
1005001971611751
4001324157633
1005001862051389
4000743650838
4000230917027
33014476730
4001217886274
1005002490502220
1005002297648435
33050074457
1005002481261727
1005002027546546
1005002314518620
4000463296080
1005002285119234
1005002288223662
1005002314006761
32790237341
4001134816005
32575494079
4001217234204
32989098004
32995198897
4000045380208
1005001874998322
32866459890
1005001402147834
33050668513
32998601202
1005002293131194
1005002292768855
4001045056543
4001062059267
1005001304299686
4000170043703
4000835020492
1005001766001576
1005002234307025
1005001763676482
32923274801
4001335392714
4000189962643
1005002277086228
1005001525479204
32996998676
1005002088980244
1005002499478324
32954688080
1005001398562672
32859065206
4000029838642
4000469597314
1005002074510650
10000153221936
32930767369
1005002349843396
4001251889616
1005002166858879
33055492818
1005002052514423
1005001613073740
4000282084595
4001364348078
33039521806
32783308623
1005002356070675
32882986937
4000260985451
4000450927673
1005001566856142
4001228729292
1005001659514861
32790074599
1005002442654309
1005002274067172
1005002405067014
1005001711702315
1005001731229698
4001151245691
1005001695734539
1005002395551643
1005001483384492
32883994126
32378822670
33033177578
1005002221460888
4001212295209
1005001650484637
1005002341884938
1005001525307978
1005001683578602
32863784435
1005002180350426
1005002392197672
1005002425997001
33017174785
32959077464
1005002241550354
1005002050387857
4000865426803
1005001362022469
2048236640
1005002350821457
1005001642832206
4000059534500
1005002426087197
1005001670928747
1005002206490136
4000409777797
1005001573183152
4001017386017
32981319708
1005001506697003
1005002291101928
1005002284561975
4001144010089
1005002008422248
4000725499880
32981542008
1005001495086752
1005002334873547
4000211058804
4001191806496
1005002254533754
1005001534057274
4000049126657
33044570078
4000944345066
4000479318389
1005001835404928
1005002185987794
32773805803
1005002117823184
1005002096166902
1005002362431707
32993435961
1005001482846356
1005002286573476
1005001599001356
1005002418688132
1005001960958112
1005001616748638
32850113629
4001270790192
4001068050283
1005002340350087
33019024154
33036064218
32761473380
32585124991
4000785414947
1005002036021174
32952376484
33064019583
1005001487629854
32892874106
4000856250856
32607472781
1005002272055186
33005046793
4000231312051
33021090624
1005001321955508
1005001858344372
4000197715533
1683832101
32983536261
4001157829556
4000424180415
4000761210190
1005001949455834
4000093154669
10000388646490
32944904798
1005002359747928
4000997437209
32921016889
32968464008
32976140494
33060859711
4001175486183
32972405810
32919603366
1005002477753692
1005001495258610
32954192920
4000291001899
1005002482358333
1005002291838606
4000457916206
4001027823197
4000470685225
1005002394374861
33017506816
1005001616464839
1005002347089817
4001027732847
32776933155
1005002314523085
1005001487073379
32964274981
4001065940566
1005002446704897
1005001954977486
1005001756247020
1005002220071305
33007514782
1005002052467694
33009776868
1005002187025928
4000042949060
4000121543783
4000338722091
1005001774035396
1005002318949208
4000143274616
1005001936467263
1005002458958819
1005002277954254
1005002234179624
32814897633
4000982471825
1005001524077154
1005001314408722
1000008363190
1005002271665639
1005002277190944
32431130110
1005001960030054
1005001896687619
33014822879
4001027619546
1005001727161935
1005001308532270
1005002287530172
1005002383669476
1005001566007483
4001161954847
4001228432954
32648584810
4000927967112
1005002003277163
32983372549
32881965949
4000295915579
1005002324464534
1005001846814108
1005001582458832
4001156111754
32872665110
4001144074935
4000529072710
32299658224
4001059050481
4001309890287
4000781148114
32924418601
4001226852170
1005002114966208
1005002304819948
1005002100313544
1005001394132367
32797292742
4001339568900
32901860310
4001299916262
4001024518767
1005001267042697
4001225241375
4000072265868
32947113181
1005002490121129
32832541242
4000754981988
32962787395
4000543539403
1005002228670314
4000224547211
32896962296
33014347603
4000499767012
4001099106937
1005001695936434
1000006415903
1005001333788801
1005002293794409
1005001526268135
32819977704
1005002353907473
1005002101425841
32678562640
1005002314345856
33016718950
4000955791519
1005002233834394
1005002236523635
1005002401131031
4000789952686
1005002239977760
4000848087612
4001037589515
1005002297862873
1005002282774234
4001061673441
4000087856516
4001193116235
1005002389667509
32958028950
1005001592881232
4001156937800
4000510104202
4000077015719
1005002388727686
1005001982256398
1005002264932118
1005002254317878
33002693835
1005001495161059
32885409991
1005002322385739
1005001848980713
33008149596
1005002211880679
1005002245435536
1005002328910834
4000703721779
1005001996686757
1005002454475020
629625108
1005002253167234
4001133111909
1005002461678651
32834359846
33044229896
1005001509925115
4001257226310
1005001488204613
1005002367809411
1005002367585387
1005001267432916
1005001457085986
4001064490218
1005002313816386
4001156911591
4001041391191
32995803251
32562426679
1005002346433009
4001352141019
32982857897
32703045498
1005002305172822
33056005703
1005001562494259
32739542076
1005002334194957
1005002271624980
4000850677262
4000698789861
1005002454462205
4001138218964
1767693342
1005001350229115
1005002304269203
1005002297531325
4000944065232
1005001448221511
1005002395833104
1005002317767847
1005002437792793
32813555284
32512469241
1005001484906646
32845771407
4001017591710
1005002483023555
4000328115429
1005002263898713
1005001998657794
4000458743018
1005002000168507
32946673662
1005002347463004
1005002258491842
1005001906366509
1005002467812845
1005001447378538
1005002379282069
1005001749533125
33056457455
4001283671095
4000538468922
4001316385519
4000334376680
32886038677
1005002310952475
1005002456886155
32705259214
1005002385173437
1005002172250631
1005001731775616
1005002125310184
1005002306488699
33027525773
1005001338598317
4001233681988
33007759612
32898104136
4001243570679
32922954190
1005001560633145
1005001337867306
4000966293557
1005001724035319
4001299168825
1005001727674753
32850413396
4000201349191
32853892900
4001037777333
4001285568608
32782768066
4000178234675
32973793642
33041664821
32969631555
1005001339486519
1005001988490284
1005002409515526
4001355046644
1005001380663639
1005002389863250
33009349072
1005002309521038
1005002265396067
32834665370
1005001708451558
32916721316
1005002283519751
1005002278424605
33018463383
32964188172
4000058204049
32829870307
1005001667543258
32974336502
4001038574959
32815473462
1005002452921504
32628737943
1970410673
1005002314092389
32939481944
32379346835
1005002382458211
4001258135834
4001260812996
1005001594345693
32909008927
1005002309238181
1005002017396001
4000517911498
1005001380239084
4001273127955
4000153451705
1005002316211656
32874398430
33007356529
1005002032817331
4001214272330
4000307212664
4001228697304
32866244599
1005002003831584
1005001860356954
4000558844602
1005002413645900
1005002342593456
1005001473846711
1005001769207979
1005002241845473
4000111298674
33034336565
1005001924433067
32999573215
4001062233482
4001038942755
4001144916785
1005002276110653
32947723991
4000805192337
4000858930083
1005001304488882
1005001567400715
1005001341045701
1005002271614167
1005002482971368
1005002417566284
1005001742641773
1005002227851604
1005001518910867
1005001850518871
1005001876001126
1005001820818234
32641347368
1005002254534210
33006138164
4001039284268
1005002393792539
4000295864889
1005001831659292
4000937720775
4000410964751
1005002304384284
1505980087
1005001809832233
1005002276921199
4000615897523
1005001900426231
4001209318776
32887163051
1005002337133168
1005002321054009
32811640548
1005001617091481
1005002245421588
4001114040930
1005002343212230
1005002386186580
32971491459
1005002387931269
32983424329
4000093860435
1005002313854184
32383341892
1005001992395487
1005001695492267
4000972273055
1005001423521898
32987589697
32623751805
4001354701535
1005002288015015
4001208378207
1005002355993497
1005001598288856
4000070283676
1005002323493340
1005001899911906
1005001393250888
4001361889904
32958927332
1005002467552198
4001158529028
4000789483499
1005002316288513
4000473540302
1005002356241635
4000906018856
1005001516568948
4001208476747
32808849721
1005002090130524
1005002383352429
32861394971
33027501956
4000003858918
1005002248541626
1005002336870273
4000997056490
4001125515514
32503130233
1005002454642116
4000926604355
32961666161
1005002260222718
1005002469985912
4001107910824
1005002393905728
32982744676
32963546980
1005001511825877
4000798194362
1005002350190699
1005001836672939
4000273277099
4001159539421
1005002238273748
32948986031
32595554303
32976319709
4000534370947
1005002332157677
1005001853318962
1005002332129249
1005002283710464
33018475329
4001276213795
1005002010914947
4000994094473
1005002485293731
1005001731194898
1005002427930066
1005002321386487
1005002330706652
1005002459311853
4000533500125
1005002244166081
1005002398722522
32863709730
32760951407
4001228687655
33058913478
1005002346813278
32913581807
32797553011
4000174229790
1005001501426988
1005001950406421
1005001575809578
4001057973763
4000989475916
33016558541
4000938334391
32912696222
1005001785879918
4001181388549
1005002339963459
32846586001
1005002476986406
32318518445
1005002306640733
1005002315892709
32849913552
1005001543999976
33003553702
1005001780837099
1005002028580630
1005001364753731
4001276011248
32888755876
4001028646758
33046146550
32918594759
1005001756494308
1005002481215277
1005002363469231
32989748057
4000315166797
1005001978686720
1005002080954791
33003986724
4001270575934
1005001431085298
1005001998807463
4000365973939
1005002090104319
1005002420797227
1005001408280540
32979963325
4000850649702
4001211192337
33016865666
1005002293778095
4000538543508
1005002347385311
32974985845
1005001895176428
4001228015025
32250887360
32962599495
4001146219744
1005001693780099
1005002393733625
1005002313661763
32962401228
1005002288138518
1005002019623004
4001130903878
32910316880
4000938615980
1005001620106464
1005002448644524
1005002454321205
32900896360
1005002296297060
4000964301244
4000902504669
4000143482718
32887546130
4000990792892
1005002485225539
1005002472979269
32837371893
32914794897
1005002308595983
4000842624765
1005001787857039
32771829388
4000777408160
32900519625
4000284370193
1005001835788944
1005002176058840
32951393757
1005002364265366
4000419278948
4001281462086
4000510733662
32828608382
32996140602
1005001948975144
1005001986136892
1005002234726754
32688584505
4000898894713
4000241455194
1005001835212871
1005002420511099
4001187542687
1005001498984546
32944256601
1005002488071972
32857853835
1005002465701989
1994102313
4000466136726
32701924132
4000182049146
32917672872
32953319627
32819470038
1005002345638914
4000975016432
1005002310487569
4000038463393
4001110157721
33010960191
1005001275963373
32978707931
1005001547325867
33011747275
32997489188
32969620968
1005001520406840
4000214359835
33052987662
1005002453338142
1005001585023115
4000078263030
1005001469565012
4000723165364
32583670872
4000126871623
32901780599
4000391911723
4001031061974
1005001860422512
1005001769033925
10000022133442
1005002369557346
32741747420
1005001488781976
4001214160866
32927774010
4000927046621
1005002337264208
32788853409
1005002435167233
32658984029
4001003743084
32961623402
1005002336870570
32957878274
4000933513570
4000298496180
4000828874607
1005002201957215
4001278159890
4001084466784
1005002230360478
1005002287333255
1005001620332866
1005002265327277
1005001287033246
1005002268845438
1005002385464036
4001020396252
32888682259
4001085350098
1005002360838414
4001222732967
33060133792
32984739373
1005002073366131
1005001509785651
1005001822374217
1005002357332923
4000962005145
32878640969
1005002268320410
1005002477695380
32822508620
1005001458438596
1005001935464184
32843762425
10000395865249
1005002219996826
1005001980402558
32828322582
1005001927783709
1005002314138934
1005002329483302
33035853955
32951250000
32832792960
1005001594647622
32924478840
1005002330612924
1005001992139354
1005002311645239
32913890186
32709262368
32852608391
1005001592282506
1005002268962879
1005002398074140
1005001627868330
1005002345690977
1005001640042098
4000318223272
4001281831782
1005001889776957
4000044571980
1005002373029592
1005001933549422
33024841704
33010966259
1005001698686958
32851050919
1005001549010122
4001264445645
4000400861669
1005002264729827
1005001686141254
1005002247088028
1005002443469808
1005001411214974
1005001367246540
1005001524326431
4000295961200
32964827243
33037315798
4000990907987
4001085468559
33034590817
32599559491
1005001437488948
4001164405327
1005001436938075
32960770752
32747926428
32873216473
1005002246635326
1005002453273847
33019661083
1005002323020254
32917375366
1005002424696935
33022218384
1005002061594225
4000084835472
32693126827
1005001348696599
1005001694081462
1005002324930660
1005001313712929
1005001406008070
1005001837937569
32889492223
32887014879
4001235107432
32672876552
1005001688506684
1005001611627719
32922555352
1005001369794288
1005002193317580
32845349172
1005002048593797
1005001644181249
1005002104349608
1005002081395307
4000939757806
4001041053478
4000472753155
32982547838
1005001774986170
32945573574
4001325760450
1005002211924626
1005002326368472
1005002234500323
32855321721
1005002217028696
32808011613
1005002293981802
10000356072961
4001130515287
32974347682
32954202435
4000222197847
1005002277293561
1005002352063453
1005002357585153
1005001701156523
1005002428619097
4000705862135
1005001831493203
32956847989
1005002438093496
1005002490406251
1005002353259549
4001131555387
4000425268596
1005001640208624
33024012198
1005002314298429
1005001914840638
32926303432
4000018921919
4000699736164
32883756678
1005002345169303
1005002279119299
1005002125808142
4000128382830
4000932188087
1005001391808282
1005002318965697
1005001930745881
1005002256607838
2012365704
1005001921600163
32850587228
32956481810
4000875699207
1005002314309686
1005001901472939
1005002402727868
4001277967186
1005002483118611
1005002322776280
32868697292