4000061009774
1005002332849387
1005002189342724
1005001273076043
4001221724296
32827862808
1005001718832414
1005002341328706
32792742912
1005002405579723
32873379346
32823356465
1005001748975501
1405424891
1005001737905709
960890052
32595222706
33023539480
33037667573
1005002381980256
1005002237840894
1005002301045538
1005002283078328
32978280377
33004268828
32894671423
32830845228
1005002356636264
32478970024
4001218968440
1005001556739352
1005001716407984
32912378639
4000163257812
32921383483
1005001926193274
32840088392
32953546781
1005002336861739
1005002383289538
1827116023
1005002398954891
4000544452066
4000960979281
1005001838267844
4000493250879
4001144769748
1005001527499278
4001249049114
4001081008399
4000460327394
1005002388376742
1005002270649167
1005002281767838
1005001705351185
32959718257
1005001829244523
1005001845250385
1005001556753651
33047738541
4000092811845
4000275142338
32637648288
1005001848768950
1005002340351709
32894370122
4000297393615
4000324489587
1005002281226451
33027383163
1005001685025068
1005001681742138
4000307789893
32739710897
4001120472501
1005002441418574
32864870131
1005001598728137
1005002354392885
1005002345845955
1005001276677672
4001222655718
1005002132561325
33035425964
1005002477248806
4000499179043
32346213587
1005002350485455
32892358716
1005001708144279
1005002038998130
32969509077
32918162963
32987265703
32857260816
1005001458522721
32997152998
4000774822900
1005002312713335
4000971990385
33061923680
1005001997359333
32715788233
1005002259395718
1005002284626473
32969025983
1005001731271146
4000228503717
32500307863
1005002176779950
32891953743
1005002476627129
1005001823104431
4001296771463
1005002237307870
1005001558502397
1005002325275382
1005001642224963
4000284299414
1005002297253991
1005002219002939
1005001914809093
1005002376041659
32723900200
4000752034795
4000170807747
1005002333493124
1005001354779740
4000990999161
1005001397648532
1005001420169286
4001232303332
1005001778760956
32867009052
4000342117741
4001318793167
4000186202941
1005002050513476
1005002003818860
4001247385432
33009976498
4000792970110
1005001710450386
1005002292545101
4001019694288
1005002167805749
1005001482632603
4000837501167
32952135323
1005001768018461
1005002362343852
1005002122421177
1005001270277100
1005002369899824
1005001511618254
1005002375264361
32823794828
1005001525379795
32309136431
1005002224347045
33014435726
4000170965808
4000673122639
32865254807
1005001683462357
1005002222805131
4000211789875
32967410944
1005001889002727
1005001351085799
32946538825
1005002105747033
1005002334145972
1005001525521023
1005002107255268
4000389156805
32677260670
32805172949
32360691560
1005002495322831
32874193717
4001244288904
1005002434058816
33027232410
33045265987
1005002446276894
4000041792450
1005001285286191
32912013187
32862379125
1005002085189977
1005002297873308
33040434465
1005001628661745
4000997388229
32963995108
4001159529441
1005001671609531
32849446613
4001265690507
32975688918
1005001939341749
1005002427524948
1005002484056414
1005001594686948
1005002252273660
32807266970
32831585160
32725745793
33020106217
32860432185
1005002240880273
1005001962092772
1005001621477932
1005002394670248
1005001311021645
4000965907983
32974564758
4001360644292
32920232857
1005002454323162
4001335436638
1005002291649579
1005002433362978
1000004782771
33026575351
1005002439261740
32647716683
4000808329873
1765656894
1005001731187473
33007547510
1005002307789126
1005001389271883
1005001877094057
32957309134
1005001385911410
1005002322669324
32855634441
1005002292640524
1005002187608220
4000212583884
1005001631304764
1005002394057351
1005001498496256
1005002050868677
1005001581605132
1005001616328534
33057491275
4001013396982
1005002457302212
1005002409723712
32818162823
1005001711119202
1005002179222199
32965649647
32981741537
1005002306559499
32863185264
32893836114
1005002220356343
32957317712
1005001567456177
4000034706975
33031399627
1005002282408196
4000701548723
4000956120921
1005002433243932
4000777693230
32996023048
4001360826415
1005002310956407
1005001882366514
33059515270
4000398017446
1005002021478970
1005001895713821
1005002421363359
4001082402885
4001322468806
1005001366231117
1005002457660758
4001111782477
32838666614
1005002283574436
32808726145
1005002373358528
1005001385083197
32811178812
1005001848966992
32774058648
32832904231
1005001307692124
1005002333673596
32522507096
1005001998564474
1005001590194726
1005001291423455
4001136458692
1005001780200197
1005002364185829
4001195752735
32981795150
1005002482240097
4000694138145
1005002211386486
1005002402440202
1005002321763655
1005002297282234
4001037099165
1005001376434130
1005001382518109
4000811699969
33051673216
1005001621010982
4000460329202
4000317498695
1005001632103979
32985243329
1005002497140865
1005002480151491
1005001905599787
32537689206
1005002271294207
1005001406430431
1005001425102779
32945321875
32999116895
32763672689
1005001640224167
4001005196711
1005001708995416
4000139745953
4001060824419
4000774785649
32885685145
32901832755
4000996297068
1814205332
1005002254386273
1005001444250893
1005002389789285
1005002323398312
33010800682
4000313351217
33000067716
1005001490990984
4001009788331
1005001884010911
32826423876
1005001702670183
1005002357216702
1005002210759843
33002336283
4000840195004
1005002416356094
1005002286791300
4000602096220
1005002285947864
1005002495933257
4001155585733
1005002369314850
4000689487865
1005001835866008
1005001817825400
4000042617612
32927281797
1005002439587837
1005002250510168
1005001726794834
1005001812883000
4000424310346
4000196578747
32828681992
1005002398468725
4000872909872
4001036351835
4001021202879
32886383423
1005001834521299
1005001311003694
1005002447720913
1005002292282934
4000087968362
1005002422846493
1005002065961586
1005002400639327
1005002275707803
32997509528
32859832692
4001171684939
1005001495139645
32892858332
1005001365033958
4000987633902
32878272689
1005002320264342
1005001648267675
1005002383195004
4000296197125
4001139740228
1005001669548309
32832254150
33046876798
32866633845
32533637784
4000657078917
4001094569300
32999506040
33050287805
32827862237
4000009674683
32998044070
4000797306246
33008322455
33046756738
32991265478
1005002480490851
1005001764095997
4000982181786
4000243260687
1005002352940646
32974768823
4001294203257
4000430086049
4000593860675
32961312255
1005002321041476
1005002279058542
1005002023434199
1005002362101934
32974753217
4000299366332
1005002191688555
32807766071
32995956812
1005002336941086
4000224255342
1005002075231500
1005002324481564
1005002381958809
4001305396270
1005002347210343
32866659527
1005002234934529
1005002321794902
1495443369
1005002011131190
32871027340
4000065231252
1005001547236909
1005002480878555
4000786085259
4001130975383
1005002369054500
1005001598664346
1005001531015110
32600711996
1005002267555702
32844394728
32323567664
32852088088
33041645044
1005001791970198
32818060215
32902381448
1005002396917041
1005002258382597
1005002442962987
1005001965026175
1005001899634930
4000974902891
1005001475591184
1005002393239206
4001315445538
1005001607894664
1005002191741507
1005002371551184
32789776588
1005002327808142
1005002273153794
1005001520268614
32889460105
4000789066079
4000059583201
32961177210
4001278918182
32953085782
1005001579283276
4001271029543
1005002323487655
1005001868493602
33034058776
32927113314
1005002265801928
1005001454386698
32693686426
1005001802843530
1005002244421833
1005002308597754
1005001391658870
1005001365720603
1005001626925094
1005002395993012
1005001464277769
1005002378323351
32855782535
32344361500
10000402357196
32959971048
1005002004675875
1005002406184270
32559399230
32980478448
4000624919640
4000286820414
1005002322917210
1005001575688489
1005002311370508
1005001626880256
4001259144619
4000546313315
1005002312626822
4001157696940
1005002348580589
1005002413422416
1005001552766058
1005002298367531
32830664287
32668108298
4001126205811
32968917982
32874349119
4000718461553
1005002382483496
1005002330552361
1005002314411076
32956301425
1005002400060125
1005002264933384
1005001989325629
32969245935
4000711441381
4000808423849
1005002431787161
1005002062172066
1005002354451727
32843447428
1005002334032684
4000047751325
4000227491473
1005001489517823
33047948415
4000270580183
32800694153
1005001324515213
1005001651842831
1005001678090695
1005002433343634
1005002418903766
1005002055125635
1005002268226576
4000400602580
1005001415764553
1005001767855662
1005002248198112
1005001900899030
1005001585258919
1005002336305629
32863619458
1005001641438177
1005001438346057
1005001781652328
32504175898
1005002396776591
1005002293064569
4001165448086
1005001290527859
1005002247598041
1005002319392612
4001062649631
1005002319221091
32280552268
1005002357470899
4000028023642
1005002382638806
33027533452
1005001645129387
32943989535
4001030973610
33031851661
32862984991
1005002314226772
1005002197114829
1005001666842727
32613149911
1005002459794488
1005001445776860
33032099567
32631914239
1005001770736999
1005001402286378
4000077851945
32851856178
1005001382358943
1005002470834314
32803142380
1005001380824706
32829174624
4000083406458
32816660086
32839075674
4000598788133
1005002314229865
1005001890163049
4001026398342
4000636244326
32899158794
4001125494416
32919818654
1005002459182480
1005001451985004
1005002314529394
4001295428707
1005001526479942
32682335625
4000545836059
1005001473624089
1005002350219029
1005001604894551
1005002226058109
1728647930
32689688160
33017959196
1005001410697951
1005001699116040
32858308121
32965806251
4001354681040
1005002457650646
4001148231511
1719709228
1005001825794395
1005001682121058
33027800793
1005002329904967
1005001565841187
4000052502722
4000402018197
1005002088339004
10000009594316
1005002239476442
32347670075
1005002453267901
4001278982867
4001294569655
1005001305358672
1005001529943113
32601999469
32361261970
1005001499660219
1005002326367325
33009411418
10000190416519
4000145058419
1005002299591429
4001160350989
1005002282856787
1005002499977300
1005002387095924
32914232033
1005002313126286
32956846513
1005001501098257
32898027618
1005002411535907
33001964670
1005001441468469
1005002483029613
1005002217956687
1005002322701300
1005002333899609
1005002490400736
1005001382346316
32799613302
32919654482
4001209296277
1005002398532548
1005001450368654
4000048260921
32875121281
32734485118
1005001571920567
1005001665639855
1005002371608345
1005002477897215
4000107206336
1005002111696455
32847414406
33059452903
32864098067
1005002281409923
4001332621413
1005002265477534
4000372838550
1005002307819433
32848118196
1005001961376842
32632822542
4000171393116
32460893581
1005002394999333
4000576331546
1005002259805518
32943993674
1005002315218265
32905275916
33027805691
4000399772002
1005002168273098
4000818141280
1005002482152815
4001223984320
1005001441301888
1005002395598041
1005002368582479
32957572455
32945548436
1005002241581871
1005002392576706
1005002387813857
1005002378920872
4000322010591
4001019389075
32783328130
1005001549110821
1005002264625658
4001331664270
4000945808873
1005001966442239
32969312509
1005002304103480
32840328539
1005002409963601
4001049956856
32723129494
1005001470588995
1005001747965025
1005002288242660
1005001302638223
1005001325296885
4001252397472
1005001869070869
1005001800638932
1005002273980649
4001105498864
1005002420195673
1005001398531639
32921274692
4001132125076
4001220430795
1005001417737050
32948327495
10000067879339
1005001915370076
1005002425792346
1005002078057990
1005002270656009
1005001704817908
1005001959403567
32905358269
4000287958941
1005001995318550
4001119264997
1005001604287376
1005002319144321
32842735064
32878827488
1005002406114387
32905906883
32626449035
4001140362924
32927176672
32994061426
4001288034596
1005002248116902
1005001735455609
1005001326523087
1005002367553916
1005002314311813
4001292304810
1005002336906016
32974255282
33002704508
1005002393311929
32948897634
33028814970
1005002069852074
1005001382406834
1005001861133955
4001121723713
4001229006721
32968943137
4000001863938
4001037531313
4000776697966
1005002388437299
1005002009669094
1005002261459560
4001041134652
32812199597
32853654055
4000853231995
1005002378831424
1005002459558251
4000749540320
4000718249860
1005002320861441
1005002037490023
32991235393
32807805436
1005002332886747
1005002386967629
1005002381098611
1005002426368949
1005002377469650
4000148438593
1005002331918713
32859194837
1005002293852246
2031357996
1832646147
4001236445797
1005002253980953
4001191753351
32898801433
33056328157
4001244362367
1005002307681660
1005002396512886
1005002248772395
1005002126691031
32731711726
32844006847
4000523599816
1005001558128516
33012789626
1005002032804733
1005001943602366
32893175472
1005001824057991
32826851654
33007073257
1005002382635244
32971883074
33005840908
1005001880502575
32926083560
4001187590674
32812328991
32806987632
4001276457123
1005001269672224
1005002236121909
1005002245359020
32849995634
1005002271439979
1005002315381010
32892653835
4000971334858
33006904484
1005001714673329
33054770670
1005001982337846
32830277925
1005001599347050
1005001513058353
4000311169117
4001258979064
1005001620871700
1005001525491387
643480914
1005001771786612
1005002320600589
4000197899590
4000429739234
1005001360761099
1005001346406484
1005002429431356
1005002314386508
32817136390
4001069443103
32848460764
1005002010906636
1005002275744428
4001280237796
33004874035
1005002383246435
1005002294114503
4000546436093
4000396465735
1005002443113220
1005001546787134
4000762250349
1005001949428877
1005001999483156
4001250018289
1005002299597082
1005002479467964
32961254304
4000961375358
1005001268080947
1005001596841057
4001208974122
1005002370530179
4000377410257
1005002352377576
1005002454259493
4000897934220
1005002203911977
1005001409268593
1005002430545787
1005002176188836
32974249401
1005001666646985
1005002242068493
32699911679
4000682832385
1005002453259902
33046785715
4001103010531
32648055014
32951000384
4000379513602
32374177971
4001294282631
4001222648747
1005001861082967
1005001464676941
1005002008399570
1005002314056649
32976157494
1005001553654445
1005001998355194
1005002330935523
1005002259641200
1005001994312533
1005002425524956
1005002265606103
10000381707417
1005001335120099
32902559024
1829576162
1005002256677564
32868621203
33054742762
4000842627696
1005002337034022
32990485732
1005001481750810
33044642643
1005002341256129
1005002212022441
1005001736669753
33006176577
1005001989968412
1005002433734023
4000755362943
1005001557972627
32951224385
33017223008
4000734091463
1005001525479037
1005001703708227
32703518858
4000286496553
4000836978616
1005002399921847
32900122090
4001036660140
1005002302318070
4000695954308
1005002388034829
1005001567946387
4001026348739
32908474939
32920627345
1005002374357184
1005002422138589
1005002245884443
32807109933
1005002282394899
1005002023364044
4000244217115
1005001396595853
1005002033464558
32856582154
4001053341951
32955080120