4000015032339
1005002313744491
1005001689704654
1005002277626862
33019405524
1005002317372590
1005002168850793
4001032288939
1005001652495288
1005001930701716
1005001939334691
32853325116
32983646765
1005001588353055
32997440878
32838906008
32558966842
33050150628
4001059231665
4001286773677
4001309816035
32915053794
1005002315612429
1005001526442352
32706867920
4000706259971
1005002305264837
1005002370458497
1005001808068702
1005002116619187
1005001792944964
1005002279018738
1005002487182135
1005001472262762
1005002321565367
1005001652310742
1005001488438022
4000537917626
1005001395997276
1000007082818
1005002265317111
32257866443
32792692469
1005001872855100
1005002336811311
1005001990258265
1005001303949458
1005001695356841
1005001841470078
1005001798954869
4000691336122
32998180945
4000598444382
32953344706
1005001500681546
4000114095856
4000755234931
4000932397399
4001196560088
1005001325206138
4001308024033
4000093834725
4000215436346
1005001869707561
1005002090254606
4000959305689
1005001953860193
1005002369175800
4000295861112
32612606881
32966537918
4001205358283
32961588653
32626306064
4001271093229
32960830384
1005002351154134
1005001812391494
4000242260206
4001257345853
32989938489
4001280241729
4000955642314
1005002466166135
1005002027920559
1005002005907833
1005001844688060
32604200135
1005001309285862
4000024747237
1005001866008879
33039199484
4000915655668
1005001841835873
4001220270215
32955579727
1005002076543609
1005001419057096
32796905699
32831175524
1005001989370834
1005002233495936
4001362974239
4000506299544
4000064964397
1005001571911999
1005002312467417
4000833801448
32484036869
1005002438926499
32834017020
4001122216708
1005001588130054
4000783882032
33045482408
4001284034521
4001164124604
1005002068089280
1005002485259869
1005001999905470
1005001981779975
1005001285497514
32439820511
32855793144
32921648747
1005001720564285
4000715075294
1005001678517535
32882726871
1005002448977173
1005001888418315
1005001337633569
1005001452537684
4000990952735
4001186247021
4001207535921
4000263484946
4001317587852
4001004486358
33003444870
4001226464915
32808223082
1005002426207889
4000189290187
4001040994853
4000607218681
1005001505029114
4001154028581
1005002337465013
1005002342516295
4000346190088
33006340463
1005002210409458
4000161720557
4000498275971
1005002287842163
1005001579432236
1005002180284647
32847955176
4000538619706
1005002403730558
1005001709301333
32911793113
32949655975
32785693913
1005002281809912
33049939506
1005001867765451
4001248767030
32797802931
1005002186716811
1005002215241916
4001343981132
1005002353631131
4000148060166
1005002302246394
1005002360776323
1005002330215958
1747894547
1005001839974876
4001105751952
32972268683
32858505145
4000528963464
32811635159
1005001678906258
1005001585467009
1005002323975212
4000742212456
10000324161842
1005002238219431
1005001472430622
1005002301640121
1005002266038686
1005002442020517
1005001692822639
1005001996128250
1005002388319844
4001127508920
33029734432
1005002279197290
1005002196603708
1005002314462562
32920771385
1005002312847860
4000197063988
4000432888227
4000828307509
1005002050025509
1005002309972069
1005002122222918
1005002280582491
1005002047362650
4000698276497
4001179443592
4001041657862
1005002314829879
33017336897
32806761561
33000941769
4000965102869
4000169630680
1005002306182996
4001228604419
32499028237
4001282016434
4000197026859
1005001439120690
1005002314332007
1005001326310949
1005001698724282
32449893017
1005001325439073
32973250869
32544211106
32841689569
32995733682
32763117519
1005001316199104
1005002352446628
1005002245995038
1005001354603458
1005002291876345
1005001444210906
4000629886830
1005002462534943
32567174801
1005002272808860
32951552318
4001276900641
1005001322679522
1005001604680033
1005001639227681
33027541085
1005002425329640
1005002042250536
1005002004188399
4000607183420
1005001708625912
1005001616514491
1005002409844682
32986565611
33001653399
4001283340762
1005001700203325
4001360845039
1878660640
4000052355871
1005002259948579
1005002181309430
10000235040290
4000081323158
4001138737762
32234249258
1005002296599682
10000000564856
32723061663
4001030249988
1005002280426926
1005001975486334
1005002357058203
32836092314
1005001324435844
33034881667
4000953666592
4001069893302
1005002323289135
1005001698512650
32881819106
1005001704702086
32259691113
1005002383241210
1005002357588319
33002253247
1005001515507844
1005002457601084
4001240953575
32495446291
32789070373
1005002400933559
10000399963469
1005001332528735
1005002489210261
1005001725683494
33024540151
1005002499256888
1005002458928093
1005002356197340
4001270879352
1005001275068597
32719062845
1005001779898198
1005001523997391
4001096001731
32882288398
4000858973657
1005002458216126
1000001309808
32725990153
1005002377606161
4000979476371
32817035807
1005002378962209
1005001905681752
1005002253235202
1005001921458029
4000113241546
1005002311485121
32863941877
1005001437800356
1005001968384818
32980668575
32952814012
4001114558484
4000204096602
1005001793764801
32965997819
1005001874252263
1005002047569234
32944076999
33009728345
4001115979875
32805766842
1005002361979404
4001365546163
33048393080
4001244660439
1005002059859419
32881434710
1005001889839227
1005002246676401
4000095885445
1005001899618169
32845549543
33004857373
33030002695
32799277650
4000515868679
1005002267572479
1005002291190781
1005002289771599
1005001715495075
1005001466663719
4001199851766
32917544291
1005001921026795
1005002265493287
1005002384821446
902607916
1005002055376829
1005002289636096
32955162125
1005001565206474
1005001297889093
32911899603
32837887086
1005002372095577
32485125655
4001127068766
4000379397412
32891224498
4000385605174
32850701943
1005001430350848
1005001859126915
1005002265927998
32842012949
4000134542141
33014785997
1005002034657536
4001162736992
4000348658923
4001317896014
1005002322218235
1005002346724784
4000285401359
1005002471479562
32966632034
33028521635
32536350931
33046267759
32673280101
4000168765516
1005001987808498
4000015364852
32932660653
4000255560564
4000013385241
32907338283
4000469547660
4000335541807
4001264451811
32880867643
4000560455961
1005002055306858
33014553370
1005002326367378
4000898185869
4000089580619
4000829478447
4000594632293
4000627289310
1005002483128285
1005002311000957
1005001525520054
1005001677591045
1005002388854396
1005001683206446
33005057857
1005001922757462
4001270307504
4000964268579
4001293227917
32834111043
33014325424
4000148960451
1005002285997204
4000177810259
4000049259800
33032634839
1005002311479466
1005002206547134
32950780575
1005002310906531
32536226733
1005002289070689
32919224200
32706805560
1005001709657454
1005002454320110
1005002380253362
1005002404207996
32894539014
4001218163392
32977674005
1005001741950852
1005002291516339
4000474357143
4001204794760
4000110495958
1005002384639347
1005002185672924
32807778391
1005002428389649
1005001504989434
1005001808854234
33027816694
1005001413029259
1005002222229553
1005001844725466
4001287568039
1005001680431765
1005002305820168
32355724498
33004215437
1005002359230523
1005002271339035
4000911234766
33058447981
4000434028137
1005001452884670
33013234702
32858035425
4000019020778
1005001603488999
1005001514685175
1005001535525751
4001151178827
1005002400382773
1005002324845339
4000546634135
1005002387749556
1005001351555293
1005001287805370
32316194375
4000130319295
1005002134395226
1005002420248953
32900884899
4001035897207
1005002341679404
1005001924991922
32866568874
32287465466
1005001891332773
1005002122257758
1005002252515657
32949918858
4000061996046
4000159947904
1005002168863064
1005001590480105
32592776875
1005002246604159
32919065467
32850715415
1005002166226457
1005001706737066
32824178024
1005001413579402
33025514495
4000938324220
1005001426753760
32951886541
1005001744498187
1005002377150412
1005002231856622
1005001721972624
4000801331781
32994150949
1005001763295895
4000724116574
1005001741502268
1005001494318732
1005002412558961
33021471429
4000025985501
1005002039018773
32878058665
32963602169
1005002403939936
1005002282949239
1005002345812176
32912532109
4000134479730
1005002205544573
1005002192352434
4001110929863
1005001305230134
32915546680
1005001900565666
1005001830702545
1005002169008334
1005001954431557
1005001997522032
1005002315929187
1005002286235638
4001237914784
33002385452
33013985664
1005001795401214
1005002308054883
32977642025
32846027893
1005002404808531
4001254154680
1005002018753898
32461547672
32968626887
4000429633156
33018909831
33046709500
4000043879184
32894385219
1005001579676096
4001065521828
1005002281116913
1005002212277080
32831043640
4000775916221
32965059772
1005002205834304
32961100043
32924849954
4000310517724
32619323895
32608596296
32989352437
1976436752
32694234337
1005002316011656
1005001828404005
4000770175488
4000614302233
1005002323953130
4000117829624
1005002400655050
4001027775107
1005001947807791
32889023823
4001290086110
1005002330545604
32959018856
33046965362
4000469547978
1005002286942493
4000154941278
1005001771425214
32960786353
4000291824305
1005001551337218
32849359551
1005002327146671
1005002288848843
4001233224661
1005002114808582
1005001653339220
32780549247
32431222831
4000730273437
4001076106228
1005002351429725
4000393536424
1005002074339419
1005002119254767
1005002314427443
4000770155639
1005001423593386
32867784477
1005002317645555
1005002289470737
4000314178762
32844256858
4001041023715
4000694583734
1005002075053691
1005002395322031
4001240130403
4000278324530
1005002364612383
1005002341216469
1005002364043507
32830500109
4000244166790
1005002496265629
1005001993890254
33043407368
4000105587545
4000375150589
4000539830936
4000098867319
4000773087672
4000544633912
4001112806453
33013156611
4000324853401
1005002232503730
32734707715
1005002122349542
4001054582988
4001213948111
1005001921745390
32828506341
1005001264701773
1005002346384371
4001041199839
1005001322905871
32977247080
1005002284434629
32861968365
1005001729614424
32863775437
1005001269831000
4001327724495
1005001619878330
32876486706
1005001760033043
1005001797704225
1005001484076349
1005002263411967
32749549788
1005001303426293
4001061134859
1005001505923179
4000424497392
32767109458
32968129610
4000220537350
4001245034549
32955385202
32853084010
1005002337280804
4000097636400
4000808912157
1005002339786389
2054480151
32853568445
1005001937307816
1005002419325720
1005001844418208
1005001791963974
4001272120124
32959622436
1005002119859892
33019936681
1005001721576221
33025906342
32986619658
32866260885
32641930458
1005002281340065
1005002278833293
1005002310995310
4000159807119
1005002440229835
4001317546887
33005857830
1005001889229695
4000278089214
32951518563
1005002433675690
1005001939360876
32812245797
1005002077260771
4000262450624
1005001666835577
1005002315331025
1005001545701072
32856471137
33032308589
33044190563
32860639134
1005002301679772
1005002263471776
1005001853180359
1005001326583525
1005001768239161
1005002211803696
32994374607
1005001310062165
4001327226242
1005002339411598
4001349682012
32842920960
32956539896
4000291797117
32795211359
4000897205143
1005001387051218
32863545066
1005001518264049
1005002323006382
4001093166939
1005002413496872
1005001441930976
4000504393881
1005002052444028
4001351078754
32984187597
32396627556
4001042508556
32841819337
1005001288085864
1005002245531584
1005001391850228
4001358891163
1005001366075807
32982994228
4001157415951
32911442559
32671969736
4000765837174
32851490491
10000033627703
1005002002019950
32830057375
1005002046777328
32878743483
1005001637781591
1005002355641989
32957405909
1005002433243516
1005001844730344
1005001344256590
1005001659752362
1005002326238191
32798822103
32956865833
1005002443634577
1005002489033588
1005002314175982
4001007395710
1005001835959799
4000029332131
4001256927432
1005001568474159
1005002369417185
1005002353136184
1005002314335456
32365705842
4000784156341
4001192596572
1005002347845037
1005002176972140
32591895326
1005002348257551
4000836157601
32912985176
32857305040
4000344151637
1005002315858777
32889128324
1005002271469834
32815082346
32681802810
4001277667963
4001305656518
1005002466939442
1005002399554065
1005002500624787
1005002340955438
1005002405027480
1005001423343692
4001351022400
4000936214168
32908293948
4001165238419
32888264896
1005002457700020
4001014967319
1005002376217475
1005002421622592
1005001608011084
33058495644
1005002492159346
32964452160
1005001954858767
4001235238953
32886190740
4000070892094
4000516822822
1005002186175649
32966593567
1005002310643843
4000662450718
32558250201
1005002337865106
1005002228416468
1005002352581464
4000206852718
1005001867742923
1005001516176053
1005001310946908
4001157927821
33020096549
1005002332132814
1005001882187816
32970686747
1005002361230175
4001197726365
32940176812
1005002480525902
1005002333598671
1005001656582421
32892566394
32644445543
4001031397857
4000793786218
32900172321
1005001855476399
1005002265721607
4001019134308
1005002072348838
4001311491328
4000221365769
1005002314405159
4001350944063
4001259045533
1005001317324169
32893779462
32849921840
32865586419
1005001474656208
1005001976898549
32689986680
32970738583
1005001350583093
1005002448828999
1005002483741312
1005002301536634
32972182029
4000874551785
4000424047429
32970358925
4000267421419
1005002212602612
1005002314367342
1005002353063318
33020337991
32859243488
32649287270
1005002449904381
1005002462249778
1005002329807381
1005002489994059
1005002473881132
10000358089691
4001039283755
32853690930
1005001997809321
4001221042123
1005001552706097
1005002220390269
1005002431127972
1005002066474989
1005001970540121
4000788886669
4000062520906
1005001604178248
1005002258384833
1005002336704022
32691781876
1005002268272344
32896103338
1005001519841765
33060718204
4000224591336
4000008263844
4001293804262
4000306070498
4001170367085
1005001304768633
4001291250244
1005002394229812
1005001677748696
32551610840
32916779364
4000577364641
1005001982054828
1005002055717040
4000895740669
4001172001287
1005002337673845
1005001567294538
1005001753432656
1005002462447187
1005001461042291
32843766571
4001221424131
1005002336885535
33048915012
4001063939415
1005001599434703
32951382076
4000118837683
1005002394709753
32796903633
32844348534
4000957816913
4001149334272
1005002474106834
1005002027044604
33009445713
1005001703219317
32953923651
1005002314751888
4001345756755
32882176990
1005002315802483
33009797616
1005001902230188
1005001968843436
1005002192295191
1005001630892324
1005002241092116
1005002396347352
32979605362
32916599857
1005001873158962
4001123463013
33001664946
32811619984
1005001631645828
1005002413784043
1005001439097680
1005001639577070
1005002404170599
4000092261720
32819327098
1005002270403601
32849486787
4000919346564
1005001426095439
1005001983052950
1005002328389255
4001155279124
20000004432412
4000918470081
32773325815
1005002365540975