32967855106
1005002284416942
4001100918100
1005002368086917
1005001335465860
4000317924627
1407785635
4000576703064
1005002004107364
1005002082032492
4001102304440
33059459245
1005002365722091
4000190038691
4001228582286
32826377504
32923143555
1005002264743277
4000865884173
1005001859653743
4000001086917
1005001829129051
1005002210299547
4000202195250
1005002314377912
1005001568802429
4000210296841
1005002329375770
32814640974
33046944777
1005001798399115
1005002052490845
32948812765
32983533690
32803621756
32975464566
32904295409
1005001473536711
1005001354119510
1005001987050265
1005002243203542
1005002149189496
1005001864021936
1005002344246337
1005001798575870
1005001451912177
1005001525518037
1005002430806841
1005001900658545
1005002011354732
4000994945477
1005002442488519
1005002389424067
32846976220
32898857383
1005001512992696
32363351616
32947965660
4001063769099
1005002369414781
1005002352855269
4001093332969
33048141882
1005002402510062
1005002052239416
1005002265008890
4001326283261
1005002428168323
1005002275247306
4000902995234
1005002196253106
1005001360875250
32857346975
1005002185280575
32333856750
32836811450
33018646401
32944816223
1005001319154908
4001295899918
1005001617435459
4000797295157
32869690284
4001130944635
4000992836494
1005002339424670
1005001864702641
32949959841
1005001608857132
33025826681
1005001611762853
33007609652
1005001587910062
1005002451488396
1005001551886624
32854058666
32954926967
4000385105225
32867201295
32333961198
1005002400804857
1005001586557646
4000551748262
1005002238441873
32859252916
1005001483924883
4000833256063
33027642724
1005002138959493
32978270534
1005001468329189
33003398388
1005001484390840
4001186382819
4000558767852
32991842234
1005001495771082
1005002278973829
1005002003206121
33050368419
32920279902
1005001814719324
33041079533
1005001389122748
1005001939758341
1005002426077007
1005002212296129
4000906000483
1005002258143057
1005001504825214
1005002393021378
4001257785736
1005002107469091
1005002364427282
4000325862673
1005002264335643
1005001699870497
32868913978
1005002390510071
1005001928804128
32500277471
4001312834271
32581823934
4000935647680
32980075984
1005002182267803
1005002284092155
2051998363
4000210433876
4000005668690
4000670670267
4001240764871
1005002075092699
1005002337529266
1005001671365074
1005001884364486
1005002371354070
32793342223
1005002021917644
4001062259333
4001184071300
32777274887
1005002369798802
1005002313727209
32847564724
4001208730021
4001225222195
4001077542142
4001212032222
33025364426
32867753872
1005002353270879
4001249028075
32791349624
1005001670528781
4001349775347
32900127696
33012131832
4000745165769
1005001856675486
32840579179
32857428737
1005002293821827
1005002348571195
1005002450854189
4001213825093
4001320204378
32840086563
1005002054133076
1005002400147113
1005002358397175
10000332559377
32702325009
1005002212244934
1005001339746381
33031969078
4000569524610
1005002162144507
1005001679338748
1005002075342663
902562213
1005002139346790
1005001516663600
1005001930838634
1005001393451419
4001286715746
1005001592820337
4000002783201
4001047755940
4001361094081
32605508217
1005002400458534
4000802013537
4000177011305
32866021186
1005002454451089
4000131632637
1005001678676727
4000927760593
32965591739
32454345325
4000318258522
4000544517848
32975073977
1005002413277466
4000718575347
1005002319966864
1005002416782947
1005002197912620
33027830987
1005002279335512
1005002320082064
1005002291303119
4000208327238
1005002292912138
33036037694
4000112041509
32469041215
4001210553955
32412100579
4001168065347
4000703914720
32883156172
32288271885
1005002382486626
32874190447
33007498759
4001290042599
4000225238523
1005002003668125
1005002281850707
4000291812018
4000543688804
1005002399857198
32742350737
4001038683940
32856980660
33012565948
4001032169028
32721752655
1005002243765800
1005002474500880
1005002476121051
4000929494538
1005002288643336
1005001989486407
1005002281287045
1005002203967020
1005002490430560
1005001890790353
1005001360404522
4000689716759
4000990873772
4000940825136
1005001928748054
1005002280605977
4001326169265
33009676960
1005001920828592
1005002245129629
32742074677
4001068949597
1005001946085889
1005002167911465
4001130611022
1005002089990206
4000434306588
32778280745
32648327444
32903823250
1005002309516463
2037609283
1005001906492176
1005001633909419
32831866798
4000921940338
32913761440
32969960834
1005002443534090
1005002232002645
1005002275818330
4001193516393
1005002412322740
1005002494194490
1005002447558785
1005002341622060
4000277428693
33061214531
4000829109995
33033132126
1005001699107515
1005001398377744
32870615778
1005001672381171
1005002388823738
4000127391326
1005001835429782
1005001608601251
32947010278
1005002066237766
1005001883435134
1005001831318374
1005002496787477
1005001830240237
33059463609
32921468136
1005002301486482
1005002332720122
4000881546497
32379266774
4001273178842
1005002333949504
1005002341881508
1005002233847875
1005001645639895
4000012736142
4000734356905
1005001568640601
33053172483
1005002500312465
33045623353
4000037516465
33020751737
1005002311400394
1005002384624041
1005001821706796
1005002237544264
4000430139438
32831902615
32375921797
1005002388457334
4000165747585
1005002467576789
4000782355539
4001320905266
1005002298571293
4000860137329
1005002440613248
1005001628797061
4000945059908
1005002440486723
1005002023452320
10000397698991
33014041796
1005002266674047
1005002377355112
32640733622
4000436600705
1005001502732412
1005001465914091
32959195517
1005001999897536
1005002353047538
4000196044526
4000250554945
32980374573
1005001525536146
1005001972537765
4000938261148
33046015171
1005001913296509
33052256814
1005002489928258
4000318390167
1005002391044264
4001190074955
4001071913798
4001270354700
1005001869390499
4001049106213
4000769959442
1005002218560726
1005001500333588
1005001994232265
4000454102378
4000251911533
32781088757
32951196601
1005001589148040
1005002387570967
1005001949927549
4000310836259
32953265193
1005002122335450
1005002136237972
4000833448289
1005001954890552
4001105872451
1005001490837773
4001252764746
32813802757
1005001519157305
1005001489781088
33039235686
32498708542
4000232472783
4000823656112
1005001769697357
1005001954957302
1005002190714341
4000459977889
1005002048727407
1005002306382893
32922859346
32855207762
1005001982910277
32809164713
32949255739
32626620645
33035829129
4000674751326
1005002238575238
33041269809
1005001437492901
1005001907245981
1005002245969150
33038062342
1005002477164430
1005002109795301
1005002405585789
33055813499
32857504319
4000966191164
1005001350992952
4000217921722
32608723258
4000917326204
32989787906
33049162087
1005002469336028
32847697826
32919895236
33042787220
4000842612741
1005002398812145
1005002490482342
1005001293544260
1005002315508993
1005002350758929
1005001900638028
4001129355710
4000751153615
1005002040763135
1005002252762934
32844650713
4000288434195
32995843345
1005002314327501
1005001338565722
1005002271682482
4000693350531
4000830219122
1005001725994436
4000039020910
4000866761723
32847735872
4000777652767
32853728558
33049823639
4001230384259
1005001580018761
1005001556839680
32548081682
1005001780339677
1005002227852750
4000315568547
32854272325
32533370796
10000349252434
1005002437007410
1005002246309638
32795778651
4000234358808
32999401312
33022854420
1005002454324246
1005002328990724
1005001592660075
1005002484232568
1005002381934313
4000034346063
1005002334888366
1005002375257841
1005001921387914
32982733687
1005002059438480
33026972000
4000466133659
1005002219638305
1005001345500217
32779366635
1005002175195184
10000000214201
1005002270196874
4001243902646
33043129713
4000090006329
1005001834987547
1005002383173704
1005002300291663
1005001670403170
32670529333
1005002003573804
1005002261840837
1005002001594012
1005002288282263
1005001990211094
1005002422828447
1005002406448914
4001286066952
1779415825
1005002288641798
1005002394156267
1005002356557135
32616802241
1005002454328082
4001327123421
33012714024
4001134679430
4001083738454
4000528541430
4000894651068
1005001668072373
508062267
4000466167855
4001275040778
32806491968
1005001558262226
1005002254053735
32838292590
32801219452
1005001334917078
4001168022602
32891461037
32949427413
1005001975001188
4001127903458
32970351825
32952814348
33005533292
32857497911
32900579019
4001161800622
4000038292536
32964993105
4001050137430
4001259794012
4000476400104
1005002113190489
4000086540617
32994297530
32992256660
32860112142
1005001645820555
1005001270216053
4001153376112
32822935972
1005002235674321
4000437319149
32976248271
4000149355485
4001135217975
4001217685766
1005002348245596
1005002049725348
1005002340299106
33005524483
1005001776751370
4000314817941
32845415375
1005001953170944
1005002490002954
4001221504470
32845579649
1005001343597035
1005002409766375
4000670685496
4000223922704
1005001627366799
1005002447247656
1005002346466328
4001119736534
4000809970238
4000873395857
1005002427976633
4001265565232
1005002276944888
33013767582
4000166766029
1005001304865643
1005002232969133
33020882707
32816974967
32670591634
4001273264273
33027126395
4001186555897
32836255605
1005002293436953
1005001431349050
4001227031514
1005002330282308
1005002258975969
1005002224824685
32774626894
32956070823
4001015618438
1005002294038720
32948892122
1005002317244900
32962893918
1005002336540864
32998277764
1005002137249904
1005002245202978
1005002313830702
32846385653
1005002238181627
32818336591
1005002269180592
1005002321737854
32655646159
33025112013
33030296818
1005001407514750
1005002345723052
4000709061684
1005002307239203
32921266911
1005002346241229
4001245143603
1005001734692605
33031810790
32993765747
32382475404
1005001918581526
1005001876873184
1005001954792294
32817617573
1005001381087625
1005002376791229
4001270212994
32946080473
1005002282195850
1005002340924433
1005001398637075
1005001423027291
4001338330365
4001045795447
1005001993900920
1005002350685458
4001245523820
1005001889738714
4001335612097
4000102016641
1005002388896478
1005001907259118
4000174410796
1005002268556822
32844918289
4001118201871
4001326560501
32829506959
32862097391
1005002021994945
1005002363772155
33016148655
4000649251137
4000552433723
4000593599118
1005002384843997
4000640966626
1005001823712181
4000201062222
1005002424771644
33012294621
4000302200707
1005002288801864
1005002222252144
4000959255780
1005002362868156
1005002167240924
32914725319
1005002426306432
1005001769860128
4000865303265
1005002428170536
4001069603350
1005002038770199
4000186292246
1005002122319698
1005001324568017
1005001523925317
4001150251907
1005002208251513
1005002460140118
1005001830288463
4001278593232
32956584423
10000385001718
32919815186
32854585218
4001289834356
4000179712170
1005002256621159
1005001848992327
33051119998
1005002259813542
32833829603
32961925356
4001275326239
1005001896026119
4001225248048
1005001523881832
4001237281803
4001268766290
33062379843
33034398244
32879679822
4000119132887
32849842814
4000805154672
4001056907240
1005002265596122
1005002342750711
32884917768
1005002089252024
32970441969
1000007606362
1005002246113074
33002179031
1005002327730712
4001069457397
1005002480250621
1005002341466674
4001275556484
1005002358323650
1005001670885807
1005002179488726
1005002384047342
33046558679
1005002252299689
1005002128905004
1005002090221718
32839830445
32875814290
32463516703
4001010727877
1005001792572487
32597113045
1005001487505981
33052060392
4000141028446
1005001456783848
1005001596701057
1005002475261177
4000640137653
1005001329743386
4000687011790
32967253665
4001296900725
1005002042221052
33024249079
4001160493013
1005001742405599
32807531511
32974926916
1005002371496485
1005002330737584
1005002362533489
4001313804338
4000965513180
33031867396
1005002235230913
1005001833914958
1005001913155722
4000694630518
1005002316187423
1005002087990498
33052332151
1005002346391309
1005001839572458
32908644554
4000014434902
32990444907
4000430402850
32855073163
1005002028088434
1005001869468524
1005001570252662
32965916807
718281464
1005002398502218
4001160001772
1005002316643443
1005002009347919
4001307391271
4000545740001
32817149027
1005001971339068
4001328841363
32890709332
4000281435441
32841004999
33047099697
4001290372975
1005002388750986
4001049536577
4001233166133
1005002344868748
4001364218468
1005001424387913
4001159650999
1005001644941942
1005002396090908
32988778631
32906280801
1005001389399172
32939534070
1005001450574666
32655872386
1005002213643596
1005001572635650
1005002397738357
1005002306027017
32816300236
1005002289460594
1005001920761733
1005002309914461
4000443523897
32799216912
4000777529022
33055466352
32507827795
4000059556473
1005002286624474
1005001407074802
4001220781377
32308101337
1005001695940402
1005002318673654
33025698881
1005002362851782
32999283605
4000692955230
1005002294019030
1005002245620723
32874490173
1005001290739187
1005002315569741
1005002426841465
1005002225102150
1005001893360551
1005002264409963
32982768964
1005002439960681
33021083949
1005001437569434
1005002418433767
32987394181
1005002319439367
1005001976548971
4001225186795
32995667895
4001196756152
4000786855525
4001166378949
1005002031865097
4001340601370
1005001706847359
1005002499145133
1005001394143133
1005002239944657
4000642141417
1005002375253602
32961766904
32722455992
1005002190445874
4000976786926
1005001717644704
33058794153
1005001796002309
1005001883593227
1005001995587601
4000785036227
33055528029
32890967284
1005002204810424
1005002341003073
4000672939579
1005002394657187
33040365922
1005002424311599
1005002014741603
4000850519346
1005001692893395
32812671339
4000326661146
4001039224575
1005001412573980
4001192124203
1005002420455488
32515759045
1005002373707027
1005002474259935
1005002289472942
1005002466982060
4001047186806
1005002221282807
32919302523
1005002476611949
1005002348203828
32920264237
33011432126
32884589556
1005002281330564
1005001315499474
1005001398748347
1005002252091924
1005002276429115
1005002340632113
4000985649590
4001136006521
1005002217396533
32822316202
1005001817712963
1005001996623962
1005001559660787
1005002316771025
10000046744992
1005001431221908
1005001793256078
1005001888325442
32999966342
4000459499159
1005002377641620
1005002271114152
1005001970023777
1005001606630146
1005001895290647
1005001616054754
1005002346960572
32656585271
32899723200
32997122120
1005002440034051
10000395899991
1005002233123519
4000794337916
33031005072
1005002452957919
1005002147248338
32690855303
32763094913
1005002226525573
1005002010972346
1005002293302252
1005002363336794
32469010077
32983375498
1005001387431964
32813433583
1005002280490879
1005002346388842
1005001843617931
4001316287253
1005002263897459
1005002358664651
4001076101947
1005002200998410
33050716654
1005001958865162
1005002339911648
1005001396888630
1005002181327540
4001003352637
32974927688
4001187592949
1005001880360134
33045753740