4000055419732
10000232834492
32859749159
1005002261175338
33044008276
1005001725870620
4000736712114
4000686907360
32393950937
1005001862994004
1005002233513865
1005001843146505
1005002458960027
1005002312869313
32766646877
4001333133872
32823829661
1005001627491209
10000422198313
1005002310595897
1005001529115762
4000808639277
32854190836
1005002353961520
4000366935927
1005002439761247
1005002210943301
1005001511712616
1005001664589532
4000730399305
1005002122309881
4001083224496
1005002433974605
32981842669
33000425345
33019517722
1005002350264597
4000765191593
1005001383669003
33005508718
32830410940
1005002333893184
1005002364361937
1005001843736870
33026096004
1005002341108976
4001199836673
1005002125380587
1005002440955973
4001237539995
1005002122270411
4000163490642
1005001519117406
1005002298616029
1005002281889459
529640492
33061335245
4001364861198
1005002207519193
1005002108574572
32976255806
33015186797
32907925047
1005001338680354
1005002093944993
4000442477138
1005001918203150
32992165571
32901912650
1005002288971029
32891450880
1005001596327231
32894228126
4001061179594
4000381074076
1005001900122899
1005002320522504
4000853726229
4001275549600
33036928252
1005002347402806
32913339745
1005001294604525
1005001941720880
1005001930930485
4000351055745
1005002287059251
1005002101147720
32893251952
4001267745096
1005002206123852
32849393450
4000410123978
1005002317248490
32928738848
4000464735725
1005002341351888
1005002490742364
1005002398778686
4000335600103
32976986443
1005001432000985
4001231793642
1005002369564183
32734955596
1497011578
1005002095428886
4001235942536
1005002233914257
4001144971169
1005002316033131
4001041235815
32861568581
1005001391485277
32598178460
32447825492
4001365488840
32974556867
1005002399014494
1005002440773770
1005001597216653
1005002268162384
32375249546
1005002342628045
32735068576
33039125875
1005002289780222
1005001405744856
1005001524227437
4001206935308
1005001626885002
1005002032873655
4000406472237
32903853724
4001242809952
4001142224769
1005002270902982
1005001596725422
4001270765869
1005002122373595
1005002066556074
1005002484847602
1005002468422369
1005002091518803
32810910648
33003803489
1005001310562533
1005002454362646
1005001973270118
1005002390553231
4000252409315
4000111857210
1005001768402563
1005002277279498
32841737046
1005002277248595
32845260895
1005001304665892
32769126299
1005001271167027
1005002080355747
4000471983750
1005001564574310
1005002395121634
1005001486916179
32636883448
1360918960
1005001481140753
1005001848891392
1005001777504902
1005002254964698
4000515468769
32908302075
33001807119
32919676146
1005001828777786
4000203546312
1005002340759642
32594034531
4000924083556
1005002377699732
4000038262704
4000771196607
4001358040949
4001224210473
32909256143
1005001556235232
4001145516076
4001179585620
32811225561
1005002052441974
4000709141280
1005002370443520
32809969419
4001298706701
4000689180798
32833415536
4001055261680
1005002314378717
32670386285
32931578808
1005002261345586
4001135186441
1005001501493929
33006349364
4001195071588
1005001762879497
32954709650
32860402340
1005002434888342
1005002205370191
1005002339017541
1005002069246679
32953565350
1005002426730302
1005002191581359
1005002492238995
1005001567294657
4000571162746
1005001459139939
32961369672
32758179317
1005002336821652
4000193287286
4001227377549
32858536286
33010103161
1005001636693578
1005001716601644
1005001710671071
4000210389994
32957056177
1005001824869872
1005002075405521
33044499187
1005002334143376
32983503773
1005002310194958
1005002483935632
1005002244270998
1005002094728480
4001046236991
1005002278719918
1005002018451998
32838259092
4001195526670
1005002372757708
4001274611057
32965948923
32981865144
1000006282222
32797385829
1005002304267461
1005002310311093
32983775197
4000104271599
1005001731718820
4000467650345
1005002425970407
32825465685
32919051735
1005001825757264
32882374366
4001139286450
1005002223455122
33009220760
1005001326083974
1005002244496653
1005002275866734
4001359900275
1005001647352474
4000782126902
32378843819
32982573800
1005002494272768
4000391986056
1005002259360577
1005002306215357
1005001997304032
1005002059479594
1005001864254472
1005002171056945
1005001769035153
1005002283980530
1005002365058859
4001270457213
4001149694805
1005001654309392
1005002090812450
4001136202190
1005002003528031
4000031357805
4000159095358
1005002273640050
32826860830
1005001397067051
1005002399764947
32970351601
32573353354
1005001731903001
33048079501
1005001410235588
4001021684169
1005001492054739
1005001524935862
33005566517
1005002346191203
1005002487892996
1005001546905768
1005002307492225
1005002394895987
1005002321525987
1005001571246256
4001336732552
1005002208016010
32933282952
1005001611274842
4000010677024
1005001265341077
1005002333225456
32910371105
4001104838248
32637473431
1005001381658976
4001221653081
1005001880112781
32760345705
32232398466
32903875271
1005001912471923
32961531355
4001040720234
1005002500507655
33018467450
1005002358087317
32669546667
32912357360
10000270234962
4000903813058
32860027765
1005002191797220
32709087874
33058380959
1005002496735688
1005001591440265
1005001862969213
1005001328995605
4001065031591
1005002322588434
32966252567
4000725261363
1005001508089476
32820796290
1005002306369178
4000233522492
1005001889365525
1005001628394317
1005002450424679
1005001328595940
32828090165
32865723212
32754753235
4001014306186
1005001884808464
4000560759913
4001218421722
33049182671
1005002331730386
1005002277669737
1005001551636903
4000890200703
32862089652
32968461305
4000424363567
4000391557173
32814103291
1005001830097608
1005002120280048
33038374630
1005001602253106
4000249771280
1005001992375516
1005001287003292
4000984227510
1005002304120586
4001156046652
33050448239
1005002425491378
32956588166
1005001441497131
32956260674
32712081411
1005001435986429
1005001839360481
32970855296
1005002160565328
32807508159
32965327149
1005001966377562
1005002444451713
1005002306534962
4001227914117
32811926872
1005002213785410
1005002442007318
1005002405449194
1005001756165152
32977350352
1005001762054250
4000262002618
1005001786403209
32849464895
1005001350796786
32829861314
1005001957217920
1005002319492318
32919829892
4000924755098
32773616398
1005001386794264
1005001506126650
4000503701444
32797546662
1005002419410370
4000911586523
32940909781
33025636783
4000930570314
4000731552406
4000581116277
33008941496
1005002321975424
1005001927610454
32839824023
1005001561105127
33027087487
1005002348291293
32790561429
4000738827692
1005002095088397
1005002302632603
1005002333078208
1005002137983029
32899636224
33044470855
32890426370
32689122836
1005002443084775
4001119726421
1005002279073245
1005001888334579
4000295219538
1005002262492241
4001280149952
4001285249697
32846652778
1005001342835275
32812283843
4001252493146
1005001557413490
1005001626840922
4000224371782
4000443872770
32888709571
4000475291794
33012011100
32910569902
32910685554
1005001697774517
1005001355027104
4000313829013
4001270880271
1005001824386105
1005001826203349
32968554384
4001168030078
32854231934
4000155167718
1005001494427084
32929401500
1005002271989370
1005002398811344
1005002357549456
32835019409
1005002038911419
1005002281007792
1005002179853155
1005001664807982
32695653425
1005002314270097
1005002270841538
4001084614207
1005001368636811
4000032185962
32703033504
1005001562664269
1005002337009074
1005001458285591
1005001830146350
1005002094588426
1005002280955127
32863851333
32619639935
1005002346098893
1005001952087935
1005001638082459
1005002416915774
1005002427822713
1005001908767306
32982857990
32981722125
1005002241266462
1005002276559635
4001258766410
4000239040925
4001270515137
1005002001801294
4001063468371
32961045260
1005002422931280
1005001392949369
1005002119220684
1005002286781433
1005001966401326
1005002318095985
4000774102518
1005002036906973
32995952290
1005001775415440
1005001880223379
32764559802
1005002065212434
32813885714
4001139936626
1005001872532617
32964914268
1005001687651714
1005002242160107
32806950354
4000785413872
1005002388714877
1005002007085888
1005001383294313
32819586831
10000028300914
4000944210474
4001192687801
1005001966335387
4000120957901
32918557251
32966748736
33006750293
1005001815765248
4000525512388
32903007124
1005001451299214
1005001732051923
4000902576082
32818700122
1005002233263643
1005002146360937
1005001680631256
4000546621421
1005001653278038
1005002314395683
32960605187
1005002393091290
1005002272873061
4001175141570
4000113374670
33030126429
1005002403665712
32945625591
32819954929
32817806386
1005002377454862
32976013292
32875213232
1005001853910298
1005002177157582
32909950515
4001275006407
4000714942795
1005001619492195
32925837800
32800706356
1005002256540211
1005002489866004
1005001407533677
1005002282721952
4000730455006
33048454968
33008523750
32822626305
4001241464529
32825824839
32991415164
33051015372
1005002253568713
1005002206399791
1005002492331342
1005002305382694
4000263266112
1005002330092195
1005001735997409
1005001317303669
1903662498
32879036486
32988974037
1005002438224429
1005002426255553
1005002487569276
1005002399565887
1005002337369156
1005002383418903
1005002239691277
1005001865674649
4001066914570
1005001936005289
4001268245601
1005002353946255
1005002291558457
1005002357665238
1005001310128800
1005002083878291
4001114356726
1005001600923116
4001316749400
1005002317641110
1005002315325058
1005002347541192
32974293305
1005001361496732
1005002016653854
4001199101537
1005002423877554
1005001688026745
4000777538328
1005002079908258
1005002389767933
1005002452859633
1005001611631102
1005002016666687
10000346417393
33036495256
10000335921788
1005002342589307
1005002341378011
32838440248
4000793593473
4000585287449
32705267675
1005001614046863
32832234201
32804317494
32874895025
1005001308966246
32991043060
32961591930
1005002271139487
32914609490
4001194087324
4000807689127
1005002397792526
32989920373
1005001670536693
1005001694185566
4001136442402
32750497867
4000561996720
32246361444
1005001484375283
32872050768
32906368344
32899140702
1005002326119107
4000175437189
33017365716
1005002337406054
1005002306146118
10000056964386
4000309643709
1005002211821299
1005002305666333
1005001870906970
32948989858
1005001286914484
1005001414652100
32913695072
1005001952708859
32821283977
1005002458020545
32948781777
32806998596
32877658335
1005002424023425
4000596113116
1005001296898028
1005001670802619
1005001816692402
1005002213524709
4000210007029
1005001795064251
1005001485515218
1005002277017748
4001358700644
4000811237009
1000007025228
4001196456530
1005002369526225
1005002297879865
4000796460052
4001294525298
1005001529468626
1005002386891157
1005002043895433
32905018920
1005002196813342
4001279607430
1005001742304937
1005001621427313
32846464106
4000532780832
32860949400
1005001334390590
1005002270742045
32371105078
32789848745
1005001360839137
1005002162340975
32964667197
4000209791743
33010537865
1005001849384140
4000890518389
4000552043223
32945677466
1005002314252844
32886262308
4000218046316
4001239057936
32706127399
4000083447478
1005002378646518
1005001489750744
1005002490841061
4000391586099
4000430049302
1005001580079347
4000104401901
32216247091
4001121551324
1005001644844556
32968981223
4000578972473
1005002210021923
1005001387915907
32846154028
1005002048745947
1005002384837148
10000185164863
32606424516
32862600137
1005001426313621
1005002467029719
32924102907
32740754960
1005002199049940
1005001518124810
1005002292739051
1005002310018407
1005002317518321
1005002392473696
32848538111
33004027691
4000590803278
32818931785
32951223161
4000747040827
1005002350700440
1005002340824394
1005002394138746
1005001458288092
33025757925
1005001885214482
1005001998262143
1005002224608554
1005002362476848
32931145937
33062999558
32955759056
4000977878883
1005001612156162
760734319
1005002273254882
1005001888271949
1005001491237334
4001358587436
1005002265248546
1005002368429264
32956636868
32974841264
4000299543891
4001230675183
1495994072
1005002411794181
4000433583497
32823231826
1005002239633493
1005001329880420
1005002440518618
1005002306451640
10000397704997
1005002263294693
4000987382258
1005002476676105
4001333278624
1005002319163309
1005002323504134
1005001332786079
1005002254430952
1005002336823784
1005001834415369
1005001564883646
33053018625
1005002456529502
1005002364120276
32832434662
1005001676728206
32889742447
4001271294377
1005002438431996
33027799111
4000231702357
1005002352481460
1005001670687496
1005001462519588
4000826008827
1005002413266979
4001364211889
4000771154878
1005001344379914
1005002096350782
4000053969291
1005002111765522
1005002142600663
32837750868
32955269595
1005001883130938
4000750891482
32871058990
1005001382148814
32891229370
4001299831872
1005002038128875
1005002341755768
33037881872
32824475940
4000356678817
1005002358594914
1005002304219113
1005001848465630
1005001382892400
1005001621372002
32608826200
32989512606
1005001524960586
4001283127783
32817707387
1005002206331157
1005002468237029
1005002357506644
1005001773871527
32973030122
32920775645
4001302367869
1005002319121381
4000776800042
1005002421697227
4000843553504
4000695736990
1005002351798629
1005002054348582
32765440379
1005001937205659
32977954716
1005002314572505
32860254183
32965492033
1005001963931885
4001290851084
1005002458222245
1005002454343094
32901982309
32994585564
1358602070
32721571909
32864146608
32324969591
1005002327302453
1005002212295236
4000691301161
4000277641798
1000008032424
1005002435019065
4000955402927
4001308284731
4000008400554
1005002008559027
4001299667591
32884038387
1005001876884229
32910164195
1005002400223597
2035506711
1005002321191359
1005001431163824
4001045287000
4000970177279
4000182355259
1005002435683352
4000905984062
1005001451376239
1005001615241874
4000345043093
4001254638217
32693346058
32855981255
32996369666
1005002362481692
4000693180404
33004301119
4000531953539
32741984293
1005002333378623
4000030385399
4000850518393
4000009776829
32832652022
33022371432
33035428835
1005001525542088
4000957062324
4000095599944
32785744436
1005002359404452
32956279864
4001333741902
1005001359178215
4000960640203
1005002329139921
1005001431903933
4001046372002
32920339573
32976410911
4000308654603
1005001564498454
4001287210663
32674463834
4001095108516
1005002057992354
32892123117
1005002446789867
1005002037262945
33027816262
4001269771950
1005002334032770
1005002331543821
1005001931077053
4000195102220
32988905516
4000829514879
1005002355713358
1005001491210241
1005001431182698
4000234731655
1005002347072875
1005002317317120
32422533724
4000608257111
32966111220
1005002213303793
1848750355
4000659899882
4001186484036
4000814649483
33031875065
32971767342
1005002206447703
1005002166682751
4001227397168
1005002254087022
4000252759192
4000803651015
4000857426157
1005001954851114
32791330757
1005002168136708
4000027545062
32979572038