32497352401
1005001874881697
32961187199
1005001955211213
1005002370834782
1005002481297586
32960673223
1005002330323408
32644924206
32903436547
32833217199
4000257878126
4000965789319
1005001645743523
2048869630
1005002234020711
1005002003827029
4000963445271
4001091512808
32811376113
32464404070
4000269908288
1005001596877051
1005002409818374
1005002337048985
32748080250
4000849862068
1005001657582778
32868508732
32985684795
1005001436130663
1005001319806617
1005001423543814
1005002319041288
32893779759
4000118788023
4000161185519
1005001960192383
1005002428333043
1005001781463624
1005002318763823
1005001808497043
32628741685
1005002271449143
1005001481790777
1005001788560311
4001103195392
1005002286154071
4001000324666
1005001689326824
10000402354899
4000807172496
32896215283
4001228586100
32845829360
1005002393969547
1005002471786229
1005001586534254
1005001638779931
4001293974835
1005002373050406
1005002249756423
33036413875
4001165291211
32920698029
1005002411616560
4000916962697
32423139463
4001080337823
1005002275842714
33055592899
1005001525452528
4000064794392
1005002377445652
1005002180886454
32888835022
1317057516
1005002306857351
1005002337662676
1005001548964434
1005002091593774
1005002397760357
1005002231110801
1005002399132435
4000960569919
4001240606901
4000749215442
1005002440738312
1005002323300330
4000114626302
1005001928407415
32904254058
1005002468276165
1005002080635764
4000224874493
1005002474564432
32694149995
1005002086578292
1005001667558224
4001237138600
1005001515938218
1005001882389450
1005001659490981
1005002367403423
4000881568706
1454692555
33061778688
32948867544
4001211848269
1005002336668389
4000850419823
1005002398793428
4000234837689
1005001848886861
1005002363155994
1005001990656921
32823401364
32413861438
4001364998170
32664133176
1005002443483188
32887944695
32823818917
4001139616523
32954489620
33023617492
32867262210
1005002379320008
4000120222383
33059487277
4000739861988
1005001843224740
4000793813700
1005001567026262
4000805436147
1005002480895601
32994900119
4000813681023
4001276865916
4000601103395
1005002418385371
32938305282
33031867539
1005002431559174
1005001927853499
1005002264085224
1005001584682827
32840692908
1005001731151339
33038732491
4000780850291
10000404684657
32725139337
1005002340569914
4001062610757
4001038774291
33009520110
4000435257171
1005002444613758
4000320904102
1005001658705312
33000849559
32958053013
4000118002848
4001143310905
4000785661656
4000208362237
1005001359894356
4000218809463
1005002214431972
32965379079
32965141536
1005002131079196
1005002358205609
4001333661391
32966612533
4001003527767
1005001726603684
1005002190492609
1005002136043787
1005002281404370
1005002314542462
1005001637910148
32792779119
1005001869403686
32908830475
1005001702672309
32533310283
1005001670986315
1005002347640651
1005001675691502
1005001998209001
32885057922
32788240772
32999306279
33040047821
4001061264478
4000203488620
1005002262259942
4001330476448
1005002453980348
1005002033941904
4001251943898
32394618114
33011704034
32910652064
1005001418044012
32521043008
32981714293
33045811201
1005002306897528
4001256192383
4000086880380
4000990725427
32849307285
1005001666540465
1005002206440535
1005001386836381
32820402052
1005001748296979
4001139178965
1005001333297509
4001144042363
32923627327
1005002475009758
33021314093
32996144981
1005001329863387
32649373658
1005002001933904
1005002340318017
1005002377701978
1005001659095006
1005002494288372
1005002092074722
32871779046
1005002025132397
1005001357239362
4000890204247
4000679698897
1005002386960897
1005001817719571
32881081199
1005001452337576
4000883589038
10000144469353
1005002315120753
1005001587317761
1005002133760054
33039061787
32855168004
1005001955152043
1005002326502198
1005001978911168
4001042607693
1005002005197309
1005002340937143
1005002242302794
4001316807274
1005002400964853
1005002096049506
1005001819203083
1005001953060080
4001358658804
32892630723
1005001773389262
1005002359018956
4001132999391
32982052887
1005001429008613
32989989871
1005001872473931
1005001966462402
4000981648949
1005002358057815
10000088379218
1005002259727228
1005002491897393
1005001355468648
32887913487
1005002332176637
1005001303242218
4000346665372
32800972601
1005002337260090
32995999821
1005002352702718
1005001587008880
32902678652
4001188660748
1005002041659975
1005002362301875
33011433241
32951089425
4000245084231
4000215393454
32869358674
1005002466133987
33009487047
1005001463479944
32899594237
4000210617989
1005002304738519
1005001996871908
1005001448628615
1005002398734604
1005002292406810
33062287112
32833689971
4000901945891
32912506411
1005002459026499
1005002263358237
1005002387636044
32988208131
4001166266464
1005001722994346
1005002351358112
1005002122461582
32918370704
1005001966012945
32959864293
1005002499397056
1005001781074082
33016670883
32607693590
4000715241093
32970679824
32995901517
1005001511153106
4001117983606
4000625528638
32916824669
1005001750407792
4000670900358
1005002357519762
33012747550
1005002335279258
4001119611140
1005002323194360
1005002382872243
1005002419069356
1005001350660026
4000043929215
32865295457
33010463003
32962140529
1005002374329274
32802460274
1005002129473101
1005001305414001
1005001644352540
1005002330543514
1005001398183135
1005002465267124
32972765343
1005002314350983
1005002024682838
32717007758
4000956209544
1005002384024282
4001201309691
4001225167314
32590431101
32961728883
1005002304319203
1005001707657329
32972554586
1005002316141739
1005002267807441
4000538803107
33041961403
4000226571584
1005002081004706
33049650474
1005002217213812
4000565812761
32963268127
4000711109258
32837585827
33049627091
33042591807
1005002472751084
33062598171
1005001405165628
1005002298285468
1005002482371487
4001014789117
4000225704969
32603113659
32813079540
4000186042478
33002352535
1005002458824173
4000255493094
33041320992
4001164158160
1005002337321601
32840626132
1005001576089802
32958698188
4000426291709
4000823740473
4000849747972
1005002278673916
33040879710
1005002292659082
4001014248289
1005001680376968
32864122944
32901872243
32697769620
1005001379622439
1005001274561601
32982999862
4000244108019
32953138220
4001242199883
1005002357548189
4000723212431
1005002245045334
1005002490497332
4000274066160
4001156950696
1005002376128513
1005002475685432
4000752308786
4000993104213
32995661893
1005002320510994
1005002059520215
1745641833
1005002265830426
1005002234399129
33042615679
1005002009644756
1005002423511310
1005002168195619
32942042940
32914096339
4000527507786
1005001941571234
1005002281921227
1005001354133249
4001170922999
4000814940422
1005002286547781
4001233236141
32964676568
1005002276930575
1005001658326796
32855442472
1005001603486734
1005002332673936
33038963812
1005001465180903
4000242145158
1005002322231289
4001187139165
4001040538596
4000044846995
32806893964
1005002298684066
1000007107050
4000086453153
1005002465611089
1005002271177872
4000463630904
32996797380
33024909667
4000579873130
1005002291066175
32620123125
1005001849569329
1005001611989854
4001047579887
1005002328077168
4001049362958
4000961677521
1005002224107698
1005001290631042
1005002318393735
32929357811
1005002351376314
1005001952012296
1005001527637814
33044710289
4000344590291
32970582472
32834749660
1005002467698631
1005002353351093
4000291716467
1005002388338402
32590947880
1005001653195061
32792502863
4000133649239
1005002167740752
1005002397842731
1005002093484893
4001013066351
4001046950313
1005001785582504
1005002490984895
1000001940457
32605585763
1005002333778198
1005001998573841
4001082033490
1005002488808670
32905189954
1005002311704293
4000154946259
32830504795
33046926828
32865325046
1005001451558837
1005002392275096
1005002346782146
1005002005910310
32853894685
1005001334854120
4000772448627
32778813260
1005002319119384
32434207812
1005002392117223
32386691376
1005001957103587
1005001840595986
1005002421059183
1005002357680846
1005001844095477
1005001937823114
1005001291312353
1740194723
1005001897411328
4000628900685
1005001730820072
1005001538464263
4000558290837
32721826744
32662327227
1005002057034059
32971474223
4000817986416
4000001259366
32811568490
1005001297141948
4000203323577
1005001483683558
1005002233281165
1005002443150249
4001047017145
4001315300254
4001316654549
1005002213059299
4000749719592
1005001769890358
32243900839
1005001656915134
1005002363914442
32830599130
4000980225930
1005001894714219
1005002293178694
4001211435396
1005001585214267
1005002264083306
4001296252609
1005002321570561
1005002259526479
4000279101175
1005002186997161
4000061074054
32928371985
4001220636017
1005001299047485
1005002342496861
32938533019
4000734928141
32947642963
33001926339
1005001961899073
32985815514
1005002337378288
1005001560292202
1005001862356372
1005002443944947
32956093579
1005002313346599
1005001541078156
4000137006438
1005002284566981
1005001666624991
32812263718
4001160320799
32213528629
1005002340569286
32997887371
32483840629
1005002408613472
4000203492297
4001064753802
1005001389678037
4001061084829
33022485064
32579886108
1005001671378087
33035860262
4001209335542
32840716385
1005002288109275
4000857936797
32809432902
1005002128759378
1005002490735024
1005002271035883
1005002345203893
1005002323688080
4000089180391
4001167068608
1005002060805887
10000352598426
1005002475301388
1005002022363627
1005001437678542
1005001423187170
1005001970794316
1005001277923127
33047182805
1005002390466456
1005002357635199
1005001967420561
32837169583
1005001908167146
1005002193813149
1005002012104777
4000817184167
33044470105
4001084610814
32974477904
1005002468488608
4000849942488
4000867859363
4001057231607
1005001285137067
1005002431271257
4000894441442
4000928385475
4000429671227
1005002029624605
1005001768737303
4000024810740
1005002293394376
33038193849
1005001830497083
1005001673031637
4000514104844
1005002375114472
1005001596494558
1005002336583974
32798874562
1005002305249510
4001268335145
4000076383519
1005002264288909
1005001678785957
32456717714
32909899297
32977108949
1005002224109962
32666032344
4000423237797
1005002301401418
32750519314
1005002458120020
32911244788
32657585721
1005002278976073
1005002443477232
1005001990672283
4000793017128
33030374696
1005002490022975
4000161114105
4000476985751
1005002332573967
1005001994994271
1005002273606188
1005001398688789
4000177321647
32911229608
32974193345
1005001799535171
1005002357415956
32978343479
32819940355
4001042108509
33018455751
32964973224
33045827366
1005002448014225
4000788419848
1005002317676190
1005002400861045
4000550543380
1005002314261626
1005002387606021
1005002337164928
4000120453622
4001091005130
1005001299389716
1005002318843532
1005002454297365
1005002350090781
1005001621387578
1005002435939200
1005002157266724
1005001758405703
1005002372707633
32662757830
1005002496991190
1005002235558907
33007365621
4000223039581
1005002467680304
1005002305772772
1005002305608972
1005002432265251
1005002395175669
32703231017
33011548067
1005001333289150
1005002336219664
32919546854
32832759880
1005001436333714
4001361128725
4000625436886
4001305957036
1005002288885781
1005001992982696
1005002336990924
1005001506716496
1005001799341188
32996910740
32296485325
4000525739646
4001272051756
33053019224
4000243329566
32888093659
1005001937325198
32928267764
32893232243
1005002242262148
1005001560072542
1005001977622786
4001248361900
1005001849621070
32808758904
4000557079132
1005002340872730
1005002314018803
4001140313825
32499968037
4001144062949
4000887315701
32625156977
4000210886454
1005001314697348
1005002380824965
4000080622263
1005001877507954
1005002322262565
32982500750
1005001764011430
32990947069
1005001477886751
32919875599
33049738726
1005001872367387
4000955535242
1005001926686609
4000934464039
1005002293918437
32833592982
32945172278
1005001980413843
4000371951370
1005001282809299
1005002209198170
1005002394298554
1005002350733281
33014768669
4000739550006
1005002288574206
32788339937
4001275871721
32911000869
1005002305898835
1005002415909413
1005001651981938
4000245339599
4000377514197
4001263355092
1005002329767490
4001095487153
1005002363454303
1005002279191410
1005002461937594
33027327454
32973484750
1005001632804336
4001041913545
1005002411360863
32994833180
1005002378134282
1005002327614569
1005002364047275
32981040506
32845929073
1005002167119477
1005002323162824
4000202295945
1005002353742488
32701211254
1005002423695450
1005002276628655
33017905760
1005002426180987
1005001859474432
1005001515950224
32921442180
4000756180931
1005001298460053
32946225322
32960458210
32890028316
1005002388408329
1005002387098977
32799054110
32817444220
1005002265603466
32969279669
1005002349918377
1005001640118323
4001037382437
1005001896767885
4001305851966
1005002313770405
32965979504
1005001620774233
32975743992
33058169751
1005001628082600
4000606378815
1005001352089195
32961750701
1005001927686288
32992404585
4001127312979
1005002103572819
1005002369873914
1005002344197623
1005001908639903
32962106048
1005002393833086
1005002478681202
4000042250621
4000670405593
1005001483718134
1005002197100743
32901369333
32806509920
4001076061994
1005002440177602
4000213403975
4001214121116
4000812107370
33016866280
1005001780821418
32893784759
4000268987646
1005002292069225
1005002426224676
32829159698
1005001819138758
33000762542
1005001943006369
1005002251865591
4000585603939
4000433628416
1005002294127940
32947555967
4000537761382
32810097681
1005001430170132
1005001933442243
4001180420904
32977434058
4000663925757
4000579646699
1005002495443621
1005002334385256
4001125227074
1005001928823163
1005002314436251
1005002109938426
1005002293828502
1005001942931544
4001244877568
32838815189
4000012590483
32878993055
32975061732
4001193853436
33013332186
1005002282432380
32949102555
4001014208971
1005002246542445
32854466486
1005002253926261
32946253943
1005002253534517
1005002309335767
32965903792
4000291468700
1005001840589399
32880444818
1005001419085147
32950378634
4001169978912
1005001590252538
1005002265523763
1005002357635655
1005001537148444
4000362211279
32951393907
33047625482
4001100725569
4000339681370
4001136605270
1005001592202077
1005001458094978
1005002400540582
1005002404792972
1005001856487407
4000465935501
1005002361325901
1005002347678099
33020895431
33017107990
4000368184086
1005001469077857
1005002345244265
1005002320970482
1005002433083203
4000996704627
32506077836
4000209300014
32968449638
4001228598006
32627404992
1005002378651480
33029231595
4001033262787
1005002484513945
1005002262067719
1005002443084191
4000781331536
32915132474
4000230116588
1005001468279010
1005002364987065
32826918028
1005002312143244
1005002326468154
1005002402253800
4001268890527
1005001513226196
1005002139619031
4001209337666
1005001890639439
32829871475
33007059880
545307661
1005002160633111
4001309431571
32951341871
1005002130332621
4000267189577
1005001833583816
32528254919
1005001620766222
1005001697464562
33045583705