32811070514
32298598600
4000075471395
1005001379679993
1005001830431835
4001224239011
4000864752224
1005001714392812
4001228718184
1005001926876169
32354117731
1005002280393776
4000717548035
32911659787
32869069200
1005001860366539
1005002239612325
1005002344636487
4001150566435
1005002271376482
4001069149830
1005001913654942
1005002428741727
4001139506486
32892295085
4000162737924
1005002278664042
1005002317087973
4000450403310
1005001278007090
1005002465981051
1005002190117623
1005002057970431
1005002228603191
32883665781
1005001656860737
1005001561357977
1005002128745622
32995069345
32346757552
32992033589
1005001886147515
1005002431470095
4001115311598
1005001776570986
1005002413121699
1005002448827868
4001290042756
32459451267
1005002147200090
1005002368442812
32919691826
32463680526
4000341469653
32882938719
4000279644360
4001281506765
4001209283475
4001365876440
32899315284
4000364893517
4000023648946
32831120703
1005002359587444
1005001732630748
33056974257
1005002132848911
4000289751268
1005001773493964
1005001344487756
32960166376
32655371568
1005002278212304
32864656304
1005001776327706
1005002226700553
1005001491089370
1005002401067687
1005001559619949
1005002182432141
1005002003459096
33006147487
1005001447008430
1005002338990325
1005001868066219
1005002316385165
4001286493470
1005001882253818
32886914273
32949120790
32811835862
1005002218272535
1005002363739506
1005001584519897
4000210252038
1005002459767215
32816094764
4000289009227
4001216629460
1005002335520491
1005001777160584
1957203166
4000910176164
1005001464540892
1005001767650997
1005002334400319
1005001941189516
1005001985978423
1005002350693080
10000414216300
1005002182419107
4001321631872
1005001833560514
1005002018942265
32647045694
32886432059
1005001993339461
1005002294978721
32820507476
32899022299
1005002428879922
32966170783
32858717883
32617742099
4000856696854
32898813731
32998051332
4001061669085
1005001670909522
1000001985105
1005002468337289
1005001599687852
1005001574592361
1005002383254093
1005002393793838
32968786988
1005002297955243
4000766105549
1005002419045733
1005002366339245
1005002372266580
1005001577812096
4000666695775
4000221422691
4000712302407
1005002331581902
1005002469713709
4001014783362
4001305687238
1005002253512605
1005002439986584
32824880497
4000921582187
1005001264678191
1005001596822955
1005002350150972
1780395531
32920658400
1005002339306134
1005002270255173
4001159828087
1005001520178216
10000402405196
1005002396858696
4000036042875
33002635841
32791725073
1005002350589120
1005001769152687
4000551764686
1005002277940670
4001134823597
1005001342921521
10000382252297
1005002074258005
1005002372868130
1005001519915040
1005002362323146
1005002377936885
1005001343313718
1005002448994911
32742091425
33018467094
1005001948786798
1005002391330161
32971088506
32884524267
32975599820
1005002476095215
1005002305716576
1005002338998433
4000759503165
4000675967559
1005001854641142
4000899741540
4001097881253
1005002468020304
4000042527154
1005001869790583
32886803654
4000876892652
1005002394654692
1005001728792033
1005002352779095
1005002316525890
4000883835889
1005001695860173
4001184917713
4000998851330
4000190720963
4000143822987
4001071709846
1005002305755575
32950959020
33011893066
1005001441330478
33050032116
1005002305873285
1005002377324486
1005001850836225
1005001717364338
1005002426819529
1005001401760618
1005002344830746
1005002337127014
32976277976
4000219068629
1005001909813087
1005002245028705
4000906320758
1005002276219806
4000829535534
32992995500
32882127536
1005002299595586
32885500682
1005002358216106
1005002211831421
4000044268824
1005002293149769
1005002494735442
4000858897196
1005001762356648
1005002435259445
32982911231
20000002366616
4000943993612
1005002337370522
1005001817729922
32817871374
1005001972068082
1005001278548083
1005001437893233
1005002314496866
1005001863255799
1005002281269291
4001211322181
1005001918287843
1005001587472906
4001241334621
32391089095
1005002191829434
1005001985903114
1005002262561361
1005002305702192
32870363782
1005002371617153
1005002431466108
4001011429472
4000785533515
1005001464621471
4001252407981
1005002404994964
4001228608246
32952501116
1005002344343043
1005002419077665
1005001841408423
1005002283424147
1005002337521524
1005002212226701
1005002166603520
32906109569
32822874551
32887430105
32974585762
1005002464594442
1005001399065832
1005002314324969
4000498390168
4000222487315
4000965979391
4000976014300
1005002452576757
4000140798320
1005001341456987
1005002142845235
32962956851
33058753637
4000680956713
1005001632110439
1005001700482950
4001119469694
4000808053607
1005001302658444
1005002314900461
32800698359
1005002007591743
1005002365313142
1005002287819562
1005001677833729
1005002474646838
1005001437758701
4001212632964
1005002254529809
4000849885269
1005001594455037
32900848725
1005002264225209
32955248695
1005002323230925
32976066970
1005002378428430
4000445917692
32852553280
4000419771182
1005002387597767
32968752557
1005002383047742
1005002308893428
1005001883621424
1005002222021896
4001262750729
32815081129
32899677979
1005002483022657
32876387411
1005002306908617
32946583112
32488540624
1005002359826632
1005002452982450
1005002321368919
1005001406519586
1005002375199817
1222953084
32885945856
1005002080960316
1005002353309585
1005002281213600
4000421369228
33014432797
4000497804490
4001175588812
33022049076
1005002323856068
1005001570970273
1005002314255532
1005002287996739
4000264044171
4001351095167
4001210893625
4001119590386
1005001469448065
1005002303984719
1005002414379176
4000989029393
1005002298646359
32891585216
4001038132610
4000902809267
1005001632220025
1005001503281544
1005002249085076
1005001590772915
1005001452505165
1005001971356922
1005002339348222
1005001830778528
4001039241645
32794632976
10000328962674
1005002395789335
32978213248
32990259270
4001187015528
33044074991
1005002046913824
1005001804883447
32841098914
4001335177183
32868647020
4000825559432
1005002327827198
1005002023009049
1005001420108801
1005002428199102
1005001475581678
32862973866
1005001313177783
4001334902777
32466596961
1005002322860761
32975248292
1005002116101892
4000277469279
1005002373463280
1005002122642019
1005001269513449
4000255602972
33017100689
1005002319457775
1005002002691854
1005002314354096
1005002134588096
1005002340794075
1005001763806321
33026376963
1005002100587159
4001121899075
4000100561312
4000639852036
1005001453371635
1005001775692939
1005002343307126
4000693612237
4000730748215
33007739105
32983616712
4000164196457
32801971249
32909687701
4000938443524
32923624938
33026668376
4000551969741
4000966980785
4000545864380
1005002432507906
1005002382224320
4000523597766
1005001850405154
32916883434
4000391797862
1005002060669176
1005001385422959
1005002319371753
1005001371097817
1005002283919002
1005001385740516
32673055009
1005002314222976
32776679341
32824731563
1005002285795659
1005002314334138
1005002220445335
1005002167965322
1005002453988410
33048773379
4000336241148
1005001438847528
33043514747
1005001979283480
4000545691679
1005002368526869
1005002335825667
32993848139
1005001905563737
4001118962002
1005001869655529
4000986972338
1005002314402477
4001346233165
1005001556593477
1005001876819481
4001015116895
1005001878301854
1005001603564653
1005001710310363
1005002314106305
1005002251953595
1005001815161539
32843520607
32954211562
4001170249097
1005002319680153
1005001924574899
1005002260109424
1000001152565
4001053663281
1005002324124779
1005001349734526
1005001830283217
4001226109250
4000237747325
32953963939
1005002342847177
1005002208041178
1005001357092929
1005002137107774
4000944902738
4000807506693
4000738685663
1005001468958338
32929986430
1005002330578058
1005002298443727
4000322866959
1005002256566232
32970420169
1005001900387449
1005002496023346
1005002241575981
1005002271098481
1005002384861804
1005001348944495
1005002257851766
1005001562190764
1005001780218990
4001223773079
1005002466944764
1005001732363511
1005002308159777
1005002270248947
1005001625177609
4000318330117
33044468788
32650282914
1005002291406015
1005001688443440
4001286957894
32656814192
4001169805174
4001277646632
32833844678
4000474158494
1005002138097781
1005002352623024
1005001596574761
1005002478001266
32925991829
1005002378105653
32930772094
4001212324661
4000317162680
4001250888375
32718780469
32793693317
10000384954905
32250323564
4001013357857
1005001977515311
1005001439051934
32842258974
4000756285180
1005002363326682
4000036615411
33052621588
4000882692334
32922116464
4000228909424
32949044127
1005002305281544
33058341177
1005002497035403
4000028050158
1005001798255568
1005001330742083
33023001017
4000233464294
1005002273415249
1005002318893055
4000238465459
4001230522706
1005002480837695
32877164955
1005002314374208
1005002350712326
32822005999
1005002071420640
1005002347251871
32890727320
32946389194
32979193308
1005001839846524
4000084891747
32827585883
33027792790
1005002476044685
2038577959
1005002281351506
4001072584339
33022647758
4000678552268
32973405584
1005001645685854
1005002333173824
4000864557137
1005001695823093
32693202222
1005001725413658
1005002375253639
4000230449672
1000005979796
32916299681
1005002350992356
1005001997593922
4001265435404
1005001511691656
4001106208178
1005002479560410
1005002315660216
4000561029806
1005001381846509
1005001639744598
1005002448176298
1005002137251793
1005002108387737
1005001583190181
1005002119850201
32887058751
1005001441816929
4000095126559
32856387702
1005002329237976
33035591217
32984344212
1005002211719605
1005001488440482
1005002107543553
4001268982937
1005002074811292
4000843879512
1005002211759989
1005002350155447
1005001800372567
1005001487022236
4000437413346
1005002017068467
4001147979375
32344243753
1005002099848877
1005002168897334
1005001699609155
4000415078344
33050975256
32915995238
1005002264872816
4000492870762
1005002301117220
32848861055
32958418391
1005002055038729
1005002434936290
1005002348231349
33007791654
1005002285746807
1005001784944129
1005001879459404
4000910604212
1005001707854914
1005002425288852
1005002157632717
1005001845173498
4000331515398
32706164503
1005001652574791
1005002416629072
32962055861
1005001716474997
1005002331925598
1005002340237585
1005002226475078
33042731161
4000967687378
32323494803
1005001515900466
1005002313994731
32843187363
1005002386975975
1005002258684119
32816180040
33058097869
1005002491572224
32887034185
4000337302616
1005001570098650
1005001826156713
1005001639802106
33050730538
4001295857442
1005001678062846
4000944407877
33044491642
32924032450
1005001972105976
1005002095603530
32898524978
1005001572297493
33039232418
32846564599
1005002028040628
1005002382138060
32857044690
10000048287041
1005002196648359
32895409155
32851478269
1005002222231494
1005002320705162
4000735934289
4001243950951
4000375819763
1005001691108428
1005002245638396
1005002259985552
32912479724
4001242405206
1005001979192902
4000192215715
4001050898188
1005001406597800
1005002491502421
1005002347517068
1005001288224161
1005002389441934
33040363074
32901075110
1005001612273493
4001041095581
1005002280444957
1005001405427943
1005002219389787
1005001587590414
32946732048
1588150287
1005002344723303
4001126334370
4000302206477
1005002281874507
32850058058
32919370187
4000188132580
4001080815338
1005001500812295
32881072317
4001327920841
32955271056
1005001817911590
32865858897
32951387328
32832548240
1005002174956367
32581813499
1005002432347437
10000025557485
4000739393111
32892215373
4001237762290
1005001841683248
32880791596
32966108414
1005002260725395
4000172152710
1005002317695393
32946100306
32846918913
1005002122595155
1005002322418688
1005001711194862
4000151156009
4001177979194
1005001933062483
4001282979295
1005002294884396
32804856903
1005001348467286
4000243838523
32691255399
1005002374867274
32967054761
4000358380103
1005001386766727
1005002268074670
4001185817116
1005002262093107
1005002288893185
1005001952444425
4000623178156
32977783861
1005001650684207
1005002365389872
1005001762939523
1005002497009608
1005001713405207
1005002240822240
4000960592737
32603145621
1005001592893938
1005002281292297
32949264223
1005001341719586
2044547959
33006192289
4000460869446
32246628925
4000929711410
1005002386744146
32964699924
32325784486
1005002494647914
1005002003876426
4000186027686
1005002125745466
1005002489942352
32976932021
1005001896600257
32766372936
1005001525410675
32735904831
1000008436473
1005001997878636
32905191265
1005002480408112
32983675883
1005001404958416
1005002253623788
4001230420204
32840494586
1005002423367785
32825593959
4000225072185
4001091035954
1005001927737801
4000990847596
4000182608208
32624374664
32856511924
1005002333541570
1005002297330986
1005002337157960
1005001718974517
1005002259338521
32631209169
1005001467752925
1005002105443233
4000039217398
4000869972643
1005002254255241
32579285361
32632705723
33007331591
1005002350427629
1005002351387618
33037909649
1005002365106927
32351120598
1005002212086830
4000035113507
1005001592348248
1005002315910539
4000007602735
1005001699695598
1005001814975853
1005001782529007
1005002271864456
1005002272572836
1005001483150277
32794962466
4000070024678
4001036259334
33057662616
4000043599163
32810649740
1005002477578534
4000905567774
4001041257897
10000329535213
1005002347302952
4000955832574
1005001430679883
1005001733203439
4000843005459
1005001278498579
1005001793220242
1005002306704175
32763970056
4001196485236
32758881775
1005001617112030
4000259977495
32883860797
4000842682101
32949254271
1005001359592685
1005001441496087
1946480263
1005002099008210
1005002233828374
32972685789
32367315263
32862599023
1005002220152133
32864510988
4000460312490
1005001872365383
4000666006053
1005002398910266
1005001769091604
1000008144519
1005002311043037
33046326195
1005001970339798
10000084033315
32853602947
32828072707
1005002109062116
4001156662162
4000972880142
32952338289
4000696660996
32911226517
32846236884
2031722747
1005002318560557
4000751857390
1005001643752540
33034743386
4000108300422
4000076450905
1005002358378154
1005001519501976
32949667228
1005001997836292
1005002459849205
32864130097
1005001657157476
1005001757770611
4000522155193
32874688715
32952692697
4001293315917
1005002265360860
4000589494116
32815919278
4001277719016
4000458748624
33005947891
4000570117436
1005002359641692
1005001640246826
33049518678
1005001469134090
1005002289704544
1005001994193358
1005002459658289
1005001269742045
33050770314
4001228545887
32992015516
1005002388503795
4000319592064
4001037795529
4000797105979
1005002237823728
32976329774
1005002314687693
33055224177
32861903428
32717784162
4000927937037
4001005153969
1005002461998748
1005002405238563
1005002279021868
33038341975
4000117570354
32920637608
4000939842370
1005002342588266
1005002443155210
1005002340882638
33022011623
1005001658597286
4000777530560
32966820159
1005002221360648
4000143927618
32879841474
4001047337330
1005002381951441
1005001878310590
1005001802890236
32982997859
4001286957846
4001208706239
1005001926884810
1005001731941528
1005002052594733