32816244701
33029658384
4000469685383
1005002466637650
33029457678
32819448908
4000859357344
1005002176969367
1005002382807840
1005002132970797
32968879110
4000703303102
10000379493395
1005001506272176
1005002497225291
1005002317771671
32956011791
4000990841333
32837744513
32580108362
1005001341154732
33063879369
1005001441451592
1005001521839542
1005002194218867
4000789322656
4001292871976
1005002428326396
4001248708470
1005001675459092
4000849819940
32882885023
1005001554590715
4000864364785
32931529711
1005002363087959
1005002459123046
1005002225616397
4000115524788
4000344046051
1005002442468431
1005002298369264
32449880603
1005001770908635
4001286617594
1005001927022010
4001088106254
1005002095079458
1005002282451328
32689529231
1005002481209859
1005002307600464
1005002297597554
1005002318973739
32731427013
4001235673349
1005002167714848
4000091157139
32861648046
33027820226
1005002256220508
4000557180767
4000372250415
33055480983
32916818077
1274809852
32995871050
4000042672422
4001332200348
1005002452220404
1005002460279276
1005001712852279
1005002321708682
1005002362790898
32810604690
1005001889211289
1005001709559635
32955597949
1005002316875791
32995897236
1005002423881140
4000702437687
4000714374858
1005001630776415
4001350864683
1005002428331990
1005001917626543
32858495928
1005001846273720
4001234510923
33042043542
32885757762
32948902075
1005002311151925
1005001696089611
4000365177180
33018446478
32504930537
4001091207820
1005002352281235
1005002330468298
1005002114432839
1005001388194112
32848663510
1005001922745894
4000799026965
1005001470410931
4000953680684
1005001972784751
1005002272668756
32847697227
1005001793061967
1005001971796051
1005002319830719
1005001844719995
4000184133424
4000931640771
1005002211950997
1005002387845834
4000114754381
32897045337
32864584513
1005002000295122
1005001470055109
32952317710
4000987140786
4000860344782
4000460398907
4001359557503
32947228501
33026638634
1005002230589904
4000098983885
4000585183228
33007666659
1005002314494233
1005001588027853
1005002310952446
1005002310277330
1005002439980130
1005002224539518
1005002383456680
1005001930815841
4001201293254
1005002034284524
33013430997
1005002281816685
32999147237
1005001273013914
4001170318024
1005002120876495
32417406434
1005002378222183
32853686314
32984419015
32621021354
33014041755
1005002286717378
1005001664188892
1005001957071852
32971927102
1005001615159435
32637574137
1005002218386113
4001251677676
4000074666501
1005002287225184
1005001942829790
1005001591647349
1005002085373611
1005002434100062
1005002076921621
1005002314239915
32370500329
4000876816303
1005001575312721
1005002212697578
1005002465788770
10000106676797
32969807933
4000499400854
33054313253
1005001963092966
1005002377275513
1005002434878431
4001157195931
32920232371
32817580033
4000955305544
1005001322024999
1005002444941368
4000885695429
546451174
32757686339
1005002301589077
4001061638585
1005002434621938
32798255496
32860856762
32991216369
32785355244
4001227916296
1005002311276486
1005002272590007
4000420266950
4000414779969
1890751173
1005001627852717
1005001692232697
1712368079
4001256138821
1005002219348211
1005001309684360
32707586101
1005002389809829
1005002175006845
1005002423319844
1005002000151260
4000960939117
1005002064850324
4001255836755
1005002051464202
32797827893
32872490777
1005002275350133
4001304835433
1005001460824551
32666119140
1005002254889417
1005002000648029
1005001268821883
4001182309711
32459586625
4000750748030
4000277713600
1005001873475337
4001016898960
1005002008139683
1005002337313919
1005001781069277
4000315237769
32974382128
32849006161
1005001815228718
1005001988719014
1005002488451304
1005002277679638
32829454782
1005002386865421
32848814328
1005002457417219
32503102111
4001042532394
32979843023
32793972267
1005002397862071
1005001565639583
4000317785570
1005002413217082
32950093750
1005001441392703
1005002440085652
4001155391855
4000444787058
1005001541575786
32359917471
1005002063260694
32994216304
1005001602046684
32892591492
4000859236919
1005001954965431
33012297130
32801998886
32473804846
32920236696
32854519939
1005002266068635
1005001812227420
33002308866
1005001394390057
1005002324993987
1005002441451168
32815496261
1005002295153681
30000000750279
1005002282149625
32967852709
32952279654
1005002073593602
4000340912686
32879640460
1005001266936130
1005002306115516
1005002317829777
1005001906794604
32913447119
1005001315337858
1005002273757258
1005001325829886
1005001762323265
4000002179999
32795671219
1005002447147171
4000744426748
1005002253503682
1005002362048109
1005002167873749
1005001881971890
1005001901734771
1005002396556867
1005002122614035
32851828187
32996029382
1005001741318823
4000467369692
32998445879
1005002314417061
1005002467426750
32964301262
1005001520542141
1005001308889366
1005002372721808
4001183434959
1005002262487209
4000982370424
1005001806227920
32897292727
4001102351941
4000085538566
1005002371799074
4000333079860
32971473468
32635485552
1005001870189501
4000777837639
32615706122
4000836916867
1005002473392173
1005002345193137
1005002314489032
32916191101
4001063533210
32961681347
1005001621819004
1005002328718830
4001161958098
1005001598543103
4000116788489
32998695243
32932428452
1005002185968477
1005001334295070
4001083807151
1005002408581506
1005002115146472
4000355782266
1000001581704
32940252203
1005001888890530
4000080881004
4001185038203
4000687162159
4000036089500
32795804849
1005001670957832
32971965478
33010260002
32978243754
4001304726421
1005002377419061
33004843071
1005002264262599
32825832512
1005001861329597
32984939888
1005002206650820
32807776570
1005002230039212
32876231488
1005002375087448
1005002327850409
1005002194596467
4000437713322
1005002254717437
32995428562
32954753048
1005001983011848
4000844519454
1005001349932303
33060202962
1005001582866238
32792742709
4001245063195
32856886738
32820004578
1005001463233749
1005002394763287
1005002434250277
1005001824400463
1005001664617672
1005001399150508
4001239324207
4000859555018
32976394854
4001025738559
32967732198
4001231296918
32910612490
1005002388479744
32807173282
1005002166761251
1005001706051239
32982777693
32839088534
1005002129484200
32834934382
4001241930293
32406503066
4000226633444
32851951750
33018226661
32846206617
1005002293269738
4000249659049
32434162317
1005002283373101
33035395992
32983869102
32826759515
1005001542821039
1005002443079701
1005001559339415
32975403258
4000263159184
1005001994621228
32655406741
4000042189209
1005002314361716
4000691589083
1005001820154765
32966937985
1005001388026851
1005001398480030
32378824672
1005001545242350
10000238331752
1005002352145690
4001192861369
1005001656916466
33039270256
1005002314426853
4000429160071
1005002490124821
1005002072261484
1756100594
1005002212137049
4000116790775
32298632098
32847488103
1005001709537149
4001315823141
1005001936182815
32844357655
4001334045397
4001178072332
1005002089230589
32915418096
32796881291
1005001439037829
1005002172591598
1005002434580632
4000401657303
1005001805392340
1005002033159513
4001187833214
1005001313820727
32850014823
1005001743554286
4000857577674
32775311947
1005002316833233
1005001868931705
32790780950
1005002374896644
1005002050753100
33049975129
33003795000
32827464587
32989808024
1005001839653821
4000719567900
4001043664979
1005001505095012
32636792620
1005002310618017
4001243494455
1005002137900744
1005002344675032
1005002316565801
1005002340661195
1005002384772500
4001290249707
1005002181312706
4000983544123
4000627738820
1005001761995255
1005001685467704
32742738591
4001212338775
4000640451512
1005002356656042
4000843009198
4000073624413
32810050618
1005002234952338
1005002265042234
4000792985580
33027627753
4000248838853
32914429212
32847521918
4001320983365
1005002330572176
1005001913928901
4000196065705
1005002292613737
1005001669943348
1005001871959685
1005002482925347
1005002370375939
1005001712126827
1005002164587869
33055508626
4000701630599
1005001578671960
32538381719
4001271839174
1005001976150875
1005001720357682
32808654584
4000686762565
1005002417021992
4001347929766
33015638464
32851647588
33047792442
1005002311589813
1005002390533430
1005002400028482
33024149907
1005002321814058
1005002332947558
4000607573328
1005001665408257
32846841939
32897827828
1005002478188333
1005002064697844
1005001997216399
4000384340125
1005002357674211
1005002113142207
33042803597
1005001802630089
33027256615
1005001718730751
33040292901
1005001572885207
1005001397120659
32993004921
32815176357
1005002317655274
4001335535571
1005001285204099
32922729001
32860457991
1005001773785950
1005002301366113
32957091510
32955384989
1005001895088935
1005001456678198
4000733006813
4000776727810
1005002350318150
4000546528965
1005002265846099
1005002330694623
33059104769
1005002234942237
1005002096148068
1005002273075381
1005002193906060
4000799888426
32971277798
4000216484868
1005002356062468
1005002094897893
1005002254842164
1005002246804179
32763715542
1005002425427964
1005001504168521
1005001997419995
4000593789062
1005002363836402
1005001824903390
4000904715360
1005002353483995
1005001953033458
1005001620818733
1005001556264270
4000545836874
1005002072221710
1005001876772903
10000031154861
4001098549845
4001175828703
1005001446696665
1005001966246451
32818857671
1005002489708515
33052119408
1005002281284069
32754802008
32947587001
1005001600558867
1005002425197417
4001321617936
1005002288130012
1005002346182695
1005002473966881
1005002460652200
1005002277134326
32922248879
4000575816352
1005001935440545
32844071539
4000809154345
10000146359189
32895753594
32823553459
4001294858727
1005001698080449
4000959719125
1005002396856542
4001218134953
4000814260913
1005002286301582
4001262510544
1005002339074721
4000335585238
1005001835808520
32758303539
1005002396449765
4001233279168
33042143730
32691410993
4001223709448
1005002235786858
1005001695761668
1005001877268250
1005001289719725
4000682829794
32531248909
32881270326
1005002313981452
33023023798
4000993241956
1005001296696113
4000209784222
4001350873309
1005001360198652
32929948343
33029850521
1005002306675704
32762601983
32836044865
1005002454874060
4001025159257
32801465631
1005002416216336
1005002290936664
32974576847
1005002319039959
1005001274303900
1005001626267229
4001321205916
1005002419659271
1005002355788810
1005001861392747
4001294103801
33003747834
1005002383416709
32911561172
1005002388449074
1005002372112210
1005002324078954
1005002360020845
1005002338086725
1005002330835633
4001111708574
1005002308599470
4000837237501
1005001444980588
1005002400530410
32840804051
1005002397766655
1005001514956900
1005001350839052
1005002371945613
1005002166282429
4000805199578
1005002383017479
1005002311892128
1005001418679636
32841736688
4000327250235
32903530661
4000418601075
32333761055
1005002352601288
1005001441448356
1005002289611443
32607859348
1005001682375849
4001098039776
32867472753
33039862415
32955780412
32975287230
1005001298974066
4000872607988
1005002079020123
33009089334
32524009927
1005001850608463
32848731198
1005002336066207
33050859474
4000992652708
1005002341386723
32843410761
1005001994749279
1005001381243154
4001102663441
1005002403819991
4000317026945
32799595729
1005002245874782
4000280712433
1005002086325688
4000966155579
32843664802
1005002314472897
1005002171836014
1005001470668850
32841584825
1005002246705288
32878072035
32983604788
1005002419066003
4000086990981
1005001989802295
32875205518
4000316612199
4000385131570
4000407199382
1005002018007367
33037276636
32792779613
1005002492660341
1005001785690323
4001268617297
4000464000638
1005002367310355
1005002120695613
4000278513042
4000720423547
1005002063879835
1005002305776907
1005002283748024
1005002204560469
1005001959058491
1005001319683158
1005001596721028
1005002053156826
32861578419
4000242632969
1005001889282014
1005001988813385
1487142205
4001292611136
4000339673785
1005002486123394
33030645762
1005001965055535
4000805982239
4000641329701
1005002453097753
4000829669553
1005002332069030
1005001860153473
4000908491306
1005001776404740
32811046823
4001127960896
1005002260708399
32921616240
1005001803912393
1005002192627778
1005001649181281
1005002247580454
1005001678387238
1005002313170844
33051612551
1005001929269079
1005002464883491
2005211357
1005002340519420
1005001338387437
1005002237768236
1005002201726376
4000372349950
32966212257
4000850703108
1005002388832400
1005002314705963
1005002337639583
1005001970947770
4000922346548
1005001869110033
1005002066639517
1005002159708743
1005002200622882
4000317737400
32993211500
10000099449359
1005002277475184
1005002382790255
4000176815756
1005001895221627
1005001290356434
4000448042974
1005002318255088
33021057725
1005001851392386
1005002313353468
1005002258581533
4000010534037
32855186391
32857574407
1005002384038562
4000744723892
4000193589020
32969091026
1005002321058632
1005001603753139
32975216406
1005001920709655
1005002235089992
32812463445
1005001889944807
4000445942173
1005002459658075
1005002277851325
32728152560
4000120999421
1005002331827714
4001307358133
4000522246222
32865901178
1005002020589090
1005002345174371
1005001942372814
4001193458493
32350111691
4000687623566
4000084648576
33039781085
1005002352738432
32966473735
4000955527384
1005001776357443
1005002006193218
1005001938003933
4000194917048
1005001792587420
32920654091
32927228037
1005002017181232
1005002435097069
1005002450880531
1005001779956226
1005002413887609
32958641457
1005001603432915
4001189273981
32997435904
1005002304870018
1005001525476219
32956469033
1005002270622653
4001227709165
4001322599720
4001105609589
33054280174
4000102694662
1005002453581174
1005001808980905
33033433782
4001328826593
1005001996880815
1005001962464995
32950434979
4001233042113
1005001586919781
4000207774336
1005002290968615
1005002123921750
4000625521227
32979503144
1005001320993019
4000863824311
32836362466
4001112028097
1005001870770036
1005001780705463
4000792542189
1005001664577987
4000027216407
1005002334368572
4000173982781
1005002389857131
4001184232494
1005001828623100
1005001720550821
32957151333
1005001576770070
32949309608
4000184311193
32956936803
4000758754654
32830243188
1005001563386678
32830371294
1005001388810334
1005002038264063
4001129498487
1005002431473209
32933602299
1005001322061243
1005001915526706
1005002072188864
1005001750782032
1005002143191767
1005002254626442
33046739995
1005002060456557
4000429944093
33049719924
32237177843
1005001593418495
1005001441320550
1005001808400200
4000729561888
1005002344227173
1005002327201765
4001097635459
1005002314475132
1005001821224442
1005002312031198
1005001731915108
1005001958961264
1005001863870826
4000939661140
1005002139467686
1005002307134617
529487612
1005001678167271
1005001405539747
1005002310080869
1005001669831413
1005002340188702
1005001657802433
1005001310866966
1005002117720564
1005002400944590
1005002388857353
32805937681
1005001853362897
32859457720
4001315519227
1005002314364718
1005002298860636
32992821497
4001230343680
4000042801885
1005002367754394