32955638755
1005001668328407
1005001856323976
1005001599670891
33016172339
1005002312196277
1005002019345613
4000892194811
1005001288150064
1005002420213193
4001176086896
1005002224128071
4001244254361
4001207091507
32706859089
32949828374
32946256488
33035155092
1005002337180433
32847605638
32889174918
4000269153310
1005002362830271
4001107788910
1005002401239719
4000329211609
4000218968873
4000333455745
4001003179158
4001312805284
1005002455429653
1005001648885333
1005001470010760
32353221195
1005002319538092
32845560119
1005002319095482
1005001285361294
1005002315638230
1005002347394986
33046155095
4000066460406
33029837468
1005002192474569
1005002378349088
32883224046
1005001362167466
32919192636
32949077713
4000269775031
1005002075145787
1005002055986987
1005002307553623
4001288315195
4001306470355
4001039497153
32913092290
32920302271
1005002233636213
32854432588
1005002220863980
32876376672
1005002309431873
4000755370848
1005001736906183
32979836352
1005002298401188
1005002315128791
1005002133214894
1005002428537156
4000981947001
4001300644133
1005002400382113
1005002458592018
33011841836
4001112394047
1005001525432875
1005002312773918
32906306214
4000123110563
1005001686209215
1005002333457434
32637498467
32630841609
1005002467154875
32434848382
1005002404739083
1005002314324694
1005001797468210
32965886612
32375931520
33005539624
4000406860497
1005002254570225
1005002490175254
32888827078
32921795831
1005002313397567
1005001285571027
1005002292839262
32699469753
1005002482947661
1005002214903112
4001048825261
1005001868447596
1005002359253607
4001047628619
1005002309160577
1005002315004143
32963960620
1005002320448863
1005001307533327
1005002432972558
32908026944
32886974763
1005002024429557
4001038763804
32986727061
32853996790
1005001872209817
32843596883
1005001688850476
1005001575361085
32948599250
1005001876009414
1005001266967601
1887818676
1005002165674587
4000184040525
1005001568672364
1005001862458677
4000203014184
32413468308
33015823517
33045037409
32967438981
1005001478534432
4000026210002
1005002484770658
1005001748188623
1005001714709178
1005002268130195
4000178450578
4000167478558
1005002213544710
1005002310790452
1005002205615564
32753412387
32966161666
1005002421558286
4001096998021
1005002441192284
4000096085697
1005002359528409
1005001887454977
1005001525383582
1005002097629231
1005002305519251
1005002422820166
752172612
4000509991279
4000516422627
32590128306
1005002357621461
1005002368230107
1005002211860197
1005002500441650
1005002433184020
32908816371
1005002103063602
32852114869
603742987
1005002314300236
1005002081133767
1005002433525959
33046047738
32976044014
33047100352
4000895737745
33049208163
1005001570246420
33034883044
32992463513
33041075245
1005001694761505
4001226887716
32793502305
4000389732199
1005002319014969
33014831640
4000698935594
4001286188772
32918208836
1005002002607446
32973025642
1005002356461451
32957031929
1005002339092070
1005002483779572
32999355410
1005002306714727
1005002276479325
1005001602555375
1005002353295955
1005002362681782
1005002215219162
4000705808198
32824321756
32922911490
1005002287477099
33014219130
4000549211901
4000385274113
1005001810713752
32968640216
32993661233
1005002212043345
1005001397117342
1005001695937621
1005002305639111
1005002166032798
4000324402237
1005001381707094
33031093737
1005002287449793
1005001524250829
32235140022
4001116558747
1005001323172850
32758142516
4001115632103
1005001572297460
32684250212
33007009375
4001238052817
4001013543028
32875629388
1005002320594294
32999786070
1005002333688286
32742491702
4000956011766
32864440397
1005002426480355
10000055535960
1005001556453675
33057193530
1310515172
1005001403916860
4000785606302
1005002314372296
1005001681998452
1005002277071201
33007917634
32805063403
4001094212551
4000180057167
1005001907063520
1005002312207701
32440116273
4000742372072
1005002064466705
1005002246345816
4001078979623
4001350162917
32870183029
32869266710
1005001505351931
1005001475617508
1005002314459733
1005002302499539
4000677327493
1005001860837058
4000857296042
32977322704
1005002047588141
1005002240246497
1005001355070634
4000579112764
4001010221323
1005001288315468
4001111709059
1005002368330632
32944585693
4000693437490
4001327452768
32868754317
4000904121460
1005001474678674
33010275143
32895651635
4000945429164
32791483955
4000142178043
4001186277082
1005002289153348
4000008639254
1005002002623305
32976871862
1005002350526278
32959084340
1005001296066309
32998351217
1005001429446648
32853833403
4000291333804
4000628798249
1005002318559373
32954434057
32882777357
4000864363244
1005001658038146
1005002442399694
4000418696208
32949391353
1005002273683166
32862686883
1005001348861287
1005002404271811
4001050687837
32984274872
1005002081288249
4001265009505
1005001809813155
1005001835179603
4001041349325
32858159821
33009873918
1005002309235406
32875683761
1005002303486219
10000032019109
32999233977
1005001296327797
32858398213
1005001680557395
33049895585
4000928099010
32964518960
4000889436155
32860015666
1005002124383593
1005001645283047
32921652172
1005002277704236
4001135815297
1005002245602818
1005002282965252
1005002211108670
4001222646672
4000324745402
32965120125
1005001457923620
1005002368345734
33053865774
4001082907464
1005001556287520
32900785750
4000011265829
1005002469485894
32860162127
33049707660
1005001561002401
1005001946582580
4001157399138
32970308459
1005002003107673
1005002481465379
1005001375735978
1005002401067293
32822576852
32853450710
4000861509178
4000114297540
4000830271839
1005001967769810
4001243390026
4001159543232
1005001417869730
1005002258240990
1005002260526824
638327832
32794959666
1005002329786608
1005001853841983
33043896433
1005001461784978
4001134783671
1005001488467003
1005002440447793
1005001608457965
1005002246565196
1005002344993290
1005002341362118
32680944411
4001220526907
4001230715766
32266944232
1005002395744665
1005002466938924
1005002205210914
1005001794679229
32798653918
4000236851916
4000985334540
32855250482
1005002490846782
1005001930942148
4000690554914
1005001793065464
1005001621370784
1005002179474034
1005002303442706
4000223872452
32996311459
1005002346833103
1005002190797215
32919811897
4001229971302
32729813887
4000902282247
32921025891
1005001928877471
32892670183
1005001418744165
4000309406723
4000711707154
1005001955013381
1005001889999191
1005002409953134
1005002345203122
1005001928991253
33047028230
1005002242673260
1005001303503161
1005002313592833
4000022505326
32848477975
1005002452838397
1005002420968228
1005001733317102
1005002274032801
32948761281
32580533310
1005002318895198
1005002260252700
4001063164155
1005001670965490
4000828506425
1005001864742332
1005001382379725
32990252907
4000704130882
1005002325283424
32975850425
1005002319130573
1005002487394233
32899803718
32848917540
1005001525553007
1005002334025627
1005002306355747
32634064803
1005002463415367
1005002256722527
32728216705
1005001456047239
1005002229047919
32945460620
4001081971752
1005002264519111
32953257831
1005002405383233
1005002328818292
1005002430858716
1005002049920317
4000626021275
1005002339907234
1005002467405943
33044688932
1005002256624797
1005001837127037
1005002130907796
4000920938147
1005002284238692
1005002489964469
1005002233503784
32880487472
32822654480
32974247946
1005001785682495
4000756756401
1005002313306357
4000008387629
32835589314
1005002340946594
33029489362
1005002279158525
1005002462824182
33047227839
1005001856399200
4000922090394
1005001937768776
4000529111556
1005001775619700
1005001779571829
1005002304294959
1005001471416719
33016606525
1005002167855153
32796123248
1005002405228196
32348543885
1005001736758377
1005001587352636
32812543315
33019565275
4000837407454
1005001812342859
1005001425246327
32959152495
1005002383127895
32843423118
1005002304378279
1005001784832949
1005002400713436
1005002290787503
32719627713
4000545908157
4000706625338
1005002008130363
1005002457766286
1005001844289861
1005002236584048
33045298982
32923880657
1005001929223343
4000233413058
4001218924381
32872577203
4001230816061
33025529517
1005001348521743
1005001286910682
32970425656
1005002035519833
4001025015811
4000784777986
1005001525306822
1005001553050961
1005002428856650
32988300244
32580783607
1005002345024001
33016338103
1005002418216712
4001185841688
32870092423
1005002286288486
4000931276453
1005002353464661
32763021665
1005002375524639
1005002409447163
4000709120235
1005001405882672
1005002302425167
1005002393288913
32701059588
4000982948506
33012797764
1005001855001051
1005001462215411
4001032458441
4000413779323
4001278990122
4000857887260
32846245998
1005002353559496
1005001884564569
1005001487935022
1005002421498183
32615301699
1005002402519205
1005001701184319
1005002259610286
4000686873236
4000943339978
1005002165620655
1005001732287411
1005002404790719
4001036691414
1005002314275023
32763457427
1005002443059714
1005001671625795
32820822002
1005002316635928
1005001943308962
32876243535
1005002367241594
1005001731541014
32847046709
1005001953590036
4001269630132
32884454472
4001344828051
1005001489824875
1005002281865006
1005002347134652
1005001915833596
32868989428
32829218779
32917396088
1005001281606905
32859111539
1005002371660343
32850659221
32672576781
1005001817899665
32897628118
1005002309189303
4000825754274
32968010133
4001044965378
4001350638878
1005002430135762
1005002468430215
1005001785728316
33005919361
4000200820862
32897418356
1005002182279622
1005002253535987
1005001321129374
4001236619594
32825515624
4000793475755
1005002055853801
32839807967
32891111283
1005002470095243
32699135535
1005002185464381
32931489823
1005002330605957
1005001717399867
33026340402
32909637120
4000248972986
1005001448727734
1005002306445259
1005002318068819
10000369201368
1005001789763440
1005002378388221
1005001610265994
1005002473910676
4000829267629
10000195319465
4001127364306
4000379157974
4000991808489
4001290693080
4000160297307
32733702650
1005002440688248
4000856276497
1005001790606129
4000465989466
32971555016
1005001588156467
1005001923588572
1005002429444897
1005002321645160
1005002077835468
1005002330777520
32957305833
32812591465
1005002467608607
4000073868320
32828584891
32798087660
4000627250339
1005002081321131
1005002295113033
32657862019
1005002435795130
4000173114202
32812618552
1005002213773512
1005002082215756
1005001394660014
1005002170939436
32842786922
32733119671
1005001344158277
1005001887891301
1005001897326132
4001142949457
1005001288291188
1005001388858728
4001341834889
1005002267696529
4001018272823
1005001608264594
4001228518645
32800703081
1005002082055432
4001279101127
4001289812797
4000403094457
4000709792493
1005002254078625
4001296391760
32974053474
4000383416382
4000153673499
1005002348308568
1005002391074126
32294422310
1005001762931533
4000055868816
1005001616370373
1005002429219363
1005001958851084
1005002356126072
4001233804124
1005001495620610
32810772058
4000849806220
32959152131
4001228677331
32815202845
32864038860
32824490517
1005002482908914
32618354694
33037089079
4000922724523
1005001325289862
1005002292603685
1005002429150597
1005001887774254
4001157724025
33062899146
4001189922086
1005002344145201
32848184931
1005002471551497
1005002322736624
1005002484458070
4000672154278
1005001405139813
1005001958704730
4000959279547
1005002381130653
4001228851188
1005002245198470
1005001731914975
4001225242540
1005002429254742
1588541475
1005002452811714
1005001599333206
4000261709453
1005001678654917
4000498039788
1005002278754275
1005001525264914
1005002032047076
1005001977080859
32879841979
4000994405374
4000820310040
10000088320249
4001149793519
1005002299633063
1005002359757928
4001196410743
1005001860027313
4001313532511
32827369996
32606900851
33041947452
32969106208
1005001633352825
32823538471
4000859748196
4000291701304
4000218213131
32846978407
1005002375315776
1005002377821730
1005001379925917
4000299626139
32788157922
1005002394806117
1005001676730035
33004456367
33015539147
4000763561331
33008910930
4001136374180
33008907464
1005001950057973
1449063783
1005002053196138
32838285200
1005002317605130
4000756913390
4000785009876
4000955244726
1005002134441512
4000064760362
32900459278
33064319024
1005002270211438
32845489681
1005002316109106
32983189858
1005001700977882
32833186122
1005001465454432
4001050739764
4000909452071
1005002001299091
1005002314645782
4001256375184
1005002324409576
1005002301323264
1005001608982723
4000560999612
4000349668108
32742582034
4000817792895
33029816069
4001066999972
1005001976394218
1005002443695613
1005002303900493
32838974098
1005002280710594
1005001290802646
4001156134943
1005001689662391
4000100504364
1005002456561497
1005002297746787
32774862508
1005002378809312
1005002319188221
1005002234006024
33033885599
1005002264126464
1005001651319282
1005002496159860
1005001969762471
32957658606
4000110865281
4001204181628
4001277807349
1005001689624727
4000985485194
1005002432472944
4000685068991
1005001978060653
1005002459937750
1005001521002455
32860371786
1005001727491725
1005002426717802
4000821940101
1005002199380736
4001032772539
1033319358
1005002122271858
1005001868507249
4000186090222
1005002314431356
32947781353
1005002275683768
4001115989426
1005002329931563
4000182488398
4000902859367
1005002092519299
32859750163
4000558489186
32602898207
1005002428463077
32358474981
1005002345051162
1005002141488182
32960863864
32961712862
1005001278930665
1005001584881665
4000105312610
32965856400
1005002204172220
32925967818
1005001482104425
32957857149
4001204756387
1005002440731864
1005001565702953
1005001990824387
1005001464777065
1005002023743559
1005001482228963
32944225974
1005002390642722
1005001997716839
32938598163
32891962199
33026518171
1005002180377850
32788808661
4000809726081
32674889700
1005002122394832
1005002156643604
1005001669929518
33058543216
1005001537516064
1005002278053448
1005001562799806
1005002329173959
4000319721081
1005002219447685
4000814648268
32720101647
1005002012300546
1005001758415149
4000398131608
32752267777
33042011105
32997467512
1005002219373742
32754473883
1005002389568042
1005002086555830
32816860496
1005002305645812
32970454138
4001061940393
1005001450716566
1005001493079658
32735061891
1005001567476395
1005001824047642
4000785511085
4000562425534
32639533838
4001266099138
4000362801813
1005002337654540
1005001683627071
1005002294926539
4001290520820
1005001834706195
1005002128427446
32948430722
1005001754953260
32953154370
1005002453933518
32786101172
32807805414
1005002186856009
32913627136
32917621318
1005002376914324
1005002362720839
1005001880172115
32827732341
33026440706
1005002363427248
1005001666098625
1005002399022118
10000025559265
1005001672843242
32725314174
1005001415413092
4000035760863
1005002041050071
1005002240720185
1005002028850231
4001185977004
1005002454393610
1005001557174955
32848065467
32467363757
4000668220371
4001280253215
32960459176
2049039826
1005002433852354
33052047803
1005002277507733