4000059796224
1005001424330737
1005002265596507
4001244550499
32864304527
1005001807567434
4000103983505
4001195199861
1005002435377446
1005001329748447
1005001646929127
1005002475358399
1005001844082717
1005001695302959
1005002339131899
1005002167778561
32960781555
4000061695852
4001223950401
1005002019330015
1005002373044398
1005001738733740
32915587815
1005002391057443
1005002474248121
33007397495
32937344302
1005001993133911
1005002342303140
2045705015
1005002283292860
4001187182216
4000723662177
1005001277630648
1005002396809611
4000844858580
33021800500
1005002383404514
1005002337551593
1005002081224375
1005001882195639
1005001530227620
32862689669
4001246006963
4000942110577
1005002075063196
1005002290965917
1005001859386260
1005001411980591
32843609100
1005002363143974
1005001585688079
32881697998
1005002287221033
32247730002
1005002281733917
1005002333469214
1005002358555978
1005002162880796
1005001652312975
1005002303360906
32841180691
33061311971
1005002386947557
1005001369498899
1005002272109492
4001084627246
1005002272630801
4000639844915
33016714840
1005001918490656
1005001734357229
4001275697620
33029630266
32966646546
4001305472321
32607493673
4001127413509
1005002388182442
1005002217368154
1005001664593201
33053151881
1005001990426799
1005002275656633
1005002246978659
1005002233285609
1005001994057936
32986795166
4000231312077
4000908382502
4001252929783
4000598435074
4001002930517
10000409898018
1005002314326840
1005002427924668
1005001868330412
1005002368821640
1005001557672007
1005002363697516
4000699866406
32998256625
4000917927311
32962221840
32834279036
32956142001
1005002275114392
4001122537070
4000539110815
4000177558135
4000907042170
4000965396762
1005002454560906
1005001757459527
1005001507319391
4000622261909
1875694141
32886148648
4000908649265
32970387250
4000095947909
4000210634425
1005002042062350
32972421536
32895569126
4000262314322
1005001882419210
1005002335959851
32589612305
1005002460871715
1005001830270283
1005001325011889
32977507802
32773546478
32969327101
32902615380
4000249712188
1005001782295365
1005001329785850
4001297731234
4000241581242
1005001695060514
33038642682
4001156452405
33015635481
1005001846330393
4001027173737
4001111851664
1005002044696687
32998366853
1005002331593504
1005001651539955
4000781646288
1005001537111830
4001320551048
32896044056
1005001612021659
1005001633034767
1005001288085655
1005001859548551
4000177121334
1005002356826577
1005002042050895
1005002168081665
1005002361170527
4000328560534
1005001714130996
32934911704
1005001693331466
1005002125639106
1005002215061259
1005002388877498
1005002018680112
32845985634
1005001878184677
4000990866308
1005001479972325
33034127873
32616477977
1005002301837408
32861372716
1005002291281923
4001214417382
1005002213368144
1005001732553051
4000051226422
32957368209
4001320537445
1005002341027568
32888800879
1005001664570836
4000627818651
32893229260
1005001840305109
1005002388242769
4000003130515
32834604687
4001050232191
1005001625412501
32967221054
1005001763993869
32956008714
32988675388
1005002318834543
1005001718172900
4000429934630
1005002336994798
1005002500860002
4000548350052
1005002385384807
4000851773124
1005001594626579
1005001582715476
32830722164
4000114263504
1005001440847948
4000670662029
4001305727802
1005002469111537
4000808245047
32892370472
32640733810
4000804355105
4000711279223
1005002287640257
1005002309469410
4001098239711
1005001495526971
4000657204134
4000015653202
1005001610800813
4000793553881
32805447995
1005002363910875
1005001502632060
32858215869
2040924880
32956940845
1005001953704505
1005002358681682
1005001588010109
1005001853994289
1005001855264451
1005002108677253
1005001936148247
33002619117
1005001901329993
33050848604
32844571083
1005001988610090
1005002417251270
1005001278316107
4000261833576
4000666514891
33049708305
1005001830211784
1005002294196862
1005001286601148
33008418056
4001347775525
32705628752
1005001290406126
1005001296524805
1005001837125128
1005002448665765
1005002060001376
32931037314
1005002072473424
1005002428206456
1005001387338063
4000072213689
1005002342781178
32960860727
1005001970402446
1005001766747430
1005002294941352
1005001348948651
1005002157333563
4001127888842
1005001566656439
32975357619
4001044940419
1005002310786693
1005002413086448
1005002278809438
32235069205
32782330794
1005002306734293
33016910020
4000818075739
32894505817
32888907612
1005001593766511
32915772648
33026555195
32346205019
4000087891750
32959828008
4000441523957
1005001596389494
1005002345043197
1005001507498421
1005002409357088
32958438178
1005001375331732
1005002316996193
4000070689296
1005001356321974
1005002028156842
1005002197466278
1005002014471138
1005001599847736
1005002418577237
1005001656803638
1005001515866623
33025415765
32675488217
1005002392411581
1005002298615130
1005001460724832
1005002212452439
32818741241
1005002304591118
4000307444236
4001290672729
1005001456095854
4001044761372
4000039638981
1005001642451091
4000463582615
4001062469305
4000842266297
4000792369523
32982781907
32958099401
1005002425951756
32813629721
4000035626170
4000038681994
33043345771
1005002454372829
4000690848733
32996261757
32844902817
32654301160
1005001520699837
1005002353783156
32951472977
1005002167627949
4000341081765
1005001651350660
4001112534871
4001227782801
1005001961988580
32970009221
1005002127556098
1005001540393827
33010960345
4001280436929
4000902470664
1005002388155949
4000392922888
4000955715170
32886974850
4001265423931
4001119718455
32815709810
1005001625257410
4000466215287
32965096078
4001015261144
1005001702179243
1005001869441436
4001085180457
1005001478387352
1005001552667579
10000171575748
4000177859028
1005001571994284
1005002280580432
1005002306659468
4000585736164
1005002186963168
32870788540
33056746888
1005002021166902
32717361796
1000005458185
1005002381928574
1005002368244878
1005002482645318
1005002362623204
32976932993
4000127868470
1005001616341524
32864668909
1005002278696915
1005002490958362
1005001859938993
1005002211355880
1005002416830760
4000521921154
1005002467502492
1005001413407447
1005002443497204
4001127400399
4000842985425
1005002341291596
1005002264621535
4001056836428
1005001519938168
32439274642
1005002246483007
4001219179641
1005001693207452
4001186198053
1005001652184745
1005001388950327
1005002372889373
32610585739
1005002466093605
1005002311808240
1005002221296493
1005001873815175
4000983301361
1005002332502844
1005002358906354
4001111416417
4000112089462
4000381302064
1005001608505890
32970055999
33000415001
4000704782060
1005002400843086
4000427812764
1005001339166217
1005001736679554
1005001808871022
4001273280220
4000407628725
1005001519814672
10000110109161
4000324406698
33046917905
32951877474
1005002231711180
1005002064036896
32851625312
1005002065854372
1005002293587301
32947472444
4000842997255
4000126321221
1005001591567805
1005002201075682
1005002388296794
33027162666
4000122271759
4000883595468
1005002367393192
1005002333043908
32715749626
33057667369
32814134620
1005001464359732
4001130818614
1005002313236693
1005001496827542
4000829799986
4001339234787
1005002262271797
32997408094
4000077883864
1005001986868861
1005001922815269
1005001457927698
1005002475491014
1005002359330213
1005002387540503
4000381090188
1005001640725110
1005002443113314
1005002340501809
1005002388329596
1005001883483955
4001235649296
1005002475932781
1005001859412918
1005002235441582
32533089856
1005002190708553
1005001961796381
1005001621890265
4000399704559
33023751056
4000961746625
1005002358031669
1005001275671432
1005002394451312
1005001438015179
1005002369578778
1005002364004116
32982507853
1005002337348021
1005002457839697
1005002289848953
1005002466119658
32806550946
1005001591785380
32848962656
1005002352777106
1005001391885486
4000434128603
1005002484656408
4000278333121
4001048154751
32988901042
4001018487515
1005002103600626
1005002454633413
1005002189493674
32916653217
4001143406062
4001286878247
1005002212410255
32892771721
4000077821933
1005002180616020
1005002233351659
4000314683553
32929054469
4000096317764
1005001530793637
32798512228
32856238919
4000805180501
1005002411348811
1005002159326619
1005002318740967
1005001633111655
4000328153311
1005002091976176
32833603322
1005001525392588
32960352860
1005001343341565
1005001678022358
1005001453603519
1005001572715680
1005001413837718
1005001623408808
1005002073471663
4000539884898
32968859182
4001350206029
1005002273701456
4000997800183
32944585557
1005001591584984
1005002277646987
1005002277961444
1005002446898304
33044267702
1005001960922930
4001052578810
33049755608
32898266537
32737932121
4000945197487
1005001529674917
32678241652
32958289413
32990553738
32922163033
4001018156505
32920635973
33058700393
1005001525400500
33062947585
32782007986
1005002377854720
1972623087
32855628392
1005001835643604
1005001591654236
32827569848
33044204887
1005002288680722
1005001769829428
1005002402048333
33001192737
4000714510074
4000592528402
33022799057
32974885750
1005001942689824
1005002399649831
1005002376651130
1005001520270712
342460640
4001316992541
4000147035014
32847836173
32846577406
1005001933477160
10000395810617
1005002090556344
1005002197108796
32591172754
4001155450278
32905349367
1005002334969074
32515394135
1005001298423530
4000033372165
1005002253817964
1005001798168799
1000007938720
4000626236087
4000582880110
32953964158
33002997784
1005001999937171
4001248004451
32785644894
1005002118911374
1005002109577749
1005002377592237
1005001974924408
4000780258151
32867925146
1005002054597642
1005001793312727
1005002341865028
32922127788
32919042755
1005002337728314
1005001664737745
1005001629598404
1005001512817948
32870238174
1005001804105974
4000681100141
32649358283
32959614105
33053176639
4000697192482
1005002469055763
1005002254512054
4000044555339
32829702442
32920937416
1005002329263643
1005002384104917
1005002148132050
32959572525
1005001333683354
1005001415502931
4000595809219
1005001487378589
4001289427530
4000848819834
33056045318
1005002363889463
1005002290627780
1005002483037295
4001035101909
32970031240
1005001873910129
1005001889259559
32965004018
4000843212876
1005001637420998
32995866078
32809286483
4000606703237
4000286987453
32985685027
32856465182
1005001333580851
4000742516210
32384609577
4001225351945
32751471598
32975888230
1005001960155557
4000283558763
32854274393
1005001459626298
1005002118919893
1005001604854662
32792919786
4000063502747
4000410654500
1005002330909555
33015994725
4000060649350
1005001984420311
33039292697
1005002465447115
4001310288352
32840215020
4000022817802
1005001877558495
4000861447487
1005001718546579
1005002350759379
4000303588949
1005002301351159
1005001394560844
1005002382862258
32813791437
1000007898298
1005001929169027
32700936466
1005002359787993
1005002365840800
1005002401711763
32824389853
1005002104874979
33001334162
10000401936533
1005002394733963
1005002389075481
32358000229
1005002276565045
1005001640165684
32883387389
1005001786427622
1005002237617258
1005002416556279
32916416695
1005002332426538
4000770097427
1005002033497194
4001163698675
1005002316666321
33058523473
914805611
4000859226882
4001244862304
1005002298688208
1005001764058289
4001163110490
4000998000777
32865139982
1005002377335071
1005001884421695
32903667900
4000772177419
33008282709
1005002357793637
1005002365276799
32985919162
1005001504665682
33029848615
4000609509593
1005001582145380
4000789100527
1005001330655369
32793333258
4001162267070
1005001579976460
33041504214
32834051765
4001080956088
4001251662491
1005001690937976
32789278696
4000746554239
1005002009398072
1005002111896741
1005002233349423
1005001351772831
33035364056
4001323020435
32868393119
4000107293224
1005002084956493
1005002350226967
1005002411222537
4000827144925
1005002337699668
1005002298149418
1005002400755133
4000033582047
1005002387690270
33000014421
1005001877534057
32868156528
10000343416324
1005002310357190
32869722050
33055321269
1005002050192342
1005002301268077
1005001447354603
1005002228486764
1005002433597998
1005001928998032
1005002434307059
1005002315484609
33005192963
33033226263
441876318
4001347503690
4000785405748
1772609922
33002207527
1005001370087945
1005001442133501
10000401714184
1005002377947532
1005001646137960
4000722355994
10000395891902
32872309820
4001228538447
32370050930
1005002315781700
1005002433169086
1005001864957668
1005002459082336
32888855850
1005002033541316
1005001620742857
4000078487640
4000433899761
1005001900039361
1005001888911576
1005002443721092
4001153980228
32977527350
32618980557
32793390877
1005001920131998
4000944242706
32295688618
4001189524065
4000859853675
4000960269130
4000398797254
33020265875
1005002315911131
1005002385372718
32908377136
4001275698526
32970941856
32796405160
32988406690
1005002418765297
1005002358540590
1005001860446814
4000766106139
1005001556847898
4000297572877
32889680338
1005002233078596
1005001889507124
1005002247632907
1005001968399179
1005002365116539
4000570315416
1005001631975432
33015072285
1005002066902221
4001042592776
1005002091640253
1005001798260556
10000397893442
4001259606484
32798761422
1005002423404199
4000765681508
1005001606299474
1005001441475413
4000628764754
1005001463567938
4001251170076
1005002299470096
32853317402
32856696529
4001220182294
4001358137683
1005001355260223
4001248028370
1005001315453940
1000008417648
32824744697
1005001561760889
4001035133239
33023742722
33047015086
4000994229147
32999174680
4001208576439
32782682450
1005002337028600
1005002317924232
1005002433034444
1005002336554465
4000594712814
1005002381507426
4000126662267
1005001962076690
1005002034373623
1005002315356181
4001228750319
1005001915791246
4000008772826
32845889748
1005002199262087
33009335655
1005002350810543
1005002342540433
1005001976813972
32992374052
1005002416003902
32557062258
1005001857696849
10000028210911
1005002059998482
1005002400070539
32677666464
4000805121326
1005001685381607
1005001499539010
4000910893265
32668063881
32894376268
1005002285510291
1005002287482112
1005001693507480
4001230380870
32855223653
1005001633493355
1005002359656686
4000955278824
4001090883213
4000307797292
4001127649880
4000245434214
1005001483770345
4001049952831
1005002348398558
32975303302
4000289873100
4000378693364
33012346817
1005001652005844
1005001942946096
1005002424796238
32960069492
1005002359129814
1005002264039284
32947166117
33021713612
1005002122785114
1005002397904936
1005002338799685
1005002327309066
1005001551491639
1005001369233709
32992207110
1005002383144127
1005002120864269
32891262787
1005002336205258
1005001759445561
1005002355721153
32963547827
1005001849050672
32989215058
1005002210701125
32822225705
33014179804
4000713734990
32436566022
1005001715194146
33027816588
1005001863974202
1005001693002050
4000963549941
1005002264823036
1005001489023518
1005002369282950
1005002435201222
4000597884366
33018568283
32965036386
4001318588293
32825158629
1005002234996136
1005001645102401
4001359633060
4001358272751
1005002212252469
1005001627289220
4000484065301