1005001599321958
1005001882241922
1005002333454966
4000671033025
1005002252991384
1005001728042379
1005002023047898
1005002212271788
32845641546
951108544
4001247784010
1005002418251423
1005002185381605
4001225204729
4000586803253
33017087544
4000947304570
1005001452765017
1005001619877577
1005002369913378
4000398047388
1005002438579988
1005002351304307
4000325678576
4001012994751
4000971469348
32950904873
1005002342517787
1005001414175476
4000788490052
4001100704487
1005002344592293
1005002327307127
4000377232026
4001332549094
1005002281168208
1005002466050295
1005002320358649
10000405769365
4000632589043
32823049152
1005002077759356
32828726089
1005002198251206
32987969987
1005002305441174
751335154
4000633193163
1005002267603739
32963933942
1005001603796675
1005002122358220
1005002364565928
1005001858992153
1005001607582046
1005002341017394
32978697914
1005002052040849
4001214188788
1005002406868870
1005001871310923
32906098931
1005002441758130
4000418242288
33028854291
1005002377626485
1005002355729198
4000063357332
32719821384
4000170960041
4000052721060
1005001869485903
4001116136354
1005002082231981
4001039269766
4000203275555
4000804283937
4001141889442
4000617694524
32960201893
1005002329190572
32977390359
32863995232
1005001808309171
1005001307423272
1005002322113721
1005001446116722
1005002289871913
4000681366794
33018031864
1005001798561536
4001245039338
4000181277107
4001036552984
33007005311
4000843332475
32883874310
1005001319711483
1005002180568288
1005002186054504
32948580076
33046013969
1005002205053350
33001604320
32990049828
1005001567653426
4001324116863
1005002295190642
1005001763485849
1005002357319903
1005001458242182
33060018132
4001042077930
4000287257000
1005002414476495
32544095358
4001102190411
32951602241
4001243488002
1005002293764941
4000863809972
1005002307380818
1005002484556008
1005002404393953
4001274155205
33004669531
1005002443112782
32856369368
1005001936005431
32984270761
4001046390987
1005001591796791
1005002229625367
1005002314377217
4000031962286
1005001918248561
4001027883281
1005002136463810
4000794905083
32953659746
1005001920698249
1005002263134586
1005002049735956
4001225251928
4001340999075
1005001715921565
1005001381942564
1005002389920274
1005001443238206
1005002301345584
32948751845
32673664882
1005001609105528
1005002043328263
1005001678459411
32836753461
4000273012065
4001127777101
1005001399444461
32987114184
4000982986704
1005002012259780
32706885879
1005002395272625
1005001768588583
32951978553
4000387156141
4000709128913
32788919042
4001345323598
1005002182360292
4001179358517
1005002246766869
33002408248
32956405505
33025380255
1005001854640346
4001169929577
1005002411879964
1005001566474830
1005001907717049
10000384823051
32988746583
1005001840505389
32818075416
32737504525
1005001921802739
1005002004505102
1005001544143768
1005002008260077
4001065281778
1005002175942592
1005001973684529
32589409011
4000926838485
4000526254733
32907008019
1005002253994396
32368178678
32948768176
1005002373282193
32855258727
1005001993142854
1005001444374966
32857124297
1005002388801208
1005002228464662
32970006377
32839367080
4000093953729
1005001384118841
4001267895253
4000175077967
1005002069366382
1005002313605089
32836258832
4000337765737
1005002350632944
1005001932976659
1005002279429071
32857697899
32885561068
1005001671771265
32698930502
4000960574736
32843488454
1005001344616103
1005001913426271
1005001573270704
1005002495264886
1005001901951471
1005002298759346
32945289704
1005001592342512
1005002320967771
1005002330516838
1005002322819074
1005002331720079
4001171161351
1005001566906310
1005001771996138
32948320863
4000756446422
4000765220973
1005002220957616
32859832151
1005002340965645
1005002136896110
1005001966178689
4000889038221
32700100052
1005001489493579
10000104988609
32812567925
32847469091
10000066416771
1005001803994870
1005002408805613
1005001885901511
32809958083
32837270920
1005002334136892
1005001350097776
4001175635251
1005001872149936
1005001333806227
1005002316167145
1005001577129902
4000594441810
4000788958960
1005001486875005
1005002266559743
4000888181046
1005002236300877
32972489924
1005002489877472
32668313986
4000381634633
1005001974800761
4000784283447
1005001405531932
1005002314408295
1005002337806157
1005002238375177
1005002491657390
4000523674889
1005002467196692
4001282043755
1005001465185851
32862527040
1005001439171101
32858902038
32641245680
4001079432917
1005002357066883
1005002386658542
33018977522
1005001411627389
1005002304010478
32773817059
1005002223766849
1005002308762357
1005002307932712
32963363403
32915597268
32909404537
32790687566
32360051597
1005001997239992
1005002304589919
1005002484555214
32969629276
1005002354352402
4000399685012
4001226738972
4000465910107
4000891968990
4000794328007
1005001989331137
33000855494
4000434313220
33054132272
32898071256
1005002350705244
1005001598951713
1005002344797235
1005002122450243
1005002249307139
1005002068810827
4000987305660
1005001659374303
1005001430769807
1005002109101489
1944364938
4001276966219
4000293699396
4000281136537
1005001881348530
32867576313
32904803472
1005002413544026
1005002399078260
33034962294
4001343906302
1005001830314455
32793943089
4001204565870
1005002341349673
1005002337483637
32742948263
4000977502705
33004917107
32899427077
32794057456
32871358055
4001287000455
1005001519371493
32954486131
1005001359729647
1005001897093236
1005002409814850
33060056372
1005001552499547
4001228423982
33036446575
1005001499668633
1005002388949044
1005002224898165
4001154793772
4000866294650
33010172709
32880233491
690020271
32895576984
10000395896629
1005002325174400
32976599794
32374750261
10000391459893
1005002488346685
1005001625453182
1005001763076119
32970329705
32901994511
1005001775002094
32887245776
1005002389586756
32965482163
32590792053
4001244500002
33049859198
1005001886277827
1005001476410046
1005002007337339
33045400981
32824162445
4001240379579
1005002356754271
1005002254561576
4001159914083
1005001621309339
4001124571729
32983588113
1005001734703167
4000598428088
32832493247
4000748710247
32886014450
4000837355357
1005002297468673
1005002413602413
4000121999258
32844696208
1005002298160691
33000109185
4001194962658
4001359307568
33040738922
1005002317594640
4001250549086
1005002303841824
4001252956059
1005001681745999
1005001495559990
1005002277239109
1005001500703976
4000987613545
1005002386524229
1005002315870515
1405977030
1005002269174332
32831205234
4001117042343
1005001580404450
1005001785968367
32923766084
1005001941888328
1005001836907189
1005001609169412
1005002259394321
4000042970965
32827638033
4000922746795
32988559452
1005002303641835
10000106959188
1005001839218757
4000874021232
1005001714583459
1005002072400958
33004908372
1005001271422018
4000641133948
1005001576635197
4000581030590
32647716381
1005002172706219
32406097288
32848467384
32884520911
1005001536883478
4000688882465
32911623765
4000817332843
1005002405970512
1005002220631842
32975701669
1005002388456989
4000822720145
32864144799
32850083411
1005001391526105
1005001961276800
4001086101897
32281149340
32988917604
1005002412987850
1005002476830300
1005002413642130
1005002319190273
33001864334
32852817110
1005002400369252
32806921516
4000505460335
1005001304196000
1005002365967742
4000657188002
4000137706727
1005001556905167
1005001393232445
1005002389174583
1005001605691114
32956771111
1005002009031941
32757047165
1005002115302785
1005002186870872
4000762122847
32991775809
32964005927
1005001714593895
1005002231635069
1005001822345203
1005001370063414
1005001582563812
4000598946282
1005002115331276
1005001395089430
4000074360525
32635593420
32825837113
32832174445
1005002245426205
32893848166
1005001923875614
4000940897619
4000802033230
32994044446
32963080108
4001097057442
1005001906109990
32994979324
33048740426
1005002328816440
1005001933139257
1005001694523393
33054888177
1005002452852171
1005001511486748
1005001713934872
32886308808
32854583875
32973789582
32979748078
4001212255854
4000638094191
4000390573210
4001165943462
1005001853816142
4000924576321
1005002368887946
4000558025692
4000907824907
4000110200617
1005002494228159
1005002271410315
4001005469256
33029865183
1005002315213547
4000248586416
1005002423271313
4001290901904
1005002206470005
1005002276286487
1963185237
4001262187238
1005001423731073
1005002253708047
1005002344951600
4000597346348
1005002255054436
1005002399166526
1005002293440901
32688896965
1005002337807349
10000223204798
1005002328913290
1005002266075385
4000120606299
33000404207
33031847927
1005001499707508
4001230241096
1005001559326606
1005001461051070
32999276522
1005001885074500
1005002342279328
33010191138
1005002265307516
1005001383052018
32957334793
1005001279724764
32623083270
4000843245396
1005001525735330
1005001314276604
33028980379
1005002477885765
1005002375135785
1005002397821275
1005002072402797
1005002150701777
4000194915756
1005002270955890
33002614152
32790820076
4000655852810
4000237366264
33004901488
1005001625855846
1005001808674804
32964677071
4001026545671
4001254775811
1005001663830225
32293270609
1005001478989157
1005002299306895
1005001699195671
32886734239
32912103035
1005002382100192
4001122000589
1005002443599056
4001305440356
4000232130819
32998474084
1005001966991525
4000097667491
32838414546
1005001652013774
1005002475121910
32837956996
4001156696455
1005002382258715
4001337778235
32995997365
4001280763922
4001307230361
1005002332782593
4000073821170
1005002404231915
1005001612154808
1005002362183136
32519885418
1005002489986460
4000089129044
1005002291993026
1005002377727508
1005001835559184
1005002210515108
1005001690996186
1005002265305501
1005002310857885
1005001343281083
32811093673
32656277952
32548116644
1005002277735543
1005002293122864
1005002273868482
1005002288186874
32461190014
1005001869615077
32892082712
32973756781
33024052793
1005001462310597
32996152957
33047761707
1005002313508787
1005002425278363
32957088364
1005001756896960
1005002287259561
1005002372298495
1005002442771245
1005002286468799
4001031552902
4000067956931
1005002135981240
1005001716335552
1005001424787648
1005002299090230
4000136279754
4000874555028
32671859424
32832008594
4001219997540
1005002273557124
1005002370072512
1005002053771314
1005002312537197
1005001811016665
1005002288324686
4000833089067
32961136588
1005001973093500
1005001515940434
32958356824
4001313023565
1005002266499429
33048365987
4000770690802
1005002428346832
32311162611
4001039356342
32829376668
1005001979917848
1005002294680867
1005001618456016
32343609072
4001225269217
4000293857195
4000568036203
4000705859230
1750114760
1005001604320194
1005001320301083
10000339947832
1005001288096647
1005001635818349
1005002420306677
4000730828178
1005002395180064
4001241390898
4000767916524
4000378277917
1005001530038148
4000527656421
1005002352650622
1005001927908951
33042347863
4001047303410
1005001364088173
33020951093
32860855451
1005002341951439
32807964683
4001286715260
32855956840
33011834761
1005002042650156
4001359751124
4000708989896
1005002051744977
4000811540038
4001238057314
1005001782355232
4000595869425
4001066109045
32645206668
33017102237
1005002071954579
1005001570235740
32959333507
4000018691744
33026996222
1005001860395452
4000333510042
1005002387462167
1005002393276891
1005001638360686
4000317666262
32878241155
1005001804011359
1005002056735027
32882556998
1005001648624163
1005002377725433
1005002206790347
32902022999
4000306377244
32975992004
1005002496175207
32531236564
32959729125
4000607351040
4000547963666
1005002396614584
32895941115
4001153775386
4001187286199
32911991279
4000427087577
4001138764438
32597849583
1005002443039958
1005001492906013
1005002245861847
32953641427
4001299615858
4000160239927
32460783067
1005002378521702
1005001690765947
4001112236650
4000828602568
1005002442983547
33037566162
4000002697649
1005001786390046
32806519616
1005001615950694
1005001899898424
1005001446921607
1005002483824731
1005002167777887
1005002242629512
4000152511182
4001104180276
1005001344380537
32855089709
32568911397
1005002454324378
1005002382819845
1005002290180390
1005001860730393
4000172410511
1005002316211166
1005001631329897
1005001437701548
1005001736797815
1005001893512690
32872714144
1005002446718002
4000956102753
4001337827056
32914583210
1005001672645447
4000600105541
1005002270573689
1005001532580414
1005002252433627
32863549302
1222872408
32891347195
1005002342082518
4000039021650
1005001468310767
32608361927
10000342208747
32621841349
4000198986468
1005002292105650
1005001313971052
32339646232
4000627388265
1005001286582730
1005001906079295
33009070176
1005001512118084
32376374223
1005001418363577
1005002310479463
1005001975005502
1005002287698335
1005002023664084
1005001566188062
32353012994
1005002278978722
1005002068342004
32973836141
32845955712
1005002310943487
1005002322877497
1005001580412528
4000236344915
1005001610284025
32952093559
1005002023626719
32827775999
33027029468
4000955666929
1005002332909593
32928227491
4000639975805
1005002480767336
1005002283852790
32841631930
32811012348
32924051858
1005002441042090
1005002392956946
4000611694793
1005002276650980
4001039251683
32215420676
4001254577575
1005002258800307
1005001640045139
4001054436684
1005001913055854
1005001966114844
32838858105
4000894937739
32629718856
1005001882513892
1005001889805280
32343865093
1005002481221668
32550932241
1005002054054486
4000324765295
1005002314872614
1005001942354755
4000130800789
4000683573458
4000288884408
4001271111754
32848899584
1005001655306109
4001032616933
4001230781890
1005002353825614
32955083741
32953439959
1005002345116745
1005002420997611
1005001609988810
4000262444705
4001275049453
1005001465301890
1005001678797097
1005002363345702
4000755582345
1005002243964404
1005002167861078
1005002069555684
32700762255
1005001398534291
33035203941
1005002467575833
4000381413971
1005001325433207
33019650790
1005001469416029
1005002167133051
33050157062
1005001861255496
4001119308369
1005001685107814
1005002432405073
32965876484
32958241436
1005002001501404
32946805551
1005001917767611
1005002190267872
4001050414388
1005002224073811
4000224195736
32795544084
1005001961758971
1005001779372145
4000021410842
1005002426737152
32985935056
1005001793283386
4000316209171
1005002333582005
32945961101
32446134059
33005897387
1005001286412184
4000126486039
4000499880898
4000325505040
4000909269295
4000835201447
4001130940622
32984383134
4001049716944
4000179295510
32815191017
1005001499828964
32508232451
4001233364349
1005002225196021
1005002253935616
1005002279548946
1005001603609558
4000214979394
1005002336737744
4000707285767
32997139027
4001119667377
4000694090043
4000843018315
1005002242745510
1005002185539499
32449774911
1005001843307598
32976435464
4000292267724
32980938221
1000008169920
32854983961
4000280477408
1005002382063557
33017979094
4001062795706
4001050624198
1005002423137521
1005001697794735
1005002346863538
1005001519832847
1005001949613576