4001219465177
1005002039132684
32627586439
1005002077912361
1005001692905867
4000523599799
32847636109
4000181129069
32844007859
1005002404036945
4000955794070
1005001493502353
1005001521457964
32711598852
32960787331
33007946987
4000828839374
4000284044954
4000850595174
4000976414771
4000987362455
4000931085629
1005001354445778
32977989508
1005002096289623
1005001704382886
4000515493099
10000400045615
10000307292678
33010647082
4000777152189
4000791700093
1005002256436597
4000837368559
32993765138
1005002423820214
32999308890
1005002377564505
1005002323196122
4001014869432
4001036558647
33058348674
33043967597
4000318378010
1005001620333923
4001267973481
4000863427035
1005002322610627
32835759774
1005001967062399
1005001588799141
32991845135
1005001791801541
4001225173536
10000002522518
1005002114770106
1005001469049409
4001315606903
10000395906689
4001289465583
4000916768822
1005001431799522
1743896911
1005002241208282
4001256430993
1005001998553191
1005002207836313
32319784143
4000136278507
32805664600
4000246127588
1005002345934767
1005001902019341
1005002322788641
32928293925
1102892161
1005002224161180
1005001885409744
32389450540
1005001364658732
4000747602360
1005001686095378
1005001590860313
4000857173301
4001275815385
1005002124164950
1005001345024342
4001045424727
1005001808808785
1005002337386009
4000666086672
1005002406000363
32801637181
32987857776
1005002388765815
1005002359217273
4001218908512
1262969709
4000945313533
1005001784900664
1005001876699505
4000357277042
32821865195
1005002294993462
4000790033703
4001110377708
1005001602595535
32965166378
4000279892750
32747807182
1005002033836108
4000955971763
1005002302245447
32916315436
1005002471689802
4001075344339
1005002089312019
1005001520189824
32826159206
33055833206
4000844405093
1005002275481000
1005002398850104
1005001475917457
32678567755
32857044228
32891635789
32879253576
32985999681
1005001626283214
4000546011394
32899566167
1005002409209832
1005002313368094
1005002256854738
32855548855
32875730862
1005002197622251
4001275656702
4001235491629
1005001441488064
32702008120
1005001367349959
4001278961212
1005002444655021
32769323438
1005002277116562
32753940592
32930508446
1005002466178149
32987200985
1005002431899538
4000072283285
32922260384
4001302279627
32677975550
1005002259362753
4000057279196
32968904846
1005002052250820
1005001502328674
33043858646
1005001776253160
32967948996
32959867495
1005002398689432
32821542306
1005001705432560
1005002424818245
33046853064
1005001457573191
1005002294666143
1005002077407124
1005001914653365
1005002358580488
4001292926147
4001228865077
4001304653919
4000086472555
4001360477554
4000770189587
1005001913201982
1005002289897790
4000957409115
1005001942840050
4001271895193
32328975148
1005002121712140
1005001960253172
1005002344935296
1005001868995249
1005002468241011
32855116855
1005002281858872
1005001633955546
33016056133
1005001749960489
1005002311804352
33034683598
1005002347315247
1005002002252372
1005001889610527
1005001557284851
33055942517
1005002399051940
32859602569
1005001501420580
1005002340716990
32920197975
1005002120121927
1005002449113398
4000961724142
1005001625230935
1005001416840264
4000124400316
1005001986072671
4001344136803
4001188373630
1005002419095583
32989610131
4000714633042
4001266974845
1005001412640980
1005002077455413
4000798133336
1005001793018656
1005001622311964
4000268182140
32977527232
32983302128
1005002253959965
1005001591195555
32916433935
1005002165070570
4001270305627
4001228713033
33035352716
32698749119
4000351148967
4000735230113
4001056397230
1005002457572188
1005002400084642
1005002341567911
32665122605
1005001511613711
33056780136
32769311809
4000090147074
32902646277
32950403649
33008104456
4000792845936
32708319181
4000263189681
1005001913666268
1005001881981483
1005001958828165
1005002426249094
1005002271513375
4000886296761
1005002425981947
32847010338
4000313979128
1005001827422168
1005001747672867
1005002347651188
1005002450483761
32919188164
32791383973
32861164733
4001218859756
4000843267994
1005002331970454
1005002440216218
1005002244912154
1005002425338680
1005002241245316
4000148211401
1005002412267520
1005001515907291
4000625748820
10000381092720
32977046282
4000429331200
4000191622418
1005002359403913
32965123843
1005002122358895
32810948088
1005002353684180
4000894781429
1005002423188492
4000272189741
1005002274057028
1005002419458658
4000557393244
4000897192526
4000695475568
1005002401935890
32581927108
1005001413592404
1005001355240150
1944378316
4000523813997
4001058488666
1005002238633525
32958815124
1005002271286562
33009008484
1005002225479399
1005002114611221
32719384108
4000117783330
4000545926806
4000853267698
32986579812
32959408940
4001230956810
1005002260741055
1005002266138612
1005002180511260
1005001465680975
1005002012594044
1005001625553325
32820063618
4001143206831
4000865472518
4000864907037
1005002466402397
1005001886127744
1005002398686446
1005001994554248
4001264632660
4000601569418
1005001649232070
1005002181393401
32960087788
32860993833
1005002270760550
4000952700091
32904908005
1005002270737481
1005001615711522
4000076892233
1005002433512041
1005002245315174
1005002347719725
32959478611
1005002322088447
1005002086827075
1005001609261266
32802769356
1005002262156279
32336184862
1005001967686882
4000569563894
32907309455
1005002480540750
32948072921
33010193871
1005001793116570
10000304373201
1005002328991927
1005002315558854
32795418426
33004316988
332172517
32970666910
32880101679
32837428275
1005002318872089
4000476526382
4000887943285
4000303742381
4001189264918
1005002323287962
1005002116611048
4000933474384
1005002418483060
32806068196
4001316099497
32242575175
4001096500890
1005002359606892
1005002299132270
4000731684008
32364095689
32880540174
1005001632729658
33044994208
1005002360409061
1005001798608734
32833838090
4001217941832
32786150927
33007649515
1005002321805900
4000427680706
32751917783
4000858578915
1005002289675548
4001098137211
1005001563204306
4000720601316
32869509615
4001332842734
1664707517
1005002139586957
1005001961396630
1933672464
4000562561548
4000366767916
4000943105847
1005002374907583
32835152187
4001185071590
4000032785164
32860766195
1005001585666624
32825143992
4000308189039
1005002497213703
32589889905
1005002125422899
1005002272943505
32631573750
1005002037995054
32640920241
1005002322565316
4000584968869
1005002421278404
4001327390441
1005002379000245
32941538021
33051076458
32999615291
4001355430438
1005001417362010
1005002055082688
1005001639506308
1005002293744365
33031616496
4000547846232
1005001360266846
1005001750832175
1005002438562302
1005002047600533
32966591445
4001037027863
1005001639810076
1005002387322373
4000420401410
1005001645128803
4001219449879
1005001316037648
1005002239881169
1005002404188236
1005001984968690
32932456856
1005001475133868
1005001498949924
1005001677572020
4000629419424
33034377876
1005002325072608
1005001417929263
1005001923505592
4000365239890
33007145976
1005002313414173
33017534364
1005002433990312
32699962575
1005001376363330
32974709689
32992958599
1005002226250694
1005001709411288
4000648924806
1005001705128847
1000004721129
1005001315954457
1005002294074049
32851927138
1005001939497086
4000535473419
32697637629
32818922599
4000807773955
32987913281
1005001392281654
4001157622678
1005002234959477
1005002328873385
1005002466812398
1005002371658950
1005002428462917
4001066314852
32583400204
1005002357646159
4000130152330
1005002201065483
1005001599900950
1005001460497091
1005001923294379
4001070101097
1005002362932072
1005002358108105
33004572700
1005002393470452
32926217214
1005001961551324
1005002301923725
4000879304946
32802457678
1005001632915749
1005001736360974
4001185137360
1005002325315490
33020329775
1005002172349611
32463226483
33016765190
4000369813072
1005001834737473
4000055929572
1005001955036451
32758220588
1817764970
32945929269
1005002262189656
1005001695299597
32846447977
1005001518281648
1005002457980872
32959488324
1005001587883016
1005001738014407
32918900805
1005002240024139
1005001841355170
32829727071
1005002363659111
32892821484
1005002072388008
33024567472
1005002327359207
1005002395838648
32969302751
1005002421668001
4000267637356
1005001307814147
4001167940449
1005002354230792
1005002247247265
4000314977091
33009336251
4001218869683
1005002352367313
4000576376471
4001132020076
1005002155298494
1005002298007174
32710246592
4000109435547
4000812027883
4001170903217
33033862751
1005001874231801
32946369562
32797445413
1005002207315215
4000655875376
32913814777
4001241250257
32950179037
4000786662208
4000625630512
32949111006
1005002315172506
1005001405178093
1005002441219188
4000715542560
4000372964158
1005002314522308
1005002278291054
1005002388362520
4000662435541
4001284460240
1005002270471476
4001285073816
32957973228
4001050703183
1005001453760397
1005001515001465
1005002047177179
1005002443056916
1005002090261988
1005002469138781
1005002233093961
1000000962032
32981756753
32903921434
32968550334
1005002392541631
32894489685
1005002324744015
4000781172024
32842962043
32906796566
1005002115386549
4001200349455
1005001296732800
32870094970
32986563815
1005002346936319
1005002473697710
1005001272138361
1005001795135192
32972364827
32729510901
4000925610505
1005002338973862
32931053925
32826704749
1005002333011626
33005262840
1005002475671420
1005002424103004
1005001606983272
4001085240238
1005002448172415
4000832954393
4000001529489
4000590523071
32911899086
4000379013072
1005002490077791
1005002268003821
4000126251043
4000739332031
32961408049
1005002319498760
4000202101222
1005002187185281
32855443328
1005001736611840
1005001479578605
4000650501095
1005002453102696
4000830105272
1005001868497843
4000529482675
1005002028300879
1005001793841043
1005002346872338
4000032378349
33046254753
4001320207457
32864614727
1005001437838333
1005001657812610
4000851973394
1005002364035008
4000433456008
32894471671
1005002429524323
4001229605317
33000969712
1005002203967649
1005002347223344
32946757870
1005002363370449
1005002008332247
4000750998404
32982804683
1005001918879445
4000069142658
1005001582739372
32338517068
1005001730710590
32856921781
33028223515
32977486638
1005002294053053
1005001983069213
4001227412478
1005002490093506
4000927899518
32988505472
4000465973792
1005002378295135
32617766686
1005002316325749
1005002348721282
1005002460865959
32856670043
32893948347
32945897300
32833527535
4000474803286
4000570151593
33042042962
1005002434429570
1005002196133740
4000842609826
32757666689
1005001994953154
4001115609158
32955218190
1005001817103214
1005001865473388
1005002047579385
1005002380918831
32303225078
32825929640
4001019608575
4001316716505
32822123884
1005002258466120
32506542280
32792163246
1005002341271898
1005002323743439
1005001298993736
4001354618672
4000345025054
32855994043
1005002314401573
1005001448845356
33027816579
1005001859242035
32985815186
32769733272
10000138650942
32832097503
4000776844563
32998921606
1005002182291492
1005002350827604
1005002468437202
4000180560815
4000212838092
4000181157152
4000971597802
32918744566
4000843035286
32919478681
4000890297781
32724419558
1005002363461004
32884341631
4001315275858
1005001965329125
1005001519388437
4000277494005
32798809815
32334009650
32847370835
4001188433983
32981465989
1005001525448485
32934897362
1853178027
1005002448291845
1005002480652528
32961847938
33007359287
1005002301634705
1005002293851773
1005001445922061
1005001290773364
1005001804001317
32975427615
32853735171
1005001683493099
1005001812917119
1005001581103760
32806279841
4001076570446
4000531155453
4001298841028
4000430166584
4000816614114
1005002085450919
1005001769791094
1005002191724319
32647991566
32852557023
1005001802672223
32921522064
1005001862860118
1005002298720348
4000207237926
1005001754656462
1005001803319830
1005002307215689
1005002443625862
32960934235
1005001387055477
1005002498441409
32834030775
1005002357893882
1005002283314119
32971590912
4001119720640
1005002414512485
1005002326906445
1005002351944744
1005002300131237
4000726677397
1005002320876053
32788077575
32581043193
4000047219346
32724395965
1005002263429847
1005001680128077
32967209511
1005002295336433
4000108146667
1005002410091671
33030301261
32870351398
32726941431
1005001995500530
33000673094
32831605089
1005001640455627
4000808564269
1005002117132395
1005001614093652
1005001825666554
32947950275
32950959907
4000699389550
1005002331096870
4000472000399
1005002037406604
4000038572115
1005002440003945
4000808374960
32992901099
4000409543015
1005001902095019
32968454017
1005002413998335
1005002232848765
1005001988927822
1005002425887995
1005001834609423
1005001376227472
32858576815
1005002482459198
1005001887953893
32778343060
1005001965711062
4000932265874
1005002356104365
1005002339376946
32884273525
1005001702676912
1005002357883250
4000125044080
4000082731511
1005002417190309
32868586737
4001053642052
1005002037372587
32795335159
1005001417611242
4000433880437
32972137696
4001274245894
32594681178
1005002279076544
1005002306495025
4001239914641
4001054342225
32762255422
4001058364369
1005001779264958
32558876051
1005002313987439
4001226003531
4000122063525
33024770746
1005001709152594
32868028373
1005001695278522
1005001578916506
32914354571
10000095497063
1005002433876121
1005002447384404
32869883395
32978573558
32954228953
1005001623464535
1005002327208778
1005001842049083
32968549707
1005001995569542
1005001517220781
32975239564
1005001889603371
1005002377916111
1005002431324755
1005002129350172
4001280293423
1005002447657653
1005002340319588
32891450085
4000437873135
33027770564
1005002052611645
1005002489114190
32831763297
32822377389
1005001965032192
1005002355986046
32723832463
32743869716
4001028065989
4001212654564
1005002314111221
32881839577
4001068094736
4000944713662
1005002166821174
32910948441
1005002259987629
1005002465963545
1005002426581305
1005002346846054
32391073929
4000557047057
4000918366618
1005001573284089
1005002427888208
4001230764345
32878837415
4001150012361
1005001313156295
32967066037
1005001624850461
4000922341449
4001350952187
33011447139
1005002304922913
2034667598
1005001792500070
1005001948282721
4000234715590
1005001567792028
1005001493812184
4000490012025
4000860058153
1005001889689879
1005002467259302
32725409177
33026483782
33009219870
1005002384226066
4000998125513
1005002323627857
1005001604433184
4001164176360
33038778276
4000224938509
33005134513
1005001813634662
4000302865602
32832517949
32975071648
1005001836116208
32977491215
33035808938
1005002045864551
32569796603
32902089704
1005002397803947
1005002005932710
32417798909
1005001942214344
1005001339738122
1005002234946561
32857169317
32883061639
4001109343277
33026369415
1005002439367913
1005002240558955
1005002286759110
32566877999
1005001484788943
1005002365561243
32882886908
32837649711