4000516893578
10000399720875
32968013544
1005001960298946
1005001400497183
4001204555451
32752550157
33034679710
32949967627
32888275108
1000007587474
1005002439017403
1005002182613246
32918430293
1005001915812341
1005001831233808
4001276083688
32776306167
32597211861
32750355122
32962747512
1005001915008484
32989952571
1005001456984661
1005001268606422
32814059808
1005001732189606
32803936600
4001228042850
1005002418400256
1005002247899080
32633633839
32829763187
10000040583831
1005001496905552
1005002266312131
1005001534163198
32952641675
1005002392909453
4001316798740
10000052716668
1005002314037667
4000113504954
4000640993535
32830367727
4001241487286
1005002336351437
32357961733
4000595274653
4000927353674
1005002424674772
4000638125479
4000484207373
1005002170772559
1005002004745978
33000003768
1005002288792970
32293963283
33035756146
32983895488
1005001587724851
1005002398138954
1005001525440557
1005001731390227
1005001441280717
1005001686729283
4001031406149
4001114957575
32921272986
1005002389717145
1005001470456672
1005001960563026
1005002449700732
1005002356419641
4001204526594
4000991003396
4000016131567
1005001850296529
32880894899
1005001981676605
1005002028426582
1005001563013815
1005001571668175
4000738604760
1005002254495697
33017283766
4001084231028
1005001762383217
4001305966026
1005002056212472
1005001976898142
32806464463
1005001303273986
1005002280457616
1005001839268452
1005002305151783
1005001895965831
4001191853409
4000667746316
1005002319248888
32847300564
1005002427284184
33045944975
32870019233
1005001867734616
4001209351855
32914085221
32975301272
4001155983069
1005002347391436
32989049867
1005002482426476
32916743159
33054628745
1005002437616418
1005002160432397
1005001572184879
1005001956949608
33027800891
1005002289040836
1005002314175951
4000960539954
32957651883
4000544168310
1005002414879347
1005001855471467
1000006309617
33003547354
1005002448038211
4001310785163
1005002417058112
32921291317
1005002298077920
1005001504340602
32912589724
1005001344657750
1005001598622233
32974523031
1005002337377136
1005002294720124
33051173756
32843731327
1005001709791145
10000245404487
4001292138474
1005001695945540
4000043750809
1005001692488409
32948611048
4001272436662
32703719841
1005002421174422
4001149112916
1005001899935399
4001230539632
10000088400203
4000861336615
1005002401166411
4000928572159
1005002148239665
4001185978976
33027517535
1005001396825971
4000253384391
32920053673
4001361018528
33034493756
1005002092292541
32842040363
32631215235
1005001967546171
1005001885645757
32775899136
4001047705659
33048426720
32922302131
1005002309657803
4000771364753
4000466054994
4000402370706
1005002307040108
1005001639337347
1005002361659632
1005001897870450
4000128432021
1005002179534723
1005002346706844
1005001885756518
4000627015374
4001252128781
32908290056
4000404540653
1005001834517623
4000302953283
4000690873797
1005001445863660
4000916842505
1005001597954739
1005002387786794
1005001475361322
4001203196697
1005001843231734
1005001835159284
1005001608726629
1005001284779849
4000113797029
33023662877
32953218873
32898093107
1005002457839003
1005001839311224
4000863682212
4001233846313
1005001381311999
4000599641961
1005002409278268
4000259080694
1005001510337249
1005002309107272
33046672330
1005001695277845
4001018401651
32973151762
32785830070
1005001505143964
4001098222353
1005002090299966
32364768621
1005002348290119
10000289233679
32590781000
32322529565
1005002400043361
1005002448195460
4001231471193
32962399567
1005001510500947
1005001524051640
1005002140944145
4000887082076
1005002262492147
1005002253871394
1005002122358406
1005001666444838
1005002231775856
1005002461164540
32944816966
1005002314854601
1005002340971652
1005001314554601
1005002133364529
1005002333228003
1005002370889536
4000084221365
1005002452935265
32878847236
32825340170
4000237499951
1005001311718429
33012484660
4000926824163
32800603339
4000368074201
4000420964266
1005002320556501
32866122395
1005001429735837
4000777534401
1005001519115109
1005001557533910
32891404809
1005002375013863
4001176285469
32973116960
32275775959
1005001482820700
32599736961
1005002087989588
4000090986551
1005002206002160
1005001586016727
4001130240748
1005002376766319
1005002012310705
32885314972
1005002314330074
32856009197
1005002085891296
1005002283620660
1005002454276786
1005001822410238
4000709726522
1005001705233441
4000448891357
1005002278859108
1005002165828799
1005001430623595
32703769506
1005002255754966
1005002403903011
1005001944112408
4001230838138
1005001489877290
32969732004
1005002255492187
33004512270
1005001317541090
33048656287
33003530827
1005001418432733
1005002060029127
1005002425288322
32891627026
1005002304006114
32803890732
1005002271405170
4000036435365
4001054102222
32956918553
1005001287157907
4000981648152
32816866038
32977168003
32973076219
4001119225760
4001127390063
32832496750
1005001913325024
1005001425148622
1005002314718766
1005002239443725
4000706816127
1005002213187693
33025049083
4000009503457
1005001393142600
4000740849920
4000323016754
32859426381
32793078284
1005002304332609
1005002342571298
1005002310583341
4000107687852
4000588717932
4001172367349
1005002206061163
1005001462946625
33008518403
32617159921
33021019827
32890225103
32872014549
1005002224974439
1005002376776038
1005002077690782
1005002282161447
32819363985
32855072266
32969733308
33018776665
32647568187
1005002289753424
1005002198838041
1005001789739357
1005002470090587
1005002352971231
4001345642593
1005001971210798
32999772669
1005002291049266
32821428057
1005001972817859
32863974256
1005002377812385
4001290200834
32965395954
1005002336338080
1005001692451685
1005002297880488
32880883846
1005001305431982
33034953096
1005002199539032
1005002358025284
32683126678
4001179667638
1005002418007470
1005002357003100
1005001285268277
32865659282
1005002468868838
1005001521954169
4000000837251
1005002224992419
4001203050041
1005002383112817
1005002375408831
4001224007228
1005002318433100
1005001869654928
32884612391
1005001500536964
1005001908636513
2009779907
1005002418590980
1005002487573101
1005001395392038
4001313738135
4000148695103
4001061301985
1005002347351691
1005002466967196
1005001817965449
1005002206884176
1005002365083009
1005001828284965
4000132862853
1005001832350966
32870952725
4000781976770
4000314878021
4000849859853
4001263838952
1005002287291276
32857825234
1005001754181174
4000134306503
32967701664
32812159514
32813815599
1005001926290695
4001275622468
1005002268953226
32975178627
1005002413415196
4000628990623
33051738766
1005002359863897
1005002364869274
32733100522
4000981662627
32934899934
1005001785794761
1005001488677951
32344013627
32819458714
32958238134
1005002367846812
1005001541420899
1005002490160289
4001227796474
4000285547685
32989173487
1005002494059748
1005001868004410
4000990913965
1005001670748681
1005002369771412
32908257689
1005001298429984
1005002192379874
33048170054
32761218815
1005002468251372
4000214942797
32897196933
1005002414432827
32813456381
1000007846654
1005002304784115
4000924260081
33012090581
1005001885372899
1005001942892663
32861710598
1005002393090672
1005002324049625
1005002316277167
1005001414072739
1005002318155907
1005002334262985
1005002327803456
4000154208862
4000074837687
32947066195
1005001594615790
32885217528
32840651009
33011875524
4001255026582
4000358207740
4000133472717
1005002047275008
1005002301947458
4000927250679
1005001567005174
4000226878763
1005001915412832
1005002491579773
1005001391432224
4001081057341
1005002198077988
1005001893139914
1005001539106840
32995286317
1005001952005483
1005001708091086
32906971240
1005002438866837
1005001585890748
1005002394792323
1005001843582090
1005001288222158
32976509016
1005001429281754
1005001694764497
1005001348625785
4001143576210
1005002454472144
1005001972652495
1005002076839652
1005001623839504
4000076153041
32751406839
1005002489351365
4000809885419
1005001453798444
4001359488133
1005002266427540
4001260735610
10000217537061
4000507618172
10000321568128
32847244106
1005002231687326
1005002398509576
1005002204275842
32890953713
32980953540
4000529687430
1005001515909350
1005002185012817
33041113309
32814095793
1005002312866574
4000909933150
4001071817012
4000815297925
32969823229
32907721843
32893119550
1005002124436743
1005002002607729
1005002282846838
1005002476512037
1005002180931526
32794512015
32818267478
4000685798648
32240536134
32998968816
32903919008
1005002263535626
1005002314180985
1005002311814967
1005002314091408
32959972869
32769732774
4000378073659
32888191205
1005001601287242
32991553022
1005001593110221
1005002223351559
1005001694577026
4000288142617
1000008336647
33012786327
1005002350069372
1005002020456747
1005002412177640
32851200535
32815851693
32681592903
32868956019
4000242138633
33040773410
1005001321270060
1005001852996972
1005001288295329
33028053022
32828918600
1005002218526680
32911749400
4001053985497
1005002119416546
1005001405587240
1005002393870944
4000123225806
1005002007765522
10000319888665
32390289694
1005001683903563
33018685866
32903500383
32811230895
33000472683
4000791390782
4000251514314
32952674489
1005001694108924
32718732652
1005002095194270
32798743946
1005002171947387
1005001813127853
1005002170363355
32959981901
4001224100213
4001226600526
4000232222031
1005001726010331
1005002495914379
1005002454651550
4001249204106
4000767867172
33035919388
4000959257663
4000323042146
32858402040
4000827338488
1005002351071585
32919195193
1005001553194589
32506299628
1005002317124984
1005001286087184
1005002471546928
1005002361662692
4000997439471
1005001425611618
32833146355
4000275945513
32927670130
32889700671
32458629036
1005001592737258
1005001560692135
1005002398712080
32867119306
1005002300642122
32812084657
1005002347488318
33047108433
1005002497026731
1005002433738288
1005001587822295
1005002420170420
1005002210943613
32853166285
4001220593483
4001137057233
32967223928
1005001847568181
33006062075
4001100628567
32974924420
1005002380713695
1005001928526513
32954339171
1005002066619939
1005002228461563
1005002278465101
1005001639590839
1005002435872301
4000368111319
32969392351
1005001876806604
32812113144
4001111441920
1005002489715364
32810485836
1005002357685205
4000983296292
32981072737
32824297733
1005002198600554
1005002390207148
33058259858
1005002459958621
33051243416
4000211525062
1005002373173583
4001244301707
1005002480870255
32863759868
1005002310691337
4000983402927
32968001359
32795498654
1005001882381442
1005002298120826
1005001627650783
1005002115231323
1005002407980103
1005001518767311
1005001670897176
1005002072997162
4001270448745
1005002390305794
1005002456802709
1005002454325872
4001362210164
1005002388811952
1005002053747329
1005002121070531
1005002359989154
1005002239309556
4000966559672
10000350215088
1005002282022866
4001212717441
33005050494
4000292149520
33031283667
32889228150
4001328876242
1005002411194776
1005002311549385
4001014833338
1005002187483384
1005002344918751
1005001583160191
1005002242241063
32853179331
32641929921
33015603875
32980978871
32967079408
4000236246734
1005002313711713
4001105316058
1843573686
1005002223369577
1005001334472804
32987873230
1005002063419169
32758769931
32962184252
1005002459969687
1005001738027400
1005002369287582
33045243516
32798794521
1956373819
4001114276782
1005002000118472
1005001839876412
1005001280092455
1005002339517140
1005002380535063
4001055579779
1005001993524333
1005002337302893
4000313645150
33022631753
1708946179
1005001803157965
32584239634
32921392168
32249542070
1005001293599865
1005002393417347
1005001614560334
1005002488863346
4000924324705
1005002350147534
1005001316092330
1005001880517717
1005002334708143
1005001948717537
4000341420181
4000256112198
32881582626
1005002252133493
32997320878
32781349038
1005002316056584
1005001645164298
1005002087464093
32910370492
1005002298632505
1005002260938898
4000183805561
1005002356447962
4000098878445
32917774202
4001036122264
32856831075
32976166166
33045046908
32911477638
1005001323302199
1005001284876046
1692798715
1005002185147634
1005001557049959
1005002381888201
32951034746
1005002089215367
1005002398808415
32289280655
1005002038282758
1005002310903736
4000558504298
32994004545
4000849915030
1005002330086969
1005002336581280
1005002362232524
4000096444389
32955820622
4001244166282
1005002139359016
32598307881
1005002488066818
1005002498748765
1005002313426351
4000122996978
4000035101105
1005002241634928
1005002002445276
1005002059555770
4000021511537
32973329402
4000837577164
4000521698728
1005001367932758
1005002414497449
32893659611
1005002471052267
1005001580619818
4000389980051
1005002218128811
1005002206395454
1005002136405986
1005001983554726
1005002260099848
4000149134452
4001228045503
1005002394725989
32805360855
1005002313980869
1005002492770921
1005002318506723
33044409339
1005002474766606
1266926524
33033038964
1005002281876541
999623763
1005002091533154
32920303881
32747600556
1005001998475417
1005002345767945
4001221679999
4000336924551
1005002352192581
1005002482548391
33022642468
1005002463145643
4000538486083
4001323681611
1005001705796609
33016246842
4000188615724
4000389679654
1363726456
1005001556322092
32868725640
1005002339859470
1005001989202365
1005002279747033
32434062204
32920212900
1005002330559883
4001196833508
4000313619135
1801179890
4000750567541
32701447693
4000286920907
32984659475
10000391378306
1005002267371685
32699586377
32965182982
1005001426836980
4000458417006
32888442886
32842730647
10000147575304
32957445172
1005002342890033
32857664923
1005001438636363
4001262692333
4000118967395
1005001411674396
4000430052110
1005002316069305
1005002272361896
32467391610
1005002335785790
1005002204414045
1005002297762844
1005002446856614
4001156704533
1005002238177836
32597492344
1005001491369269
1005002258999271
1005001731183433
32983822788
1005002206748630
4001365894682
1005001403789447
1005001566210993
4001107823380
1005002250538090
32663872231
32326460487
1005001872078899
4000207224559
32741221107
1005002319210718
4000091493573
32608146247
4001170269899
1005001806085691
1005002315680497
4000640246008
1005002463400154
4000266470753
1005002423776954
33035252019
4000682677535
32525492683
32898486292
4001086534187
32886076660
32824566518
1005001484119360
1005002356307291
32890037706
4000459676188
32948814616
33011996260
4001012984853
1005002283409110
4001294693375
33000480292
32944905462
1005002025714064
1005002483613662
1005002354292736
4000711834193
1005002302355111
32865618568
4000203851463
1005001286356794
32995502898
1005001619663778
1005002210339313
1005001594987138
1005002454329148
1005002347917572
1005002397695972
1005001333642746
4001058405284
1005001905992861
1005001867373290
1005002416096846
4001045952848
4000663810862
1005001774734574
32946145631
4001314657226
4001084900886
4001360614993
1005002397934308
1005002467775673
4000018936447
32849413148
1005001325844892
1005001841083789
1005001706615900
32920216816