1005002212354099
1005002275572030
4000230402295
1005002280634040
32675256822
1005002279001844
1005002419132472
33022220918
4000505288542
1005001615266052
1005002440713461
1005001799112745
32914205398
1005002198395597
1005001593588035
32945208985
4000303050377
4001268547662
32921898007
1005001996686031
1005002306451062
1005002090195737
32843518717
1005001374050551
1005001907925179
4000506176950
4001235579043
1005002393750746
1005001722606288
32806593488
1005002313477907
4000085718014
1446706882
32954172207
4001366150998
1005002307747830
4000523483040
1005001921717965
754346804
1005002359545029
4001168021592
1005001834684238
32976950128
4000884881020
33004109115
1005002148148780
32799035350
4001201810571
4000607829803
1005001982528778
1005001519513408
4000038701960
4000209507037
4000057383244
32917805845
1005001481748277
4000955791817
4000174407008
1005002271584445
1005001830585898
4001101418678
1005001425163939
1005001302199058
1005001843922091
1005002500471476
4000089173122
33021747751
33035221598
4000091200562
1005002318520293
4001031617631
1005002237960695
1005002293460406
4000677606984
4000917058363
1005001957492855
1005001669902199
32955464581
1005002299673767
32984398741
1005002199293987
1005002159339403
32970460047
4000019014936
1005002313203688
33029772984
4000224184758
32849369100
33048985813
4000821647866
1005002315971724
1005002275433029
32809658462
33061239382
1005001714664736
1005002340665712
4000441998926
1005001620186743
1005001575235677
4000502231474
1005002304431009
4000115960332
4001047401637
32375413139
1005002223827079
1005001649388159
1005002318496181
32411148074
32983743599
1005002109992155
33045079603
1005002256501685
1005002219347578
4001157799075
32792474788
1005002246385370
1005001320870140
1005002270965460
4000310710439
32331821251
1005001720741508
1005002298699590
1005002257136635
32869114048
1005002052492648
1005001843359614
32938636099
4000796637393
33033868738
32961625949
4000755563383
1005002318762524
1005002392936456
32917422785
32810973793
1005001742799148
33033206792
32782502995
1005001495715961
4000115904686
1005001304163570
1005002085050479
1005002111590844
1005002317049368
4000970769753
32827354337
32782901427
1005001942884902
32899719669
1005001738691642
4000626070321
4000714752495
1005002221277565
4000606702946
32779290063
4000197844939
4000904119223
32965604856
1005002028118161
32920311924
33034016218
4000876011676
1005001869805648
32848448235
1005002467540678
4000899572066
4001126990735
32959100710
1005001957771955
32918761614
4000443212844
1005002086594001
1005002294142033
1005002252112450
32906038645
32968981418
1005002003636443
4000018861515
4001351004594
32908583622
33015560013
4000075886233
1005002382789551
1005001958707565
1005001525562518
4000031470742
4000872944310
4000116886292
32936635498
1005002459734688
1005001556485195
33023971476
1005001828652091
32308226242
1005002430894250
1005001721281782
4001275950561
4000389145912
4000812851018
1005002476776097
1005002288781783
1005002474120424
4000601867245
4001288058875
1005001973400150
1005001483394938
32848340814
32951191092
32840607825
1005002394928548
1005001902245748
1005002293677193
32993069328
4001097512069
1005002312109618
1005001511431039
32409211183
1005002442778292
1005002399886975
1005002466592830
4001279629775
1005001948848112
4001228044265
4000553263174
1005001324758172
1005002006474947
1005002416657835
1005002335130021
1005001622401102
1005001836720770
1005001499616081
1005002339184129
1005002238850468
32995003669
4000002509356
4001155256190
32899370778
4001343747847
1005002330645498
1005001411640580
4001065038324
4001279264055
1005001844635062
33019716349
1005001965228948
32889199523
4000699161101
4000954999188
1005001831090460
1005001405651031
1005002432479834
32906149635
1005002485464325
1005001997031898
4000570756833
1005002352330094
1005002469560319
1005002289643639
1005002365235388
4001057994214
32935027658
32904247272
32823657906
1005002342546694
4000850669705
1005002310944352
4000414525748
32896112185
1005001605589707
1005002360726764
1005001922644647
32398159582
32631873503
1005001848069781
1005002383364414
1005001511688020
32957935045
4000378349202
4001157710251
10000358528170
33004431969
4000995317730
32793675300
1005001661499432
1005002413487903
1005001901858442
1005001726190181
1005002198192285
1005001648645519
1005002289390752
1005001547678875
1005002235075758
1005002247599270
4001090661419
1005001333847120
4000777785019
1005001915780109
4001268053177
1005002301277217
32945882483
32722965256
32876395594
1005002492614174
1005002494426266
1005001952413111
1005002318945526
1005002013023377
1005002072870352
4001183399630
32765602480
1005002262239248
1005002327379525
32846295169
4000210785955
32957588901
1005001980034867
1005001499534068
1005002438966373
1005001910145297
4001116412136
1005002254083268
1005002405168753
4000720402866
32859561256
32787994339
33057599420
1005002355915666
1005002264296719
1005001742782941
1005002423501352
32856499304
1005002080761895
1005001383726083
1005002250406074
1005002315811826
1005002389921558
1005001830350524
32839634644
1005002260095973
1005002251095284
1994037166
32905722423
4000115165858
1005001315476563
32871675721
1005002342388229
1005002428308258
32998199026
1005002167882032
1005002322429798
33010106103
32800445171
32948833765
1005001361529658
1005002313537537
4000896288110
1005001317129180
32843237452
1005001493459662
4001237606682
4001013763471
1005002017368610
1005001308385491
32542523148
1005002312087707
4001331515607
1005002428475025
1005002318175635
32958098304
4000164740914
1005001653069752
1000005618243
4000196381374
4000343810623
4001069688188
1005002278070720
32622444469
1005002338067462
1005002247479268
32890584871
32981978160
1005001775621892
32957352072
32985657536
1005002319224390
4001247857144
4000349573634
32803131798
1005001317339737
10000395898032
33051171266
1005002176449327
32906914666
32887923193
1005002055405329
33009985681
4000622840471
32972049969
4001235464315
4000269843092
1005002271998283
4000215758826
10000226388410
1005001852467005
1005001321013317
1005002262099383
32920649114
4000122055641
1005002467438541
33011239164
32811584340
4000473675124
4000397561064
1005001863939173
32881430873
1005001531519128
1005001381068474
1005002218245538
1005002413908043
33045930145
1005002448609789
1005002337353273
32946606962
33053581127
1005001466429220
1005001929083401
756413745
4000459139573
32798510678
4000939084815
32961919472
1005002244739543
1005002180578333
32918263923
4001054846933
32982580356
32800523963
4001150047884
4000317958299
1005001840096271
1005001966761457
4000181837656
4000086609635
1005001670371939
1005001936745185
32902899565
1005002444092559
32553901423
1005002492532407
1005002330664839
32994823155
1005001926257128
4000049489044
1005001619297503
1005001633131367
33019694027
1005002372348998
32985115362
1005002218645880
1005002333005851
1005002289435243
32950893616
1005001355393192
4001004099024
4001059247121
1005002393347135
4000378711084
4001267198844
32975765545
4000557570956
1005002332980978
1005002322415369
1005002201595942
1005001867360992
1005002297035043
32613368541
1005002317386183
1005001998331777
4001327974295
1005002288672783
1005001585733502
10000032914827
1005002414197334
1005002122460200
4001264700079
32879953396
32961276906
1005002071198166
32862863299
32859754962
1005002168029152
1005002454320129
32899606795
4001216871535
4001226520348
4001176292972
4001251980714
32813023395
1005002327700610
32811053974
4000210082910
1005002246561995
1005001651225138
1005002333420371
1005002428007191
32762828496
1005002180585901
4000291835685
32838727551
4000830279188
32529962479
32822607109
1005001482347458
4000388104163
33022371719
1005002362670078
1005001316026617
1005001757852046
32974965908
32804539252
1005001483553377
1005002452882324
1005002254580503
32698265714
1005002396774907
1005001618223631
1005002269185115
1005001952432023
1005002340270501
1005002244513085
4000306924444
32768667360
1005002274254653
1005002476572097
4000279943808
1005002328507516
4001100636499
1005001883513378
4000013735439
1005001507378958
4000784852616
1005001537032122
1005001895619525
1005002466068906
32700774769
1005002443582983
1005001614898377
1005001865765579
4000630149886
4000200021738
1005001464449010
32525707766
32982121227
1005001855988773
4001021837726
32626018898
32979023074
32869276535
4000287039610
32539995497
1005002388213695
32995824218
1005001888176528
32847385548
32999157824
32889193734
32959278363
1005001398433343
4000278665647
33052854312
4000052440841
32961146359
4000722117613
32567165423
4001069620026
4000740219741
1005001572078979
4000397381604
1005001974754884
1005002291024256
1005001442175115
1005001961269318
1005001437565953
1005002351494219
32848479280
1005002467967641
32839139014
4000853874563
1005002275682739
1005002342349206
33015663251
1005002393072012
32863128213
1005002149902921
32964777402
4001054243676
4000118393891
32814209059
32976009290
32790135417
1005002348027137
1005001373121090
32837384311
4000849915178
4000986773510
32854713531
4001107331855
1005001880638250
1005002363308394
1005002080811921
1005002272684418
1005002454351127
1005002340329842
1005002436120631
1005001813916590
4000702378379
1005002357575790
1005002398880365
32901373310
1005001511561280
1005002264486040
4001227791948
1005002443399838
4000059805534
1005002328775576
4001253306886
4000209991743
1323227920
1005001889710607
4000771916460
1005001487584241
32869968034
32863422362
4001241831552
1005002459234303
1005001632617012
1005002426499553
1005002157374198
1005001961657142
1005002269203713
1005002310184688
1005002017135953
32255858543
33041752509
32893871703
1005001848619273
4000049438967
1005002478209815
1005001419297146
1005001784863855
1413475965
1005002332855571
1005002313175801
1005002160702966
33039955442
1005001638806505
4000525447505
32494208445
32921079861
4001142850462
1005001688161708
1005002303432348
32759803409
32812862869
1005001413261369
32902803865
1005001638379928
4001216996084
32978733884
1005002485508733
1005002284209625
1005001848017893
32866330251
1005001291198134
32857572613
1005001657073197
1005002247472515
1005001531491734
1005001755847831
1005001914901016
1005001906082936
4000459041851
32650065163
4000016128490
1005001484162101
4000242866587
1005002409864521
1005002137336417
1005001448219929
33000247638
1005001836381853
1005002399940826
1005001921159315
1005001492603742
4001013604948
1005002426747396
1005002319617347
1005001496343099
1005001844545940
1005001525276801
1005002180197241
1005001670821634
4000117933531
4000668380137
4000776490464
10000169872805
1005002398403035
4001345981536
32907065641
1005001458245354
4000742216711
999797428
1005002121054809
4001039840840
1005001326349118
1005002319099325
10000402977639
4000268852011
4001211788629
4000844668248
1005002441492184
1005001851631364
4000007361154
483901818
4000903540359
33045976042
32948321621
4001122624863
1005002301210780
4000206354167
4000776327493
33049539082
1005002086310647
32957074276
32388263838
4000056830227
4000626999852
1005002120256079
32540613064
32947193841
1005002306435937
1005002266396720
1005002268179123
32860561189
1005001868690208
32943444763
1005001839032126
1005002283125366
1005001511555438
32865248555
32969553664
1005001982658041
32275245497
1005001469626300
1005001619846434
33018713781
32854005547
32986332029
1005001867455015
1005002066230574
4000291845937
4001225323098
1005001883061508
1005001972358630
1005002136041873
1005002454577035
32911670129
1005001369887911
1005001942657595
1005002449393954
4001255440197
1005002468975119
32781000492
1005001692917100
1005001908514004
1005002351273422
4000114348845
1005002369420400
1005002390561424
33046012538
33023945813
1005001680502552
4001218328548
1005002120339732
1005001411488502
4000859369257
1005002309038652
1005002303933872
32985957265
4000521666240
1005001768836789
1005002290437839
1005001345678368
1005001742580177
32595446326
1005002252779301
33031875048
32884023110
1005002427991961
1005002295265637
1005002050311533
32951283155
1005002214190501
32815080747
1005001557213805
1005002340829363
1005001501041605
1005002046986514
1005002347509262
1005001901678593
32832403327
4001037045022
1005002070239780
4000465885456
1005002383344316
4000309964646
32858675283
1005002327271734
4000545940736
1005002302500556
4000028114184
32889772546
32797870200
1005001905608472
4001079355586
1005001387246097
4000390458367
1005002315194464
1005002244759225
4000135175576
1005002475771759
32866187248
1005001933396190
1005002429132197
32937501750
1005002362901239
33033575426
32747041236
32951173819
1005001679744181
1005002388155616
32780304435
32869190795
1005002282251914
33044309457
1005002323085759
32829313080
33021339725
1005001975171757
1005001830082737
1005002308736784
1005001890875433
33028372784
1005002475792042
4001154352766
4000820644998
4000781464562
1005001926903455
1005002328080670
4001036050783
1005002301378759
32994585285
4001062319192
32958872609
33016451225
1005001971846502
4000321496152
33028382797
4001061356435
4001200398927
1005002058572439
1005002435940284
33054248383
4001052995647
1005001454030323
32434488429
32770192960
1005001405131915
1005002329206538
1005002334946859
1005001604398320
1005001458556028
1005002277633853
1005002469140768
1005002081515921
33050730569
1005002430601606
1005002460943422
1005001434347595
4000522024528
1005001812721131
10000186606092
32888884680
1005002353411516
4000677021155
1005001361579475
4001294474676
32668818457
1005002314337024
1005001430166843
1005001458628666
1005001280970869
1005002476234672
463584729
1005001510474969
32620530108
1005002310338911
1005001494388998
4000710280253
4000017912930
1005002496907481
32789118095
33038430148
1005002459448210
1005002282693961
32943449372
32969648212
4001142858368
1005002405013289
1005001851659815
32823999165
4000979520600
32965296580
1005001953639416
1005002353238627
4000571476532
4001193122873
1005002167770640
1005002331892348
1005002187694803
1005001946489001
4001263107595
4000268809094
1005002342592440
32660584324
1005001867962120
32897876382
1005001678628351
4000410834788
1005001763973678
32865207885
4000666173922
1005001485304468
1005002284733358
1005001555280274
4000345124922
4000780460303
4000519861819
32475525154
4001068075931
4000917842759
1817820299
1005002396630796
32812064688
1005002273293379
1005001338989809
4000899298927
32955289669
1005002389042432
1005002318257300
1005001379658043
4001134921325
4000055324702
1005002314840757
32918402948
1005002481388714
1005001699955580
1005001490923245
1005002214681781
1005001599262794
4000641033044
4001143165973
1005001957358051
32619571711
32917584593
32857790924
1005002271070171
32886192952
32977727852
4000345732711
32924333547
4000789293732
1005002295021561
33056421168
1005002279729215
1005001498790482
33012029221
32877179947
33049921557
32897023759
1005001859545179
1005002334458352
654549234
1005001588147733
4000397486894
4001174542330
1005001722100991
1005001500927072
1005002314353873
1005002294022245