1005001653053988
1005001537381466
1005001776709697
1005001626684704
33027882351
1005001272735795
1005002426215656
1005001518514192
1005001320924074
1005002304162016
10000356043483
1005001867628654
32884693391
4000954500040
32914445886
4000616337062
1005002002749877
33028129380
1005002323620580
4000910174963
32792649635
1005002315764507
1005002253567338
32816987973
4000859765825
1005001287486630
32811371283
1005001920442910
4000595303538
32879316883
4000371399067
4001320739450
1005002359725956
32607422188
1005002049913381
33011747949
32988366390
1005001874308942
1005002219724833
1005002027531498
4000523265100
1005002082163843
4000941827992
1005001878724396
4001053259675
32669968968
1005002220099611
1005002211580440
1005001933065310
4000237029888
32882187921
4000337880660
1005001849366535
4001142244671
32962285133
1005002340830880
4000519735189
1005002263120270
4000006453974
4000161541299
1005002292705379
1005002460670040
1005001376318293
1005001679214285
1005001686158380
1005001304469923
1005002276705464
1005002462817076
4001241038789
1005002368199328
1005002388733882
32991241378
1005001851288943
1005002191684633
1005001394141063
1005002388782645
1005001972245441
1005001694962926
32921460891
1005001799411717
2027535687
1005002385025753
1005002476199728
1005002185385027
1005002239568246
1005002299228578
1005001853361228
1005001888553387
1005001503033468
32907080020
32982268514
4001015132535
1005001760644235
32649758920
1005002311389771
1005002316386123
32794231430
4000350968082
1005002317249122
32965067753
32968288481
1005002201178080
1005001580493518
4000083141933
4000849932666
4000248849989
1005002346093390
1005001732635413
32712660045
4000959185478
1005001458856644
1005001561480399
32989521188
32957033749
1005001850504945
1005001836411683
1005002500494353
4000921523670
1005002245737512
1005002302161978
4000381051395
1005002382829728
1005001614348239
1005002340587362
1005002312817272
32987928373
1005002442202012
1005001859932566
4001014462095
1005002038322274
1005002304477966
1005001350081642
1005002447992368
4001143530942
10000293188289
1005002028515904
1876115883
4000661030995
32826083794
4000204312519
4000184165169
4001161914488
32723418804
1005001475933483
1005002306025033
1005001453478100
32893680653
4000604262968
1005002293714034
32797724296
32938157814
1005002485035521
1005002358115006
32695801614
4000987644808
32282630190
1005001972107718
32843337384
1005002284112585
1005002099324401
32813097008
1005001335597645
4001171411387
1005001967606419
32822593307
1005001849099636
1005001988346508
33000543077
4001153660918
1005002373327494
1005002256249610
32849585555
1005002212376994
4000837422257
32853503155
32956815931
32822371591
32999814322
1005001758422302
1005001620063854
32862637258
1005002392300851
1694542290
1005001937213715
1005002292400492
1005001903546758
4000175520452
4000626119438
1005002205153253
1005001609655676
1005001867837258
1528200180
32355170244
32963924599
1005002293905538
1005001334027091
4000072912323
33041155450
1005001356673697
32827555180
32323298692
1005001516675015
1005002291155887
32603467463
1005001996539956
32865906143
4000399180408
1005002351745322
4001333176514
4001230803829
4001171746733
32723271325
4000010639184
4000335608038
4000050388214
1005002384542037
32904659495
32793522383
1005002142844271
1005002317899106
1005001612087011
4001333452837
1005002291933407
33004074057
1005002239006048
32990780625
1005001612923584
1005001711085302
1005001405705487
33046848496
4000448475692
4000953811391
1005002433557937
32850190292
1005001288264050
1005002298163179
32829861389
1005002313178482
1005002395007382
1005001834125854
1005001812555659
33048787421
33043337752
1005002478314501
1005002326979633
32969283299
32968406823
1005001452794290
4000987336381
1005001991689615
1005002037453943
4001056162528
4001079800845
1005001621336871
4001345994595
1005001942430849
32616893608
1005002386898822
4001122594052
4000062988452
1005002461991316
32828150078
1005002114808413
32825674638
1005002224762029
1005001555583315
32625523597
32728365154
4001251028331
1977860370
1005002425757261
4000294743516
32622345716
32967784921
1005002356954392
4001252271386
1005001682814223
32982526770
1005002314275611
4001116204366
1005002080739649
32869596470
4000453610464
1005001287209548
32998627532
4000557525670
1005001351632147
4000781285906
32851881263
32823598506
4000558598996
4001149894924
1005002418387603
1005001928759428
1005001840383535
32788838073
4000281356817
32982057556
4001150951138
4000046430957
32390671565
4001159403085
4001272086009
1005001296058009
4000484744329
4000916618486
4001324155869
4000739448274
1005002360230266
32858914624
4000267181272
1005001708040135
1005002443654816
1005001305248684
4001109448086
1005001768324448
1005002333234587
32638924956
1005002433283262
1005001447227286
32661463711
1005002246927414
1005002362078613
4001013042720
1005002164861454
1005002291123908
32898594168
1005002313162238
1005002409785158
4000170258818
1005002317707220
1005002272999887
1005002197453383
32960913249
4001015245871
1005001490210333
4000901549118
1005001302189503
1005002422063605
32911623627
1005001954923279
4000151632192
33015229208
4000251899675
32567825904
1005002324822478
1005002311164854
1005002228263586
1005002377546308
33049810275
1005002295581169
32940194822
4000053923609
1005001840429117
1005002166091054
1005001586433352
1005001633468073
1005001793474770
1005002449827227
1005002315190198
33044159280
1005001678640682
1005002107567377
33047769767
1005001692637689
1005001884207218
32947194223
1005002060602910
1005002473311147
32962523492
1005002167061899
33021915748
32841248638
4001043064240
32998410659
4000548127666
1005001870767114
32999413121
1005002376619732
4000897870071
32911652293
1005002309336481
4000574758312
1005002433029033
1005002060701943
1005002330314728
1005002257727826
1005002377500861
1005002352270247
32244709721
1005002007957198
4001228548601
32384675610
4001031953250
1005002129480377
1005002233106966
1005001597831098
33010193335
1005002355746796
1005001897255470
4000139687034
32869583647
32991508765
1005001623001231
1005001407341908
4001031657461
1005001997665985
1005001393697285
1005002233954469
4000166706464
32813395650
1005002466984532
1005002310610393
32855999926
1005002144272019
4001096475489
1005001835088043
32696449740
32992770225
33008089443
4000093145319
4000777823871
1005001816777915
32970078126
1005002393527641
32293858250
32979374528
1005001600044753
1005002337804345
1005002340158907
1005001995137376
32627441595
1005001683388097
1005002367927478
32832336851
1005002240841501
1005002387107503
1005001423289551
4000885404788
32817535952
4000655876422
32984815019
1005001633391485
1005002073635669
4000483633208
1005002290642024
4000832756731
1005002434842091
1005002466335565
1005002367377282
32970511033
4000803411133
4000796654029
32919592074
4000545993549
1005001446294348
1005002488347375
32447474538
1005002337694575
32954168556
32869532068
1005001349708858
1005002317624036
1005002293586194
32916714477
4001142574141
1005002439035010
32750472561
1005002441541207
1005001657169198
4000851221062
1005001756189223
4001230397339
1005002317652312
4001315258893
4000114903293
1005001935837624
1005001812714832
4001252138901
4000260714710
4000727012437
4000405327170
4001140077903
4001290284571
33028754148
1005002146701691
32962744226
1005002341017062
1005002318880962
4000510588190
1005002288525350
1005001562761440
32671971537
4000897568615
1005002447957512
1005002180341545
1005002378807465
1005002336288067
4000938019319
32887518453
1005002368074113
1005001850748697
1005002232657163
1005002426078964
1005002043671748
33050629832
1005001905116412
4001230209419
1005002386978131
1005002213623547
32854525379
1005002387000841
1005002120547709
32346896877
1005002287785727
4000675686245
32726579236
33045398646
10000400024764
33043230006
1005001811793821
1005002310563491
4000969608940
1005001961427301
1005001381406902
1005002173145004
1005001656686527
1005001994268399
1005002252666591
32841963434
1005001845589328
4001346710657
1005002132980747
1005001947802911
32953257635
1005001335747086
1005001688014435
1406125729
1005002475146433
32856094093
1005002266578599
32921823870
1005001999166145
4000922578722
1005001285191362
4000695817131
4001240081740
32802897388
1005002276196016
1005002361223555
1005001898858143
1005002368571861
1005001731242923
32624743687
4001015294580
32984286733
1005001678243730
32975439933
1005002381871420
1005002392597640
1005002315620307
33057805917
4000108698127
1005002346110092
1005002330703792
1005002283678109
4000225774330
1005002252710109
4000641389363
4000843091843
1005001455925847
32878492466
32814690632
33042340175
4000853138774
4000764897052
4000924773014
32943004258
32968125509
1005002143147179
1005002238078296
4000077494607
32844359313
4001061041249
1005002358136953
32960206472
1005002376351154
4001012169480
32862981692
1005001515859600
4001278867320
32838650529
1005002239314005
33030266748
1005002286700399
1005002281138556
1005001658128500
1005002421542562
1005002454347726
1005001367566514
1005002311735502
1005002233270821
32918863711
1005001541642958
32978843169
33015367770
1005002094436611
32792915515
1005001758795512
1005001928656615
1005002338452946
32845492762
4000807108628
4000232945893
32915145366
1005002300305497
1005002480812752
32711748068
1005001808319622
4001167572301
1005002070048210
1005002295170995
1005002294319842
32799972090
4000060968419
4000689802424
1005002389692691
32798250009
4001062205418
4000938638940
1005002271380848
4000291981097
1005002500464826
1005001288244615
1005002314562421
1005002376592935
1005002312003686
1005001397377931
1005002377284535
4001350713019
32866467466
33045585170
1005002306825792
1005002497153304
4000374776211
1005001489743043
4001010585417
1005001670521272
1005002351728243
32861737601
32882793341
32846958738
4000078095004
32905571300
1005001952280207
32820824747
4000358286079
4000828198121
33021876597
32532378207
32536064170
1005002090233118
1005001958734074
4000032003836
1005001514783914
4000080164412
1005002400558239
32237811011
1005001406026394
4001258530694
1524706411
32699110856
4000050223017
1005002314212600
1005001273790905
1005001645674061
1005002408661161
1005001454613220
1005001487285052
1005001626715499
1005002341439168
32839241090
767960366
32844026016
1005002381126970
1005001685522494
1005001651983616
1005002353732588
1005002298127637
32859616427
1005001429887235
1005002205652653
1005001566438783
32924947076
1005001934681472
1005002367350347
33000966777
33029059430
1005002289462050
1005002035989477
32852671976
32956701125
32822290112
32957887218
1005002400141985
1005001287651256
1005001883614135
1746936125
1005002362455673
1005002268130354
33004217299
32791732045
32919264699
1005002086219074
32957969544
1005001854114824
1005001540664878
1005002252560504
1005002460073558
4001156960749
1005002194163391
32976944392
1005002220759900
1005002468599088
32985095300
33006674798
1005002480911900
1005001715483002
32329906160
1005001593675172
1005002418103082
1005002258436335
1005002254777881
1005002420894621
1005001977150706
4000125457008
4000216409280
33031795034
4000044560116
1005002375171391
4000137120505
1005001515316095
32807524121
1005001638239736
32891080924
1005002211205478
1005002229118359
1005002171000601
1005002397950424
1005001412681794
1005002467383608
1005002223968737
1005002421676426
1005001439104608
32619519441
1005001989661176
32664364274
4001294202999
4001305745215
1005002377271887
32934171636
4000493300180
32664210439
1005001392671375
1005001289800102
1005001574405367
1005002205012743
1005002224237610
1005001710302021
4001263027621
1005002046637622
1005001454717322
1005001685794329
1005001977227815
1005002315889500
32833449622
32818614367
1005002378942873
32403363869
33048192513
10000002553148
1005001714228298
1005002112288073
1005002141313127
1005001501415067
1005001644598172
32869811626
1005002315344343
1005002329238076
32974048602
4000707422475
1005002318162239
32833232633
32945669505
32902907902
4001024933214
32809190371
1005002318925054
1005001856516747
1005001738219868
4000366169756
4000857961230
33028682241
4000872711814
10000108041647
4000857415004
1005002000123818
32939668884
32858042701
1005002006994888
10000153265432
4000229073591
1005002198469690
32647944158
1005002243057921
1005002401255156
4001007094496
4000292413622
32950072020
32805744938
1005001488582675
4000369940660
1005002227472418
32932540383
1005002266647983
1005001641220709
1005002283644048
1005002314000681
32652938612
1005001968209576
32971370722
32903651656
1005002384104229
1005002315326668
32977036316
1005001998223634
1005002342277206
1005002100271837
1005002286893827
1005002281680070
1005001619237311
1005001613202070
32960892550
32965429865
4000842633712
1005002241601890
1005001438775835
1005001870279692
1005002137256883
1005001854177432
32855831759
32824657481
4000585569943
1005001850782030
1005001489557308
1005001375563510
1005001391623498
1005001759249434
1005002065742095
32812363982
1005002378092888
4000978889296
4000277185449
1005002064421172
1005002368034175
1005001376445013
1005001933767961
32828973104
32895091908
4000960972708
32917722787
1005002400375712
32834378175
1005001361287707
1005002023556507
1005002408170245
32978721736
1005001734163109
1005002286775108
4000684694015
32675720395
32916756236
4001059999389
4000641436238
4000849087610
33038161482
4000550113973
1005002357698227
1005002240217980
32843754856
32632784475
33061279398
1005002348779366
4000890139816
4001113287869
32918101827
1005002184301805
1005002258515856
32824861394
4001259527353
1005002125937073
32883710180
1005001934265443
1005002267620065
32965798510
1005001315867030
1005001501962122
1005002468922874
4000699502603
1005002095836642
1005001883904440
1005001640197164
1005001931778807
1005002431255446
1005001930936534
1005002384275819
32653205323
32916438370
32949815272
1005002419044399
1005002122265840
32787604914
32830361718
4000709149605
1005002412576655
32360125914
1005002074800832
1005002331909518
4000065328445
33005388220
1005002484545748
1005001266222021
1005002132807978
1005001328996123
4000244162319
4000851927085
1005001913951492
32982519067
32785062005
1005002246228346
1005002351763156
1005002383279877
1005001930829981
4000601175376
1005001779751340
33003899223
1005001870471959
1005002122592134
32894285143
32845239522
4000943170041
1005002443788629
1005001574964991
32932926530
4001209074356
4000331889056
32850851980
4001085167031
1005001269888596
4001171486398
4000917640251
1005002275368312
1005001953412841
4001068335101
1005001526130748
1005001650928834
1005002027312508
1005001506865801
4000116302976
4000219012641
32960226156
1005002368841927
32959549242
1421980041
1005002439632690
32974569752
32940778506
1005001387781427
1005002305279849
32918069154
1005001510140262
1005002355754268
1005001509565611
1005001941507430
1005002438530629
4000108538462
4001186430646
32841767254
1005002465852888
10000349440045
1005002485136546
1005001555367506
33045598242
33001228588
4000828330288
1005002198346264
1005002246897895
4000864278062
1005002056245706
1005002483383746