32952182585
4000627067014
1005002108330424
1005002165500526
32845710396
1005002233899628
1005001437922642
1005002007509718
4001265834294
1005001966376907
1005002196906248
1005002388601347
32348082587
32991300183
4001099166279
1005002239164423
1005002326652913
32974365354
4000107349889
1005002260224925
1005001344967455
1005002112930362
4000067505477
10000381681762
4001262287502
4000064538968
4000695382707
1005002028545489
1005001670518705
1005002322899541
4000431639213
4001243504984
1005002373170251
1005001971571202
1005001967166539
4000434720841
4000272168656
1005002341517385
32670679739
33053280297
1005002423950937
1005002033134364
4000311790128
1005002389318040
1396183100
4000022775329
1005002287044028
1005002281901533
32781577900
32888472146
32918790081
1005001685045844
1005002382661233
4000246228897
32979371828
4001127176616
1005002347610140
1005002468194916
1005001521393287
33004801799
1005002332210714
32854752547
32884849494
1005002097383007
1005002245556198
1005002079988233
32669948326
1005002334248929
1005001608681150
32995718216
1005002315783027
1005002336289452
1005002192102546
32959647434
32828640553
32729405095
33037565843
1005002257780294
33052366641
1005002351862096
32854589783
4000065577199
33058627297
1005001859179213
32790090722
1005001777784206
1005001500108145
1005001592223690
32947769560
1005002322786149
32849091111
32963931452
33002241551
1005001594106647
703097138
4000989068451
32914592797
1005001468533039
1005002439721871
32989404405
4000906696309
1005002063708078
1005001780663795
1005002061973450
1005002313373308
32991977066
1005002387322400
1005002071453560
1005002103132394
1005002333683602
4000153429493
1005001824721987
10000341522337
1005001779703984
32965732092
32810204959
4001051046524
4000522042505
32340607583
32977499415
1005002322067734
1005002427765852
4001300857674
1005001793132321
32967368596
1005002122376320
1005002467438985
1005002371572920
1005002326344066
32332444808
1005002173386705
1005001786259439
4000553247175
4000843295016
1005002449391318
4001136603063
1005002024748005
1005001936158066
1000007655926
33047990112
4001130816427
1005002375137046
32978514190
1005001425245354
4000964366118
1005002305988221
1005001488855881
1005002314764065
1005001779918350
1005001834986225
1005002490552491
1005001672401406
4000723108839
32508232581
1005002326009117
1005001441517044
33023536159
32633284998
32587734580
32897953015
1005001292842774
1005002025101174
4001037519616
4000314063195
32634454149
32763502759
1005001816895416
4001227197143
1005002288632971
32922843546
4000296290674
1005001807917709
1005002397728938
1005001940915276
32851996932
1005002404686115
1005002062462687
1005002339779921
1005001315509681
1005001552750477
1005001795737173
32557720350
1005001775095898
1005002273925326
4000215451242
1005002495863061
4000249561045
4000722941487
1005002377516174
32902942907
4001003785803
1005002295421179
32980185379
4000080439819
1005001705589240
4001128563752
1005001483784178
4001355296886
4000917981599
4000926491697
32772360978
4000937383018
1005001308723118
1313833019
4000548144475
1005002038599659
1005001894185709
1005002219011670
33027956011
32962727746
4000788369943
1005002404486629
4000120264562
1005002454550684
32968543433
4001132888796
1005002300214265
1005001338391883
4000713020035
1005002367624911
32982742555
1005002184795439
32842798527
4000203168064
32988794593
1005002378772641
1005002315622370
32967284807
1005001835440420
4000300187033
1005001920714656
32799033346
33035185709
1005002072518042
32887339911
4000941962583
1005002240742725
1005002311888663
32847629661
1005001722095728
32943205731
33007365539
1005002334098499
4001198263422
1005001946257362
1005002252537677
1005002413829347
4000907096866
4000274177412
1005001847686878
1005001532836362
1005001612567716
1005002259784616
1005002265429050
4000265929216
4001228742063
1005002287853257
1005002304237843
32893087990
4000442399101
4000982584749
32797886531
1005002386702267
33028863366
4000291268942
1005001573714072
1005002487105992
32874042125
1005002416694452
1005002439638841
4000936578338
32855397828
32919025812
1005001377265631
1005002314294897
4000543783482
1005002308911596
1005001617359093
32711535715
1005002487306325
1005002317140063
1005002336468976
1005002449514298
1005002233395678
1005002122513060
4000641310013
33047866846
32860265412
1005001581353662
32924108243
4001079205161
1005002218687658
32898656436
1005001321538010
32339689467
4000164141895
1005001362616544
1005002394004657
32913341784
1005002449812247
4000795089123
32913413401
1005002260831902
10000362677613
4000993518534
32836476320
1005002297631598
4000398244242
4000966536183
32647971998
1005002358192591
1005002372404518
4001294156429
4000327383637
4001296617123
32848255574
1005002219364995
1005001453385254
33013935626
1005002437688673
32852920359
1005002382750004
1005002399184416
1005002144058967
32935138785
1005001441662670
1005002099415039
1005001457664945
1005001700132846
32878093202
4001289011811
4000717360811
1005001626194866
4001077150333
33017772361
32913040770
1005002337522497
1005002315869092
33052331183
4001230404553
1005002277635783
1005001971853751
1005002068583232
32924893366
1005001560566679
1005002290949553
1005002489726663
4001241501570
1005002404484856
32997786447
1005001316811176
1005002405820389
1005002050615401
10000339583535
32553662970
32986239274
1005002253850817
1005001603375797
33035061053
4001127374632
32844826058
1005001566837742
1005002327380424
32991957890
4001278918339
1005002259411075
4001141389594
1005001937012634
32858211446
4000979799084
4000495341452
4001111819595
32841403429
1005001435923940
32818202471
4001172557582
32949858220
1005002315679418
1005002343014243
4000315965270
1005002318378081
4001268353428
1005002272644392
1005001446017627
4001331375164
1005002340638189
4001226376183
32880913674
4000102318787
32983237281
1005002380990522
33051237484
4000344954239
33061363934
4000626454548
32865895733
4000857422278
1005001481494211
1005002211447528
4001153195220
4001224134707
32857184971
1005002337442109
4000463562317
1005002206093032
1005002206497933
4000164994378
1005001645548026
1005002229019064
4001222649002
1005002304259461
4001318638859
1005002293320599
1005001853645529
1005001727612272
1005001793146565
32764184136
4000190699088
1005002274107595
1005002307052669
1005002326652036
1005002365379285
32554549068
768778621
1005002023363658
1005001877032581
32907485673
1005002394157177
1005002388764123
4001339383393
1005001587996980
32959655050
32994378356
1005001928979989
1005002281747917
1005002284563474
1005001599965201
1005002300841558
1005002282417257
1005002444996913
1005001794333332
1005001843727790
32982144175
32884634911
32811765783
4000429916051
33013921202
33025652672
4001221104625
33043236765
1005002281889668
32815449269
1005002344993352
1005002351848338
4000622553000
32657344654
1005001679685975
33053843741
33018039582
1005001373365128
1005001680533373
32898067652
4001176567223
32848512515
1005001873615186
1005001859299394
1005002273900706
1005002333137330
32997152088
1005001834602535
1005001517196295
32792285707
1005001930482429
33022037890
32857780381
4000519401998
1005001586867871
32849545898
4001147028548
33058886931
1005002353563984
1005002289665572
1005001505019173
1005002381548714
4001179516182
33037690640
32904379918
1005001371503403
1005001458138203
1005002347651698
4000282107797
1005002337857639
1005002337177532
1005001978335340
33012362774
32858760180
32840599611
1005001471916655
32821125928
1005001813995335
32763804887
33014919921
1005001346479184
1005002063506668
1005002245830146
4000388140358
1005002182056619
4000365139806
1005001894596568
1005001392461993
32904538197
32672370721
32954123006
32951379183
4001041631289
4001187437731
4000133902882
1005002313377800
1005001441427750
4001080518635
1005002006518528
1005002227940064
32975250019
1005002049717258
1005002406570261
1005001580645311
1005002401129730
33062698744
32657290694
32844051402
1932919508
33032707246
32687966666
4000263522366
1005002234325233
4000689724811
4001250435954
32888460737
1005001577213679
4001155411977
1005002256642621
4000558481633
1005002399589782
32918909191
1005002417278586
1005002356395402
1005002482157449
4000328977478
4000097320160
32802383965
1005001926700032
1005002195849996
1005002101773419
1005002345909080
32512489537
4000241345561
1005001404877332
32990120307
1005002378407092
1005002204843856
1005002281575692
1005002224375672
1005001965274913
1005001786333328
1005002490314954
4001349528413
1005001906866047
33050665761
1005001493393408
1005001736756612
1005002246538247
1005002211569082
32694800118
32510714626
4000223133640
4001212076203
32967385187
32961813778
1005002235250378
32703900320
1005002259407451
1005002321129715
4000017083685
32696178480
4001220445693
1005002358136920
4001113215029
1005002246111470
1005001913613176
4000854424573
1005002401701981
4001204933504
32826934089
32953914534
1005001514301406
1005002166281317
1005001971339413
1005002490374943
1005002134882468
1005001798770812
32908128332
1005001831290684
33046514884
4000833761293
1005002361394413
32860472929
32894240049
1005002316570153
4001172630961
32845361747
1005002007246900
1005002146401260
1005001791980073
4000696640747
1005002155215717
1005001713997692
1005001678173171
1005002139324454
4001076348103
33004652558
1005002402306550
32873415781
4000714770901
32982226849
1005001391382198
32784470854
32954039987
1005001500568115
1005001774090686
1005002460478589
32889688618
1005002424464169
4001234611075
1005002038163176
4001128049866
32631822407
4001045367037
4000934642478
4000034115223
4001163132430
1005001640115761
1005002051476869
4000578955897
32907196971
4000945097425
1005002347761906
1005002150282675
1005002432601234
4000788971184
32857545922
1005001689779212
4000496881711
32843017685
4000004918348
4001270447176
4000835111754
32811853847
1005001287255180
1005002467424722
33035690757
32831539785
32824604249
32907244013
1005001317527678
4000738931715
1005002171447828
4001280712692
1005001286616867
4001209080041
1005002232447177
32805810538
32812813866
32780862367
1005002080361237
33018277929
1005001765560933
1005002128452482
33000927213
1005001394277629
4000814964946
4001233566136
32847542050
1005001436075799
1005002281272031
4001208887174
1005002337239408
1005001896298996
32836490511
1005002146671081
4001160198569
32822455213
10000400047093
32894067849
1005002379249528
1005002278102024
4001241162127
1005002243324539
1005002294200069
1005002146879802
1005001779821751
32751791465
32793505809
1005002357362090
32921907960
32625091174
1005001423988258
1005002314222765
32345397865
1005001295503480
1005001658586418
852704143
1005002416642368
1005002345927674
4000839636243
4001345703084
1005002321041426
4000661073428
32620222465
1005001385829315
1005002235104654
32957239027
1005002203730639
4000433793648
1005002268265586
4001160482475
4000469241221
4000595603546
1005002288758343
1005001953962080
32853506544
1005002338928887
33009318502
1005002257839246
4000903791359
4000905368455
32974186374
4001338064222
32801819494
32911944537
1005002481205168
32888351684
1005001793223522
1005001859701892
4000813840752
1005002238072603
1005001797885821
4000253613433
4000626190017
4001271648940
4000788721030
1005002432247693
32903993631
32916592659
4001228397022
4000052297415
1005001321022872
1005002247064898
32969522348
32991037422
1005002292247562
4000034883408
1005002201166259
1005002288567496
1005002329019634
4000286144688
4000329527712
4001146920824
1005002267483152
1005001930704990
1005001594898934
1005002265532587
4000953492130
32895800953
1005002425862511
1005002058630414
1005002323560951
32899502129
32942706224
1005002229774531
4000322277773
32620256809
1005002293287410
4000707211747
1005002366179994
1005001860236285
33035365954
1005002398049070
4000844977034
1005002271419107
4000916954146
4000108991968
32916543855
32351308237
32954850455
1005002281983428
32793235871
10000028397722
32878513817
1005001472830690
4000800404378
32860300015
33028754772
1005001834961748
1005002452634886
32608035781
32694169832
1000006779110
1005001862901584
1005002047007389
1005002412074927
1005002219510716
32958023171
1005002099192430
1005002162261797
4001143810983
1005002072808956
1005001771850211
1005001860810442
32856906637
4000537281263
32934687887
1005001899012910
1005001677333599
1005001872469250
1005001535189070
4000216730612
1005001562923285
1005002403659853
32954636734
1005002482542917
4000698351655
1005001891704644
1005001732195325
1005002383180604
10000129793824
4000321924600
1005002314438694
1005002047460578
1005001380246529
1005001319921404
4000744736371
4001039606828
1005001403397644
1005001330040415
4000370779201
4001184678734
4000173633264
1005002458793755
1005002296759398
32860382541
1005001955164647
1005002276252983
4001276345159
32869313869
1005001909831607
4001211109750
1005001742160076
1005001380180670
1005002315324219
1005001895626675
4000640869237
4001103253270
1005001763267582
32820317224
1005002289788973
4000211101683
1005001849493020
4001289212596
1005002284649265
1005002376873164
1005002401417964
32804385795
32995856372
4001064708654
1005002268455240
1005001452724618
4000533497681
4000052667533
32887811148
1005002346215266
1005002068083069
32746913463
33002513327
1005001656540469
32858039209
32916489606
32866780816
32851820361
32972605155
1005002323586582
1005002482466324
32949084474
1005001746985254
32985201648
1005002402441207
4000979454357
4000467616024
4000891010040
1005002272350955
32825953624
1005002233031007
1005001737089763
4001000480920
32367270555
1005002448850912
1005001822897863
4001245346074
1005002274033996
4001201949461
4000314441048
1005002086300750
32845862143
33006170464
4000883817866
32819448918
4001128275242
1005001450981359
1005001850605089
1694729771
1005001584484530
32493403339
32912175511
1005001301515943
1005001707811700
32796490962
1005001333850672
1005002198121979
1005001627297616
4000289418640
33023637463
1005002345152827
32817322682
32852577472
4000434039532
32994948553
1005001849030759
4000682740341
32990484812
1005002359704186
1005002312475551
4000618909967
32898154720
4001274986460
4000068175860
32960197556
1005002412707690
1005001771322032
1005002291740224
32830367186
33046772437
1005002298599721
4001042523117
1005002328856747
1005002293673324
1005002205040656
1005002330414411
4001224241442
4001093841970
4001002101850
32647075067
1005002010996658
32670115198
1005001419808952
32976251791
32833345637
32790922874
32774501279
1005001598046230
4000443377439
1005001971940209
1005002334789314
1005002229219160
4001228796059
32831864021
1005001896184894
1005002364033703
32965214927
32720790974
1005002372354207
10000012743234
32893748705
4000212318304
1005002235685478
4001359306376
4000672674651
33007413664
33024324026
1683930199
32853472689
4001215766455
32899606022
4001077056711
1005001348638438
1005002282280951
32959168127
32797155571
4001267718334
32830159365
32455924629
33005769073