33026395252
1005002366036584
1005002364650608
1005002033338407
1005001918939202
1005002017797344
1005002218016190
32853033176
1005001309150480
4000099385545
33042678881
32379575850
32960589051
32425889774
1005001387781713
4000782900074
1005001688945629
1005002281923284
4000282365377
33001012003
1005001873795474
1005002340647602
1005002128413765
4000312607613
4000336589462
1005002025352316
32973882539
32792098383
4000956947267
32962063895
1005001947305919
32951432573
1005001608561074
1005001420296937
4001269655160
32846802861
4000817793397
33004792205
4001178078245
4001225196138
1005002191511827
32868794434
32795627998
1000008557777
1005001431512138
1005001742443516
1005002327100834
1005002311062543
1005001381021814
1005001914313492
33015103155
1005002236334230
1005002389619283
1005002449870845
1005002368351597
1005002167761829
1005002192550918
1005002407364988
4000904488356
1005001742369735
4001101382582
1005002417528182
32950681946
4001066413283
32434792878
1005001401773473
4000529827284
1005001437846265
1005002168234098
1005002390992171
32919976915
32820394445
4000433369075
1005002315127987
4000207299409
1005002240275381
1005002146171366
32860651513
1005002143938395
32973706667
1005002448454342
32845363829
32800168301
4001180815081
4001308418264
4000717032494
1005002306010482
1691230261
4001053169487
32853297783
4000250803435
1005002196865404
4001360068021
4001130759720
1005002252781944
1005002120878600
4000890023807
1005002412892686
32983021773
1005001835431801
4000864401764
32946648532
4000732670672
32700694254
4000624560091
1005002468246311
4001065937844
1005001561082915
1005002468835020
33047037174
1005001288213577
4000084501855
1005002317995781
1005002388369025
33024759345
4001248952078
4001148048970
4000204763374
4001195853701
4000170621179
1005002337770509
32885878078
32898388088
1005002313539265
33007901479
1005002063720094
1005002317696180
1005001267480644
1005002246639200
1005002427216871
32843120268
1005002377344881
1005001405026209
32789858815
1005002396043362
1005001479911428
33000425295
33011094163
1005001895400978
1005001708095675
32890728012
1005001489750755
1005002491449824
32857185403
1005001344653294
4001284350867
1005001406575954
1005002410872591
1005001861564611
1005002304491075
1005001860469083
1005002246622377
4001280388188
4001302010331
4001114607473
1005002145516640
4001278698092
32879261061
4000124135364
1005002339541267
4001286528877
4000504190740
1005002280725299
32844839562
1005002094337902
32861027565
1005001710030991
1005002345951038
1005002276478262
1005002303864772
32987342432
32522009567
4000829914106
4000513054855
4001159616248
1005002422178058
1005002152351785
1005001483996464
4000221497011
4000469721334
32740537482
33032517102
1005001592983774
1005001515994158
32843244713
32918722487
32814177004
4001120298272
32950386530
32602198763
1005002428480618
4001010901870
1005001379084584
4000263722190
32851866389
1005002265940264
1005002443741711
32986873044
10000022114429
1005002362423409
1005002317018929
1005002190119990
4001098435639
1005002308855073
4000917466249
10000133163057
1005002454461045
1005002213509395
1005002171096302
1005001468238745
32951997893
1005001429822656
1005002477570434
1005002382893123
1005002334947058
1005001439642404
1005002167500365
1005002458063826
4001031164257
1005001676008536
4000449596287
4000077840325
1005001584691600
4000791602545
1005001889603360
32856442471
1005001418310075
32547527166
1005002450525478
1005001820081471
33031296784
33051451898
1005002488172206
1005002316679865
32416526581
1005002034468468
32804859960
4001158645374
4000156159094
33015767235
4000960440122
4001156833434
1005001630645932
4000473371840
4001214210635
1005002091098008
33062606031
1005002294991896
33009950348
4000852285400
1005001844958390
1005002331931225
1005002301692945
1005001692861288
1005001520871958
1005001607687433
32948042805
4000506786897
32860278692
32630783750
4000453558345
4000983124815
4001148149167
33040151519
1005001806028340
32779488449
4001175615932
4001196010980
4001127380613
1005001895333048
33004493311
1005002428778667
32812006343
1005001286478653
1005002484572767
1005001313659635
4001154031516
1005001413117430
32969873598
4001167651340
1005002122259786
4000542437259
1005001286757726
1005001307366983
4000989301350
4001230354302
32829690727
32703287322
32975334533
4000595633271
4000059303693
1005002310886822
1005002466080789
4000603396707
1005002483114258
32519829704
1005002435438741
1005002183205792
32885844565
1005001889249484
1005001351478796
32846032156
32846971940
1005002078904435
4000855904564
1005002021838314
33003380460
1005001515492755
4001214311051
32846009837
4000935546671
4001068979057
32970934553
1005002289659093
32779886548
1005002229530820
4000192575021
1005001743701442
1005001288008813
4000032621108
1005001304415315
4001223846127
4000493302989
1005001680341989
4000781997260
4001158899175
32997473618
1005001834618675
1005001907828535
1005002449214415
1005001501459117
1005001864890655
33016161697
4001275096493
32914389353
4000727620789
4000484359198
32864680174
4000151163937
1005002278751069
33063106078
1005001826966608
4000206351559
1005002453313298
33005507767
1005002002581704
32898408043
10000126124413
1005002233885359
4000127394972
32850492214
1005001527710389
1005002276783773
33016551926
4000104728180
1005002421193354
1005002442313123
4000299937852
4001037532561
1005002133281279
4000894906093
1005002276733347
4000877958583
32892047565
32802485245
4000959710011
32390796377
1005001863277407
1005002474923301
1005001645064874
33032590779
4000330365797
1005001874050386
1005001802875523
4000804550033
1005001436078370
32857054093
32962651191
4000258088113
1005002312041655
1005002298295265
4001230844175
1005002065023581
4001023008036
4000054166995
1005001439069745
4001272713459
1005001890733154
4000849823133
1005001716115689
1005002393647446
1005002271837477
1005002315457084
1005002103762063
4001229488581
1005002387790984
1005001816339836
32772308952
4000349177509
4001103143095
1005001859512921
1005002292414623
4000882571350
4001042024149
32962328520
32958065107
4001104287191
32996092599
32982808796
1005002101845181
1005001375264370
32971855302
1005001803944937
1005002212013492
1005002085274228
1005002423791767
1005002330071684
4000019643853
4001315440235
4000697993877
1005002298208074
1005002377152123
4000049077283
1005002271644686
32823522515
4001153447291
1005002011163999
4001247146298
1005001678619949
1005001928824248
1005002396863062
1005002353296692
1005002352460128
1005001844209903
4000636514379
1005002247582748
1005001607317434
4001133880081
1005002433302097
4000025667988
32860702709
1005002500374117
32461255393
1005002448417125
33044458592
32995510440
1005002321954470
4000002644977
4000529743022
1005002353060528
4000001708438
1005002475043400
32673949997
32858574777
32830938095
1005001797240740
1005002426563935
32954476117
32975950730
4000580551204
4001256155005
32919500115
32940247724
1005001348482850
32794804773
1005001982445007
1005001515985165
1005002393249624
1005002298722339
4000705835614
4000439701136
1005002292904480
4000642335817
4000810019466
4000985135837
1005002375257628
32876323892
33037635850
1005001928060466
1005001695530418
33057032246
32803184555
1005002083830912
4001364242086
4001230427130
1005001500263903
1005001839490423
4000986254011
32843241268
4001063211824
1005002394954212
4000074714339
1005002157439213
1005002282068511
1005002383830263
32829390679
4000308155936
1005001524314123
1005002119068431
1005001499883201
1005001954980043
1005002462550488
1005001868902874
1005002496219241
4001212681295
4000635624167
1005001706655642
1005002286103746
32796110256
1005001803008857
1005001753941633
1005002327866422
1005001566029537
4000992606586
1005001525347784
1005002454280735
1005001872009257
1005001608938298
1005001497330971
4001192901611
4000039920668
32828001588
33013237205
1005001727732315
33011786196
1005001495845057
1005002239084066
4000585111929
1005002467498992
4000256376180
1005001507440602
32813057862
1005002073900239
4000061322640
1005002277435354
1005002439039108
32918534214
1005001953670041
1005002125390274
32878179730
1005002334422028
4000921616440
1005002133637036
1005002280560631
1005002344963387
1005001540138026
1005002459536669
32962339011
4000772504241
1005002415703566
32392012868
32992624303
1005001742043617
32797091247
1005001792211328
1005002077068190
1005002134494013
1005001987906348
4000731235646
1005002382305948
1005002304919878
1005002341460041
33040011162
1005002345077077
1005002128002164
4001230652830
32933151017
1005002284025535
32789736415
4001197106684
1005002187462539
1930916757
1005001372331870
1005002377156730
4000113723092
4001189408610
33011948288
4001070725134
32830690841
1005002303846772
1005001515941149
4001261083846
1005002122269865
1005001355976616
4000996589646
32991936672
1005001510800769
1005001649337196
4000748728147
4001068004918
4000621582719
1005002369257156
4000917759047
1005002315328467
1005002277819574
1005001819329975
1005002039470014
32858036301
1005002182248676
1005001479026244
1005002399664371
32844978000
32899160918
1005002359477804
32769660596
4000588659211
1005002265814681
1005001793008428
32645064794
32846674061
32764485057
10000335955301
1005001985377609
1005001635360686
32808754504
1005002172391002
32956814150
32861708241
32867540626
33021806025
1005002050657210
1005002100455390
32678531004
32969315868
32985283564
32843910114
32949886637
32469375230
1005001290363560
32328474886
1005002000270627
1005001798268901
4000126400209
4000990403359
32853866347
1005001798301870
1005001664325855
32952969488
1005002441919268
1005002109291016
1005002250467120
32864628702
4000930110163
1005002038331339
4000460607679
1005002156016452
4000555026467
4000043332498
4001251642037
32855339770
33023173198
4001098048194
1005002340211763
1005001338853569
1005002325277718
32700537809
32961215236
4001091311297
32458928269
32798867845
1005002276591586
4000920499625
1005001416821967
1005001582504759
1005001578922574
4000126731477
4000405062846
1005002129617265
32689539306
4001334715062
33043814209
1005002321302416
4001165794498
4000897814044
32277038434
1005002253758096
4001097354806
1005002280526505
1005001389453453
32964872037
4001161000029
32881833482
1005002306925019
10000262152316
1005002392602097
10000110421231
1005001541156302
1005001468753970
1005002242635172
32826893656
1005002346546929
1005002357508943
4000854972994
4001222977200
4000511659659
1005002211925547
1005002323469044
33008194210
1005001880480905
32856780971
1005002314326117
4001356192213
1005002279041645
32838891937
4000510894900
32879734450
4000504253212
1005002413209049
1005002075323991
4001229238580
1005002346212437
32666529358
1005001488500227
1005002490060887
1005001269679660
1005002356181027
1005002346285698
1005001647890988
1005002316647378
32989397178
1005002268970804
1005001889869847
1005001414912351
1005001877424267
1005002399932867
1005002389588591
1005001953010255
1005001556990617
4000210168012
1005002337346445
32837480420
4000130729869
32897135194
1005002277695269
1005002428636241
4000104234895
1005001793659879
33038748318
1005002314690357
1597420131
1005001368996733
32997748115
4000405005370
1005002354499881
1005002342023061
1005002337343698
4000079681901
4000983816727
32920408875
4000808334272
1005001670993693
33009797224
32868332630
1005001360268533
4000959950025
1005001865035358
32864514149
4000530483980
1005002364917353
32249009404
32956332060
32813155640
33010320586
1005001515037449
1005002490132006
4000111960035
1005001525491351
1005002314425229
32793959828
1005001831060506
4001047077865
32740319269
32784693650
4001053501721
32821642280
1005001576698989
4001204807555
4001214455811
1005001706771234
1005002428403482
32809636231
32796966704
1005002147759648
4000743706511
4001132753745
1005002381012780
32904406564
32657408313
1005002330370064
32955452987
1005001779831679
1005001324934855
2012502352
4000423014886
32932476469
1005002313742474
4001125502358
1005001611622043
32967806692
4000528372451
32363229587
1005001431571884
1005002389018708
4001134969380
1005001914678779
4000891592226
1005001926868736
4001010359089
4001295317575
1005001850799597
4000377255684
1005002395995305
1005002363252097
4000696200904
32964552640
4000650382572
1005001513056532
1005001927573535
1005001445686373
33027800668
4001237515425
1005002320733716
1005002419631238
32665535861
1005002264287286
32989096996
1005001856953673
4000014935067
4001225193081
1005002435112755
4001230803785
1005001593798570
1005001973929388
1005001502518558
4000086851188
32853174445
1005002374316436
1005001617667619
1005002270476669
32922467413
4001022292135
32673103030
1005001665286910
1005001851770514
4000785189500
1005001998233156
1005001695465578
4001274952509
1005001785366414
4001114200005
33062782624
4000718433474
4000672002298
32833838483
1005001514705130
32887211223
1005001541772770
1005001873379053
33004066342
33020622717
1005002393754205
4000152117454
32847821785
4000497009380
33045355909
32828373578
4000709833394
4000808431865
4000615131776
1005001780329146
1005002413677967
1005002284258654
1005002256167655
32996261930
32752076596
4000456961888
4000035768940
1005001862968031
4001192014438
4000857274988
4001076225668
1005001363267502
1005002443048936
1005001793069600
1005002246080902
4000173596595
32817036266
4001133948628
4000149572264
4000398029555
4000030134557
1005002191835138
1005001319685804
10000151315854
32832480306
32635189575
1005002221279753
4000235059455
1005002284939096
1005001572138174
1005002317149232
33028745686
4001027562460
4001349679808
1005001317540126
4000288231210
32919228289
32999733030
4000921905964
1005001516419000
4000843020044
1005002440940258
1005001604924969
32972995474
32626166144
32915681609
1005001379622732
32823431464
1005002371567350
1005002237841209
4000782104415
32881745632
4001253032009
1005001840025245
32695930124
1005002246088589
4000960873785
32853470338
4001085500983
32923834054
4000309846873
1005001624971726
4001252241985
1005002439625749
32925725510
1005001941601234
1005001333903633
1005001766036143
10000039250988
4000043249588
1005001506711744
1005001849366757
32863281086
4000459512265
1005002146351650
4000313901377
1005002453129939
32964891993
33034130433
1005002399420984
1005002370845612
1005002306043936
4001283104449
4000088000082
1005001581032949
10000332480125
4000558207228
4000499895718
1005002242432369
1005002465062909
1005002495497467
1005001302499961
1005002335129184
1005002359954188
1005001933558728
1005002004171847
1005001621349112
4000272433074
1005002035288440
1005002395005857
1005001456049565
1005002350890167
1000007772928
1005001987904908
32982249496
32855164539
1005002029672328
4000832881083
1005002361662176
1005002181275490
1005002395593176
1005001865416944
4001223534906
1005001868137573
1005002384824210
4000937714535
1005001548971018
4001208132466
32968930306
1005001502945666
4000349190098
4000195595397
1005001966765710
1005001630866987
1005002448354985
1005001639408153
1005001867331458
1005002314422411
4001025596361
1718046556