1005002091405035
32946480768
33057739480
1005001560755075
1005001690833728
4001241371259
32833161356
1005002069537232
1005001479048473
1005002248524890
32902659664
1005001881984423
1005001664849948
1005002291768361
32972104958
32924283820
1005001901552842
33018178002
32711686830
4001148014035
32950644385
4000292758772
4001224395168
4000053686005
32912573002
4001323908667
1005001489039915
4001179470112
4001179725412
1005002421500226
32824500575
4001278954388
1005001442046324
1005002399354999
32956330946
741241922
1005001541275599
4001272397584
1005001297324444
1005002171619108
4001135202986
4000849925295
1005002390204343
1005002287530206
4000931580522
33030251599
32999876889
1005002262413414
32970770152
1005001812523082
1005002016883431
32886142901
1005001750754002
10000395832157
4000959204908
32804410384
4000054418777
1005001781445110
1000008509657
1005001350845723
1005001657032142
32957608258
32572952521
32327415789
1005002258811653
32740040990
1005001446738104
4000300477659
32794664193
1005001731705827
4001119417184
4001029502244
4000129761636
1005001884769817
32857426241
32660417377
1005002433185714
1005002490389928
32263949258
1005002289027676
1005001624261911
33019951314
1005002002712061
4000078432683
32946065151
4001250228277
1005001348922317
1005002054738609
1005002326662817
1005001405358140
1005001488488914
1005002266257335
1005002334410050
32937360418
4000850168952
1005002186552074
32837817679
1005002328729938
32893073394
1005002282029090
4000967022286
32360037462
1005002250024651
4001275705400
1005001561388594
4001031929737
1005002341181713
32946538357
4001273175872
1005002413781076
1005002308627927
1005002323577622
4000167009897
4000537997597
4001265275153
32976286921
1005002388483666
1005001986936269
32991185995
1005002334076900
32899354934
32797896398
1005001650530449
1005002436715734
1005002381540293
4000990744247
4001148109842
1005002395263827
4000179237546
32907671224
1005001928026891
4001326836864
32836050285
32901954236
4000164071065
33055586858
4000257489580
32835512108
1005001408140116
32589277223
1005002239162376
32977378031
1005002008757309
1005001523835751
4000177535783
4000257106974
32856288655
4000264899296
1005002332928290
32981154348
4001058501182
1005002371965190
1005002336196659
1005002246500202
1005002329532967
1005001487353268
4001248167396
1005001696105571
1005001406304882
1005002306507634
1005002194934052
1005002353059153
1005002406114791
1005002457400564
32814818656
4001214182849
4000783208919
1005002352854906
1005002312988829
33011597474
1005002260360521
1005002337853082
32864940051
32962152477
1005002405652415
32875155339
32497470957
1005002336758001
4001260285044
1005001989789533
4001345667090
10000286024762
10000324045426
32752819571
1005002284812198
32922131701
1005002359737843
1005002448124023
1005002113032519
10000405811313
1005001362750675
32990087682
1005002219545343
33009707768
1005002241764903
1005002462759450
4001286933178
4000103866963
33030091441
1005002298609721
4001196171484
4000538824182
4000369805689
1005001398216813
32861394137
4001235600942
1005002288305720
4001116009799
1005002309208873
1005002323166745
1005002318956375
1005002356637822
32861877085
1005002408687377
32859155450
4000361229503
1005002454262598
1005001737595489
32966005578
1005001435802183
4000029336990
1005001752475113
32806345934
1005001780622905
32999580849
32989992204
32920261665
32956305954
1005002198795337
32961358487
1005002395938700
4000480703674
1005002128607459
32857405220
4001061631888
4000782782342
1005002220398580
1005002500464425
32957677421
1005001632595141
32807658293
1005002233805250
1005001926406389
4000786715306
1005001946627181
4000516754389
32985250040
1005001605715923
1005002352703133
1039540630
1005001309103284
4001299633506
4000670934063
1005001656805308
1005002012760866
4000282962264
4000509369737
1005002351637634
4001199367778
1005001754907621
1005001530510234
1005001295974630
1005002293494413
32728140819
1005002378636765
1005002117537539
4000150081734
32951414741
1005001868519903
1005002453811169
1005001998109875
1005002337644134
1005002234245470
1005001560560609
33015330787
1005001513070203
1005002449722781
1005002314277224
32836628374
32979601973
1005002345394855
4001131554796
1005002337204449
4000771412195
32941473900
4000146862780
4001027547420
4001115718667
4000626160250
4000559744916
4000206598988
33001422075
4000761329939
33039643145
1005002368420877
10000334478698
32247313702
1005002318676647
1005002038745659
1005002325173278
32774704506
1005002271817137
4000925443838
1005002205472224
32598011816
1005001953820176
32876568505
4001271649616
32974968328
1005001481763652
1005001873134911
1005001851861969
4000680050180
1005002319509678
32265011443
1005001459203890
1005001464891718
1005002373413809
32586636434
32972550994
1005002265952711
4000629226608
4001225436671
32851592948
32836084397
4001280824105
32849828061
4000624706428
4000107515652
4001039366816
1005001579305735
4001252329358
4000635258829
1005002036050094
33022583379
1005001483465764
1005002026863881
1005002416672822
32792675972
1005002388917446
1005002100653449
1005001580188709
1005002461512490
33041390691
1005001721475376
1005001414172306
4000236336444
32851766247
32853644004
1005002294210466
4000989473696
33035798331
1005002140048892
4000790276743
4000534831283
1005002360597517
1005002312156036
4000625853737
32792154485
1005001972076860
32835560278
4000176074352
4000625332435
1005002276689081
1005002323187138
1005001620555688
32975100185
4001042600225
1005001444267986
1005002167067690
33003859793
4001315901913
1005002219080025
1005001988506357
1005001380704232
4000140114670
32975563930
4001156551948
4001218107175
4000221570411
1005002411492035
1005002323130515
1005001582703155
32837326212
4000241767001
1005002320563784
1005001359767131
32780167354
1005001636006211
1005001883331100
32994748767
4000459692228
4000272221037
1005001680543365
4000726660518
4000909680041
1005002467392868
32819668653
33013449110
1005002220252658
33025198975
1005002398417744
32934715424
4000149246953
4000344060459
1005002298780431
1005001965222633
4001032610220
1005002410829881
1005002052704066
4000627356545
4000641227838
33017855043
32962571078
1005002099117355
32854156520
1005002068957058
1005002313435070
1005002357200640
1005002280780569
1005002408182237
4001264285005
4000108191915
32959303733
32978438468
1005001968060758
2029329532
33056482614
32571872568
32994245897
1005002240923786
32858922185
32911059052
1005001516047098
1005001452551290
1005002355808669
1005001515914908
1005002489814211
1005001843961869
4001271058359
1005001356636596
1005002210438716
1005001729303454
32952327225
32988453921
32964892073
4001223261094
32812627024
4000712123563
33041254683
1005002254109333
33004652769
4000222388687
4000690832989
1005002351652616
1005002339520206
1005001954854312
4001062563959
4000570035172
1005001316188030
1005002225462025
32869841606
32551987424
33022061685
32773929407
4000405163219
1005002380999032
1005002087825396
1005001803797050
1005001999046928
1005001747287615
32631855426
4000906855690
1005002259910759
1005002305746122
1005002351419819
4000999348953
32828348366
1005002136466967
1005002314776902
32911820099
1005002377540100
1005002284363187
1005002050453353
32386077362
4001304833344
32986508320
1005002364138993
1005002387797539
32905540618
1005002366100755
32971858166
1005002452995099
32984807309
1005002377354035
1005002284217137
1005002256121999
1005001408007113
1005001463930228
1005001965013827
1005001773715699
1005002271068958
1005002074712447
1005002326660029
1005001525259988
1005001609032695
4001050866896
4001175424401
1005001798988732
1005002346037493
1005001422863693
32856686373
1005001947284070
32983225157
1005002305950015
4000928426514
1005002004376328
32949750281
4000800256655
1005002290924713
32817823113
32966088670
4000954322567
1005002308480465
32930979543
32377290681
1005002185766674
1005001830901598
32959368708
32866926573
32884360098
32784893770
4001278606340
32849368442
4000773779443
33018357103
1005002328589555
1005001678172553
1005001382176860
1005001321862045
4000996860131
32886982348
1005002246744297
1005002333350845
1005002336242165
1005002222483419
32904565203
1005001843651450
1005002357598397
32816890015
1005002322421678
1005001864680101
1005001444406567
4000894927001
4000960595440
4000776465575
4000982544817
32962075525
1005002390774113
1005001934238367
32960530672
1005002077722774
1005001760081799
1005001929185704
1005001507936537
1005001430977289
4000781485422
4000198687003
4000360596908
4000140650021
1005001789794894
1005002443182678
4000896925803
1005002311930786
1005002383111971
1005001863054292
1005001808753329
1005002353769156
4000251919390
1005001556454635
4000397045644
1005001397586638
4001034416057
32972685835
32839017785
1005002090157189
4000519484382
32952264182
32956309124
4000861205548
1005002434428661
1005001531354855
32832664482
4001319503348
1494836976
4001294388959
4000761274896
1005002300291272
4001189835068
4001056427229
1005002357457942
1005002295116982
1005001915176817
1005001717537389
4001175403660
1005001854550441
4000927675687
4001188291114
32974995229
4000113681731
32951839088
32888089499
1005001638435303
4000344516261
32995969507
1005001474793069
32989167604
4001174955417
1005002012046574
32966773526
32380206715
32895863845
32910602602
32992315949
4001192799741
1005001869177386
1005002293288630
4001260428565
690020155
1000008042802
32994945887
4001288949174
1005002242547522
1005001958600991
32966291591
1005001763073081
1005002350343885
4001298926894
1005002373006623
1005002364876360
32998700332
1005001468206159
32842277474
1005001816597637
1005001732564269
1005001620958275
4000626135855
32795726655
1005002404902021
32891683462
4001163142475
1005002356622769
1005002380427370
1005002416895012
4000215876012
1005002297224341
4000538214948
1005001942322117
1005002268101922
4001213227065
1005002066486604
1005002190457352
1005002355601802
32988604290
4000023005996
1005001731151645
32986341155
1005002014544258
1005001478640840
4000332930012
1005001686074621
1005002271581376
4000155470790
1005001839483352
32743232863
33036076019
4001062458408
1005002045818943
4001365772557
1005002288580555
1005002413658043
1005002323306730
1005002259909628
4000205766265
32589669234
1005002123726209
1005002428335950
4001081166968
32581019208
1005002094937670
4000257451257
1005002196817945
4000492865864
1005002181256856
1005001486854815
4001146378670
32233424918
32869590602
4001264382361
32852070962
4001259594570
1005002300291754
1005001296536518
1005001581033844
1005002279510091
1005002065789145
1005001970005462
32963705064
32885729350
32677766683
1005002272147892
1005001315359494
4000141395504
4001032062849
4000251561042
1005002342061315
32878797813
1005002265280644
1005002334542013
1005001817127004
32977481765
1005002061430270
1005002387386354
32911247547
4000436570452
1005002097217660
1005002449772635
4001227707598
1005002377580430
4001049270333
1005001865856337
1005001829224320
1005001988378432
33042499180
814249337
32863002172
1005001834606824
33029750125
1005001524797934
1005002322927075
4001225191362
4000547733219
33052897342
4001118206393
4000197858271
1005002207227176
1005002305522520
1005002289867860
1005001429361451
4000669445560
4001063302229
1005002462620633
32908733459
32862797486
1005002366526614
1005002314079298
32882093589
4001193026922
4000999352809
32963882797
1005002184528973
4000602328733
1005001968201172
1005001485225153
1005001289564543
33007210712
1005002184731377
1005001665959500
1005002449669491
32750408865
32246749704
1005001698914845
1005002405271915
1005001416019472
32326167654
1005002411771285
1005001923907238
4001296686964
32832188799
32926354653
4000499166156
32726079056
1005002457306447
1005002423713155
1005001653092930
1005002256678738
32995619935
32976808428
4000653067940
4000722945769
1005002491271275
1005002373239242
1005002313050007
1005002314289750
32844021828
1005001906961671
32883687532
32850281217
32914760683
4000984351965
1005002443628553
1005002443495809
4001332587473
1005002297849436
1005002434153022
1005002256646785
32940218723
1005001940700263
32871755667
1005002351068206
1005002342528914
1005002388352250
4001208817018
32891648520
32892430116
1005002367459119
32728413997
1005001701095656
32955838519
1005002037592751
1005002329460144
1005002409804790
1005001793402738
1005001540863908
1005001323262944
32956594071
1005001280413729
4001090239365
4001142271522
1005002283016015
32893204035
1005001693503365
1005002405061565
4001327115630
1005002443084927
32902103514
32841743543
1005002289829273
4000640040627
32972720245
1005002157408945
1005002119312062
1005001625919660
1005001349545770
32782009478
1005001869413028
4001066139979
4000099046123
1005002461262852
1005002120737184
1005001953420122
33031463218
1005002483507500
32999935344
4001038195844
4001059218573
32862613664
4000094312890
4001059018180
1005002220053425
1005001858676358
32956874376
1005002055418813
32823891887
32824286426
4000699134925
32852411011
1005002175272690
1005001608874667
1005002327987050
1005002318665862
33002744570
32237159246
1005002285718500
1005002434919301
33014298026
1005002363314208
4001289878383
1005002310548310
32377291047
1005002457165267
1005002334481945
32868238589
1005002425212398
1005001563192120
1005002395107569
32787504743
32860635768
1005002316784570
1005002383233542
4001041020765
1005001980856162
1005002322468062
4000089305506
1005001794409555
1005002206356427
32761694057
32589486887
1005002374432309
1005001977442497
4000098815204
1005001933508984
1005002258843068
1005002310905827
33013767514
32965777904
32848697202
1005002495037646
1005001967773079
1005001678779764
1005002388751283
4000878448018
32909512369
32917766743
1005001677712628
1005002291180644
32861208779
4000759657741
1005002370698330
33022213434
1005001474303186
1005002329465516
1005002265236744
32963018955
1005001689409809
32999520581
1005002434453001
1005001616991896
1005002185010154
4000641763277
1005001487763321
33010963109
4001264049351
4001160493904
32950664875
32646646023
1612771380
32863563939
4000507553149
1005002368639196
32903118378
1005002365366176
4000453713935
1005002165616639
32882879368
1005002429422641
33037445248
1005001637911510
1005001795648890
1005001502459060
32995940031
32888641790
32854565288
1005001789086979
1005001677838495
1005001402529335
32888227136
1005002416767097
1005002369005016
1005002313845299
4001171633787
4001356492184
32985171649
1005002150862444
1005001775794031
4000961742339
1005001797669172
1005002465442260
33009194846
32890639984
4001230312780
32906058182
4000874236215
1005002322146979
1005002370135254
4001343960498
10000144462794
1005002382249499
1005002467540334
4000341562567
1005002443635662
1005002072392719
4000410080249
1005002286461539
32831308250
4000468810607
33025361004
4000992652572
1005002108777730
1005002426025016
33018329678
1005002461672671
1005002408404479
32949353599
1005001666021484
32908781503
1005002194693113
4001166104604
4000429534734
1005002191986171