1005002272691748
1005002017839188
1005002433598972
32817636071
1005002167787610
32554305831
1005001381086486
1005002386940242
1005001792673513
1005002330655181
1005002212901991
1005002384605239
1005002448528627
32840351373
1005002456460378
4000637213136
32532394478
1005001525584009
32981367757
1005001538565116
32788011874
32704960516
32692630133
32590481342
1005002003788823
1005002419115779
32914445102
1005001394129679
4000220841345
1005001700295265
32800852847
32318966888
1005002354480060
1005001720637294
1005001381601770
33054474706
1005002447711928
1005001413964392
32905480319
1005002497072950
1005002076662451
1005002466962623
4001346070662
1005002292232874
32887310347
1005002433999257
32883164022
1005001397226638
1005002338902903
32963685872
1005002341594496
2048827548
4001001447202
1005001756729551
4001174406107
1005002288118456
32859442797
32854415620
4001094518651
33001433791
1005001942888455
1005002474223843
1005002474486194
1005001364392506
1005002167878150
32838421491
33003673221
4001188506721
4000849780892
1005002289009490
1005001998831917
1005001781342457
1005001595925941
1005001706623436
1005001992353255
4000812562181
4000068542874
1005002427922020
1005001518345811
4000983191381
1005001883593871
4001047227214
1005002228505496
4001186539940
32973143650
32830538140
1005002108687083
4000798528864
1005001611811175
32826431450
4000189917903
1005002469335190
1005002298604768
32814251945
4000751914158
32821733264
4001008366413
32629931826
1005001735930960
4001171399294
1005001513395116
32691468964
4000282329283
1005001971313901
1005002470441616
32581314003
4001302904309
32844239973
1005001319482430
4000433872691
1005002305126017
32676485082
4000704118007
1005001525419422
4001055267444
1005002336415206
4001038905078
32986592079
1005001817170106
1005002267973848
1005001882602051
1005002166847982
1005002318161915
1005001732478211
4000196094496
1005002490159279
1005002412178920
1005002281842709
4000899016236
4000407360660
32921211145
4000955037216
1005001958524054
4000081137578
1005002314437823
1005002303613053
32857007447
4001059879147
1005002351457417
32907984455
4000324259632
1762059226
32749413724
1005002322640242
1005002454297827
1005002302696707
1005001893872662
1005001414108742
1005001859973044
1005002326269108
32852047387
1005001389471019
4000188510716
1005001845231043
1005001618338238
33005540216
32814153918
32907298095
32998650586
1005002475954316
1005001883503800
1005001679467514
1005002072571716
1005001894606282
4000708516031
1005002438113224
1005002271822739
4000599390961
1005002499373130
32791884038
33040364606
1005001833609859
1005001504378762
1005002357434651
1005002390449548
4000089850848
4000586609123
1005001775004152
32882171814
32849406049
1005002423751484
32929313646
32962367729
1005002240172569
4000302863380
4001231336546
1005002428407459
4000267256172
1005002304071771
1005002467111242
1005001876610152
4000918328495
1005002134612437
1005002022349700
1005002466844727
32741281859
32720466245
1005002382197620
32982166304
1005001284542664
4001090913315
32464379743
32880891996
1005002307713742
4001000438830
1005001901598496
1005002363265997
1005002460406745
32948125748
1005001848748129
4000897983852
32996357359
33019096093
32932596547
32761043882
1005002190694629
1005002368952735
1005001997774590
32854266814
4000170505510
1005002314468024
1005001708248699
1005002320979913
945931252
1005001414542233
1005002292606977
4000086589143
32918317467
1005002476066757
32795132778
1005001550707762
4000015473780
1005002461846264
1005002482894994
32856730614
10000396856356
4001161602774
1005002332154401
4000373140226
4000794031736
524564182
4000906669568
33030161053
1005002367410528
1005001947799931
1005002453488566
4000348979788
32830642607
32974600730
4000826168540
1005001648493655
1005002176687552
32976774235
4001041513236
1005002499368844
1005002350925431
32973958064
1005002411864626
32846927749
32985751667
1005002264457333
1005002026977179
1005002405375452
1005001626015123
1005002328992350
4000279196932
1005001892476269
1005001633164713
32564882927
1005001475207753
32859332145
4001163053408
33005468019
1005002288410665
4001326276438
1005002310525446
1005001487623221
1005002289001003
1005001704653963
4000092521844
1005001446011607
1005001572115802
4000940890622
1005002332449642
32960818489
1005002133806707
1005002319269256
32664457515
33004022498
32869212736
32989462213
4000252331761
33016991960
1005002487726451
1005001990668256
32857403099
1005001582109095
32308461106
4000202577526
32838645575
32899776202
32642545397
32759140787
1005002212953963
1005001290550718
1005002221009079
4000199104626
4001234179059
32875800682
1005002318015160
1005001907560054
375013495
33040657038
32958621046
1005002128379975
4000278929275
1005002070195210
4001018992628
1005001844207334
1005002488038839
1005001901496650
32812875601
1005002362746918
32906063245
1005002237507103
1005002371637566
33007604813
1005001469872600
32962555368
1005001559914092
1005001914715649
4000799762201
4001139060900
1945264473
32840053360
1005002400274972
32834252153
4001244506850
1005002461204127
4001333416615
1941911756
32657681073
1005002418855266
4001273336036
1005002087928437
1005002427719967
1005001470228541
1005001418269051
4001350849653
33048709918
1005001706061783
4001170893190
33037562045
32274890224
32895096823
1005002413823063
4000382713859
1005001495817753
1005001746866164
1005001518774023
4001035599693
1005001631103082
1005002477625708
1005001824143134
4001149877112
1005002377517747
1005002341332072
4001175779474
4000735837575
1005002208076296
1005002394750448
1005002247275525
4000798540863
1005001435383823
4001213720714
4000483505185
1005001646604240
1005002191590026
32873493059
1005002205008082
33027533320
32920764173
32950059546
32797316410
4000064574393
1005002342533114
1005002160638341
1005002295647132
32897577733
32402338444
32975484191
32422490047
1005002007309268
1005002466157315
1005001387795680
1005002469932228
1005002495828671
4000905517731
1005001930237623
1005002259821937
1005002314305762
1005002344161005
1005001683487073
4000084861106
32976815766
1005002050273913
32918866659
1005002053663161
1005001867396190
1005002495880042
1005001329742339
32296213864
1005001947303750
32973672695
4000868509979
32589413357
32671920651
32628749125
32384055734
4000466210082
10000157065844
1005001894239157
1005002431103888
1005001615765924
4000530322104
32798970354
1005002453431520
1005002347301756
32894881158
4000908592345
1005002236232619
32906759734
1005001983164392
1005001389253651
4000807989809
1005001329792531
4000373455399
1005001548902900
1005001861085716
32792959046
1005002023761125
33035495537
1005002000274446
32960688433
32932332958
1005001326540036
32904490709
4000026354544
1005002471269709
4001274273471
4001045226752
4001305631935
32692064245
32966761329
1005002191524554
4000626058990
4000828620046
32974888277
4001075265296
1005002319252453
1005002314300259
4000088701684
1005002030601044
32836157737
1005001451815315
1005002353593743
4000709693042
4000082440229
1005002425932149
1005001309542360
32802889274
1005001681338841
32833977414
4000057257062
4001355702061
1005002334991915
1005001447672067
32304680181
1005002423963568
1005001665730389
32909431540
1005002240518503
1005002125312554
32948194419
32835477189
1005002313912975
1005002337231214
1005002377576131
4000484922851
32355088743
33009842946
1005002073116853
4000216059082
1005001652394974
4001175682910
1005002125956873
4000427101436
1005002356549659
4000704170030
1005001935325038
1005002132476447
1005002044354881
32460904810
1005001651285817
4000338852223
1005002150360999
1005002311983863
1005002354105914
4001001990210
1005002271862249
1005002292353216
32970609449
4000943122886
1005002066189529
4000830431401
4001160824177
4000777689601
1005002378922012
1005001415319955
32826911673
4000195251745
1005001652431433
1005001697649131
1005002070257815
4000022244326
32796080868
32958482318
1005002381345040
32879679671
4001049156635
1005002237755829
1005002417203560
1005002123784235
1005001621308315
1005002352650619
32855158157
4001313546867
4000104432836
32688687264
32814755035
4000115381616
1005001515984022
1005001345427960
32966093906
32814517146
1005001515810842
33059617891
1005002371487287
1005001277938957
4000794245141
1005001568847279
4000648880481
1005002328010936
1005002461919606
1005001437676883
1005001666434418
1005002410045074
1005002421132716
4000655786625
1005002192351687
1005002382072483
1005002382403995
1005001793017374
4000966345349
1005002287399381
4000223465991
1005002481272060
32979554885
1005002262430427
4000785251438
4001232106061
32692884762
4001006330941
1005002167979203
1005001694318071
1005002361232163
1005002021419953
32793865444
1005002281959259
33062535874
1005002423722056
4000245294349
4000506355268
32679604916
1005002134184733
1005002293694280
1005001454470190
4000032739589
1005002270318193
1005001736665624
4000627014348
1005002393555306
1005001325215031
32864975458
1005002353772852
32281250395
32881584323
32993584141
32850945587
1005001965347284
1005002237622127
4000094694003
1005002497420993
1005001693976900
971370588
32849812125
4000112745291
1005002280526318
4001336907911
32832413282
4000389669708
1005002044290766
4001187997368
4000028763390
32852521409
1005001502493812
4000848828797
4000058107777
1005002384761620
964662380
32858139529
1005002245311273
1005001625486192
1005002277521674
4000180724536
1005001657800429
4000662691611
4001227946806
32972511241
32659144824
32942831907
1005002319195679
1005002038060768
4000346930168
4001110164956
32608154918
32986227924
32902264704
1005002197748137
1005001500252823
1005001444689047
32961426210
1005001877552704
1005002110047962
4000225432922
1005002446679645
32322530963
32822196334
1005002489318505
4000013797746
1005002443688267
4001015117818
4000992925982
4000030107210
1005001506611673
32425055513
32798716613
32636584872
1005002309946503
1005001587034937
4001062550141
1005001512847536
1005002027726477
1005001305015602
32637399119
1005001307971038
1005002067690015
1005002376108787
1005001763658505
4001314028171
4000847594603
32687023546
1005001893588015
1005002420817441
32816924148
1005002112957282
32794307769
1005002400603200
32688717745
1005002371637118
1005001530382992
1005002346712692
1005001296869482
1005001412447846
1005001453501449
1005002172939053
32673356075
1005001465845015
1005002295640018
4001180516287
4001084055062
1005002007630064
1005002305316407
1005001687850258
1005001549552913
32221574542
32391030332
4001159306971
1005001830073538
1005002425773917
32823705734
32818561283
1005001855057300
1005002425119128
4001119334566
32987757507
1005002211866254
4001038603821
1005002457930789
1005002326292364
1005002219074395
1005001865843859
1005002345085161
4001248922436
1005002315807873
1005002234780392
1005002412724989
4000036070089
1005001381704979
4000293845824
4000237673376
1005002211901390
32580040195
4000248023236
1005001529742606
33012227743
1005002319078295
32738921199
32587541570
32842982185
1005002224268893
4001231990254
1005002168168334
1005001507207670
1005002212326318
4000016046741
32953744754
4001179695762
4001163100200
33007226346
1005002351295867
4000264850846
1005002486222919
1005002091191709
4001040757062
1005001405375374
4001231259276
1005001278473914
4000465896729
4000856317073
33004871267
1005002019629686
1005002233719343
4001248626266
1005002295519347
1005002418262831
4001270865380
1005002307714454
1005002235195658
32858784773
1005001765767053
1005001566763372
1005002069808060
1005002294670575
4001290379946
32858840459
1005001870190038
1005001965433903
1005002495334513
1005001873246118
33059578788
4001124709782
1005002365211713
1005002342541463
1005002305318533
32998456643
1005001797706013
1005002388227622
1005002251779357
4000384358487
32958786058
1005001446418547
1005002234450054
4000955504874
32637203323
1005001879912181
1005001752836637
33038108190
1005002266585909
32978933038
1005002420536439
1005002280678921
4000029192586
4000791719384
1005002007953602
4000430072434
32911395302
32848162956
32818967463
4001105748337
4000058318748
1005002393878995
1005001958664788
1005002439667196
4000850433642
4001041140587
1005001670803725
1005002282828087
1005002317379777
1005001576345842
32779194539
1005002306321698
4001282941266
1005002119384757
4001126901754
1005001327168247
32960974124
1005002462247028
1005001902780083
1005001320849015
1005002041905956
4000834058462
1005001556231009
1005002451138206
32977707858
32886362969
1005002317771348
4001264147909
1005002384676578
4000900468994
1005002449512811
33057284604
1005002353535071
1480146207
1005002136476182
1005001802860572
1005001670968991
1005002081417064
4001079449273
1005002358859457
1005001878304226
1005002413459901
1005002314262806
1005002388313794
32793679905
33062063771
4000253611178
1005001855672972
32982881755
1005002295110078
1005002108316204
1005001797788937
33012821051
32886873114
1005001332777426
1005002467839437
1005001998627894
4000679711390
1005001981916427
1005002260935237
1005002373001318
1005002254537663
10000181400920
1005001874676245
1005002333413931
32913266202
4001231542041
1005001308009917
1005002408668191
1005002334496983
1005001636451138
1005002277542298
1005002091578880
4000539067327
32957042828
1005001269507423
1005002428456739
1005002427993597
32858448952
4001057960649
4001111548967
32995642950
1005002271854851
1005002022155271
1005001364223323
32975149878
1005001458773105
1005002357583279
1005001307989261
4001320866532
4000194070319
1005002268733417
1005002387185069
1005002334060257
1005002450395218
4000382910775
1005001665947837
1005001303671150
1005002271817084
1005002448125248
1005002346881975
33029114227
32826150631
33031859466
33056324258
4000631954169
1005001678153296
1005002500321407
32990810878
4000781281248
1005002315732153
1005002266208586
32988987147
1005002434342109
1005002337757694
1005001694102428
32813746555
4000210236434
1005001872169392
4001200360164
1005001659301946
4000242094567
1005002306106837
33034346701
4000740401993
1005001439062923
1005002281528322
1005002245108417
4000011388768
1005001640370997
4000197100738
32938890309
1005002152346982
4000546587118
1005002260218334
32856408286
4001066492665
1005002115645215
1005002297885176
1005002176897332
4000642475783
32857051907
4000481059922
1005001757427761
1005001528916035
4000760557187
32975105541
1005002326238887
4000478065220
1005001465862247
32809353252
4001304758069
33037013321
1005002369787926
1896866756
1005001773884783
1005001736633679
32847414214
32964780823
1005001460612650
4001366468250
4001138983173
1005002167958554
4000936345357
32889638232
1005001682129938
33055164100
1005001406420904
1005002253493507
33010167952
32900024631
32861197172
1005002334091476
1005002122497437
4000600416736
1005002229136522
1005002102118575
32917106784
32899686928
1005001381700061
32923970546
1005002475313948
1005002054472999
4000873747474
1005001815430207
32848319770
1005001865407979
32403382935
1005001779980203
1005001894735035
1005002078933182
1005002347136853
32893554667
1005001810454897
1005001849806589
4000755984698
1005002268005083
33047657580
1005001810136352
4000726937727