1005002353942848
4001013646618
32915420479
4001287411931
1005002277605519
1005002226541794
4000505521345
4000081070398
4000497826044
32973431566
32917230071
1005002496356586
1995315257
4000497637536
1005002286673591
33046924887
4000057804716
1005001436915181
4000963672783
32808938141
10000348641427
32890545551
1005002340283920
32721776734
1005001511608832
32717967274
4000221883759
1005001884062630
32358244808
32515517926
1005002340406586
32435001459
1005001548082904
1005002248191760
1005001591135323
1005002450200963
1005001868947273
1005001620311971
1005002086878090
1005002112745274
32853787881
1005001300307405
1005002267292720
4001332612113
32842006744
32916119672
1005001997472133
4000435063961
1005002461088873
32975692558
1005002200802438
33039548741
32953431677
1005002199372746
1005002388912906
1005002296324879
4000377490143
1005001877118875
1005002288805621
1005001705586778
4001220926473
33049010055
32809676636
2043475296
1005001988769719
1005002038159395
32776219236
32981924155
1005002277693646
1005002322872317
32837123514
32836460378
32379114214
4001120099131
1005002398753237
33013807013
32946572129
1005002326893529
1005002265523095
1005001319362109
1005002324661402
1005002294284395
1005001551827409
4000941689787
1005001296674278
32970275913
32858219476
1005001747449280
32766087834
1005002233820461
4001237247564
4000278439166
1005002433319609
33002115271
1005001322786064
1005002277310856
1005002258150916
33032312193
32913488741
32974553992
33027501960
1005002286557784
4001264590387
1005002304317612
1005001349751350
1005002316742146
1005002124180221
32834914107
32864002145
32826859317
1005002430556975
1005001315268819
1005002319651044
33021102493
1005002225170614
32876301152
32993136950
33023827544
4000180159344
32950838170
1005001901257941
1005001999497809
1005002278437089
4000547716837
1005002283921199
1005002324073212
32966728730
4000252820362
4001250812250
1005002401430611
32819020382
4000492607938
1005002261293911
4001234715792
32828760147
1005002072171842
4000747806626
33057935754
1005001457837529
4000253228547
1005001755980958
1005002304131186
4001093504525
1005002288040803
4000543827455
1005002075366757
4000068669427
1005001687783860
1005001458182027
1005001619362773
1005002070048011
1005001604926190
1005002281585407
1005001945906939
33009349810
10000134763144
32867341237
1005002350637234
1005002376035951
32832447454
1747514070
1005001670870804
1005002350669038
1005001933298646
4000282328881
4001320566013
4001304425643
1005001590828404
1005002322070240
1005001541682057
1005002362470883
10000402365249
1005002065631317
1005002283645018
4000013578639
1005002206325673
1005001843200173
1005002320483924
32998963663
4001203233079
32859923891
1005002467126259
1005002407664486
4001185066727
1005002454342874
1005002130573178
1005001270327046
1005001868815885
32923394639
1005002204021012
4001309044034
1005002120274346
4000382471322
1005002389106100
32843579140
1005002038773494
1005002277303249
4001326834413
1005001561537019
1005002314378006
1005002293140291
4000121242363
32564375827
32889818157
1005002289190679
1005002120397297
1005001495943585
1005001622966673
4001338418767
1005002252726349
1005002369447806
1005001564730301
1005002311485719
32807879476
1005001507492076
4000707541462
32839637319
1005002016457442
1005002469661554
1005002478307134
4001041299544
1005002339475424
1005001683904128
1005002474452485
1005002352652053
1005002122589843
1005001885182646
4001326068782
988641792
1005001515912320
32981779086
32950039890
33018431171
32968577026
1005001340237646
32980994983
1005002225751430
1005002477795190
1005002482958956
1005002490041898
1005002296852413
33033782266
1005002065317037
1005001394778371
33011217028
1005002382673048
1005002253607835
1005001968285988
33001228284
32909201465
1005002108672182
4001212841870
1005001458357662
1005002121974384
1005002468792198
1005001452534813
4001322663795
32819070855
1005001926823698
1005002310508483
32886476812
1005002393579475
4001159241521
1005001839083561
32845260666
33003565959
4001230553960
32758237820
1005002377926954
32901395960
32974658825
32851588811
1005001271682452
33042741147
1005001611014144
32863470810
1005002342978955
33029795857
4000382263647
32808850351
1005001722849039
32856767291
4000427121170
32984015863
1005002392749030
1005002467660189
1005002221143922
1005001626881410
1005001657598524
4000990758300
1005002424186855
1005002481257004
1005002500534202
1005001999162105
1005001606533918
4001270402981
1005001901455064
1005002099983727
4000048883755
4000526336683
1005001529391170
32602531994
32949770649
32919735549
32647611928
1005001799203476
4000005700950
1005001939308144
1005002268170325
1005001580392487
4001275615818
1005001928113762
32691796542
32866349074
1005002364796475
4001237872982
1005002273725289
4000860903728
1005002426724229
4000910282501
1005002454236560
4001062046136
32919013706
1005001940930521
32954174330
1005002393939966
32860084020
33051436245
1005002348852568
1005002284252965
1005002023479076
1005002100261844
1005002240527652
32737169912
2053893691
1005001415250072
32950673957
1005002297795236
1005001727112683
32812591409
4001268453809
1005002395245241
1005001437501866
4000286154810
1807539594
4000785593697
1005002330464625
32889256157
4000035941297
32999212038
1005002214695319
1005002476712803
1005002427810510
1005001585042434
10000318897013
32793767001
4001233393847
4000401972317
1005001656823755
20000003870910
32829091899
1005002301170484
1000008621310
1005001873288510
1005002302354468
4001326393538
1005002398131053
4001212918185
32946994209
1005002484121843
1005002214747978
4000971453831
1005001546852457
1005002377687719
4001211365958
4001164431096
1005002449721949
1005002263264020
1005002462799120
1005001460146047
1005001830140699
1005002313763127
4001222988638
1005001298617604
1005001910047801
1005001559887903
1005001708261889
1005001413090364
32620999463
4000429658159
1005001321313030
1005001561612555
1005002051122997
1005002400368198
4000784118286
4000045337400
1005002315899341
1005001708077030
32739565502
4000342353281
4000479945047
4000227531809
4000114843610
1005002340989100
32971265507
1005001591162519
1005002242142729
32898109952
1005002172898525
1005001438746940
32918317456
1005002345260045
32811900803
32828850789
1005001950328141
1005001909223857
4001128378900
4000017328874
1005002284357718
1005002402207235
4000682351038
1005001900047380
4001302365218
32670350871
1005001834542589
32795044199
10000089162802
1005002347760402
4001252382877
1005002466008400
32857685309
4000449784364
1005002293639627
1005002023277947
10000375273160
1005001592151702
1005002282922794
32982272567
4000250588018
32807034522
32847123736
1005001873516887
32827371883
1005002324132898
32255679400
33008825909
32856429487
1005002007195792
33056453414
32817757018
1005002428201029
1005002043595449
4000469341944
4000442782020
1005001977810427
4000516421302
4000261809326
32854421973
33004554836
4000120350437
32852345041
4000247813640
4000924238364
1005001799112015
4000461016861
4000771150357
4001268368526
4000074179786
1005002351449615
10000352389387
32978127596
1005002011991329
1005002293529347
1005002447334657
1005002379866617
1005002264220439
32742699548
32800582302
32844368775
32862925842
4000731168302
1005002275515596
1005001941102345
1005002398864290
32795079469
4000029113096
4000844057694
4001210175231
32787021546
32959109751
4001143398723
32957537226
4000668534405
902607681
1005002235057447
1005001459938093
1005001828864060
1005002333787373
1005002316360777
1005002422862395
32845679669
4001138461324
4000103942900
32998292626
32833108131
1005002416762276
32253319789
1005002489466264
1005002359385194
4000955941113
1005001597090739
1005002241549890
1005002346683367
32843029481
1005002398375855
4001039375129
1005002372692673
1005001917802594
4001175501631
1005002212070638
33022692431
1005002324585897
32599599433
32828844740
4000611266844
4000123567930
33016293066
4001344720273
32625094802
1005001518734746
1005002465335903
4000464331943
1005002490473468
4000364648728
1005002093084056
32944909084
1005002468303892
1005001779535316
1005002210004628
1005001525363800
32887442394
4001164489255
1005001609665725
1005002253026316
32965268250
4001162764487
1005002293642535
4001031308710
32977869205
1005001797122837
32817025141
4001209263960
32805509024
1005001558384205
1005002440127251
1005001888600930
1005002452739497
33046730164
1005001846017024
32956526536
32902046675
1005001747123379
1005002405536307
1005002439224996
4000842696031
4001221526425
4000805408479
1005001737032801
32830534871
1005001464045471
4000966576479
1005002498702574
4000411150786
1000005835911
4000655903122
33033398209
1005002469930014
4000943867740
1005002426828341
32882007379
4001007088603
32994532528
4000991003104
4000044178494
1005002277385976
32970031391
32968097305
1005002339934723
4001109186832
1005001924749733
1005001445574726
1005002167465471
1005002231945630
1005001752733759
32828795515
1005001565597314
32642446574
32879029385
1005001316464498
1005001400420611
1005002316577927
32965323492
1005001882620481
1005002457488839
4000868284166
1005001555664213
4001098621820
1005002283082737
1005002229282654
4000555010463
4000598255720
1005001635995363
1005001270424041
1005001738554112
1005001414449859
1005002421363113
1005001893799117
1005002253893283
1005002454247605
32270822887
1005001431486518
32766687738
1005001560158271
33031847492
1005002301547221
4000857214470
1005002024453926
33001233572
1005001268837446
32948786517
1005002438775707
1005001307399859
32923800353
33035715758
1005001884445873
1005002460963922
4001012994897
1005002400270257
1005002313706665
1005002204018932
4000631465644
1005002313774671
4001296740088
1005002442666381
1005001670796830
4001286419996
32288860150
4000099118634
1005002102264154
1005002070359297
1005002313286862
1005002107636796
1005002429651987
1005001846571294
1005002269287213
1005001337446488
1005002309564886
32967164357
4000941067954
1005002102081644
1005002329448227
32819911312
1005001880256429
1005002239592077
1005002328253448
1005002411028882
32685767373
32590355802
1005001525477355
4001255166846
32671914140
4000961880647
1005002129822269
10000122492390
33022297411
1005002298156919
1005001908171893
4000192419664
1005001708444293
32888140311
32793003827
1005001796648930
4000990291067
1005002340809511
4000082323132
1005002258805944
32794208165
1005002252154473
1005001900644362
32858107624
32874873954
1005002289014714
4000883877067
32632656865
4001045386307
32808671191
32294067331
1005002291611194
32812259593
1005002466273234
4000183026939
32797377680
1005002278728816
32817518107
1005002475549260
1005002314092250
4000071448179
32839128818
4000850504815
1005002332079963
32919038766
4001257639862
1005002369301303
32821179308
4001282447480
32672087587
1005001876902844
4000920468137
1005002129698562
32672166816
1000006306997
32646229395
1005002443044888
32953384127
1005001398125703
32952058657
32884534321
1005002488829753
32912331176
1005002315102600
32773131920
33063386684
4000032175270
1005001303148081
32972541726
4001009260309
1005001994163875
4000415349107
32863575866
2048279765
1005002283659035
1005001664126201
1005002418236658
1005001338068894
33037202439
32973904332
1005001821523955
1005002367941525
1005002316370842
32966618421
1005002199246643
1005002021690260
32987443272
1005001999868198
4000772909428
32941139979
4001197008360
1005001937972591
1005001474570264
1005002228244633
1005002434465302
1005001576500347
4000006979441
4000224129231
1005002314208904
33002857606
32918387343
1005002454328187
1005001405842055
1005002020043459
32863051557
1005001625522750
4001270292603
4000278475764
4001281678207
32851731900
1005001413456691
1005002264622257
1005001478055642
1005001315372056
1005001791929733
4001137491642
1005001612900644
1005002426851274
4000642287363
1005002254346747
1005001640140074
1005002314395278
32850119018
4000690665491
32989695837
1005001480219720
32890504397
1005002234138124
1005001381287098
32827788016
32964276145
1005001592647092
1005001508252746
1005001727045121
1005001436235197
4000053590324
1005002246305082
519868188
32581000787
32852608535
4001274002748
4001010992437
33005762950
1005001775259718
1005002315705182
4000843001574
4000857318977
1005002039399656
4000904368602
1005001726418751
1005001604949409
1005002263810133
1005001354762487
1005002333425349
1005002334567090
1005002342685438
4000230244250
32869634904
32874419453
4000473948217
1005001621668868
4000786565799
1005002295457257
1005001652473622
32825427291
4000265938065
1005001834381161
32720838977
1005001967030070
1005002380947234
1755218606
4001152156750
10000423754132
32865980156
1005001499997748
4000552872377
4000718357534
33045058207
4001119336167
33001368379
1005002323298823
32968919225
32640486382
1005002315737689
32914328521
33001591351
1005002490048456
1005002375422218
4001339953482
4000996527249
32987785578
32962700618
1005001621525561
10000395869093
32955798757
1005002333171021
4000693563731
1005002314369083
33039032974
1005002464884436
4001137393587
1005002316417510
4000643327840
4000955878003
1005002218300630
32802496501
1005001465263996
1005001505973526
1005002271070962
1005001446224805
4001359740976
4000492830745
1005001661408073
1005002231989782
1005002468338979
1005001789967357
4001299443777
32975129609
33012426809
32840691594
1005001889145529
1005001859621298
1005001555976971
33000216496
1005002024759295
1005002484731452
32852389685
32858508997
4000117197097
4001138425783
1005002305777183
32997394947
1005001921527426
1005002490408959
1005002043098961
1005001434689152
32859696900
32965066025
32887511157
4000642357576
1005002469580644
4000312555349
32828416034
4000176563891
1005002271125406
33019108962
4000449154018
4001051189333
32825767461
1005001349604981
1005001664097506
32959632623
4001293487997
32865448784
1005002252713187
33025570315
32554501851
33017913302
32739855092
1005002436162425
1005001274169752
1005001894459874
4001202040223
1005002122581101
1005002351729470
1005001499231723
4001137598185
33002052900
32985783699
1005001638697840
4001339782347
32965638834
4000394206723
1005002264643539
33044424253
1005002035723895
4001014261162
1005002271701475
1791722306
1005001321204157
1005002458433316
32911020749
1005001777761508
33020577692
1005001557878171
1005001492885298
1005002055415628
4000532902812
4000060414264
1005001285174055
33030965221
4001047813054
1005001958845166
1005002311050046
4000065771224
4000023205117
1005001868581620
4001103707326
1005001567333470
32814335774
1005002326527510
1005001478858589
1005002027744667
1005002267626367
1005001821243675
1005002164330240
4000838207142
32868998719
1005001830994047
1005002114649450
4000095946666
32825705409
4000930390106
32843932252
10000402350521
32898612874
1005001470607289
1005002219036682
4000313358174
1005001873734220
1005001727903797
4000296536571
32839510532
1005001954998118
1005002346793495
1005002181617394
32850723948
4000163094017
33059870152
1005002355904070
1005001926878859
4001018626918
1005002439843353
32739910622