1005001389574142
1005001803273626
1005002423617411
32852696106
32391418403
32718633312
1005002447549549
1005001931022238
1005002347753412
1005002254658255
2035168932
1005001996978451
32788476344
4000498121814
4001215607600
1005002485921893
4000773489569
1005002245424297
1005001730500769
1005002428606234
1005002309117422
32995450385
1005002090559535
4001210944889
1005002443053699
33046964297
1005001314600216
32800594903
1005002329662956
33006599968
1005002219896947
1005002263655138
32291006936
32765930655
1005002497105037
1005002298428602
4000443363284
33001829298
32813240587
1345895457
4000083690101
4000570961405
4001122262824
1005002370626650
4000336182163
1005001988585212
1005002416284221
4000226749008
32958038987
32900491050
32960173403
4001113401163
32948168362
1005001970206721
32800893107
33000981642
1005002321217220
32825699593
1005001830078952
4000961754074
10000329067541
32913608578
1005001717432540
1005002204914875
32993122082
32894976578
32854039705
4001327570319
4001005464136
1005001529342646
32625721040
1005001560679805
1005001698683754
1005002372673793
1005001872779550
1005002314795541
32867288130
1005002264481085
1005002213430965
33024737276
4000505949854
1005002314418008
32848523590
1005002219565788
32814674210
1005001651222676
1005002341452310
1005002401191433
1005002003852697
1005002016962239
1005002442085886
4001296286639
1005001670750688
1005001603402286
4000252615550
1000005311587
1005002388344096
32800726929
32906495897
1005001447163155
4000861439335
32280010999
1005002393769362
32788001188
32997834889
1005002372773691
1005001949144849
1005002306965243
32946664245
1005002351873288
1005001623973267
4000800185304
1005002324222046
4001066718366
1005002206386414
1005002288298568
4001090654339
10000289035330
4000581280277
32871965649
32902013673
4001041147350
4000674824162
4001241682599
33011920876
32478506750
32876302229
4001175549587
1005002014816274
4000399365173
33003470697
32914522751
4000808325761
4000064575613
32990037529
4000574123300
1005002316427504
1005002456999793
32950433322
1005002055226690
4000979416900
32966933710
1005002481715530
1005002346162690
4000105208892
4000268059947
1005002363798870
1005002460281304
1005002197183144
32968051080
1005002111593513
1005002399616497
1005002008294485
4000375451850
1005002000363183
32836686465
1005001271582888
1005002167637869
4000279464908
1005001524221561
1005001485043857
1005002332881277
4000393629148
4000472661796
1005002496322523
1005002399694604
32884619991
1005002179623964
1005001374384950
1005002492351758
1005002459257855
32838306339
33020706188
32947510738
1005001395426817
1005002224074259
1005001843994810
32804610610
1005001487322960
4000334819941
32728205747
32858284983
1005002460603930
32969259764
1005002247774612
1005001385220687
4000554788606
4001298312320
1912939350
32604172501
1005002314256665
4000689702379
1005001525541058
1005001941726172
33057267764
1005001614924827
4000472957244
1005002334857039
32830078568
1005001994131165
33021829962
32966635643
32799239747
1005001457557884
1005001686290039
32964031117
1005002342404548
1005002346339071
1005002066125681
1005002253169040
1005001361943442
1005001616484578
32799422035
32973491332
1005001583014196
32898142315
32848948628
1005002350944725
4001061104886
32866953144
32300913415
1005002277941233
4000062821725
32940308006
32959904019
32854404055
1005002374919772
4000442167924
1005001813343224
1005002314328852
32833519868
4000891535531
32825482032
33005532355
1005002238318739
32959020777
32932080295
32581811436
4000149212424
4001124887103
1000003937101
1005001885058966
1681890367
32294889306
1005002462098562
1421719200
32786312795
4000155231554
4001294148362
4000658038329
1005002468247404
1005001840330571
4001133066067
32890722743
1005002313015793
4000457049129
1005001898811941
4000215628952
1005002146396495
1005001329801703
4001350438609
32536082021
32957074219
33035988134
4000018205020
32748897608
32918288899
1005001642770229
1005001834902194
4000677589957
32610712968
32867495646
1005001749126431
1005001858138133
4001286945107
4001059607212
10000400025225
4000986702851
1005001350142575
32840410574
1005002509889573
1005002276908761
1005002347763933
32729983949
32799153138
32849663592
1005002294043238
4000154790123
32703112543
4001267679032
10000397711428
4000279900735
32912694844
1005002315659522
4000735710656
4000993113977
1005002277615720
1005002233119972
4000945256025
1005001795420092
32859533966
33005834563
1005002297180715
32259679703
4000805446505
33014795708
1005002319078000
1005002397874470
4000464687018
4001364772597
1005001454565418
32945437566
32786379432
4000626507378
1005002294227164
4000548861302
4000219304900
33000459798
1005001860848402
33006099101
32968966199
1005001615308308
1005001310392577
1005001554051486
4000853761056
32490129818
1005002289092033
32836535491
1005002310942744
1005002404581780
4001115426899
32789797599
10000138011331
33002482733
1005001860017969
4000239595730
1005002308060911
32954249410
32973991045
1005002293057363
1005001729052330
1005001645580639
1005001713844049
4000313675392
4001337871755
1005002418089044
1005002356123259
1005002304359286
4000800242998
1000006429623
1005002040919082
1005001419095130
1005001948384287
1005002375460208
4000688869408
4000860341831
1005002314287404
32974674655
1005001519912425
1005002439578356
1005001374595878
4000077797518
33013957972
32791902256
33039406675
4000292683137
32862142550
32883676877
1005002234045762
32790915610
1005002067578311
4001310032933
32831677375
1005001953415781
1005002469042665
32973777395
32830514194
4001365037078
1005002410194752
1005001360415935
32814826643
1005002078554518
1005002319210040
1005001709810498
4001149450666
1005002275861114
1005002416587727
4000784886810
1005001858419438
32954814434
32815724128
33012674293
1005001882333530
1005001580124935
1005002321159367
33004169959
32385838058
1005002089884058
4000836689843
4000018597346
1005001772729719
4001110598387
1005002383708218
4001069202236
32970042812
1005002029353782
32939582974
32512200888
1005002400119201
10000356665370
4001230791364
4000857295044
4001206364349
32932752083
32888390054
4000058199504
1005001583112126
1005002469694966
1005002462469702
4000304801914
1005002421618946
32847230128
33035441451
4001275744443
1005001886333031
1005001964979955
4000990919105
33031160384
4000470255718
4001231791389
1005002339819062
4001275330731
1005002365551405
32860324320
1005002347368471
1005002355951661
4000065077421
1005002319031915
33010154675
1005001482830045
4000812656017
902607757
4001343349957
32593967919
32856044146
33014151408
32976663210
1005001675386456
32962711940
10000000381208
1005002260128676
1005002378762762
32888258670
32869589705
32762429073
1005002068177831
32954244289
1005002413350933
4000837515383
1005002328074591
4001230677259
32785412941
4000165248486
1005002342619336
1005002292432284
1005002210493259
1005002269182233
1005002341759735
1005001265523757
1005001625807847
1801234703
32882451768
4001307567141
1005002306556547
4000388872265
1005002352956253
32880440661
32659802486
32966992931
1005001579671805
10000370224944
1005001873070005
1005002364434485
4000773137722
1005002327206360
1005002356265969
4000956115984
4000317975364
32823957350
4000270223180
4000146906031
1005001463935237
4000463539879
32891371968
1005002400668868
1005002322897011
32890704131
4000670409650
1005002271124623
32858249115
1005001792556601
4000791494008
32918599752
1005001525269961
33011979878
1005001976875055
4001328513388
1005001424870111
1005002367841959
1005002334007551
1005001864435488
4000830452759
1005001808851986
4000422927678
1005002204829981
1005001670893409
1005002243474342
4001247557982
1005001953345390
4000456251427
1005001680437539
1005002385054827
4001353209443
4000040037147
1005001881404802
4000642271500
33005961362
1005001944581249
1005002314420104
1005002011777054
32791052061
32301996407
4000096557065
1005001905320067
1005001656830292
4001315554012
33015630525
1005002394801368
1005001618522093
1005002262266966
1005002284028021
32970013923
32816615526
1005001591633322
1005002288000556
32828206176
4000908409444
4000545719767
1005002287315177
1005002206779035
4001365495970
1005001973618439
32825791093
4000305255372
32964134234
4000741242002
4000750418396
32597522409
32393708807
1005002424632157
32846692449
4001099429481
32988029774
4000086102470
33023460937
4000661101124
1005002293275725
32857577305
1005002500444765
32837734479
32953877930
1005001839786939
1005002358496939
4000437435119
1005002243359417
32901081954
4001359695659
1005002313879021
1005001535041316
1005002346745588
1005001694000566
1005002396439257
10000334796354
4000484071815
1005002233094331
1005001873290271
1005001698495034
32862295509
33043332838
1005002313793145
1005001839279584
1005002184675107
4001269175857
32747584975
4001013877687
32675770426
4000597874456
32958212913
32874167802
1005001835312670
32964291789
1005002329616188
32895394305
1005002388180250
32594731808
1005001349943727
4000996666700
1005002282805930
1005001359729382
1005002403654594
1005002033803000
4000238203004
32811572407
1005002313771850
32870036334
1005002389463744
32969832121
4000696593676
4000516282041
4001031857281
33028023010
32928433099
33001313206
33013839868
4000219750361
4000624911441
1005002347167723
1005002265445985
4000589731793
32860031674
1005002337354694
1005001490014559
1005002247155085
1005002435578316
4001060892557
32483363707
1005001693772383
4000217043570
1005002219601270
1005001787213628
33054609538
1005002280446657
1005002431274475
32832025999
32883026036
1005002054560046
1005001798055623
4000075588525
32852967247
4001321591718
4000865407067
4000624485503
32954143979
1005002394762075
32820242539
32994482865
32970964628
1005002275649757
4000449972230
1005002315657934
1005002231696270
32880333554
4000894536682
1005002426545727
4000776720288
1005002326518470
32904588937
4000705749903
33003918152
1005002341112578
33059121666
4000834689820
4000581479901
1005002324096794
32954322346
1005001640529989
4001196123160
1005002389087069
33058923974
1005002334307686
1005002281443540
4001297101082
32917577233
1005002317635942
1005001874410880
32945092758
32844441174
1005001656893335
1005002122446090
1005002314406755
32720389949
1005001953233782
1005001834522032
1005002148942368
1005002282360528
32961232830
1005002440671924
1005001515781842
4000603228773
1005001769871327
1005002452660201
4000777264261
32951633907
1005001694659387
32855360732
32976972941
32750912594
1005001453069728
1005001600608393
1005002262459950
1005002316183193
32340292888
32579067468
33024578308
1005002487382263
1005002432227831
1005002114842809
10000384972802
33051686492
1005002382846859
1005002314196233
4001364913459
32853019667
1005001515818670
1005002233006010
33058042391
4000090262622
4000663801868
4001043766493
4000926381517
4000850675445
1005002072390043
32831183459
1005002239594959
1005001586878669
1005002469110661
1005002362041748
1005001530482905
1005002162193305
1005002208166758
4001350647675
32883309504
1005001432343435
32890270168
1005002450271091
32992871875
1005001380236404
1005001274776055
1005001941915402
1005001887708197
1005002310997237
32819584175
4001085497284
4000209406706
32832512252
1005001585622965
1005001850445780
4000026327994
4000984179855
33015882772
1005002417221411
1005001599561530
32922508914
33063414582
1005002459217060
1005002356564658
1005002258586562
32844913121
1005002212978015
4000095927603
4000209987600
32859052384
1005001890380502
1005001837079929
4001025805272
4001300419203
4000225691344
1005002339437557
1005002264059219
33045856868
1005002311160197
1005001989553638
4000769862560
4000456173939
33005293412
32921131620
32967216916
1005001834394891
1005001728511241
1005002409898259
1005002171567641
4001176874401
1005001381633304
1005001736763376
1005002322450325
1005001626446375
32952088546
4001285129582
32847164114
1005001922329666
1005002100747207
1005001870395186
1005002273523033
4000434393698
32214072509
1005002387940849
1005002201278362
1005002306557770
4000970646595
1005002399894687
1005001522367655
1005002466637504
4000035931683
4000554759943
32683312360
1005002322802661
1005001977470933
1005002259973382
32998237251
1005002122424776
4001250948069
1005001368140107
1005001320774647
32790094374
32920585959
1005001548188275
1005001867284522
1005001799324581
32825698721
32844452845
33029014412
1005001558741351
1005001375089552
32952742405
4000322185273
1005002349665436
32893199831
4000687022394
32948128134
4001160650395
1005002474422683
1005002276246819
4000989473918
4000886066887
4000302666367
4001322199324
4001327495177
4000769785642
4001267535145
4000549481058
1005002449202587
1005001515130949
1005002345042609
32917602140
4001277430409
1005001494297237
1005001791603445
1005002460027342
1005001494790824
4000184175380
1005002342113524
1005001913690809
1005002302413231
1005002213095200
4001315038707
32870572889
32624446380
1005001900930779
1005002383699132
4000127418490
32942778564
1005001406164293
1005001402748238
1005001304086535
4000801057702
1005002012286356
4001293614196
32969411375
1005002314283334
1005002489200772
32844152301
32848493006
4001364307189
1005001890883030
4000805868725
1005001934650756
1005002330310488
1005001406308643
1005002247605836
1000007595624
33009602761
4000089276240
1005002122535322
4001273324048
1005002483784293
1005002239492456
4000122159819
4001317650549
1005001736325528
1005001769178903
1005002500355744
4001041942794
32972900022
1005001869569733
1005002426703493
1005002117137646
1005001737436487
1005002293764466
1005002206977379
1005001402794955
32962566450
32818711195
4000974197924
1005002173258843
1005002499042273
1005001355138542
32297793105
4000545885864
1005001710222121
1005001514178259
1005001626469587
1005002362041099
1005001877826170
32819911248
1005002350855438
4001037971670
1005002179277067
1005001744706810
1005001476630061
32702731751
1005002489073199
1005002301165545
32963619906
4000297502463
33034239772
4000818115337
32856604452
33031750801
4000020317261
1005002224699605
4000151770120
4000277652731
4001029370417
32996847862
1005002306754954
32846193477
1005002301435669
1005002070838005
33004264977
4000955827232
1005001458144797
32840423965
1005001820623137
1005001817360007
32695261071
4000025227452
4001305863502
4001351959034
1005001967445847
4000248514532
1005001922311745
4000959740581
4000986680935
32823576463
32832748350
1005002465348928
1005001560403682
32803894386
32966372165
1005002255060209
4001041061320
1005001388154666
4000804787033
32958260837
4000434261991
32953817994
1005001394408261
1005002351737099
1005001441991328
1005001873162993
4001083670746
32821440320
1005002308068729
32816045742
4000850223116
1005002271723721
1005002428298995
32854905823
32908765589
1005002352287020
1005002399555259
32676013545
1005002465772247
33004708594
32917501257
1005002029111939
33027714770
4001146415052
33006546885
32842309505