32930628997
1005002086415175
4000497742866
4001117730167
1005002233016198
4001138102663
1005002027967937
4000270722078
32956366562
33023186974
1005002385123518
1005001962127019
33000502731
33048687639
32933135728
1005002033180252
1005002344416660
1005001596390826
4000959106072
1005001759582518
4000107290093
4001199136343
33040468155
4001215744182
4000373538062
1005001491465058
1005001285208758
4001055512254
1005002078846745
4000995222445
32996479487
1005002029280515
1005002436167063
4000990971084
1005002166913679
4000044056206
4000339997841
1005001705739251
32974801114
1005001600161695
4000177916715
1005002495728477
33019893668
32614635392
4000225736195
1005001956405305
32924314685
1005002264401879
1005002064076992
1005002001741651
33052817166
1005002246852428
4000129451676
33007688940
32969421380
4001032381467
1005001988680435
1005001867125624
1005002208426390
1005002233067861
4000544699993
1005002239449873
32749355405
4000089836111
1005002433208722
1005002404946807
1005002405538809
1005001302475554
1005002457815751
4001148767052
32813561787
4000780280781
1005002206139390
32824810567
1005001670472893
4001365518264
32975635611
4000032382120
4001286398387
1005002426075737
4001225242410
32926635185
1005002350665809
1005001555244973
4000850307965
1005001315336711
1005002314248191
32995680847
1005002470374416
1005001731568105
1978769009
1005001588304371
1005002099845315
32975074988
1005001921828707
32779380266
32884727012
1005002404719867
1005002248362515
1005001797888216
32996539196
1005002288818291
4001201865531
1005001986986548
32908459320
1005002136336680
1005002467141853
32913917134
33041533386
4000875277256
4001275827755
32853470720
1005001274200279
32716923540
10000395935501
1005001604333647
33011548413
4001028181957
32602311034
32974445314
33041163346
1005001677559368
1005001269844654
1005002434487082
32905769698
1005002364106963
4000662871579
1005001828535277
1005002295369020
4000691173703
1005002410847755
1005001519774750
1005001859757913
1005002269078696
1005001482778036
4000065958135
4000916396059
32959945806
4000364091840
1005001596450867
1005001672664638
32971032803
4000595778727
4000809188857
4000061483523
1005001768233779
1005002449326769
32909802337
1005002337007646
1005002490358865
1005002292034141
1005002337667805
4001328801369
33001725244
33012003334
33026409760
1005002481661994
1005002040538285
1005002471078841
4001176410106
1005002499542552
1005001505745943
4001151094874
32890801593
32836591093
4001084320726
4001262748531
1005002364529247
1005001295885084
32836152358
32803653968
4000235151874
32366605104
1005002428017940
32975556769
1005001572504381
1005001765653079
1005002388609739
1005002443503153
1005001953627203
4000031417037
32868713124
4001256284613
32921354473
1005002185421933
32982577415
32951291399
32970944919
1005002331104096
1005001779952002
1005002274599958
1005001957492481
1005001525365849
32539232479
4000619264590
1005002287246996
1005002340152507
4001150247480
32914509740
1005002331744319
4000732736519
1583361822
1005002314456740
1005002318167302
32952319982
4001223342489
1005001580303573
33053717584
32832880176
1005002329803578
1005002314484885
4000117678355
1005002307688086
32410335047
1005001322021638
1005002087428121
1005001524498261
4001280829498
1005002489270414
32666143419
32901370261
32920407157
1005002121445633
1005001640449355
1005002466983768
1005002254091176
1005002129317290
1005002014100600
4001047174399
32808059283
4001309308188
1005002018145874
4000040092847
1005002448876016
1005002419896402
1005002112571994
1005002468966550
4001132004509
4000955762549
32782317650
1005001500675755
1005001863226942
32995496014
1005002484471031
1005002296102464
4000489433009
1005002358233823
1005001817133156
32861689741
1005001271522695
1005002454349442
1005001370010315
32901391072
32609655557
10000345637102
1005002174393991
10000001078608
1005002333124023
1005002434035784
4000307741607
32893279366
32949321271
1005002270247521
1005002340476086
4000594957613
1005002342245190
1005002282591562
32994144936
1005002263547179
4000176061675
1005002373523452
1005001501206373
4001243944891
4000739607546
32899175740
1005002279120333
1005002463362166
1005002329265609
4001178896390
4001324582555
1005002194535388
1005001482746084
1005001612661665
1005002480001537
4001250435810
1005001859140852
32504489254
4000662348667
32843437679
1005001696223198
1005001928021395
32817869533
1005002313955677
1005002367458321
4001018337399
1005002307035943
1005002027283967
1005002270475937
1005001839201374
4001038664293
1483128224
1005001793774270
32801748118
4000843838136
1005002250169345
1005001639800494
32945488775
4001345312229
1005002262469357
1005001501395719
1005002326810688
33037525913
1005002355913280
4001230426033
1005001324808682
32970026291
1005001278981822
4001361663032
1005001506586442
32857997671
1005002141069605
1005002136365438
1005001770477054
4000848800562
33001038388
4001000457737
32624315097
32892407582
1005001493713555
1005002275469898
4001053228637
32534219033
32560334476
1005001908982643
1005002256847258
1005002412195674
4001109977756
1005002139701391
1005001329798444
32963928504
1005002220599723
4001128889904
4000470192880
1005002310369580
1005001429391600
4000944758059
32979105365
32920799121
1005001742680270
32897802303
32878961591
32891430262
4000955841964
33005080973
32827603941
1005002198536944
4001026737249
1005002224485393
10000004718434
1005001796992162
33038909023
4000230955796
4000545771784
4001228669004
32855180943
1005001822355408
32916494964
32864060047
1005002292758407
33029817661
1005001670708772
1005001675470052
1005002396423695
32841790860
32788319469
4000015786638
1005001830235786
1005001877294453
33001580409
1005002469570092
4001111980537
33038852576
4001283633976
32852071379
1005002322128461
1005002460059365
1692421075
4000314590576
4000299581061
32836214255
32959607627
33062186851
4000347955565
32983618266
32885849333
33037240186
1005002239389011
1005001830775008
33024708276
1005002394177691
4000433924798
33024260354
32900948098
4000027566137
1005002115127192
4001133897744
1005002448755932
1005002287815558
1005002317267419
32944073382
4000310259948
1005002038805986
1005001798793304
1005001815351782
1005002246283306
33026130039
1005001518344828
1005001646095784
4000690992128
1005002328129803
1005002256982288
1005002381711095
4000960026059
32904517592
4001323486293
4000834099811
32855984027
1005002352931338
32990084213
4001153219927
32973956964
33031168690
33012381375
32915874775
4001150308386
1005001692807894
4000207962974
1005002268031572
32824696852
1005002208433491
4000948343723
1005002026849764
1005001756765249
1005001374578338
4000453357060
1005002346859211
1005001361673127
32877622904
32859821418
32601438474
32348888098
32926343211
1005001869717419
4000324939639
32919868617
32676298364
1005001446947897
4001286328641
1005002221406617
4000926160350
1005001299936698
1005002382944349
1005002235047994
1005002352238926
1005002316342382
32821183062
32804542495
1005001346195845
1005001619148137
1005001632705688
1005002053507404
1005002165870671
1005002352792843
1005001426283505
4000495389077
33052214301
4001224743092
1005001481819692
1005001478464498
32824727756
32909285518
4001135907777
1005002255482838
1005002316404910
1005002291217785
1005002441036568
1005002443510548
1005002316447997
4000879834777
4000185851484
1005001525998571
1005002396578606
4001251758455
1005001792980576
1005001458106794
4000220993286
1005002405555505
32921183925
4000930627227
4000941104449
1005002329486293
4000427700421
1005001580950187
1005002179800448
1005002348819362
32950599773
4001361134284
1005001981143411
1005001645550809
32853294327
4000402151898
32701124064
32386097077
1005001540643565
4001174903210
1005002496842861
1005001305226310
1005001552338039
1005002369995740
10000027445447
1005002287889333
1488215842
1005001474880357
4000875107494
1005001896119617
1005001591374847
4000789436275
4001236909273
1005001632254842
1005002053283946
4000731124838
4001194384881
32610687973
4001274334262
33012261877
1005001478127346
1005002039484598
32998360574
1005002459867593
1005002329448363
4000291666579
4000985674061
32846020463
1005001329754931
1005001742791752
4001002836009
1005002396087892
1889797346
4001289779164
32993131337
1005002024458851
1005002286894215
1005002450507194
33044556836
4000273445082
32808857343
1005001817869315
1005001609649528
1005002270371625
4001120723071
1005002364545926
1005001575323655
1005002365960307
1005002329407446
33017134059
32788494279
1961745223
1005001264894119
1005002292507530
4001064377599
1000007695191
1005002325417386
1005002316926213
1005001282537439
4000755125889
1005001413103622
4001157033327
4001169762607
1005001864005484
4000778751514
32990501619
4000933166694
1005001972654730
32978007384
1005002374522278
4000318287562
1005002449737486
1005001334409488
1005001630777744
1005002419165484
1005001909851488
4001322110567
1005001307193806
4000851103981
1005001842811989
4001111272387
32963824892
1000005952516
4000096289842
32859328226
1005001385940659
1005001664650271
4000618894128
32798437849
1005002229620392
32848519651
1005002279965043
1005002332380916
1005002060552765
544220868
1005002341336888
4001352712749
32852040454
1005001365525235
4001215896273
32819315751
4001222667867
32990110311
32615293188
4000480837400
1005001689346077
1005001288487350
32826245120
1005002372366945
32958878823
4000421897858
32964099805
4001217696733
1005002363903590
32913814849
32974268662
1005001878862220
1005002214178323
1005001525468089
1005002426278141
32983427126
1005002028740858
1005002014303650
4000469137822
4001130571044
4001230282251
4000876978928
1005002172115054
32863683307
4000105253960
1005002239130963
1005002207268401
33062015723
1005002242138699
1005002301030586
4001270735107
33017116140
32840833896
1005001433942886
1005002368188357
1005002373107474
4000852737013
1005002443159065
1005001848824854
1005002172069021
1005002443632647
32956798241
32464837541
1005002437653115
1005001948666606
1005001842892063
1005002306213155
32849891165
33012082762
33019367100
4001231727577
1005001962883239
1005002387223944
1005002421320096
32986527831
32974740380
1005002081101447
4000269239645
1005002125155839
1005001510862527
32919462673
1005002129164175
33000729678
32952464638
4000153836123
1005002399081399
1005001731971156
32905977807
4000025063335
4000236258234
4001257790082
1005002319261832
4000480059482
1005001616859236
1005002376950146
4000969209300
1005002427882387
4000998806159
1005001825394123
1005001562588637
32975398460
1005001367519526
4000741416033
4000843236486
4001334450899
32887062887
1005002110350311
32864374370
1005001584682614
1005002234630180
32701422934
1005002484412486
1005002286061178
1005002134492727
4001249962436
4000049486320
1005001552417359
32996990271
1005002357810097
1005002360118294
1005001834566916
1005001316304043
32952616849
4000988186774
32814436273
1005001966350626
1005002246839000
1005002246346365
1005002072249566
10000012723466
1005001545342075
4001054836622
32869478316
4000687678431
1005001313426551
32971443513
1005001350795195
1005002312442917
1005002347349300
1005001622921634
4000252490582
1005002277898442
1005002192093378
1005002414033491
1005002264620402
32854432903
4001058125652
4000434164674
32847645896
1005001949161735
1005001759424131
4001075724265
32609024931
32885299885
4000259945166
1005002262388813
4001041185181
32858302568
4001208371869
1005002288063524
1005001954590031
4001069277499
1005002295235926
1005001585803137
33007158692
1005002351789003
32990132877
4001054318011
1005001922533684
4000205859732
1005001400232507
1005002204499873
33038632626
4000517172705
1005001774735258
1005002337148779
1005002287520075
1005002408422017
1005002329790977
33046115374
1005002083764980
1005001444488367
32967366167
32996510660
1005001289804168
4001156017162
1005002313302840
1005002469407865
33022740916
1005002103513571
1005001912782132
1005001316655244
33027820502
1005002376201362
4001308833683
1005002054890623
32852584669
1005001770150094
4000460654220
4001062546841
32802893553
4000005733581
32981752551
1000001534316
10000000708006
4001227043932
4000538448611
1005002144221497
1005001942915756
4000378439844
1005001853361020
32879913141
4000576946423
4000506024407
32699417920
1005002361499564
32332177796
32965971334
1005001614747425
4000738884482
1005001893935935
4000801874079
1005001501346219
1005002370780499
33010648539
1005002227985208
1005002096679805
32954862725
1005002419942785
4000850667777
4000549798631
32871034642
1005001343299441
1005002056734263
1005002346256397
2055075711
32996297951
32850458334
1005002191812087
32961262704
32946913489
1005001406538209
1005002399616272
1005002059355974
4000844257479
4001354692560
1005001519419031
1005002346367082
1005002384027900
1005002213053186
4001275894921
4000310713239
1005001860256574
1005002216638338
4000837407279
4000800042540
1005002400529628
4001038536681
1005001527813645
4000465727476
32967081959
1005001775667844
32787330151
33005524477
32923179229
32975249966
32989593811
1005002361128469
10000306898312
1005001446325177
4000618754383
33027958503
32829408534
1005001950164299
1005001865108705
1005002225947536
1005001278703105
4000029976152
1005002390127504
33004393530
32857835117
4000321304110
1005002235673253
32947934153
1005002158472837
32848771072
1005002245583783
32818809618
1005002431150433
1005002203660242
4000805964684
32889048818
1005002266605980
1005001504074057
4000393636574
32809423745
1005002346518528
32954911518
1005001759610785
1005001702698398
1005002367171199
4001069460220
1005001495784476
1005001882382362
1005002382145912
32298604886
4001116271759
1005002285987302
1005002347645429
1005001576765108
4001197171585
1005001273773974
4000317943466
1005001839443416
4001316899434
1005002485177024
1005002386662521
4000357602302
32779067535
1005001774367909
1005002306069141
32962143965
32597755651
1005002089427483
4001197866018
1005002378096523
33006683436
32859378373
4001286235725
4000966983590
10000028341189
4000299860163
4001099490008
33002578456
1005001808980103
32975354203
1005001767658861
1005001541289557
1005002363878612
1005002276687856
4001214234552
4001283133985
32657846971
1005002356961257
1005002381941530
1005001921396154
1005002186997505
4000705689486
1925159517
1005002265166549
1005001509741381
1005002363525344
4001283537380
1005002431125006
1005001780497960
4001191207480
4001144803666
32864269883
1005002404428348
1005002247121128
1005002489970196
4001350185495
32237815100
32835203140
1005002030776444
1005002371911240
1005002268762755
33055643679
32916980549
33023934290
1005002384363254
33015579984
1005002214056669
1005002315330799
4001192226403
4000556712109
1005001439185228
1005002168719026
4001224108293
1005002180931520
33004416495
1005001708064919
1005001398843005
1005001639688283
1005001626266668
1005002246482776
4000823627068
4000442586808
1005002004799711
1005001677365430
1005001465128305
1005001426990015
32320814498
1005001736766169
33007514877
33035772197
32975491039
4000138945742
32760498832
4001345419730