1005001528926138
1005002247438971
1005001295741181
1005001901742623
32806548721
1005001343371065
1005001525385661
1005001744129828
4000299613675
1005002244651384
4000801599066
1005002066207970
32893592229
1005002375175288
1005002322611544
1005001648312389
32859276861
1005002028531291
33004333620
32963587133
1005002225872619
4001089723005
32866816760
1005001402840288
1005002258915789
4000931168892
1005002409968419
4001042570090
32823653126
1005002279019722
32982456304
1005002495803810
32854320172
4000273160049
1005001922908054
1005001664763466
2019891069
32905448131
32739610723
4000966194042
32841466165
4001356902334
1005002344953476
1005002263326937
4001192428306
1005002485190114
33016639704
32876758308
1005001867242780
1005002134033035
1005002383240344
1005002384209046
4000918847034
32914116102
1005002122326662
1005001862416912
4000196048456
1005001580753266
1005002408383453
10000371562181
32862349994
32967724183
32903591185
1005001666925784
1005001614557624
1005001917645379
1005002321287007
1005002028002951
32832596347
1005002241456771
1005002301557735
32982899722
33048854004
32789202732
32994428145
33030870605
33016624756
1005002226012676
32856782897
32497905474
32876286269
4000175884267
1005001869141496
1005002316118794
10000085139817
1005002328392722
32573987698
32922933424
4000922488749
32830821547
33018319833
32895017573
4000783161470
1005001406799955
1005002167200188
1005001872768128
1005001630757416
1005002372024201
1005002265437080
1005002423608901
1005002286164977
1005002039520222
4001277498277
1005001962140466
1005002375016179
4001245001046
1005001940082008
1005001983076029
4001061116887
4001278818764
4000173528650
4000070598283
32862271139
4001063010750
32291870428
32918528141
1005002024181148
32895365518
1005001888642369
1005001869152448
1005002319844132
4001302269336
1005002242879556
4000669083293
4000595560688
32850741145
32897781901
1005001298007103
1005002497353997
4000419998898
1005001510597911
4001188701275
4000206148624
4000786432154
1005001451625541
32964157188
4001360767250
32849105651
33039193866
1005001899527286
32930672011
1005002287898638
33062402385
1005001730892350
1005002342582436
4000326650262
4001365305965
1005001922710669
32964776641
1005002371646692
32677691827
1005002383212225
32856146179
4001278959525
33013736107
4001365242468
1005002296813197
1005002317795735
4001094604854
4000463554876
32956457627
32843430303
1005001300121985
32858979053
33036751368
1005002314661004
1005002401769259
4000955029285
4000436409547
4000764140387
1005002411859530
4000894297418
1005001446011165
4001359840098
32948799513
1005002449823196
1005002336952709
4000569202299
1005001942755930
1005002247318682
1005001966482564
32392886569
33028611897
1005001680506750
32909296588
32978021873
4000129666719
1005002474937065
32968204094
4000549312601
1005001779586831
1005002308987730
1005002320723976
4001031327478
32914037599
1005001807327097
1005001511534871
32901844606
32833335350
4000130757185
32955281593
4001213603519
1005002252145226
1005002352640270
1005002474334404
1005002258650327
1005002440977493
1005001285186874
4000250551643
32923527719
32868905830
33003698918
1005001326299440
33055492745
32791856128
4001333183004
1005001876541970
1005002113116861
1005002111929429
4001082571970
1005001580026372
1005001835285144
4000136964620
1005002409942972
1005002199028321
32953157541
4001294647078
1005002426342881
1005002478709181
32277959042
4000607153915
1447458798
1005001893779912
32829731502
32828728489
1005002329457091
1005002475428225
1005002319275374
1005002001553597
32646133290
32761146084
4000226922848
32854803429
4001183168078
1005002459601283
1005002375343544
4001281960522
32948135520
32849222063
1005001850692282
1005001570944853
1005002322669960
1005002034397796
32849252345
32769788195
4000248950929
1005002238749660
1005001598488498
1005002330898637
33040350668
4000237180374
1005002104447868
1005001598009885
4000629327665
1005002172222002
4000844935513
32853578712
1005001726892510
4000314179596
4001037440784
4000244476293
4000258031102
1005001367604962
4001210741323
1005001997014570
32794677582
1005002333524139
32921632077
32506017288
32806763327
32922659415
1005002275560328
1005001817022545
1005001355111725
1005002289104417
4001257614108
4000642313720
1005002409881540
4001199717466
33015394054
1005002425527979
4001210584967
1005002326569914
1005001792900995
33007239995
32320196513
32898408599
32754363812
4000284212866
4001200976358
32881745649
32886613318
1005002314113052
1005002051615164
1005002428599198
1005002388439041
33028111221
1005002246339113
4001244004726
10000423241898
4000773893104
1005002279294606
4001251745590
1005002207340091
1005001966506425
32989500003
4001293781600
4000234654198
1005002326639886
1005002148244876
4001351189263
32967303824
1005002341800845
32697785228
1005002292587241
1005002252184783
32800478413
1005002213465942
1005002490641290
1005001559850057
1005001824388797
32831731080
1005001658392055
1005001357266283
32968955875
1005001600142884
4000722627447
1005002112216314
4000898722148
1005002122502498
1005002166513620
1005001896179119
32970236148
1005002287945958
32889534940
32962283822
32690300631
1005001363042635
4000558306739
1005002443720270
1005001265549635
1005001458484867
4000038981152
1005001900266890
32670926758
32879944267
1005001878650172
1005002377763624
1005001451793302
1005002377765061
4000990438715
4001299991613
1005002304979621
1005001274062703
32970632677
1005001774271791
4000905507567
1005002111411081
32850095056
32909924070
4001019017908
32794986175
1005002255802491
4000277065286
33039505549
32814922058
32748397947
1005001369488234
1005002467578061
1005001386858270
32978932017
1005002033272184
4001257316650
1005002167968272
4000279020278
1005002384686508
1005002342554245
32872795951
32793597228
1824300553
1005001525287694
1005002388683977
1005001501512075
32895048543
4000849687548
4000575781927
32893677581
4001165685549
1005002275939003
32648778589
32922044859
4000089939800
1005001835834522
1005002394439235
1005001897665872
32890371536
32837021127
4001325992942
4000965903638
32993109024
4000112797519
4001031199535
4000931389173
1005001942796989
1005002256029559
1005002002099836
32869802733
1005001417799564
32845462353
32899727236
4000116630733
4000970889120
1005002387494259
4000047987772
1005001515483973
1005001728270742
1005002314385850
4000532980337
1005002361345583
1005002021631097
1005002238815109
32950021145
1005002027951749
1005002316781934
4001169742444
32916949750
1005001923739318
1005001369299177
32640093442
32840839483
1005001515253701
1005002386260210
32885900242
4001217170537
4001272081724
32975178900
32821441261
32673452519
4000235450396
32925659077
4000207085765
4001218894979
1005001354489130
1005001985635234
1005002139058420
32949023803
1005001737188326
1005002439995441
1005002103294765
4000994105631
1005001902404218
4001264131334
32840451640
1005001935905257
1005001367689409
32712759357
1005001687978618
4000108670539
4000543588838
32863465121
4000123066929
1005001876829231
1005002305720606
33020520337
32673515728
4000070376758
4001057089731
1005002206118943
4000033205691
1005002377457849
1005001848354415
1005002001941144
33002975666
1005002227609770
1005002044673729
4001362673108
32869109866
1005002490493386
4000225084121
1005002280847902
4000308098648
1005001699849537
724095009
4000525337721
32987184486
32999816711
1005002390251675
4001173226387
4000089933014
4000982647254
1005002324166006
4000324743391
1005002042959926
1005002350558438
4000183460662
4000178089410
4000151656993
1005001687405835
1005001290615692
1005002144285100
4000698565956
1005002337106366
33007945225
1005002315514414
4000773993283
4000024174323
2041637881
1005001424708622
4000944647759
1005002411829221
4001350792333
1005001812295244
4001043710438
1005001532211060
32891981894
32947373109
4001248765783
4001112611472
4000654530646
33008085502
1005001769638792
1005001890217257
1005002375631761
1005002167427514
1005002406349071
1005001900573833
32996002566
4000755830223
4001208731009
1005002431460327
32970992527
1005002262222719
1005001295679564
32812952145
4000955848961
1005002312636768
32853064392
1005002344151808
4001252700177
4000472641223
33038025324
1005002170900886
4000029062564
32652688209
1005001973868966
32955080194
1005002206403947
4000829625741
4000939722426
1005002395505773
32792780544
1005001416699280
1005002160196013
1005002377555416
4000771170594
33055149081
1005002499936033
32814991292
4001049832871
1005001873354561
1005002353310919
1005001288247676
4001086373460
4000435447356
1005001330897532
1005001957050747
1005001972509381
1005002053043875
1005002264094951
1005002312142520
1005001726187196
33000106349
33034271807
4000730420028
32917984282
4000834715605
4001177807997
1005001397629543
4000837573290
1005002419222010
4000594841254
1005002286587857
32996060253
1005002404078573
32249791478
1005001418468022
1005001589278413
4000723454918
1005001900251649
1005002286122894
1005001525286996
1005002432294119
1005002451140726
4000945505942
1005002418581921
33016536421
4001337858348
32973116704
4001204634704
1005002324342633
1005001670973264
1005001460447493
4001347767071
32880650476
4000660296328
32835182643
1005002459208941
4001179799653
4001218174632
4001263449882
33005015073
1005001271552298
4000213846735
1005001689419718
1005001658496745
32958594332
1005002449750185
1005002316211974
4001114978129
4001294543874
1005002287119157
1005002490576466
4001249255094
1005002395453892
32804313854
1000008134604
32475049821
1005001466339389
1005002239036083
1005002255120150
1005002474132126
1005002500076060
1005002205633034
1005002130088899
32951196435
1005002304577381
1005002244796542
33004536206
4000770198837
33048777963
1005002239345779
1005001488751871
1005002399017902
1005002072557182
1005002012254429
32800012963
1005001775562182
1005002376250957
1005002024539230
32992588385
1005002384770350
1005002285775181
4001240812914
4000278262327
4001345708512
1005002485642842
10000346455417
4000833761061
33052449117
32961076431
32858536713
32760144480
1005002235828514
4000918969188
32855926780
1005002142241345
4000701211657
1005001710446368
1005002218931895
1005001310004421
4001181769170
1005002386604771
4000433347100
32916422322
32238069731
32397630218
1005002357830663
4001026917100
1005002317094192
32770029948
32867538737
33032954212
4000036095626
4000944472990
1005002394250767
1005002244976389
1005002363510945
4000007047774
4001230440012
1005002329646981
1005002051204781
1005002101841492
4001025540727
32842974383
1005002443684233
32968748486
4001012652343
32451554564
4000267802507
4000265893017
1005002368521676
4001026662956
1005002246169961
32608800816
32948964498
32857007032
1005002105429542
4000898869108
32979663261
1005002387753981
4001301530853
1005001482833266
1005001981715348
32856901183
32623623118
4001021418709
1005002306825231
1005002477470821
32311665750
1005001547398942
4000812230466
4001275020321
1005002382603337
32383383172
4000595888057
32932699011
32970274094
32902059405
1005001990303695
4000284657120
1005002329119418
1005002376698319
1005001673662879
1005001470806078
1005002278120207
32976747241
1005001676860090
1005002453348256
4001247871781
1005001658807506
4001255103191
4001278813850
1005002395331226
1005002287180279
1005001288195062
1000001330636
33027533547
4000546040568
32854947534
33011573165
32619536936
4001024970076
33039974198
32927650664
1005002315594770
32807478248
4000223011005
32869513968
1005002364159324
4000058584410
1993473186
1005002217744666
1005001345451974
1005002288328285
4000217123625
4001230092141
1005001896134269
4000590219438
1005001835655783
32993625189
32805580919
1005002090889150
32827585493
1005001907077862
1005001946604255
4001229731800
1005002167470500
1005002258576044
1005002392458917
4000249742918
33049818690
4001032069416
1005002119088580
1005002224032169
4000281462728
4000280676773
33052983766
4000285879062
4001075295894
1005002446808987
1005002310772078
1005002261407823
1005002102205324
4001313088572
1005002315829885
4001364394131
32803811533
4000693370617
33052519573
1005002312155794
1005002384840458
1005002266784291
32966515791
1005002439762533
1005002252267741
1005002051245651
32541250223
1005001338933790
4000569798735
4001358527729
4000221548517
4000237758983
32976894441
10000408399525
32800342121
1005002348225307
4001220579240
32985588337
4000967803416
4000268818869
1005001463563331
1005002304063437
32811589521
1005002035783107
32981309098
1005001452377799
32962484400
1005002303702462
32893255687
1005001274495482
1005001286445634
1005001680664809
1005002364300742
4000729120610
1005002314535386
1005001864960725
1005001997234829
33055325128
4001212630269
4000196542316
1005002361710881
32810103144
1005001505449389
1005001407485714
4001244679810
1005001670557559
32788903248
32949566568
1005002276523894
1005001598735927
1005001723500097
1005001647903360
1005001895270525
32844706309
1005001556846990
33003395204
1005002396017823
32858917870
4001081472193
1005001867777544
32774874381
32799115206
32845899773
1005001779347646
1993248456
1005002218734280
1005001973308494
1005001818384045
33059010445
1005002350696641
1005002357672158
1005002296889890
4000386924147
1005001829929456
1005002298142228
1005001775478759
4001351464456
1005001586756376
32969583177
4001217536253
4001160148780
1005002377308675
4000296515514
1005001793217200
4000708559206
1005002364099057
32968858746
4001233103558
32958150130
32849146674
1005001525293919
1005001973064742
32985568868
1005001657633690
1005002019007170
32724530510
1005002393469904
4001237821471
1005001562619397
1005002344807041
32798789736
32900850621
1005001530717168
1005001633889494
1005002423670923
4001296664475
32974352646
1005002491012795
1005001488941055
4001270888297
1005002318348649
1005002419209813
32801206964
32891790783
32399300135
4001205032724
4001226078392
1005002391465842
1005002381805642
1005002048917962
4000725208928
1005001524729882
33045311690
4000489249331
1005002079970090
10000022856063
32690434642
1005001547708252
1005001397126832
32329385518
1005002387992374
32699234211
32845987709
1005001975097595
1005002034558221
1005001981038127
4001207500884
4001260127490
1005002481028608
1005002428142725
1005001364761342
1005002462016099
1005002232522109
1005002480188840
1005002254951131
4000382837337
32417160774
1005001994139713
1005002454349229
1005002254364465
4001316925474
1005001515863764
32890833696
1005001656910834
32950745480
10000395871267
33045826391
1005002460063634
1005002448417569
4000113576712
1872405238
4000238937381
1005002353288604
32855339757
32949297248
4000419628824
32706626361
1005002400425756
1005002336567796
4000442336983
1005002438666637
1005001725450571
1005002383099583
1005001840852405
4001328716911
1005001450628319
33033304180
1005001680079195
1005002404640475
32968316577
4001061875331
1005002494945434
1005002271784161
32835894754
1005001376005957
1005002212702321
32983225886
1005002286908503
32842273007
4001233018705