1005001987742625
1005002347134136
4001359777241
1005001834699484
4000218458724
32790854403
1005002427826746
4000937429723
4000546640847
1005002207450853
1005001555352317
1005001513116428
1005002008050946
33010468025
1005001961292549
32949700276
4001242633290
4000641179330
32757540584
1005001731239210
4000405280127
1005002301122917
32810688698
4000433867896
1005001543277853
4000192519068
1005002064987846
1005002087334466
32630063283
32808626057
1005001693834900
1005001393777902
4001204949344
1005002466095679
1005002296592767
4000814746851
1005002487996437
1005001762977989
32494811546
1005001504456810
1005002272051476
4000599892283
4001228713158
1005002290939654
4000943783237
1005002003843366
1005001718124529
33044151532
1005002406807240
1005001804380039
4000869746867
1005002466129576
1005001665834160
1005001487090412
1005001677097883
1005001966469889
1005001639315477
1005002358717718
1005002336207915
1005002457716076
4001234271744
1005002477275762
32884815709
1005002275109929
1005002410862452
32699378989
1484533550
1005002260480487
1005001793170413
1005002392842675
4000245858330
32843445768
4001072076535
1005002393400984
1005002316082137
1005002094557486
1005002271847156
32866643635
4001362566081
4000341257800
4001110805450
32797550396
1005002181596004
4000066736261
1005002381342858
4001361510972
1005002286186039
32739196401
1005002314214983
1005002267584559
32623718451
32952021424
1005001441486239
4000828225814
1005002359803756
4000840068609
4001149323048
1005002072533361
1005002419068173
1005002069473611
1005002286449239
4001166267493
1005002453676179
1005001287988727
32878470987
1005002222281217
4000867622184
32814517038
1005002281156443
1005002454407489
1005001278412734
33003046784
1005001984892980
1005002490493154
4000188427466
4000229810290
1005001550107702
1005001848948876
1005002115402730
33003716640
1005002066248770
1005002355753057
4001282436066
4001258738214
1005001937806498
1005002255130343
32990665131
32891182486
1005002297420772
1005001566319927
32668716033
32993510026
32826920008
4001081232570
32811447717
4000747906079
1005002497322456
4000731239184
10000146697522
33002364973
1005001748060747
32927092566
1005001933386424
4000889572792
32848777570
1005002356022515
2017378083
4001208758286
1005002265481113
1005002490214030
1005002457888192
32996041212
1005001966555819
1005001732315661
1005002314820335
1005001968404681
32857291059
4000320998936
1005002256945098
4000070809855
10000016020104
32868844557
1005002369141873
1005002332685723
1005001672705946
32999197654
32556188639
4000847884356
33001041467
4000661075792
1005001341284860
1005002071468532
1005002468108636
32998943335
4000402888476
1005002212873068
1005002038602711
4001081996169
1005001715627006
32997229544
4001223811025
1005002207552330
4001043420275
4001346580979
33017308632
4000239574979
1005001774978862
1005002448852208
4001106359753
1005001495336911
4001333498409
33023293664
4000637046373
1005002386977204
32563552534
4000919985586
1005001933737242
1005001617180243
1005001554528948
4001365558484
4000806201251
1005002271293245
32985828139
4000076114525
1005001664434140
4001009970905
33056572126
1005001859680728
4000843341352
4000631808457
1005001386817178
4001086591855
1005001607645118
1005001815064014
10000350972301
1005002210520450
32818997466
32883471440
1005002362458064
1005002393024750
33024148225
1005001708036777
4000902895213
4001226579377
4001365019425
1005001525349768
4000890740489
1005002262389730
32850400911
1005001646483999
32885092572
4000410420103
1005002339605561
1005002307763460
1005002404303190
32536779515
1005002182121511
1005001861250315
4001027544118
1005001915695626
32821667785
32909087309
32791074422
1005002028212597
1005002373323563
32923527148
1005001681730071
33027169596
4001054901992
1005001821684198
33038743906
1005001670074098
4001032622926
4000714463590
1005001354376174
1005001320269640
4000937408874
4001115695832
1005001607561466
4001305881040
4000791529713
1005001329833420
32843887905
1005002350735547
4000050417426
1005002469906747
32857025728
32973802328
1005001515544639
32367668201
4000666128260
1005002263949227
4001332198517
4001147429170
4000295846061
1005002298783313
32721772138
4000787832365
1005001506559978
32962623265
1005002293556282
4000582381909
32824753805
490029143
4000979370736
32819272943
32840225005
1005001423238628
32917689845
1005002463306095
1005002252477765
4001042636612
1005002286356514
1005001270474451
33024782667
33005359780
1005001933429964
32765084869
1005002332170314
1005001711070238
4000469922078
1005002431539307
32703980363
32782809641
1005001385481061
1005002348442978
4000078636378
1005002363995220
32807115353
4000474686997
32973798324
1005002211138655
1005001890594668
32842920678
32633481018
1005001857127828
33012747013
32914956098
1005001290805271
1005001639851956
1005001957171863
1005002220364954
32699766169
4000028260116
1005002314940236
1005002356925620
32503909349
1005002220063388
4001308033302
1005002310571357
33039739165
1005002220587711
1005002144130833
1000004960165
1005002328070770
32251167000
1005001867365378
32979977061
4000975582311
1005001956713607
4001283444494
1005001567736763
32377430133
1005002148757108
1005001903708574
1005001708815105
1005002428095413
1005001997404393
33034263568
32976619311
32858655531
4001136845479
4001126306240
4000779970243
1005001592582091
32898151422
1005001640153373
4001225210642
1005001429726454
1005002319014388
32856203848
1005001541745425
4000006479269
32952911180
4001220067434
1005002408937185
32361760721
1005002476723968
4001095760235
32826653269
1005002274807039
32850247260
1005001705329133
4000319058338
32966355835
4000819703291
1005001475069014
1005002298175370
1005002315894186
1005002424893061
1005002337321814
1005002302122570
32955531786
32346299891
1005002178300408
1761151912
32608063598
1005002298033204
32963342741
1005002382198032
4001227708520
1005001543203429
32828034225
1005002290896781
1005001522130920
32964308914
33010888560
4000881488652
4000983456419
10000251383143
1005001705052308
32378374183
4001242537859
1005001436100020
4000693880297
4000063114533
4000540084193
4000561927695
1005002176640566
1005001265378342
32824313854
1005002289583332
1005002319187704
1005001780973657
4001143376886
4000495768603
4001090503890
33013365595
4001253320997
4000135745686
1005002314032311
1005002150421101
32346957969
32989687696
4000715162029
33029557977
1005002376023909
32918613166
1005002245698258
1005002352689654
1005002454338014
32967257454
1005002313825453
4000532027595
1005002432856666
32859073008
32990976861
33048167832
4001229973158
1005002417130928
32983141802
1005001544614290
4000783863898
32879393221
32921582022
1005001942101169
1005002372633805
4000546643546
33050771134
32921268325
33022440030
32941073623
4000517268688
32968077833
33061463483
4000858916923
4001150602337
1005001387832230
1005002328109723
4001075642722
4000342107352
1005002334549397
32835152857
32849228235
32978493837
1005002404343834
32835961133
32987500967
4000543737610
32959500347
1005002395797281
1005001887669322
32986846940
1005002043569369
1005002273242977
1005002419316342
4000659607220
32982486308
4001145846572
4001106344337
1005002228965599
1005002327885466
4001053076580
4001164395672
32974967042
1005001946189693
1005002047291480
4000944391895
4000314590478
1005001572122660
1005002249426327
32947805806
1005001700877638
1005001621370220
10000032946728
1005002358736098
1005001696433301
4001156758964
1005002346304738
4000828667589
1005002301505875
32948277769
1005002337153089
32856269631
1005002382383289
4000429000390
4000235525849
33010775528
32951872564
1005001803595819
1005001446061999
32996919552
1005002070577702
32839070796
32910811211
4000051410007
32896039563
4000044580643
32851207385
32813185874
32901013877
4000090155482
33053015757
32961454052
1005002317554867
4000760270890
1005001302413490
4001028170556
32824213018
1005002272594882
32789195013
4001240225687
33039417572
32843214913
1005002320580369
1005001391852844
4000243227461
32778371339
1005002399984213
33030038893
1005001525552162
10000329130400
4001061556413
33027792867
32965176330
32851631385
1005002319129214
32815787473
32906485690
32951634585
1005002438825511
33033250380
33006162370
32998993493
4000982255200
32831600442
1005002378785523
1005002395129899
33032979876
32850443624
4001038404849
32934787028
4001224056637
1005002331037464
1005001447065734
4000784756998
1005001871328787
1005001975502874
4000843243508
1005002468825669
1005002262865696
32821013729
4001010778369
32955545938
4000402199840
33030006594
1005002498925777
1005001512300321
1005001415107890
4000640995362
1005002207615658
1005002352189692
1005001359641156
4000696758052
1005002434803736
1005001617042582
32759803410
1005002162104910
4001290941599
1005002390868355
32775465227
4001139666774
4001064974231
4000499217579
32923415669
1005001830310222
1005002252466686
32847193386
1005002396018007
4001284707510
1005001971103569
4000993793281
32980098819
1005001515940538
33040153511
4001179075330
33038152595
1005002460041834
4001230835424
4001159702942
1005001874597097
32964075919
1005002344230484
4000018759158
1005001622095536
33053114497
32953401712
1005002239877368
1005002314420600
1005002467474038
10000397729952
1005002346045768
4000013250924
1005002327700716
32854750616
1005002328178338
1005002244944474
4001032023856
1005002259566527
1005001375778602
32996934900
1005002459541577
1005002051561728
4000851684154
1005002206336173
1005001637889876
1005001344838500
4000443204823
1005002268864484
4000262812528
1005002354378351
32908214835
1005002125460468
1005002014786331
1005002242198239
4000466096561
1005002394769529
4000990252053
33051146929
4000852136607
1005002252644014
1005001351196426
32927694428
4000350020978
1005002243967503
1005001656471934
32833611782
4000033622240
1005001697721899
32693161440
4000170392276
4000666581101
1005002060713673
10000046657566
32914877851
1005002389410568
1005002452682320
4000069234398
1005002090050637
1005001978240162
1750452489
32888158144
1005002420379828
33003713385
33028906390
4000868735655
33015567495
1005001599156627
1005002101753180
1005002313436056
1005002345834653
1005002289651561
33035400652
1005001265136527
1005002168263066
32763486826
1005002225056898
33004381412
4001039999915
1005002075293592
1005002496134291
4000357100882
1005002458682625
32918653878
10000315938183
1005002406079577
1005002219822717
32841968611
32810175066
4001083602629
1005002324172284
4001151969628
1005002120999879
1005002198316976
1005002466136785
32706891684
1005002441739414
1005001525540269
1005002357559018
1005001980369039
1005002302303127
32926606095
4000731209795
4000183186324
33042232040
32849196329
1005002281307142
4001159925459
4000138722245
1005001953761344
1005001831377429
32835721218
32969855381
1005002198696751
4001176703210
33047160012
4000836082346
1005001626645963
1005002053962889
1005002389813258
1005001393150702
1005002283427760
32989095861
4000696911780
1005002246402759
1005001677302006
32915634478
33009717780
1549153878
4000521064077
1005001984381643
32990533425
4001025218250
1005001821532886
4000821566326
1005002350576365
32949076574
4001039248481
1005001327598813
4001044363417
1005001275237617
1005001847914273
1005001731140587
33051879476
10000125629498
1005002428372696
1005002258044467
32793227400
1005002106188900
4001116287614
4000629276071
1005001740448198
1005001847529985
1005002377704679
1005001944012093
1005002309614033
1005002215669016
1005002181912811
1005001659077550
32963201318
1005001623568196
4001143411339
33038808727
1005002227795657
1005001888522433
1005002296993679
1005001362219706
1005001678212296
1005001520448070
4001118302275
32608105622
1005002498468638
1005001612092659
1005001398938286
4000857165993
1005001903122389
1005002012661477
4000704457949
1005001688963863
33017555190
1005002464764841
1005002066941250
32988456938
1005001309932226
1005001645816129
1005001325333443
32708123827
32860048805
1005001608325437
4000437901419
4000024710361
4001035375365
32854862418
32750334723
4001294215535
1005002469743671
1005001627143933
4000403119779
1005002466467359
1005001794647207
32907967726
1005002313495356
1005001458456807
1005002384943630
33018307735
1005001381220669
32890238418
32338161584
32985677665
32947278816
32847132932
1005002301454701
4001293626125
32950669218
1005001458907093
1005001560884609
1005002359274726
1005001568872997
1005001616690447
1005001373798098
1005001793166233
4000755335471
1005001930860581
1005001423752283
1005001997603266
33043215062
32758696956
1005001762772946
1005002362950438
32766131589
4000824295722
1005001586105893
1005002337366774
32947457743
1005001779911294
33056926214
4001062241815
1005002440658249
4000593532971
33022295412
1005002384467475
1005002439896154
32914427809
1005002212900130
4000606840017
4000232739168
33021837859
1005002466163661
4001109184881
4001249005721
1005001483248089
32969362790
32975769977
1005001651792539
1005001957408346
1005001570854597
33028818312
4001080158564
4001324971397
1005002262351731
10000291043227
4000979502718
4001296072717
32701676574
33042397784
32339338596
32880867146
32943826833
4001322418419
1005002304312811
4000890713562
1005002283042649
4001108336442
1005002388696943
1005002317636252
1005002129574833
32814223688
4001365447343
1005001834991560
32936308051
1005002322411762
1005002176957835
4000541079925
32884677915
1005001889911778
1005002265994714
4000222192696
4000039179196
4000350705598
32803670671
1000006558178
32950085736
1005001933869589
1005001287396199
1005001429953068
1005001504464198
33044070761
1005002286970022
1005002124555183
4001095079835
1005002281766876
33048590287
1005002288570674
1000008194354
1005002327948023
4000058606887
1005001841538937
32832570877
1005002475739105
2010310802
1005001452408737
4000406181379
32853298454
1005001343988121
1005001633650081
32890565484
1005002305010809
1005002375289977
4001224184374
33024508066
33052820799
32932084810
4000678315241
4001082696676
1005001463457440
1005001583255105
1005001728300098
32949050640
1005001769974397
32863545293
1005001693348609
1005002136629228
1005002074395117
1005002241636325
1005002277981204
32969057408
1005001856115491
1005001482622904
32628214666
4000036828343
1005002063140267
32973081224
1005002276858263
32969542391
1005001275425986
1005001618273670
33000657513
32842224362
1005001446132946
4000267837416
1005001640235229
1005001442586873
1005002218649843
1005002472944733
1005001354488410
4000014783539
32378772264
1005002338987986
1005002012483562
1005001763515097
1005002454524546
32757365531
4001129193557
32853831139
4001278783151
4000299953524
32955309853
1005001579036839
1005002394031017
1005002361761667
33000803520
4000209994950
1005002232495534
32976956551
1005001585620117
1005002473825527
1005002081242069
4001213966317
1005001418325092
1005002323796004
1005001274729190
4001150265254
1005002425586817
32844509069
1005001821905195
33018534449
4000990965200
4000777995345
1005001464477898
1005002329031498