4001286233274
4000303873847
4000983479184
4000347060128
1005001284747911
1005002314209849
33019587509
1005002315821374
1005001601061551
32838287526
32799639011
1005001839932843
4001310788715
4000065808375
1005001651865915
1005002400187495
33023302823
33004003434
1005001977661596
4000165071657
32392672218
33049111169
4001264858391
1005002277998899
32864598556
33006184529
1005001360362145
32852082578
4000850677387
32651172721
4001323926557
32580108545
1005002430968627
1005001307590011
1005001658146858
1005001657789128
4000184185529
32933692581
1005002000238601
4000781874278
1005002132369579
4000802037728
4000723265724
1005001868071160
33028283564
4000116819572
32993117995
1005001658794235
1005001284967850
4000532314667
1005001567207745
4000786243670
1005001577505150
1005002415959777
32852724175
1005002326410196
32950084690
32998984400
1005001657888722
1005002270509988
1005002335212256
4000433806731
4000623949930
4000054868537
33056356262
1005002392370859
4001135483083
33062890164
32852335266
4000335551594
1005002289721637
32858619969
1005001657246935
1005002112053543
1005002499538399
1005002200935552
32966342022
4000500105324
4000433782338
32851396001
1005002363884946
32708322498
4000022996656
4000966236532
32905034034
4001150236054
1005002468329838
1005002398848509
1005001973107386
4000974921233
1005002364533763
1005002495458471
1005002025294342
4001065187010
32956779564
1005001946805745
32735480876
1005002176285227
1972959881
1005001981794153
1005002277069674
4000536426734
1005001679336110
1005002212289464
1005002378466422
4001077928685
1005002307728277
4001084434109
32971211532
1005002258320298
1005002203962663
1005002438838905
32909283657
1005002146365583
32921103224
1005002028081791
1005002059263078
1005002297419191
1005002193635327
1005002405320604
32921235281
1005002292551024
1005002400702286
4001034489966
1005001864987143
4000067079566
4001265380518
1005002352703779
32902212824
1005002427291931
1005001463033083
1005002319062137
4000662478975
10000141582181
32983088206
32748533032
4001227385412
32606564044
1005002294031730
1005002319744681
1005002381311642
4000603029332
1005002324157745
1005002379198009
32825055592
1005002306246236
1005002007851354
1005001500177363
1005002245963593
32853228165
1005001731042769
32240544988
1005002357980008
4001174934980
1005001586337974
4001209105058
32785876425
32909772158
1005002316629016
4001228378111
32862737520
1005002231774708
32948646457
32609433207
1005002141024545
1005002281905515
32914279781
1005002372126155
32699669270
32862957759
1005002304047786
1005002234261147
32623952104
1005002246351775
32965935962
4001198238268
32911912411
1005001379801435
4001116409657
4000365801928
1005002337045568
1005002272475141
4000144990784
1005002341010285
1005002329887745
1005002338443295
1005002304414241
1005002310238995
1005002160207627
32999863091
1005002090617909
1005002490351728
4000238409519
32846065850
32843518186
1005002313654741
32996968403
1000007946103
32363490791
32957269338
32877168054
1005002130746975
1005001915215274
1005002367915348
32844144808
1005001639678320
1005002347652332
1005001393987361
32526823662
4001099181365
1005002304442848
4000169682496
4000390253966
1005002121043902
1005001736696511
33064335239
32834768749
10000381639752
32869557144
4001078751838
1005001591662182
32790883990
32951103017
32817543821
1005002314653293
32962711894
1005001988533221
4001190098435
1005002263925839
1005002392167259
32849732964
1005001908942564
32622273607
32950297379
32870222251
32890216648
4001118833003
4000712509427
4000987238224
32995327915
32867886237
1005001914473406
4000335584266
32516881555
4000417000292
1005001689347864
1005002231876165
1005002359788419
32704352425
1005002324204159
1005002279373791
1005002353614792
1005001473996947
1005002281239844
1005001989571175
1005001332554408
32910230096
4001272360323
32982843462
32925735710
1005002275686878
32911596760
32948645306
4001278952264
1005002039054642
1005002469066018
1005002281779303
4001349584222
1005002468801807
33032164279
32883179666
32901338317
4000203281693
10000334002939
1005002460365104
1005001674959843
4001331121586
32822907570
1005002312642427
4001027461972
1005001523016421
4001299254912
32358240660
1005001545346367
4001203382102
1005001556230071
32718367108
32829610337
1005002161772241
4001128548876
33045486666
1005002321008859
1005001338038096
32882394376
32918726993
4000073073029
1005001344530875
4000249773843
4000562363975
4001225191350
33021427987
32961060702
1005001817890856
32989689679
1005001364050319
4001170020151
756405664
32848009916
1005002194053352
1005002229496366
1005002490192934
32607661318
32608031465
32892979772
33056362085
1005001305328800
33048473364
33040666685
1005001615223277
32885182876
1005002255313258
32664882988
1005002401706676
1005002265347520
33007782196
4000815019166
32849203711
1005001988902289
1005001482297673
4000109403259
1005002377156292
1005002441745350
1005002327264424
1005001470677255
1005002290947979
33030044619
32813545951
1005002298891753
4000832350410
1005002333173647
4001287704866
1005001438578998
32958363702
4001005489747
4000454241449
32999726526
1005002264792660
4001260162078
33007577225
1725951811
1005002176797415
1005002318346973
32729508711
1005002402454940
1005002379208190
32578309196
1005002331941376
4000959017310
4001217421335
1005002345250213
32967990713
1005002134511720
1005001612024138
758478638
1005001707463903
1005001428957224
4001011280807
1005002306028111
10000212026794
1005002388860660
32960026312
1005002456854538
1005001913653813
4001011101177
4001313202121
32934986017
1005001518590335
32734160588
4000249859224
4000709675842
1005001929079049
4000730929365
32821108786
32911653329
32906089715
1005001652122377
32770826403
1005001902001006
4000016043439
1005001672446651
4000784753116
1005001935492078
32832637905
33014147236
1005001611559093
1005001908612026
1005002423879513
32974568764
1005001570494287
1005001879138712
1005002375478925
1005001791655925
1005001525261197
1005001310811156
32654114150
1005002310492340
32554090657
4000256013682
4001297051811
32842178041
1005002293760495
1005002223460210
1005001603442015
1005002318731865
4000429823562
1005001393185508
32845781419
1005002253675454
1005001825112971
1005002399653636
1005001469295016
4000405357445
1005002390801952
1005002238765101
4001162050238
4000676961736
4000601464643
1005002019012231
1005001818295129
32855386226
1005001876762623
32793848777
1005002397890367
1005002326484499
1005002344215936
32735209424
32901635740
1005002443339716
1005002263868448
4001006362493
1005001974688667
1005001954958291
32861343523
1005001966468410
1005001560255040
4000263934073
1005001397477380
1005001914796056
1005002090749023
1005002206801548
32963107000
4001315953078
4000718441429
33022436440
4000661106087
1005001438896549
1005002485073219
33054560060
1005002314415474
2035493254
32963619520
4001147792991
1005002358637652
32828309486
32996551503
32976335881
4000493224991
32879893196
1005002341367552
1005001826794069
1005002337353232
4000315810033
1005002311351900
33054775628
4001213025071
32842125965
32863658500
4001061328181
33025395948
32823085815
32975465006
1005002263969034
1005002400315922
1005001728664681
1005001982621110
2033299002
33034946555
1005001731252708
32830686250
32809439294
1005002314367495
1005002248446441
4001065405700
1005002312496720
1005001474105390
32999946487
1005001687630920
4000979079381
32888105211
1005002198617041
1005001598344206
1005001520342773
1005001863919487
1005002210046364
4001230463910
32959361337
4001091702538
32982691455
1005001412264932
1005001865612679
1005002269027926
1005002309425420
4000938568384
1005002448819064
32795360885
1005001640958557
1005001650948118
1005001344459760
32964127489
32946729866
1005001582703636
1005002304033437
1005002446615450
1005001773425588
1005002288258461
32815009176
4000605428961
1005002333798052
32808904695
32851109209
4000992910495
1005002485237428
1005002399779473
32952306394
1005002240085101
1005001612108985
1005002285220437
1005001430515971
1005002462453578
1005002182467529
1005002496002023
4000382456684
1005002392105278
1005001834010058
4001350507936
4000405512801
32832659401
32838229746
32848477706
1005001615970179
32522074009
1005001632254492
1005002051438113
4000714440246
1005002245675635
4001153110896
1005001708953761
1005002314948872
1005001830472788
1005002107825799
4000762136974
1005002299726206
1005002412544206
1005001896223187
1005002264105839
1005002011796901
1005002186015472
1005002461891466
32911816624
1005002140369628
4000159265134
4000155814396
1005002318275741
4000837315085
4000184452673
1005002296789741
1005001568651615
1005002133825377
4000626760853
1005002122302569
4001106975841
1005002345450264
32976779284
1005002337359312
1005002035061505
1005001424833790
1005001961790702
1005002314292992
4001219048215
32918757031
4000828256443
1005002381853854
32900222479
1778965194
4000812013829
1005001950420966
4000384713845
4001249774339
4000983475635
4000319575570
1005001518496458
4000960592268
1005001814077616
32891454156
1005001931110070
4001228168321
32894414183
4000555916562
33019193682
1005002305959365
32835069005
1005002458590167
1005002496641646
1005001671038455
1005002271364902
1005001775111576
1005001636767123
32899183761
32884509272
32350900362
1005002363243397
1005001877350827
1005002329921296
32902267682
32707937144
1005002348715277
4000499671475
4001019229029
1005002376310851
1005002206350029
32914936190
4000053689156
33000383440
1005002284708332
4000433767440
33049897972
32897288582
32831761158
32951716577
4001221488616
32956493842
10000341752465
1005002365080323
1005002375287183
10000259782749
32842076120
33032617409
4001249674695
1005002357363015
1005001763253795
1005001764471883
32995424782
1005002388600824
1005002278489416
1944431403
32728939894
1005002490131031
4000828196086
1005001749658166
4000785760972
32508913685
32791816483
32994099180
1005002035983099
1005002319089792
4001159932738
4001015548026
1005002337284208
1005002282734239
1005002372852214
1005002431789272
4000781063492
32736605243
1005001657038076
32648956206
1005002312481463
33026357299
1005001472376227
1005001905205327
1005002433738098
1005002301190416
1005001958834217
1005002266271974
32973031218
1005002248040028
1005001325844365
1005002334914374
4001231939857
1005002399620129
32664715239
1005002323970781
1005001930960242
1005001328740142
1005002268687449
4000031394435
1005002247667678
1005002312263266
1005001821235803
4000050764003
4001249748379
4000960624750
4000466186750
1005002333211604
4000199943444
4000105885630
32980644481
1005002120103060
1005002304526115
1005002459788286
32863066379
1005001529627769
4001114048396
32992588278
32937094896
4001027987251
32716726568
1005002354227139
1005001721109124
4000065728607
32860134484
33000099281
4000551723931
1005001529740073
1005002270747575
1005001720385540
4000966354914
1005002467123181
1005002376309919
1005001954437671
1005002319350216
1005001859041107
1005001530603613
1005002323818028
1005001814461075
4000593647498
32880581993
1005002345017276
1005001901762175
1005002311571417
4001280508664
1005001849074535
4001256260181
1005002291964822
1005002264839744
4000108926322
4001345952686
4001286084673
1005001631348196
1005001627751514
32903508547
1005001323333830
1005001676529894
1005001795919113
32726357272
4000198388939
1005001446418235
1005001772353130
32994354948
4001282098899
1005002401208555
4000312252552
32898281429
1005002399694401
1005002296754111
1005001787602233
1005002380845009
32990814537
4000346774465
1005002248143513
1005002319473188
1005001695392947
1005002330838620
32810053607
32955372399
32946304255
4000306600785
4001106147446
32839845131
1352491731
1005002186074328
4001035037741
1005002320508085
1005002062908150
1005002264391282
1005002361983811
1005001727746325
1005002450848859
1005002348555729
33036286778
4001278826199
1005001387901938
32986608953
4000371925273
1005001699091020
4001014494782
4000208284502
4000822662213
10000395909493
32950654688
4000061568378
32997374780
1005002384265964
4001069688419
33004426766
1005002049557247
1005001725354679
1005002398302825
4000930733837
32966064712
33007026100
10000308794407
4000235435594
32908741499
33010201583
32849016566
4001100504696
32843420937
1005002454246718
32852622017
1005001821089411
1005002238142885
32586070933
1005002328819410
1005002334431939
1005002287534257
32974573740
4001031685626
4000849854496
1005002354566070
32787194320
4000927088506
1005001808962159
32973304701
4000641048517
1005002001621136
1005002327707214
32630775513
1005001868860847
4001152159131
1005001685822549
32965669582
1005002275583839
4000724174318
1005001909383161
1005002305234314
4000127454305
1005002323240297
1005001603937339
4001084056587
1005002346664094
1005002376346521
4001200518911
4000930957604
1005001770768988
1005002198465667
4000518856352
4000875097755
1005002111271879
1005002281265424
4001160655043
32881259351
32668582961
32718139202
32888287502
4000967870411
4000842591992
1005001369809139
1005001869615041
1005001391888245
4000449727252
1005002294315170
4000967670436
4001093498565
1005002090617504
32727252725
32894904822
1005001320299145
1005001875128198
1005001564393134
32995665249
1005002298678361
4001092193882
1005002480877873
1005002023809994
1005001645453110
1005002388729549
32800370154
1005002176697297
32566908622
4001266957604
32796663715
4000570270149
1005002054485442
32252655973
1005001670715879
1005002317124116
33056643829
1005001387279800
1005002323738127
4001187720051
1005001498755458
32858245259
1005002484310037
32554006075
10000395806000
1005002364525852
32863249521
1005001471119154
1005002109795456
1005002274428989
4001197923113
32372655587
4001299338711
32989313832
1005001407086370
1005001533137994
1005001576023067
32883210794
1005002341003523
1005002336900853
1580836547
4000384212486
1005001297573148
4000006512738
1005002278225813
4000212119724
4001200296534
1005002367424662
4001350837604
1005002467111875
1005002476684201
1005001519609417
10000286719306
4000691544850
4001207511030
1005002309056583
1005002080872232
1005002412516280
32971871687
4000274319014
1005002095377585
1005002383115827
32817279228
4000858870912
1005002435203767
4001115124136
1005002322711854
1005001930763936
4000709164602
32449856107
1005002272264005
1005002440929969
1005002353360231
32976866569
32965414789
1005001377031990
4000701374425
1005002364567910
1005001671605734
33004887232
1005002223916781
4001365992206
32409187361
1005002458008394
1005002233295145
1005002347574050
1005001864938290
1005002312381324
32909409186
1005002307946409
1005002240460144
4001122270083
1005002393623321
1005001989092427
1005002466190516
1005001914478615
4001116027703
32909202159
1005002022554057
1005002440872676
1005002499392160
1005001599128649
1005002364411421
33029497570
32982551975
1005002220940548
33003366764
528474015
1005001977463608
4000187483375
32899570391
1005002314289878
32982326079
4001286029246
32852204830
1005002319329668
4000989485238
1005002080794287
4000431513577
1005002362502845