1005002074633956
32947352044
32754052856
32923988552
4001283578223
33048068088
1005001967410110
1005002334204586
1005002329235427
32934911721
4000910344103
4000661043819
32765036378
33030375831
1005002310975363
32860039418
1005001648659301
1005002500465697
32775839586
4001215077667
1005002267610198
1005002411174754
1005002452349382
32740331548
1005001858757938
32994694762
1005001479256445
32800679939
4000042088756
1005001768058424
4000940764899
1005002038411002
4000965614784
4000825267230
1005002225629786
1005001818045153
1005001402646388
1005001733113689
4000510744703
32860332625
4000359182104
4001169707743
32803135539
4000384772258
1005001967673331
1005001596216360
1005002361760553
33016714867
4000057523716
1005002133277501
1005002459494322
32949425245
32850030056
32889944403
1005001558175312
1005001872968228
4000177519853
33031859408
1005001718185781
1005002336286390
32843085744
4000071622958
1005002382652966
1005001731133441
1005002382597484
4000203814260
1005001987528613
4000979226716
1005001597885049
1005001406574736
33027509680
1005001632410312
1005002489588727
32450975169
1005002326359323
1005002453920399
1005002250330553
4001115383923
1005002266519353
4000966173899
1005001963575149
1005001279626531
1005001428723610
1005001620040303
1005002296724282
4001226676572
1005002268112470
32847382484
1005001446292983
1005002349872073
1005001731037848
1005001694235465
1005001429620957
32987405990
33008834688
33043844901
32948259312
1005001417091665
33012173202
32981098352
1005002373234012
4000203967691
33007070630
33013539034
1005002352511533
1005002456717536
32846038144
4000528871299
10000261778470
1005002499749181
4000300301946
4001061506218
1000008125242
32975091319
4001172459487
32925591257
1005001861213417
32959559674
1005002435784623
32856501515
1005002145280006
1005002423545325
4001365716198
32919194385
1005001998946618
4000059368775
32970094655
1005001553546513
1005001695732565
1005002312494823
1005002434715668
32727040667
1005002283483752
10000281055670
32837045444
32763527625
1350674795
1005001570352036
1005002162887958
4000626197882
1775497856
4001346524700
1005002314272047
1005002314252600
32674182209
32828784947
1005001337774966
32982635911
1005002462552214
1005002324090215
32988801665
1005001308330509
1005002490398850
32836168172
33017403641
4000980203532
4000096415628
1005002401137300
1005002462134397
32844174904
1005002081356778
1005002363404920
4000918809178
32844395803
1005002294541238
1005002271918314
1005001577108646
1005002270462515
1005002304441771
32857173050
4001278910567
4000567520118
1005001802390267
1005002293654752
32874946815
1005001779256103
1005001815402817
1005002313374612
32906335458
32993221068
4000394664485
1005002431928466
1005002428471830
1005001335757904
1005002314151679
4001226315413
1005001869488192
4001065359689
1005001999141252
33017420416
4001131944512
33006446843
33036134240
4000996678351
1005002357148058
4000730808376
32995166676
1005001869845044
1005001571905280
1005002495196304
1005002079222390
1005002369110911
1005001894463730
33002223751
4000013611583
1005002352346355
4000626113575
1005002191993428
1005001882532044
1005001397656167
32992323502
32967097999
32796651767
4000960641689
32830619135
32968981971
32798948587
4000955040030
1005002489662657
1005002395860314
32861700046
1005001622109698
1005001762744689
1005001929112454
4001145248200
32875121025
33053879715
32919665469
1005002314637342
32878361471
1005002305735512
33024751983
1005001531831739
32931694347
33008851296
4001154302922
32699567916
1005002443585769
1005002297965645
32960838734
4000706566244
4000003747117
1005002038193701
4001007938850
1005002304309785
1005002086519012
1005002107303238
4000970398651
32970759785
32996440838
4001234154449
1005001470651730
1005002339994317
1005002442525761
1005001516288704
1005001757843051
1005001828756160
32891084439
32918157433
32406229186
1005002232077297
1005002244358205
4000686735438
1005002405342026
1005001832475393
32973015964
32911206331
4001149646953
4001062455745
32945054263
1005001672465346
4000610294132
1005002033695941
4000548954330
1005001391821747
1005002476245671
1005002394825177
1005001550928155
32610580313
1005002288862103
32977306102
32806618777
1005002362628312
4001188405846
1005002356051269
32791384765
1005001531005065
1005001519929698
32979516175
4001285486876
32971807154
4000810835625
1005002304229583
32863572963
33015650914
32964132206
1005002380796972
4000239397796
1005001423041207
4001242395107
1005001397587245
32772168888
32960474318
1005001513217616
1005002298130376
1005002396659255
33016611425
4001146180328
1005002411070453
1005001492986337
32677024205
32780774410
32949430412
1005002306934422
33012663144
32902729689
1005002255092796
1005002333421166
1005002168866147
4001195153178
4001230674352
1005002256144448
1005001884487615
32808743410
1005002289997841
4001142948736
1005001731166662
32841402390
32831529550
1005002413648340
1005002499038442
33046045264
1005002252953946
1005001437016592
4001143568671
4001041061000
4001228533728
32844788153
32725531519
1005002311862986
1005002392973176
1005001692165551
4001150827179
1005001804954876
4001153278457
33037174663
32814504547
1005001560023164
32822481517
1005001628185884
1005002363711453
4000984475179
4000879645050
32993548806
33003670036
33059601464
1005002363930368
1005002351324242
1005002316030539
4000147481798
4001228810702
4000173572728
1005002365828030
1005002270877520
4001291245063
4000066531225
32883988168
4001133192982
1005002255083377
4000519684841
4001334861127
1005001303798434
1005002281988043
32842209473
1005002353146205
1005001669681368
33050597838
1005002397848824
32358001646
4001243923596
1005002336612611
1005002122067725
1005001630663717
1005002467765538
32858423662
1005002423610415
4000231968463
1005002307901812
1005001769220000
4000885338773
1005002266509697
1005002286473321
32822405129
1005001731148468
4001214203724
1005001821895209
1325499799
32536259152
10000075150097
1005001981137473
4001290370950
4001266794743
32900802329
32953847062
1005001345800472
1005002199328797
1005001518770783
4000797963368
33056890465
1005001711890054
1005001439103835
32860102356
1005002450773717
1005002254691170
4000842669778
1005001418224523
1005002240797338
1005001718069450
1005002391022422
32891016042
1005002346671058
32386160731
1005001278771891
1005002291710464
1005001558331461
4000793381758
1005002372083527
1005001678989604
32975668359
1005001775725363
4000186066841
1005002237754678
1005002377498367
1005001405124499
4000704447344
32871434273
4000708274728
32845104004
1005001670884397
1005002304386829
1005001937328884
32982713200
1005001782443951
32812225375
32874105540
32762667523
4000040128891
1005002320939656
4001287923921
4000848164698
4000927447190
1005002436061868
4001148335276
32991824231
32864207409
1005002332424251
1005002038962864
1005001505933719
1005002425466396
4000129450261
1005002310047762
32884461248
4001225089853
1005001976983201
10000011481966
1005002309965096
4000302783316
4001231776491
32967994317
1005002325135464
1005002133149832
1005001869583609
1005001469462693
1005001314596036
4001230821697
4000778114474
1005002310556733
4001228711088
1005002351532094
1005001726789108
1005001602340850
1005001525499033
1005002073243152
1005002453618086
33031457596
1005002357417395
1005001877784636
1005002122590039
32824632619
32952818055
1005001868218241
1005001750920027
32983780226
32335914388
4001285250313
1005001957585197
1005001380407260
32828584178
32815209693
1005001971678627
4000085365580
4000528883257
1005002340773819
1005001991797949
4000003223608
1005002341140477
1005002254216451
1005002286458242
4000186149678
4001219020128
33009260675
4001143247527
4000552058207
1005001580633676
1005002434624865
10000012727946
4000623523894
4000108637014
1005002378182124
1005002128388392
32642000305
1005002408440443
32648256843
1005001359801989
1005001398444049
1005002054050080
4001031342762
1005001456862950
32917708358
1005001392204285
4000176280988
4000774395068
4000571089662
1005001396020243
4000907427015
4001341906272
32902915409
1005002353204453
1005001759804664
4001240281264
1005002383059334
1005002223771468
1005001567207309
1005002454492688
1005001615584126
1005002401034571
4001220864458
32611580911
1005002355584566
32655855537
32900225342
1005002308885321
4001054990162
1005001926396224
1005002366189745
1005001567803307
1005001626450369
32848512322
32856608184
1005002325375105
4000197717594
32967878967
1005002280977966
1005001782540079
32954195925
32964601553
32955643878
1005001997412175
4001346875155
4000548437091
1005001479344051
33037180757
4001328512308
4000921799455
1005001619897530
4000152805303
1005001585311130
1005002490286341
1005002392884410
32619395921
1005001439057922
1005002210125382
4000789568653
4001340177628
4000511735140
1005002030193721
1005001657733544
4001240086515
1005002245967346
32851818644
4000979207001
32809317595
32969885654
1005001658084008
1005002430206882
1005001954158723
1005001305598242
4000972661412
4000264670543
4000866899769
4001038813245
1005002115419886
4000842651872
4000327680020
32818882665
4001275681872
4000791542549
4000884706178
32864382884
4000817553699
1005002333550895
1005002338975199
1005002389774936
4001125911095
10000198098542
4001104106448
32982373349
32605545308
32977046995
1005001584767673
32889553015
1005002426251848
1005002342010331
1005001981239417
4000960348108
1005002334980854
32956341236
1005001608930554
32839035365
4001251810448
1005002361759541
1005001906743785
1005001657005322
1005001705530911
33029630599
1005002334635829
4001134058971
4000437710865
32971103380
1005001511727388
4000331145060
1005001281271250
32989946640
1005002265739178
1005002283006865
4000791411808
1005002426456996
4000249165240
4000022711459
33002064762
1005001693208897
32867472626
1005002235801310
4001346192977
32821003554
1005001680473634
4000699021831
1005001793232277
32982781989
1005002258939918
33007410866
1005001617240103
32885781516
1005002258805774
4001336313198
1005002266196439
4000990824580
4001095900231
1005002448419737
33052663660
32659760703
33038394469
32996716238
1005001942411950
1005002458036251
4000969146791
4001166047268
1005001805609866
4000943230803
32810529450
32813756826
32800950496
1005001511874690
1005002373322867
1005001454606327
1005001934592559
4001229845623
4000241538821
1005002490048059
1005001517978908
32985506173
1005002265340498
1005001884226869
1005001867975431
4000538133044
1005001781432371
1005001338503858
1005002357626536
4001018976073
1005002311840010
4001232684422
1005002435925195
32802747811
1005002369958103
4000031944513
1005002286858757
1005001584787266
1005002312532092
1005002283155411
1005002058812188
1005002442143072
32815644606
1005002341290770
1005001851929708
32977519302
1005001756631083
1005002204053570
4000244254754
1005002388316490
1005002169833239
1005002207804494
32986548930
32913092285
1005002313691165
32862924350
1005002177630930
32964151234
1005001295273832
1005002394375598
1005002375212438
1005002308821652
4001232725602
1005001632676438
1005002246428683
1005002378957775
1005002340770329
1005002363130693
4001041112166
1005002330974490
1005002115566873
4001294488805
1005001531035632
1005001483387873
1005001957314306
4000200315039
4000475286914
1005001585952917
1005002432523539
33010308315
1005001930913861
1005001695461708
1005001848040375
1005001799529580
4000842966649
32957168151
4001060714319
10000256469447
1005001793507326
1005002018891516
32810302170
32974327586
1005002468733432
1005002115412519
1005001935057800
4000222435073
4000454526663
4000372363768
1005001780719604
1005002340950818
4000558569661
1005002353002229
4000726049536
4000883855414
1005002294518281
4001286891673
1005002483275284
1005001676792899
1005001699978529
32841119808
32908903447
32953835223
1005002314229708
32949164425
1005002275514813
4000408879500
32905584976
1005002252681495
1005001287563042
4000788400016
1005001834587408
4001187088526
1005001605359344
4000641010468
1005002176265835
1005001930734726
1005001932673067
1005002278131029
4001231698224
1005002241605402
4000267568874
1005002270210609
1005001646172321
4000438754373
32904601082
1005002359450139
33012680397
1005002316705323
32814752545
1005001611950390
1005001503244552
32850887322
32877846564
1005002166278618
32988142483
4000629626153
4000148401419
33001347522
1005001302151936
32968786918
1005002336196170
32796712818
1005002358707319
4000212228399
4001193204129
1005002384710678
32462371522
1005001873204087
33059563927
1005001515931529
1005002346018713
33053059222
1005002287149197
4001153245146
1005002361273042
1005002418503035
1005002180810727
32999012241
32918745423
4000717987208
1005002375177463
33050943303
4000811781589
32926390339
32579831918
33023181109
32921020176
4001361011083
32950963833
1005002342319997
32684692611
1005002123352733
32932923245
1005002449288147
4001227345639
33021518181
32665900058
32672806607
4000611688572
32974936394
1005002058646979
1005002012219797
1005001341404028
1005001597523968
1005001714231141
1005001872390398
4000238415488
1005002319362805
1005002314502280
1005002343325197
1005002050896607
1005002265067137
32674953478
1005002233026259
32652498926
4000943160820
1005001381013944
32977195504
32812386954
4000621661860
1005002417047796
1005002489078719
1005002316773488
4000990710462
32858989229
4000569345433
1005002453288201
4000434591655
32967918914
4000163943916
1005002339993436
32836256423
1005002420534132
1005002332375742
32341373059
1005002460034911
32397239579
1005002086771622
32869856336
32672114460
4000460350840
1005002284248527
1005001705111894
4001034553036
4000600486033
4000341762805
32923061014
1005002213368275
4000828722505
4000365224227
1005001470066817
1005001986043984
32847437919
1005002297347178
4000211164398
32808274839
1005001538526371
32793574187
4000709621029
32841107940
1005002427791929
1005002254506134
1005002313894821
32796715845
32952380488
1005002234201418
4001205640028
2004659717
1005001906127871
33012401103
1005002288912742
1005002361501899
1005002211199126
1005002482949860
1005002337117823
32547096762
33060886256
4000554765612
1005002425300831
32808194326
32975968266
4001051347076
4001248512017
32967348692
4000767816054
1005001642358403
1005002105316158
4001321724922
1005002377896526
32846707041
32980106098
32906632824
1005001720764294
1005001758657635
4000303896372
4000842658027
4001054438165
1005002268120272
1005001599027725
1005001874178362
32610683866
4001276327352
1005002338403549
4000366561448
1005002231476452
1005002413153637
4001229870238
1005001935266011
4000349341088
4000975288567
33016018910
1005001849035459
1005001491142638
1005001503158839
4000989345927
4000293566950
1005002465886960
4000103166088
4000080823131
32322619454
1005002346066461
4001254754888
1005002370259257
1005001628446767
1005001980981895
1005002082339947
32997375634
1005002432025664
4001028991431
4000255967238
32973731637
32997059756
1005002309681739
1005002241218155
1005002271230546
4000194530671
32922658889
32804901253
4000495064473
1005002271344908
10000339831454