1005002340719463
1005001665445633
33056505759
1005001560799790
1005002377452383
1005001516319456
10000391308969
4001080141786
1005001287880551
1005001441404696
1005002260065342
32916061313
1005002418561932
4001261444329
1005002230385174
33055799395
1005001774773693
4000185031889
10000395839790
32854291551
1005002450469353
1005001905564743
32316176284
1005002007673343
32531262750
1005002115195430
1005001625636254
32650079193
1005002354049686
1005002339818367
4000971943022
33004320707
1005002446596562
1005001418447723
1005001513069967
1005002394071644
32909465832
1005002238658413
1005002149797957
4000113889792
1005002322319755
33014423010
1005002074580021
4000122273822
1005002321222512
1005002477830677
1005002254676953
1005002119953737
1005002329007990
4000909444688
4001035754604
1005002316619017
1005002054123071
1005002291356172
33006102835
4000099908088
1005001664378837
1005002426178889
1005002397838257
1005002108630394
1005002103851308
1005001578992318
33042267848
1005002317317721
4000510522838
4001115928523
1005002413665246
4001107810322
4000070299158
1005001863046668
4000314363556
1005002089306762
1005002347989563
4001202368232
1005002316012236
1005002440105216
4000816575737
32660535196
32853367750
1005002434994385
33040426310
1005002294947187
32831526492
32991038800
1005002413526116
32907265920
33020811623
1005002082031120
1005002214082006
1005002281997078
32791323794
1005002468293353
32898217671
1005002389388278
1005001965548859
32654548304
4000016216079
1005001339281165
4000321864650
1005002264118845
1005001334405372
32988158407
33054842996
32976080977
4000900100105
4001160409076
32391392530
10000387283844
10000395862773
4000837237319
10000167605702
1005001905067306
32799807322
4000814876663
32911025656
4000794025217
1005002368848355
32816174678
1005002352945929
1005002475990197
4001256198703
1005001838459611
4000275774504
1005002453531891
1005002313387489
1005001652022345
1005001892174343
1005001511060654
1005001479772752
4001343843195
4000038978937
4001041045533
1005002256027046
1005002425158609
1005002253218343
4000183983406
1005001501479928
32470295789
1005002167907123
1005002019351627
1005001695816319
1005002002445052
1005002318938186
1005002490236081
1005002386325647
33010603620
1005002298939545
32949897749
1005002442615173
32743288536
1005001859469077
1005002359260803
4000268719290
1005001966507216
1005001608893940
1005002018435815
33003262301
32763539029
1005002431219344
4000399151541
32731072402
1005001976171303
1005001614371732
1005002004833519
1005002278609631
1005001928674397
4000345189721
4001280456225
32959524553
1005001912493439
32727215390
33027812764
1005001883187666
1005002475112493
1005001998777839
1005002476530057
1005002312893450
1005002255216774
1005002270685934
4001344961415
1005002320734695
4000085263467
32809585252
4000183399475
1005002069305527
4000396875943
4000843251513
1005001560634804
1005002393041251
1005002380827685
1005002414160766
1005001966462736
32880366910
33028733813
1005002394825316
33054600193
1005002359347380
4000007260492
1005001361663180
4000842531900
1005001731086164
1005002292714734
32811739912
32544538144
1005001658295433
4000569269290
1005002185365108
1005001908738894
1005001727363682
1005001402676254
32837992508
4001290239773
1005001987629051
1005001557729956
1005002476452672
32837709424
1005001543708311
4000168067707
32957631290
32797137064
32956477554
33001537886
1005002315579988
1005002262806361
1005001884250321
1005001818007184
32735193204
4001048144777
33012806821
1005002443522061
4000748427012
1005001472875538
4000007665699
4000940939721
32638383468
1005002456513993
4000074568439
1005001407151816
1005002315764776
1005002448071657
1005002288056705
1005002309253207
1005001633845053
1005002394035405
1005002261605179
33035737823
32794296942
1005002260207761
1005001488709440
32597611460
1005001830103016
32898352473
32960586545
1005001406459478
32658489303
1005002344658727
1005001695491306
1005002171972276
33002651959
4000850242003
32876098261
1005001971275084
32967374965
32910177223
4001233954684
1005002291817133
1005002198200161
4001269772525
32974138120
32775064384
32975325176
32809560826
1005002356082397
32979177222
4001161805670
4000389259752
1005002198831185
33012396876
32841599486
1947121871
1005002420005659
1005001288258042
32976388715
1005002458647839
32960364694
4000987495824
1005002226330951
1005001580019660
1005002345384895
1005002336345151
1005002237891186
1000005001402
1005002358703768
4000761853757
4000227656767
1005002418867812
4000856306495
32821071320
32814464329
4001085468787
1005002078922673
1005002122432312
4000429982367
4000745459165
1005002401988642
4000834292956
32446130106
4001217278154
4000556965178
4000520008283
4000831208746
1005001721548469
1005001412597357
1005001466494652
32851715506
32390019769
1005002310964383
32959646516
32360699422
32997120708
32882779038
4000340080067
1005002065531824
32572628022
32650639849
1005001884769997
32948811975
1005001314869184
1005002398313689
1005002388602046
32801690773
32958043493
4000193058131
4001259474123
32818731354
1005001905143839
1005002453979927
1005002334314699
1005002340184853
1005001489511662
32974366544
1005002400884716
32967451380
1005002305106418
1005002333334567
4001149819365
1005002314315467
32694346836
1005001406707598
1005001931407921
1005002476142865
4000935037049
4000764303510
4001338647475
1005002485014885
1005002315312942
32864526113
4000670765098
33009468614
1005002432365002
32823631820
32978409830
32801579233
1005002311987810
32896647078
32974958384
32843036693
1005002496637781
1005001625243372
1005002453945102
1005001873543484
32320718199
32799050132
1005001934687820
1005001580232342
4000479092202
4001062622956
32965348373
33011663780
1005002264035687
32670038398
1005002244892543
1005002351686662
33062103948
1005001567440093
1005001417788514
4000849872367
4000259537427
1005002366007199
32984047146
1005002180923963
32945531620
1005002044016182
32851076922
1005001935009924
1005002320567810
33004565362
4001312982947
32910526030
1005001437543660
4000615021369
1005002002754029
1005001873405461
1005001518626216
1005002122375629
1005002038420333
33031280870
1005001571420362
1005002260251523
10000395898507
1005001360703524
4001145685503
32461910183
4000371043785
1005002459063833
1005001493027298
4000343637668
4001251207575
32801208177
1005002258739187
33052796085
1005001287045860
4000589429612
1005001669398093
1005002439552733
4001131838129
1005001707010249
1005001814446125
33038911220
4000906491212
32323850616
4000181252408
1005001271615975
4001163494731
1005002376017922
4000274435077
1005002125272939
32582803500
1005001527928216
1005001937475502
1005002281107339
1000007922019
4000131665052
1005002182408818
1005002405095963
1005002300779111
33040149312
1005002237366879
1005002409311007
1005002160492475
1005002311710344
1005002201686004
1005002034412089
1005002489417434
1005002046706443
1005002019061063
1005002384265944
4000043956336
1005001392742379
1005002315656181
1005002241414212
4001015802849
32612931291
1005001604100136
4000909840816
32955997453
1005001639897387
1005002032355587
1005001992354295
1005002359003839
1005001491691219
1005001874254646
1005002043547423
4000113652288
4001062383158
32622261331
1005001489364949
32705472782
4001149762896
1005001692528095
32593656005
32906127533
4001232125819
4000389474410
32830800995
4001252180766
1005002407997465
1005002240245510
32986083205
4000326802240
32954438547
1005002405013354
1005001581547417
32962832785
1005001671842415
1005001792087267
4000781520455
1005001933633381
1005001587738542
32631354653
33037138353
4001031772484
32922502528
1005001737391086
1005002086775952
4000046306859
32873000399
1005002321348267
4000533215083
1005002246189919
1005001348034658
1005002495252837
32993132534
33018727163
1005001593284253
1005002496372324
1005002426586580
1005001999492703
32439283906
32896503793
4000061069423
4001305057487
1005001724158599
32733289849
4001205026492
32903312661
1005002304296786
1005001846090466
33010874542
1005001736400148
1005001302219847
1005002442887719
1005002311011221
32852277235
32998703679
32869528040
4000583728390
1000007854059
32956169841
1005002496802331
32990445953
1005001515917522
32843104259
4000876993846
33019751532
32884855002
32424806066
1005001424947041
32846754801
4001037294277
32874469967
1005001525449219
1005002344446537
4000493493063
1005001682567084
1005002394655819
1005001597738838
4000230257032
33035883292
32753997094
1005001579589501
1005002315640076
4001248914273
1005002240585610
32858306783
4000569798243
4000275467176
32873039335
4000839861153
32896446147
32983318449
1005002311465711
1005002363168715
4001195292199
32801912320
32979044429
1005002427793875
4001239372337
32951233978
32894562109
4001080700929
4000197940086
4000545791305
33016084696
1005002331935134
1005001539255532
1005001683684565
1005001452280918
1005001831096762
32864987783
1005001686049593
1005001803465547
32831643564
4000115027008
1005001460112034
1005001695311917
4000759666980
4000174644733
1005002317064917
4000304513279
1005002265076837
1005002330159374
32648326071
4000263548148
1005001356716221
32793571637
32629060218
32749225225
1005001808974972
4000308400023
1005002389386879
1005002435244478
1005002356025156
1005002246448009
1005002283226682
1005002278302468
1005001614503767
32919765612
4000245469933
33029642046
1005001836012876
4000057975239
4000752208604
1005002283065957
1005002444014433
32972764706
4000859292753
4001028143804
4000201760395
32955321229
1005002121141528
32891168520
20000004534739
1005002315670248
32324260505
1005002264227163
32917829176
32804424840
32849231864
1005002329388040
1000001461054
32849566816
4000691346875
1005001586570736
32974842418
4000823837200
32963059072
32992362494
1005002114763983
1005002066578019
1005002420127564
32952650246
32865619413
32811836047
4000468393918
32810068992
1005002395227409
1005002397847700
1005001354933608
32956023907
1005002110817349
32815685933
32927919948
4001054256050
4000034728477
1005001510765738
4000598325682
32858737099
32882966206
1005002043274991
32863848349
33056798264
33011324499
10000393663840
1005002133382542
32918133312
4001019006827
1005001403545374
4000211705975
32822514108
1005002314351307
4000056793154
1005002476349693
32778954247
33056876684
1005002148795209
1005002369030085
32884332181
1005002279020626
33034464270
32805019825
32974892604
32943437144
1005002018734005
1005002265156911
1005002491744542
4000191748683
1005001302669056
1005001995436066
1005002438973716
4000857864984
1005002307502885
1872444713
32859698935
4001305583913
1005002130330786
1005002340977533
32914836303
32890244911
32992814145
1005001693664113
4000069508450
4001061285375
1005001465940230
10000356626893
32959929127
1005002303979798
1005001454512772
1005002420217719
32848300761
1005001591823910
32760514152
4000983595664
1005002305926248
10000031958430
32956843792
1005002310451210
4000425246578
1005001317301477
32692112091
1005001525287908
4000834391606
1005002143472194
32950566974
1005002247877890
1005002314818601
4000597501118
32797039845
1005002051617818
1005002345492563
1005002237781348
32921277772
1005001857258068
1005002467587780
32889586298
1005001576658389
1005001715663451
32920059326
1005002294339580
1005002234288082
1005001584818253
4001050980885
4001217006264
4000114232710
1005002327950067
1005002245523615
1005002286839614
32613518524
1005002498468615
1005001362049471
1005002490976463
10000021593140
33036968076
33034806657
4001014386449
4000207550173
32847595418
4000013617824
1005001420851760
1005001380743926
1005002314079952
32811108618
1005001315266543
1005002091226547
4000649190935
4001183772514
32800452522
1005001907235048
1005001882280434
1005001691051885
4000786404284
4001172327082
1005001738584509
32932767050
32804842959
33003046616
32839483143
4001107398585
4000960326355
1005002278461037
32925707016
4000358389117
1005002333165589
1005002121279812
1005002498907832
1005002260791071
32899619670
1005002421533268
4000462876419
1005002383101852
32819419089
32920399390
1005001315387289
4001247108118
32922236406
1005001817744696
32238429384
1005002314282966
1005001802824658
1005002126393716
1005002484489757
1005001413097698
32988831319
32864505169
4000015606239
4001231967457
1005001464344746
1005002181136895
32963603626
4001230834740
4001162729388
1005001279685416
32806244913
1005001439034185
32850688391
1005001709903088
1005001421250864
32845431479
1005002292216516
4000627114074
1005001972669713
32975407603
1005001869744200
4000084875591
32855418252
1005002258015184
1005001362554322
32831057780
4001022964694
1005002262185848
1005002370877113
1005001579510162
1005002338290809
4001208217854
1005002142164808
1005002483154981
33057516152
1005002394605486
1005002265465054
4001073458919
1005002271054888
1005001614250315
1005002302196821
32757506478
4000768505052
1005002262111993
1005002039594838
4001184412592
10000404561644
1005001572235253
4001333057433
4001257103992
1005001293552101
1005001611445815
1005002206360875
1535476737
1005002428100842
10000318073845
4000497645734
32665436514
4000788185207
1005001929239926
4001131957886
1005002046718755
1005002304091106
33035836749
1005001629109535
1005002204760579
32911847859
4001038565731
1005002463713913
1005001851395100
4000928702636
4000691049939
1005002126720819
1005001658649839
1005002460072473
32973024101
1005002334028958
4000349169242
4000912870752
1005002461545104
4001259696732
4000929565410
1005001682855686
1005001284629483
1005002021514748
1005001931008683
33025941601
4001197993566
1005002204742933
1005001948709828
1005002308081068
32839026616
1005001600107611
4001026956644
1005002444481271
1005002263750819
4001295341245
32644100841
4001226308801
33037001463
4001347249751
1005002411818893
1005001571640125
1005001947610623
1005002460765006
1005002258838736
1005002166037702
4001015215334
1005002033018695
32982070306
1005001332753092
4000389981703
1005002418833699
1005001277862906
33037181848
1005002218188411
1005001972593932
4001225120706
32975709316
32796450384
1005002373532340
1005001993394508
1005002317240872
32849050401
1005001387022934
4000127124940
32963886147
1005002454287742
32418456808
1005002432164502
1005002156723179
32807006827
4001063689718
1005002419050736
32872127784
33056518162
1005001483467085
1005001946770430
1005002185207873
1005001373528827
1005001989608520
4000532711895
4001147516172
4001280948877
1005002305655726
4000149315637
32924207973
4000211430344
1005002280651221
1005001816843097
32900518432
1005002441918003
1005002316923883
1005001891364930
1005001577003896
33027125304
1005001597995179
33035868995
33048624599
32859082586
4000388322318
4000009205988
1005001525488233
32825556008
1005002401855821
1005002281238486
1005001417279242
4001299659363
32961723845
4001094506917
1005001343134352
1005001896925869
1005002326406032
32993719759
4000817963020
33023399089
32995262834
32324447251
1005001602741974
4000917638903
1005002333129407
32962427810
1005001622333732
4001074417911
4000692858855
32996285304
1005002398722461
1005001992577497