32854522859
1005001468864631
1005002185147999
1005002243245203
33038915145
1005001397506639
32909627410
32849439348
4001287370308
4000157968940
1005001676645125
32853285059
1005002317544534
4000628728953
1005002436007636
32984694079
4000226154312
4001116614490
1005001303080020
4000773376064
10000214056373
1005002037361452
4000334764234
4001013028158
4001125692569
32882180503
1005002352947306
32962991756
1005002235851370
4001151382874
1005002277409366
1005002322477734
4001191981348
1005002245192184
4000111170405
1005002388537838
32988460781
1005002348062185
4001095628047
4000359739249
32886862699
1005002271797285
1005001948072262
32981246127
1005002100582295
1005002316783833
4000091791404
1005001460194140
32794334861
33046126761
4000570933931
1005001656765768
1005002416787953
1686375644
1005001763657428
1005002389577776
4000723171582
32856306467
1005001622582816
1005001280217711
1005001735131135
1005001433712827
32735380234
1005002044536200
4000990812975
1005002356615792
4000305615952
4000163129046
1005001598362071
4000793847915
1005002386776413
32909567972
4000675031583
1005001327290979
32819003414
1005002310948716
1005002467152080
1005002034342908
32623753769
1005002267533499
33060418053
32933462880
1005001728298916
1005001833840763
1005002347648754
1005002482775405
1005002336170894
1005002351111273
1005002156827726
1005002295241148
4001099195689
10000367141125
4000017938344
4001119629902
1005002037444598
1005001658912691
1005002197850459
1005002334836398
1005001607842461
1005002419124257
4000699329067
4000796734165
1005002270417662
1005001959406640
1005002320055267
1005001429731957
1005002435198353
33002300722
32790456868
1005002306550853
1005002428110710
32965773749
1005002315150792
4000530185195
4000207317986
4000829483259
1005002301999116
1005001307622105
1005002319181522
1005002247880393
32985110510
1005002320977972
1005001552096319
32794101030
4000237913141
1005002330564864
1005002314329105
1005001327517746
1005001962242337
1005002368357522
4000837151949
1005002330779057
1005002311024184
32904629078
4000228205622
1005002322557545
4000031619143
33001583846
1005002371422685
32703968842
1005001621815076
1005002384486298
1005002229042056
4000041018766
1005002457259538
1005001971249021
1005002382427513
1005002234877687
32763423017
4001313386057
32494853305
4000587171181
32912775961
4000103825876
32295832332
1005002068594267
1005002475409482
33040452325
1005002329860870
4001076516725
32954286097
1005001967914673
1005001478685675
1005001360168054
1005002294322336
1005002291891418
1005002203196659
1005001906821617
4000459650471
4000814717466
1005002340573443
33030754948
1005002352221243
558291450
1005002177633350
4000211096574
1005002500024724
4001332004135
1005002426603689
1005002228582051
1005002278988869
33039274809
2020885628
1005002060821545
33001599646
1005001956064821
1005002413421399
1005001518324232
4000106711800
1005002171747601
4000242652391
4000138886451
1005002394824182
1005001858516456
32999356772
32941442530
4000464359219
32871538906
1005002419397729
4000143929605
1005001899480319
1005002307271712
1005002055840681
1005002401560137
32965144967
1005002316913531
1005002312684322
32382664366
10000128136679
32849434392
1005001696349160
1005001627111459
4000273780616
4000619007651
33050708074
1000007209810
4001053642272
1005001617815612
4001270217599
10000029510035
1005001519370367
32685152688
1005002260304896
1005002380393642
33050681403
1005002332623595
1005002184900675
1005001970851998
1005002177124118
1005002476908831
1005001691023385
1005002351463523
1005002122484175
1005002310648249
1005002285612336
1000005842775
1005002334231219
10000402345849
4001290678893
1005002293203726
32849402775
1005001496719265
1005002026824007
4000817817591
1005002266184946
1005002111242041
4000420385578
1005002462613047
33012323825
4000489453696
33018207379
32891023373
32817989312
1005002403870974
1005001478448360
32962284949
32810007802
32925735829
4000241635914
32792502631
32915956908
4000027677562
4001138297713
32963685602
32808089490
1005002240616661
4001225148749
32990366209
32530412126
1005002182334659
1005002333342281
1005002241627240
1005002238981202
1005002133993189
32871046960
4001090296024
1005001619612948
4000987497993
32922605955
1005002308695477
1005001275231530
1005002289360945
1005001656995904
1005002454313645
4001187569582
1005002363104913
32966128692
1005002164477094
1005002432611060
4001111347997
4001043127301
1142112952
4000736204458
32866515509
4000224489661
1005002033393687
1005001822714821
1005002329842746
1005002355827021
1005002489129234
32929321929
1005002264917216
32889550822
32913136675
4001214792317
1005002372216540
33011563688
4001080259791
1005002044295133
1005001725257633
1005001756210682
32710070141
4000083897267
1005002092517797
4001027584922
1005001830605323
33049143793
4001360284073
1005002322091421
32592047436
1005001863518672
4000990569098
1005001408935896
1005001556512309
1005001287984589
33037202942
1005001958064790
1005002467662792
32919794491
1005002255948771
1005002337286636
4001234696355
4001053441241
1005002026886275
1005002327551824
32679112172
4001139315952
33006386486
1005002368614669
1005002301948844
1005002383695019
32878277548
4000805717010
32564866330
4000926479238
1005002344921866
32954305387
4001082342127
4000979833518
1005002380599627
1005001512696649
1005001450095754
32986359518
1005002023432715
4001208477271
32861295431
1005002276471028
4000153817710
32960223400
4001044307035
1005001587289841
32722385575
32366831769
10000402391685
1005002317390671
1005001304479226
4000930422812
32856391490
4000324439040
1005001429678146
1005001437712129
1005001804040584
1005002272230315
4000703389923
33001879649
4000626585837
4000799878196
32824534974
1005002390062116
1005002212688157
32889108595
1005001883042965
33025667968
4000934453833
1005001834721494
32999025075
4001335535209
1005001798013329
1005001469561047
1005002413458576
1005001265826570
1005002377206736
4000781437243
32838985425
32824895738
4000156035436
33003795924
4000232246041
1005002380881273
1005001615388437
1005001581321572
1005002210058900
1005002148020780
32813791425
4000857517349
32960015634
1005002146237192
1005002072366987
1005001787485378
4000711250420
1005002359032933
1005002462606279
4001223735260
1005002234753003
4001007560287
32844765767
1005002394873013
1005002273305808
4000510464930
1005002397747663
33002578825
32970031244
1005002330696562
32751062679
1005001651808540
4000258046736
1005002378293820
1005001708541005
4001214370527
33016997946
1005001268867295
4000030085624
1005001752872055
32864263265
1005002395435367
1005002314314321
10000146141819
1005001695372767
32889166157
1005001841827894
4000683095942
4000784498140
1005002278823507
1005002489861913
4000335962946
4000707295771
32981063043
1005002310003882
1005001427230078
33053062472
1005002232677619
32793677402
1005001633536839
1005001663873338
1005002381833420
1005001438814566
32834891372
32851648596
4001315396390
32972844408
4000427036538
32832232972
1005002432635584
4000782579076
32887542977
32937954836
4001150614673
4001265342697
4001238722182
1005002309779858
1005002370585048
1005002477751900
4000906562123
32958202349
32367387212
4000850549175
4001081587578
32826060966
32857994896
1005002003366676
1005002439795298
32908414973
1005001520318817
1005002314371375
1005002323382143
1005001525280713
1005002340550241
1005002335923762
32872789621
32838526396
1005001678874028
1005002256271216
1274810328
1005001584909435
1005002191301800
1005002447641759
1005001694689578
1005001295813404
4001333200174
1005002438173781
1005002434131386
32705460854
32848633240
4000845433830
1005001360113075
1005002498425416
1005002070432368
4000293915998
4000999309042
33006066317
4000176027060
4001075719889
1005002357552228
32862993197
1005001485765408
4000840520723
1005002322700237
4000344275849
1005002388302803
4000720321348
32836428880
32967592668
1005001320228232
1005002311042449
4000530682983
1005002115572982
1005002306557010
1005001281163171
4000026607679
4000705994906
4001204348347
1005002234329284
4000165220519
4000127123707
1005002115163826
1005002198749479
4001136454068
33033746077
32844603057
32869040746
1005001651172003
1005002441957428
32987634883
32964889658
1005002142997550
1005002362858703
1005001869632221
1005002186020442
1005002342329488
1005002344307924
32921607496
32970628897
32780059336
1005002434757733
1005001515870760
32807745332
4001139759317
1005002484341613
1005002409673943
1005002219466326
32890648039
1005001757327813
1005001768270369
4001206325205
1005002392018650
32997729467
1005001924137932
1005001302751100
32806032588
1005001522061082
32817944973
1005002289225249
1005001693266905
1859835459
32873994519
1005001381186666
1005001864853373
32947604186
1005002292178001
1005002212839728
4000975067904
32907127004
1005001423033754
4001227777237
1005002268010832
33051400829
1005001962209178
4000509334271
1005002399096213
1005002475315571
1005002319291721
1005002168636769
4000959091856
1005002003394979
1005001972054702
32803332952
1005001334151477
4001141036072
1005001947993643
4000953464387
4001230378410
32830898727
1005001658895037
4000202038133
4000376162554
1005002365532170
1005002467536503
1005002421728841
4000453051988
4000335545721
1005002438308572
33060037529
4000739211165
1005002023262315
32976918829
32829087183
1005002274241125
1005002364004127
1005001773599637
4000430602371
4000188926075
1005001644119142
4000941735743
1005001525167168
32922979038
4001360153090
1005002398730357
1005002278990885
4001028928499
1005002096874881
1005001487287615
1005002353662046
4001280649997
32993561452
1005001304857673
32909050705
33029070160
32974110157
1005001886024650
32694798448
1005002207394665
33039525839
1005002223716459
1005001630486323
4001275014655
1005001808504011
1005002080333842
1005002022580951
4001309774748
32953698141
32775690350
1005002050894329
32745395514
1005002289014245
1005001406309212
4000960412991
1005001273615540
1005001588203724
1005002489465596
32847944474
4000305409509
1005002366494785
1005001805097670
32911737350
1005002394779793
32615768239
10000395913177
1005001594226463
32867632254
1005002395919591
1005001942833980
32847335630
4000726114340
1005001775268908
1005002453198325
1005001329741001
1005001809125835
1005002347362532
1005002302338543
1005001549601379
1005001607643083
1005001884436074
1005001798167855
4000828902910
1005002461875608
4001033098379
32754979518
4001232918338
32970816413
4001257334213
1005002467179622
4000267734635
1005001872090759
4000044432588
32998917620
4001264855088
1005001954228151
1005001344814388
32970734274
32830703569
1005002368646415
4001170227461
1005002293903227
1005002431498316
1005002278739383
32893034132
4001008969577
32996080534
4000300890639
1005002336518547
4000159398371
32827991769
32862706671
1005001867447050
4000330729211
1005002393866812
1005002376760820
1005002108404963
32815131699
4001019073028
32825039177
1005001697813754
32827509800
32919582111
32287005211
4000588547334
1005001902078843
1005001671446835
1005002368974191
1005001804859593
1005001458840782
32955883862
32954688044
1005002333007014
32808511925
1005001706151706
1005001721575131
32997595364
1005002314391221
32317519850
4000688868287
1005001999444405
32958645204
1005001369286378
4000649314745
1005002461547682
32982761224
1005001731340034
32801762692
1005002409219691
1005001273709956
4000037976118
32945437544
1005001830531419
32840947530
1005002276032281
1005002061740716
32858149839
33031865612
4000892004309
1005001356247353
32931533444
1005002207527558
1005002331847511
1005002105089301
4000873163638
1005002380820470
1005001499205874
1005001609032127
4000858094159
1005001942519334
1005001999925479
4001027652634
32885169905
1005002238674768
1005001798508222
4000345202267
1005002411296115
1005002319074518
1005001813267187
1005001267357695
4001277624574
4000106444785
1005002243561465
1005002065243137
4001298335095
32811199470
1005001387907802
32917053990
4000009763715
1005002208207515
32798834194
1005001731249200
32954625628
32963834828
4000668619544
1005002380781584
4001102383387
4000514572830
1005002337932007
1005002314743231
1005002487992094
4000415656291
1005002273395796
1005002300739636
32949669539
33011173903
1005002399645638
1005001789694766
1005002317334591
4001216112498
1005001632307410
1005002288749416
1005002068422082
32455840653
1005002312231487
4001107374244
4001229977155
32814938356
4001272178100
1005002324095841
1005002315632239
4000554740934
33021895084
32971621030
1005001786576507
33003399281
32991412707
1005001996807395
1005002318202805
32536107994
1005002001442223
32887752751
32680229768
4000693532057
1005002334760847
4000447378310
32298614077
1005001412330566
4000844156386
1005002490559855
1005001652402068
4000133890931
1005002019039899
32862516654
1005002314452057
1005002305315578
4000911578539
4000168353012
32642617626
1005002430626544
32855167473
1005001864461647
1005002442110434
1005002271321660
32838608595
4001318185447
4000663953736
32964006718
1005002316911662
4001170049341
1005002199143411
4001339656641
32840352200
32968034725
32900929013
1005001881184277
1005002280581490
32856468497
1005002340097051
1005001683196660
32969910453
32917841442
1005002334971531
32420041398
1005001670900234
1005002443495299
1005001714517525
1005001466876352
1005002124837118
1005001774070205
1005002413201341
1005001936011323
33038345863
1005002387114256
32933070441
1005001645210786
1005002430275601
1005001404964212
32832634109
32301454713
1005002352376258
4000381595421
1005001929709905
1005002121358251
32233708556
32667614861
1005002247883267
32351582926
1005002381386092
1005001966442206
1005001840475727
1005002287841580
1005002286011949
32859996048
4001327062725
1005002051380098
1005002219551456
1005001968013196
1005002417929762
32790982632
32906585422
4001035097387
4001339034104
4000166698938
1005002052506308
1005002355323214
1005002060082064
1005001514391642
1005002300810699
1005001780690793
32959345619
1000005051485
1005002043668676
1005002341615816
32668991686
32788873814
33057884673
32795424949
1005002258865531
1005002416623360
32765508602
1005001797450356
32789894659
1005001841748029
32925676974
1005002359496500
1005001282399487
1005002450473949
33003657232
1005002362584554
32749907163
4001156275279
32810797286
1005002329394805
1005001841514867
1005001632494647
10000395866329
33007546103
4000279124482
1005002340004209
32954565998
4000457105010
33054184101
1005002319637251
1005001411753477
1005001534451357
4001270934645
1005001821412299
32980910448
1005002445034854
1005002314349990
32972634910
1005002316858417
33022679166
1005002292634772
1005002287753015
1005001563216336
1005002344545228
1005002330824623
1005002273085900
4000928574415
32926285086
4000136512502
4001288101100
1447359040
1005001742280724
1005001326627892
33007567439
33053928992
32940791176
4000385765436
32720565970
1005002413273555
1005001589083071
1005002363190617
1005001958804347
1005002085033336
4000626543942
4001034019533
33053905312
4001225344024
32793303108
32519365992
1005002428105189
1005001930729485
4000823360028
1005001632740412
4000070871237
1005001889456044