1005002454391350
4001278459232
32845028452
1005002342391572
4000420681191
33040224580
1005002308686556
1005001479217243
1005002334225210
32786423221
4000959743259
1005002279118916
4000223578058
33006493011
4000381321859
1005001460190334
1005001943956365
4000978895330
1005001352206774
4001277942334
32745036779
1005002282213460
1005002187219223
1005002328653149
1005001834777533
1005002003127967
1005002328734470
4001359167522
4000780168058
1000008416592
33023023549
1005001942972165
10000300176546
1005002319072068
1005001429018668
33038127956
32851210839
4000030277565
1480378631
4000238701935
1005002353958971
1005002120251804
1005002467827563
4000879779044
1005001594394915
32329332281
4001250881520
1005002277138283
32917997674
1005001976348852
4000631467897
1005002466056962
4000257662938
1005001563345057
1005002053967302
32946392663
1005001818416906
33042213303
1005001695389886
1005001862943840
1005002226298415
4000832704568
33015373583
32839406669
32891069540
1005001841938615
1005002229102169
4001189329745
1005002199481967
4000171746407
1005002319150148
32952904318
4000627281567
32956271380
4001077683341
32922190039
1005001930576483
1005002334993362
32859017176
4001039329950
4000023168946
32723140394
1005002483062413
32871518736
33029606171
1005001834911642
1005001616243173
1005002297743056
1005002453122289
1005002003992384
1005002191968304
32869760386
33039649107
4001230379397
1005002418802888
4000990751313
4000390859289
4001109153564
1005002382349709
33028569696
4000843055731
1005001348730411
1005001976520133
4000125998116
4000594712647
1005001570472006
1005001487012589
33011614890
4001349057970
4001131392310
32892384628
32894152318
4000148929390
1005002075081165
1005002464830638
4000295893988
4000237611975
1005001818853948
1005002418408805
4000907451626
32709085080
1005002475845222
1005001463197721
32738216972
32958881591
4001120098310
4000324758029
1005002168100020
1005001469002673
4000386210376
1005002368883772
4001135536249
1005002336803283
32975180699
4001218549840
32963803271
1005002253748191
1005001829739298
1005001474520857
1005001592177076
1005002431336394
1005002322439840
4000555629069
1005001368963388
33042894599
32963931438
32889541040
32985414321
1005002492615991
4001203159601
1005002483964820
32539371718
32814272939
33000093612
1005002389567671
1005002434515859
4001002003584
1005002112612382
4000695859248
32793503740
1005002458350765
32958251930
32973029627
4000596637309
32966961428
4001089792144
4000299115087
1005001966533082
4000469437981
1005002276296565
32291963858
32851629162
32759203227
4000739019923
1005001994352642
1005002018041054
1005002377913242
33007262066
1005001844266595
1005002015474291
4000905863286
1005002291559573
4001254643922
1005002429527191
1005002006687303
32990020878
32717516229
1005002352119202
1005002302560216
4001149869926
4001150213601
32850166247
32870742590
4000711928630
1005001467910254
1005001462072890
1005002490428589
4000687088257
4000229746139
1005002043592416
4001360924813
1005002023052676
1005002449427421
1005002270915165
4000200432736
33003175392
1005001630979483
1005002179532802
1005002258265660
32799508704
33040001476
1005002324154569
32866425260
4001198880625
4000311940310
1005002466448517
4000244984869
1005002364420880
1005002395026345
4000856628563
4000859343718
1005002061464704
1005001400133598
1005002326452805
4001061998571
4000153971133
1005002382343216
32978535562
32908644835
1005001466063292
32984931066
1005002309492172
10000395847152
4001041057688
32776280318
1005001516382118
32945441165
33015927641
1005002052090160
1005001912708512
1005002166707098
1005001813139304
1005001996735822
1005002329105417
1005002395658769
1005002277186619
1005002085530773
1005002462809369
1005002459025111
4001267506393
32870181123
32718822588
32663034442
4000111392670
32993460303
4000681425160
1005001878357701
1005002314572370
4000351403139
33049675521
4000275242905
32848600489
1005002305153418
1005002431038363
1005002122325789
1005002448194736
1005002225340190
1005001612627135
4000986714940
32859975884
4000760754798
1005002146246933
1005001457464149
32487854927
1005002256739497
1005001296011263
32836843117
32985417353
32889471438
1005001346413239
1005001990034984
1005002357820213
1005001336607399
33062886395
32825739976
4000989732214
32838302620
10000397745957
1005001458569751
1005002454256442
32829972872
10000395826541
32786860023
32850567275
32287954727
32897031967
1005001360438338
1005001520146074
1005002243948919
1005002418816777
1005001576350187
1005001992538409
1005002268464455
1005001921667016
32978017341
4001037309495
32906560053
1005002483017391
32837557393
32394308464
1005002316623570
1005001611998126
4001324141189
1005002354577403
32978027543
1005002255572905
4000686007039
4001251260961
32648384558
1005002219745010
32833382050
4000049971351
1005001928925759
1005002364969157
1005002278870235
1005001709089356
4000640800683
1005001966525351
4000245131868
1005001329721492
1488186792
32963394671
32609749923
4001261506079
4000891007873
1005002457362851
32810462468
1005002474759149
1005002454331161
1005001998945157
1005001571981969
4001261021983
1005001520353315
33001787786
32786288419
1005001671235144
1005002281181481
1005001725220816
1005001447263439
4001173835602
4001219166553
4001220501456
4001186697679
1005002465091278
1005002289158080
1005001934221626
32924981096
1005002454245774
32917069145
1005001890396776
4001364033606
1005001982579999
32768290758
1005002349983838
4000517378699
1005001943480157
1005002298267877
1005002098679516
4001225277244
1005002270659530
1005001634799662
4000248875939
33040248169
4000032391798
32891387567
4000764801504
1005002273015883
1005002052455681
1005001998600760
1005002291530747
32959295470
1005002249270212
1005002224183611
1005002496569453
4001227366372
1005001635775992
1005001620491105
1005002336294982
32917388245
32811057716
4000463489580
32901517754
32991558502
1005002314044157
32945664195
1005001987327980
33001318332
4000051620373
33000392579
1005001863664191
1005002488046743
32958619934
1005002332043569
32961039438
1005002329845585
1005002452244526
4000623849982
1005001867423170
1005002115719428
1005002492394329
4001361140214
4000074591265
4001322366624
1005002167420134
32230430296
1005001836495798
4000527643285
1005002377547309
4000335600101
33024787063
1005001894202797
4000944447784
1005002365103876
1005001789724160
1005001565722039
32853146107
32299495683
4001365859047
32778139696
1000008052574
1889729830
1005002495961736
1005002335099425
1005001989534232
1005002310083125
1005001756185056
1005002176182665
4000313336655
1005001970935714
1000008157883
4000628767469
33043200438
4000827038464
1005002478473739
32932164580
1005002345801000
1005001379919550
4000094075546
1005002466997083
1005002389885301
4000383506061
32867413189
1005002271261726
4000069598538
1005001863727490
32983782850
1005001817004556
1005001679910605
1005001937247571
4001156813215
32856492452
32962779271
32829996564
1005002273903297
1005002454387312
4000326628498
1005001622803745
1005002476794851
4000856257703
4001243283402
4001239317221
32991361002
1005001687832167
1005002418603500
1005002425616345
1005002498679567
1005001930377553
4001150174001
32909533191
32885767859
33045408315
32791696406
32867817970
1005002500107357
32843217502
33030656791
4001228628860
1005002325154337
32969866350
1005002381689165
1005002462095149
4001048338183
4000944484478
32878550118
1005001272647858
1005001304586756
32897638382
1005001463876327
1005001843929815
1005002485657407
32985102536
1005001779018504
1005002247257219
1005002448051103
4000235564378
32897433421
4000059266435
32243233642
32855128589
33024277441
1005001948268405
1005002459049939
1005002394878271
4000912286190
1005002069295341
32861146814
1005001406689230
1005001320409195
4000253154753
1005002384757802
32921618797
1005002284289503
4001036590818
4001130426620
32919350314
1005002237756684
32850203337
4001166129361
1005001693194562
1005001922906653
32788865955
1005002348162116
1005001430444906
1005001466120855
4000039413111
32861367233
1005001868695788
1005001878408701
32896797521
1005002288797867
32627797008
1005001725535459
32968704659
1005001618038792
1005002388142442
4000443452651
32908121461
1005002347396148
4001249024428
1005001606245971
4000340866887
32967193825
32727375060
1290607344
1005001812207212
4000908531889
4000781780803
1005001723561072
32957861441
1005002254546579
4000961388063
1005002136775210
1005002288222654
33015000563
1005001446381988
32995415737
4001143927486
4001237919674
1005001454551065
1005002394134407
4001219491261
1005001847206353
4001297174105
32953229462
4001090429183
1005002019212004
33026613762
4001155637053
1005001640184874
1005002401173286
1005001761838218
32962823890
1005001456472445
32691714798
1005002426712256
1005001355361720
1005001706236216
1005002105225457
1005001695459623
1005001988031377
32787333189
4000318327092
1005001334456282
32640240224
1977278975
1005002029038314
4000196086003
4000384251462
32528538154
1005001791748616
1005001572232690
4001244419455
1005002396464384
4000146445910
32836441946
1005002230083864
1005002122288820
32826839630
1005002006615140
1005002122436718
33054014793
1005001806116121
1005001453915413
1005002199099876
1005002442814882
1005002115654593
1005002339615528
1005001781676414
1005002120199722
1005002300254925
1005001748307277
1005001860924699
1005002295474389
1005002315259359
1005002056070058
1005001296347057
33004662418
1005001978076696
1005001314497435
1005001599726223
32654294005
1005002244198349
4001213763948
4000445273528
1005002246885078
1005002339485088
32927710106
1005001390119398
4000074895386
32953631260
1005002233140374
1005002313669874
1005002490376804
1005002185505505
1005002281098688
33036856628
1005002206356818
1005001875404630
4000965966539
32977606255
1005001423143253
1005001288503189
4001361027621
1005001367631674
4001324196187
32875090746
1005001907115857
32703844698
33028073309
4000499434955
32850797464
32964378849
32857003456
1005002338121589
1005001779930213
4001154341930
32904030293
32919806721
1005001525452401
4000113196406
1005002412800104
4001036488373
1005002392464373
1005001466124092
4000245199728
4000437458684
4000409332104
32962623713
4001321793613
1005001435882932
32889131241
4000274859664
32816640060
32961639287
33019315974
4001196883595
4001163026755
1005001747466481
32972913758
32946749662
1005002339345816
32990565003
4000917882121
4000354649235
32815805412
32955134137
32810790769
4000524796974
4000552234388
1005002350140282
32998561979
1005002454295655
1005002398633011
1005001419251509
4000107613065
1005002313684395
32535024014
32853463209
1005001748471516
1005002009736077
4000236547414
1005002260056872
1005002376943339
1005002337202521
32425577859
1005002342726457
1005001920916888
4000465561439
1005001975284896
1005001840817262
32839703585
1005001879041043
1005002000346140
1005001915699803
1005002363956892
1005002484391026
4000693371512
32843287436
4000629044325
1005001638814951
1005002040523992
32992883218
1005001451401200
32908726911
1005001685625017
1005002139909176
32807827921
32849358937
33013503623
4000165036374
4001264163633
32861199416
1005002241567764
33038198575
32991877549
32767765217
32921903343
1005001619112865
1005001466221412
32991718163
1005002413321077
1005002499484675
1005001656804664
1005002297634702
32889788133
4000905522423
4001259556570
32852639668
1005001879189866
4001041041668
4000983891427
4000860645037
1005002344882293
32263569404
4000919836289
4000756433411
4001176648425
1005002494945987
1005002360245248
1005002333530632
1005001341271421
33033078509
1005001303737294
1005002317538526
1005002320324160
1005002307488049
4001128350910
4001112164481
32918141742
1005002272213029
32899445130
4000866282279
1005001681077393
32962397041
1005001919500357
4000429556827
1005002239761267
1005001764135317
1005001591777897
4001304563757
32597160105
1005002362820102
1724812944
1005001525314937
1005002389879956
4001172697465
32351156887
32963874426
1005001287090529
1005001835630670
1005002459884031
1005001351966526
4001353237662
1005001521725501
32946948017
32794594917
4001300393319
32857216791
1005001692821700
1005001598158913
4001253131059
1005001980357113
1005001943035208
1005002452621494
32895129127
4000496627229
1005001495301053
1005002021715991
1005002289718320
1005002341643493
1005002448013368
33030973944
4000252371780
1005002390873542
1005002401858500
1005002301131723
32887393027
33060958908
32682285825
1005001438748951
1005001545190174
32827470925
4000030435042
1005001506520968
1005001714637153
32982983911
4001360570491
32963775301
1005001401749533
1005002364231759
32906906144
4000072498246
4000959256649
4000244479040
1005002460546634
32581571320
1005002494394182
4000793972832
4000256200068
1005001942858854
4000546699469
4000006764171
32988584378
32966272506
1005002122549228
1005002489736351
1005002404070455
33009358760
4000405331055
1005002115244959
32961319780
4001243958446
32848371184
4000705853326
4001365025421
4000682577885
32983987808
1005001975224224
4001145332831
4000440262534
1005002304705580
1005001478101107
4001321921931
33016733675
4001355803744
1005001854819983
4000861390345
1005002440000997
1005002050252663
1005002212955767
4001130750670
1005002315248985
4000114425788
32901472844
32828288506
32660014956
1005002332367342
4001007816278
1005001536711356
1005002232596397
32970152607
32369568013
1005002337435142
4000640935807
32836628851
32911191521
32889760179
1005002399808917
32954566080
1005001269634030
4001111049054
1005002148274860
1005001587836136
1005002315985506
1005002030601472
4000145899317
1005002278731631
1005001627266458
1005001953499636
1005002133530540
1005001405376287
4000790215725
1005002371556710
1005002430793622
1005001921174220
1005002212280101
1005001647982000
1005002253845216
1005001580271095
1005002280696890
1005002311498333
32994598193
32830889180
32901764447
1005002314220830
1005001278951532
33021681657
32666278095
4000337723196
1005002352175699
1005001686238289
32547932844
33040746464
4000759471856
1005002351165957
1005002044394468
1005001617210592
1005002357641215
32796470112
726728162
1005002421687375
33040958384
1005002368239936
4000016600294
32854307218
1005002304543332
4001076875149
1005001487383179
1005001886019772
32879176121
32995641072
32228722581
1005002363759891
1005002294444682
32964840674
32791359070
1005002383263268
4001197553659
1005001763402351
1005002383769023
32986231602
4001248000848
4001167100161
32990219604
4000031644981
4001005252174
4001282947833
32961960386
1005002340687398
1345133366
32911971720
1411746217
32379695170
32953265705
1005002482573721
1005001821897044
1005001291996425
1005001598436350
1005002293016776
32916983542
1005001695523599
4000884258081
4001166824445
32999213063
32964460599
32797390688
32946030339
10000077874274
1005001709752988
1005002320773203
32945874093
32884303639
1005001884330111
1005001579959936
1005002280799558
4000375705679
4001291712656
4001289987673
4000803472201
1005002282472695