4000135507435
1005001802883057
32844103766
1005002397283774
33040361207
1005001781290479
33047210152
4001217939733
1005002361911897
4000482960182
32821857410
1005002253404343
1005002271777077
1005002436196030
4000960619332
33027894116
1005002470452279
1005002238882374
32864032900
32721731289
1005002282843381
1005001429350504
32880551853
32863312759
1005001770950183
4000417264166
4000203486621
1005002275361698
32869761305
1005002392311240
1005002329763584
32985280687
1000006604404
1005002318989375
32993984885
32849970232
4000630606300
1005001860094614
32555102032
32800902055
1005002315830871
1005001677884177
4001086480836
1005001889467865
1000008175735
1005002225908106
4000247719677
32696068294
32975353593
32848886403
4000963630809
4001061163065
1874118266
1005002474582712
1005001678299096
1005002232996463
4001204229539
1005001548625973
1005001885758930
4000960917374
1005002326728437
1005001436239010
1005002353378528
1005002359706633
1285638292
33054341717
1005001902270695
1005001908641695
1005002465820579
1005002383653308
1005002442202325
1005002469106057
1005001942584026
10000004595469
1005001557313262
1005002094374020
1005002079567079
32919084249
1005001671111510
1005002364432669
32961787927
4000785387868
1005001603189851
1005001355385391
4000837469289
32829805827
10000325213661
1005002078689633
1005001543840986
1005002319563410
33059008887
33060006139
1005002423275771
4000284649852
4000065912394
32972188770
1005002228412746
1005002328681626
32791328723
32909029825
1005002395556021
32794094504
1005002299539425
4001350501259
1005001313870396
1005001926830691
4000986953851
1005001597644642
33036068116
32976318198
1005001399128101
10000027067111
1005001482099758
1005002123350213
33015361344
1005001955044004
4001227736665
1005002202041136
1005001287814570
1005002382569641
1005001510983115
1005002206362608
32908007941
1005001670737349
1005001935878001
4001309064074
1005001602173706
1005001507447067
4001050563299
1005001525525030
1005002457140992
1005002284717292
2034135092
33022783493
4000560979015
1005002409541164
1005001406481193
32980966116
4000833329774
1005001927433046
32862863852
32691403144
32348035138
32963852591
1005001873207061
4000752094021
1005002462046581
1005002264082432
4001320339782
1005002320388376
1005001525325891
4001085706243
4000242615832
1005002125537078
1005001971678512
1005001565155253
1005001324435544
4000279174441
32948764580
32968826458
10000310859158
4000207683266
1005002396719575
32390584879
1005001670976782
4001217655852
32867390778
1005001907577906
1005001961725179
4000547902360
32670584892
1005002423750347
4000039618195
32846873487
1005001500390306
1005002246724058
32888277660
32835619529
1005002034669017
10000402421730
4001170657516
1005001707697998
1005001862680236
1005001884526545
1005002263570757
1005002434865328
32720922637
1005001429583225
1005002331855121
32923939503
1005002346936398
33020928837
1005002273168249
1005002310995774
32788266335
1005001807890356
1005001397917876
4000129408603
1005002325265441
1005002297468870
1005001816585960
1005001803276264
1005001949034059
1005002253680015
1005001687935932
1005002012432113
1005001942283280
32568913557
1005002214869242
1005002424373777
4000397064818
1005001664471535
4001359902957
4000233813286
4000905288541
1005002384726503
1005001835198100
1005002322534906
1005002026946583
32956046732
1005001644135175
32959881886
4000045067169
32979926508
32968299317
33043058246
4000048016346
32809192557
4000777553304
32780935507
641434065
4000339800213
4001019062518
1005002442394752
1005002253906256
1005001289737696
4000388966265
4000382633863
1005002499976620
1005002244834210
4000307937182
1005002235867278
1005001868580709
4001097589280
1005001624819770
1005002237798386
1005002203572514
4000442951366
1005002021564419
33003700575
32967237121
1005002252766996
4000028640585
1005001502418430
1005002418087027
4000590156899
32834662455
4000715157386
1005001475540512
1005001516075030
1005001592813208
1005001410951078
33051923771
32832154409
32815689601
1005001992035439
1005002291683691
33010618288
4000050386954
4001297376453
32812348879
1005002319300513
1005002311347271
33027129264
1005001574877936
1005002318457795
1005001355330300
1005002099990084
1005002356011634
1005002327616883
1005002341189623
32817108687
1005001935311963
1005002289728162
1005002205915711
32866458041
32975629481
32863285850
1005002244623208
1005001929682693
32918347518
4000944796222
1005001965214138
1005002490092468
4000065930227
32970900356
4000418991000
1005002222629540
32678403426
1005002433859987
4000923539524
1005002231525918
4001062719910
32617813992
1005001835256657
4000223789384
33036112191
1005002259418821
1005002267854641
4000643159474
4001326047739
1005002442429613
4001244276666
1005002306177803
1005002322361280
32996606853
1005001817633267
32963888015
4000469082999
1005002353345775
1005002357300684
1005001494887895
4000025453324
4000336655233
32240950634
4000387781435
4001309069470
4000201849272
1005002337417094
4001211176360
4000704460430
32805514048
4001061636727
1005001511493042
32985259076
32997255156
1005002464807504
1005001483386715
32713801740
4001143478027
1005002262104129
1005002316862498
4001131991281
1005001784862781
1005002271904175
4000953724582
1005002272223809
1005002377015523
1005002126247924
1005002314245689
1005002205885480
32817125543
1005002271699594
1005002167834307
32652219177
4001225221679
1005001556248343
1005002069683389
4001254542466
32716829463
32320626835
1005002314768423
32589232194
1005001901954627
1005002394951866
1005002394369574
1005001350028415
10000059428245
1005002332529482
32462325219
4000805561054
1005001515292823
33008792648
4001111199935
1005002002275508
1005001328831435
4000836170247
1005002347999259
32952339936
1005002211883470
1005001565726613
32792698280
4000604288114
32866700767
1005002413673156
1005001397691362
1005001309437448
1005001460022120
4001080552042
32797151836
1005002280741355
1005002058451406
4000340268494
1005002322346513
1005001356160047
32816026759
1005001960180318
1005002358182695
1005002317109971
1005001506255661
4000987619863
1005001843965209
4001254709814
1005001711165179
32869744956
1005002421518097
1005001793704439
32955474570
1005001633056415
32940179526
32811274616
4000071759555
33003391893
1005002453883138
32841437705
33021136316
32888263976
1005001406251173
1005002221996407
32952312202
1005001876924228
32840689067
4001088327976
32600830517
4000857256067
4000861451412
1005001450723104
33000060559
1005002435154716
1005002327975387
33017746957
4001064366136
4000623931257
1005001293148064
32622508087
1005002310861989
1005002032873820
10000408379278
1005001539970129
1005001411449473
4000442099173
1005002389569836
1005001515638175
32868730120
1005002210573603
4001339211173
32969368119
4001207013543
1005002398913245
1005001834377984
1005002205111495
1005002358947988
1005002310658683
4001037592863
1005002089457420
1005001906528608
1005001758730281
32844537500
4000823440835
1005002454102003
1005002090298486
32992370806
1005002287110703
32788608968
32790524449
1005002239033895
1005002288988637
1005001437873716
1005002367377272
32821794476
33027081498
1005001494571802
1005002467387982
32817527866
1005002291669829
4001282297604
1005002386733355
1005002432355004
1005002357275127
1005002413347692
1005001715876232
1005002204936479
1005001489161847
33000551740
4001299360101
1005001790237276
32879696709
32947050039
32737093270
1005002352662535
4000714775466
32796117479
1005001914390519
1005002425776094
32810941238
33040589036
1005001838760202
1005002238342165
1005001693644179
4001334386298
32882091576
1005001556634855
1005002272436573
33017632884
33051120194
4000925677667
32934172010
1005002338084364
32972985276
1005002273835660
32857935784
4000389855598
4001246866398
1005001469111587
4000711186188
1005002046747177
32882037945
4001207060032
1005002372808780
33019145112
4000529820382
32968248732
1005002441721505
4000345745979
32230267098
1005002262595637
1005001962138355
10000002747002
32964611760
1005002265018600
1005002351289907
32615799092
1005001381220952
4001255971500
1005002377395408
4001317154488
4001085645810
33005305045
1005002265360212
33061883108
32579305800
32918836953
33055496109
1005002115158423
4001237383452
1005002404113684
1005002341868730
636342883
1005001979505730
32703550642
4000807582630
1005002009613463
33019992069
32909226121
1005002018767474
1005002434420633
32591718970
1005002298566500
1005002448984084
1005002467659283
33031782261
32975293283
1005001620957010
4001154464027
1005002235948468
32305238810
4000960915400
32961849704
4000222324094
1005001598580229
1005001266829099
32879762836
1005001491261030
1005001576231928
32515419496
1005001409751670
32960448087
4000173699537
32805935307
32854999560
1005002312753180
32877781038
32977883457
1005002327696199
32973612169
4001175370655
4001061933422
1005002277749590
1005001980593672
1005001611400833
4000144118889
1005001652459916
1005002362081134
1005002440466274
1005001645468429
32695337787
1005001992386399
32919912550
4000105591686
1005002047098529
1005002004944482
1005001889868192
1005002382662939
32918424480
32881056447
1005001798114207
4001033068683
1005001929068613
1005001814193383
1005002096017481
32607592793
33056244420
32612780399
32977988530
4000993294028
1005001596201103
1005001824742523
32822930148
1005002112867909
32841044226
10000407871744
4000766175097
1005002250142938
33014263021
1005002319276209
1005001913305512
1005001297919182
33002249370
1005002266831120
1005002223772691
32439832345
4001013237900
10000117699282
1005002309873245
1005002490540511
32718593832
32759906613
33002117410
1005002220070577
33005500993
4000806107517
1005002296750746
1005002433257910
1005002341887460
1005001469408175
1005002401086861
1005002297663608
1005002337248072
32886854098
1005001975804168
1005002482186476
1005002177581091
32713406206
1005002442633928
1005002463436826
32702024019
1005002329339898
32667229493
1005002432706066
1005001960006104
1005001645409403
1005002412356508
1005001547781077
4000419210408
1005002312269270
1005001874188898
1005001555795497
4000894251802
4001061433534
1005001469904468
32857307948
1005001511062292
1005002489897454
1005002297330526
32813934616
1005001901167186
32988249846
1005001369057461
1005002208240839
1005002288818347
1005002487695932
1005001383034071
4001358234237
4001130894552
1005002121543376
1005002317937220
1005001941193714
4000341377080
1005002001156873
4001128434046
1005002312484115
4001054132110
4001229542003
1005002210032294
1005002326156693
33054844933
4001167903678
33057865283
4000005756537
4001046230461
33037806000
1005001809038542
1005001999999289
32360408986
32952341087
1005002038319178
4001339839755
1005001742594875
32847261607
4001290593281
10000187007866
1005002198906153
1005002205280206
32834208260
1005001596935065
4000203870110
1005001780667032
1005001312682907
1005001498856374
1005001854807125
1005001845626227
32729140150
32839725312
1005002465510485
32820584170
32869167507
1005001481569673
1005001838307282
1005002475566067
4001288105475
1005002421339957
4000804409394
32881826128
1005001483372196
32996792098
32607388790
1005002380591110
1005002316594899
32657944094
4001152371743
33042779127
1005001564821973
32693671768
33007546891
1957103136
1005002112570013
1005001979105935
1005001530315366
32754551675
1005002225921283
32950123983
4001235727964
4001167389606
1005002329407865
1005001730624967
4000115095204
32858370065
32829576270
1005002252655474
32762816488
1005002278096411
32892482788
1005001960903971
1005001982295351
1005002347180596
1005001597428573
4000840593299
32390576525
1005001548281266
4000858212190
1005002377281403
1005002411203849
4000576332560
4000990952369
4001119336901
1005001797221557
1005001493308378
32976914043
1005002321954042
32847206401
32857144872
32916574750
1005001487019837
1005002406035976
4000065307923
1005002404165053
4000709160443
32893219722
32800185990
4000036331588
33048813593
4001152317422
4000392176781
33004671054
32883790627
1005001393388219
4000489271960
32948684596
1005001773723170
33021281721
32338341406
1005001694861551
1005002322343581
1005001812732184
1005002156790135
4000471698998
1005001279715729
32850354392
1005002448651133
1005002264042972
1005002395921387
32964144285
32978414808
32697003843
4000799934187
1005002205596710
33024587228
1005002427715170
10000314404610
32962580022
32988272886
1005002088975696
33005831600
1005002351623712
1005001346419994
4000644698984
1005001907460147
32967716182
1005001431087257
32613109266
4000418846353
1005001559851395
938262364
1005002085375270
33016993427
4000336015516
1005002262323618
4001222824478
1005002399630319
4000311011395
4001216806937
32975089260
4000352711991
32964739659
4000539226361
32889136196
4001260091148
32893014026
4000748915498
1005002298238378
1005002191864968
1005002218171385
4000146948980
1005001728953713
1005001692228495
1005002264004019
32979664419
4000168895821
4001276807409
32948587303
1005002395531997
1005002489760223
1005001935263153
1005001951852686
1005002254757233
10000055706287
1005002235316373
4001225997256
4001061696157
1005002256476423
4000129863963
32696616482
1005001865407973
32982869686
32886252697
1005002387751315
1005002440344039
1005002179434001
1005002281765956
32998759896
1005002251661931
1005001315148091
33058028791
10000408398552
1005001329594354
33005545489
1005001310148815
1005002286219114
32892750959
1005002276270921
32966642592
4000800597567
4000688570830
4001184898541
1005002281657916
1005002314533231
1005001441291760
32865010586
33023293776
32374752883
32956086887
4001170682826
1005002443030080
32858994627
4001079958413
1005002490201209
32960820843
4001268581371
1005002264800748
32861207003
1005001959457026
4000397505146
1005002461837498
32762461883
32913278572
32986225801
1005001793211015
1005002006425049
32770598055
1005002450280685
1005002316640057
4000419655323
1005001588219448
4000002417351
32999424202
1005002171773334
1005002337998700
1005002320197599
1005002221804642
32883419523
32988108233
4001251763812
1005002420097899
32904554126
1005002263113945
33045816216
32824144057
1005002336893194
1005002443074650
1005001361328848
1005002314296480
1005002395625388
1005001417403203
4001122740333
1005002481304582
1005002096143112
1005001514968853
1005002253545732
32646735601
1005001930946108
1005002339605569
1005002382878379
1005001505978300
4001129584005
4000270510436
1005001975130770
1005002495438289
33051722312
4001002984386
1005002316159873
1005001764345212
1005002136994255
1005002337587684
1005002317130987
4000317982445
4000952901139
1005001809336617
1005002243312154
32902108628
32852865208
1005002377419836
1005002313057959
1005002446562529
4001172201448
4000302694165
4000183635967
1005001598628465
33047227131
4000437820987
4000030263070
32866200338
1005002264241522
4001154668577
1005002376740299
32831145158
1005001656411141
1005002382531499
1005002224540112
1005001977014593
1005002488026786
4000786998136
32962788223
33030225662
1005002400368565
32867785350
1005002026842471
1005001765112279
1005002284372569
4001331030025
1005002438449231