1005002326754098
1005001792879235
1005002327932710
1005001887544699
1005002422795711
1005002374992982
32696616753
1005001392628641
32884564383
33049134059
1005002389451019
32435651339
4000224322822
4000723551728
4000788892399
1005002396232485
33001422383
32787650968
4001163223257
1005002235914765
1005002238950050
1005001265849158
32860095408
4000755764732
1005001396099495
1005002320822586
4001219882325
4000922276233
1005001793142463
32832106028
4000150563063
1745934388
32811524772
4000267587610
32823089563
1005001779427525
1005001656817535
33008991007
32839241434
32822914556
32318878294
32897587730
1005002165930415
4000848697935
4000466063259
1005001879179633
4001033811945
33039603114
1005002254387260
10000005778970
32811145262
32936554985
1005001593176186
1005002322360710
32279619850
4000961211910
1005002357687893
1005002460658081
32971134945
1005001389084190
32368447269
32846189906
1005001523977366
4000353525947
32840575726
1005001349978192
1005002358706962
4000850486208
1005001957542098
4000959421454
4000036393832
32850622918
1005002348271932
1005002308509204
4000479410397
1005002011577309
1005001513116564
1005002133538952
32905389822
32967267477
32844817173
1005001940109587
4000934098261
1005001374702652
1005002023828224
4001208511510
32903140492
1005002034822482
1005002024370213
1005001506553844
1005002276965023
33033610972
1005002171495545
4000188203361
33049164447
4001347754280
1005002350831425
1005001975729336
1005001901505322
4000850693217
4001241044286
1005001419778567
4000098812399
4000415953153
1005002314333367
32834894548
32972429686
1005002477489159
1005002414290186
32869675116
4000714535537
32995822968
32916304086
1005002408411753
33008064375
1005001873592793
1005001762285527
10000314288525
4000688645640
1005002319246824
32792792514
1005002255761472
4000955671770
1005001786254105
1005002427843578
33005254097
4000149182510
1005001665098472
4000306447625
4000954733399
1005002387294832
4001049909768
4001203378214
1005001587677349
1005002311919311
1005001515922738
1005002224620842
32960346974
1005002322825307
33021805152
32922603780
32671495276
4000626672651
1005001716012402
1005002298583315
32805227659
1005002023625187
32471808426
1005002447123403
32789202254
1005001570861753
32880654788
1005002217374291
1005002364990739
4000818576568
4001035019313
33009512194
4000037217847
1005002323736181
4001009207490
32850288561
1005002245857896
32701883925
1005002114966498
33040488198
4001134699948
1005001509952815
32846847803
1005001765280386
32760254090
1005001864756666
1005002219615163
1005001669568113
1005002324864020
1005002273404450
1005002318585458
1005002311694489
32977262842
1005002013340039
1005002344738132
1005001732446521
1005002334514333
32908156152
4000013446579
4001076068848
32983998399
4000092270142
4001166784881
1005001961509333
1005001784751274
32969220624
1005002400646503
1005001762669105
1005002268513030
1005002381152221
32952281974
4001241179858
1005002461316427
32867270247
4001088922820
1005001740997800
1005002263635328
1005002427096666
32648837781
1005002303431300
4001138767852
1005002328176202
32997461556
1005001686208129
1005002434255470
1005001516239012
32895420880
4001065352568
1005001798308239
1005001501636625
33052131340
4000378141468
1005002383624237
32794251963
4000197691270
4000705907575
1005002024365019
1005001490846955
4001340062511
1005002196808914
32529303567
1005001834821249
32740910557
1005002259381060
1005002373180344
1005002469190122
32608479700
1005001759715025
4000980340441
1005001547782371
32955910002
33047017321
4000550776372
1005002398901556
1005002399740239
32814066962
1005001972370362
1005001713705826
1005002309817677
1005002381335464
32907948438
32994381062
32813734073
1005002301019753
1005001300673711
1005002440012153
1005002233854793
1005002283940637
1005002212755121
1005001670783693
32701108769
1005001899602385
1005001290467567
4001290641537
4001313372764
4001085451848
32798894947
32607041136
1005001433982469
1005002292419295
1005001792230028
33053541043
32779170382
1005001510349904
32813147932
1005001918797516
33035735385
33001592916
1005001489009912
1005002246765266
1005002291238446
1005002133331275
1005002395117726
1005002454303189
1005002449032618
4001237080871
32919874171
33014978532
1005002282498937
4001062066795
1005002314324159
32788880535
32845404461
1005002006045755
4000980381889
1005002317230609
1005001807914192
1005002252521336
32955672135
1005002283197163
1005001644362398
4001333848907
1005001270152810
1005001315835850
4000800729526
32220854870
4000989517374
1005001889486147
1005001705229859
1005001290509816
1005001586973699
1005002481579903
4000745326482
32675257886
1005001935020397
1005002427800972
1005001499328394
1005002357283710
32906455612
4000118482643
1005002109617466
32962962928
32835195046
1005002349592382
32595128714
4001274155267
1005002318387027
1005001864964480
33047800959
1005001940073507
1005001966456633
1005001570231463
4000582842746
1005001868555599
1005002281790887
4000209331059
1005001404839598
32501032185
1005001889853717
4000717903127
32493134835
4001280367626
32930201378
32788895947
1005002296773728
4000203182129
1720521480
1005002371720526
1005002261071475
4000397498796
1005001429593347
32956985537
1005002383626449
1005002325245948
1005002330638582
32884915123
4000759670706
1005002315517946
1005002305979347
1005001859397509
32967805133
4000397455715
1005001627448356
32877915367
1005001393241032
1005001724390363
1005001627240639
32478662509
1005001843641625
4000759755452
32952629296
1005002117765524
1005001637527641
1005001617209740
33016320497
1005001948455183
4001280493341
32846566287
32850770208
1005002308817886
1005001387632493
4000858200006
1005002306281377
32957363184
1005002433862844
1005002307656449
32790986272
1005001442397602
4000475317464
1005002425724230
1005001489839431
1005002090977166
4001088660490
32784519548
32640978696
4001138533035
1005001565083143
32833943480
4000803697007
1005002328106756
32773652556
4001177738968
4000202823871
1005002003585381
32824530600
1005002013230782
4000507375082
4000974554376
32798626408
1005001962823118
33002845949
1005002314302246
4000985154668
1005001493060394
1005001720701374
1005001278734074
1005001865109497
1005002466998418
1005002090604089
1005002380567610
1005002260917890
32976210702
1005002250326930
33046987956
1005001680425632
1005001885171147
32861063805
1005002460227143
1005002343770076
1005002459492394
1005002500321374
32823429612
4000943106198
1005002338961420
32982388689
4000834170968
4001208393457
4001196236072
1005002247252977
32917019273
33063122648
32837007848
1005002052527928
1005002250699321
1005001406187348
4000793367087
1005002346267092
1005002386986022
1005002025827269
1005002383109718
4000310039802
1005001800833491
4000149286799
4000990852222
1005002334691262
33002040352
4000839798188
1005002326514198
4000385471375
33063751043
4000170944278
1005002313455286
1005001920866449
1005002446943321
1005001285044940
4000459326873
4000958920662
33027505804
1005001813308826
1005002417640667
32945842313
32967160290
1005002371665633
32808919422
1005002032362538
4000538030163
1005001456014459
33001408976
32881162914
1005002268157119
32828001145
1005002454345398
4000504166209
4001036381343
4001031614766
32960243027
4001150839490
1005001709708005
1005002312170567
32668119843
1005002434325055
4001156208486
1005001591699210
4001217252758
33045211780
1005002365907595
1005002116719445
1005002232847161
32844780672
1005001946481840
1005002002099232
32993814783
1005002454369716
1005001353801736
1005002132580793
1005001413408615
1005002353435918
32798738958
4001174571833
1005001431457322
1005001402965623
1005002306108542
1005001381975188
1005002416804576
1005002316772773
4001161773605
1005002308698001
1005002354501591
1005002344797111
32882506711
10000339609633
1005002316464141
1005002028422681
1005002043634917
32951186082
1005002454218905
1005002496666294
4000418754046
1005001953715100
1005002328068827
1005002102064218
1005002316239455
4000674499619
1005001345342442
4000831043368
32827620286
32975395026
1005002314441720
4000169081242
1005002473985582
4000329706825
32999673120
32630923344
32996001444
4001200548171
4001272686627
4001290337393
1005001582125777
4000336822463
32976123452
32837062752
32946958232
4000574646254
1005002393769999
32859670816
1005001468409244
1005001452253381
1005002314211451
32992371734
4000624298447
2047882824
32965994703
4001126890112
1005002292783461
4000233818300
32945176569
1005001854028933
1005002136219194
4000994296322
1005001432590030
33002368127
1005001577423258
32969119368
4000251522601
1005002428587478
32981587534
1673150024
1005002302248492
1005002344264340
32916986546
32820796412
1005002270910541
1005001376598386
1005002253756242
1005002302199892
1005001612941523
4001013024567
1005001863704747
1005002314332063
10000226355681
4001297605295
32967151945
1005002282859516
1005002071288677
33057751287
32827929873
1005001502649400
32964419324
1005002375867461
4001036765603
4000072495841
1005001913821445
4000200297444
32877978603
1005001627649694
32880936189
1005001889512525
1005001608772390
32814680377
32975573274
4000180934364
4000091223390
1005001894516917
1005002224022837
4001326511857
4000172592965
1005001441302909
1005002090438522
32987501268
1005002263148240
1005001384251091
33015996426
1005001927843387
32882960586
4000241002684
32915044734
1005001992667029
1005001954902499
1005001511404154
33020823386
1005002136721938
1005001556463341
4001047491552
32788136091
1005002409260264
1005002483923265
1005001568576254
32902190428
1005001762736080
1005001869341518
1005002313526691
1005002384085670
32845966693
4000235550037
4000807516224
1005002264234134
1005002465578236
1005002039046460
1005001802632342
10000289860854
1005002260662066
1005002328173132
4000860663524
1005001803559155
4001336881302
1005002271436897
1005002210447821
4001360006995
32834105098
33060634271
1005002271304885
1005002116209040
1005001474875769
1005002390536330
1005001804780551
1005002241857236
1005002455302451
32810038310
32811509421
33046880502
4001330975401
4001204623851
1005002292000182
33018299300
1005001960843732
4000382584191
32957309025
32917602084
1005001548422530
1005001451709539
4000414854532
33004897909
1005002232048954
1005002076606493
4001092184806
4000351537600
4001201536063
1005001506518236
1005001961824574
4000850689327
1005002466124034
1005002345568824
1005002104683590
32808649602
1005002402623910
1005002211238138
4000066830953
1005001302973043
33042546909
1005002426488597
1005002461502077
32406766341
33017823499
32551219568
4000743047808
32502205394
1005001974892822
1005002316753427
1005002263731887
4001010333358
1005001313788030
32856274185
4001300192163
1005002314263881
1005001819218922
2029988056
1005002376155030
32409354334
32849183462
4000816116613
1005001995041693
32807105901
1005002343526518
1005002015389605
33056384095
4000320909287
1005001970272451
4000858881833
1005002378600222
4000873214677
4000850830736
32989696637
1005002373137263
1005002406154575
1005001426661821
1005001603781407
4001031149802
1005002044146004
4001286284328
32857915496
1005002276521357
1005001484253405
4001241943737
4000966394217
33056556573
1005002367539200
4000170230823
32248896783
4000019146687
32913097096
1005002288492992
4001017580023
1005001936350484
4000987186730
4001031629363
1005001910620328
10000242395652
1005002500499221
33041536507
4000012848988
1005001794683527
4001184835967
32883262800
1005001577092498
1005002323689144
1005001368309998
1005001873289816
1005002359099584
1005002469252722
1005002134039011
4000237887514
4000911207470
1005001631389361
1005001898761765
1005002430351001
32997921564
1005001805106627
1005002310867450
1005001795770201
1005001591872136
1005001519346020
32957438177
32824176552
1005002029565938
4001237512770
4001119371912
4000233621512
1005001448655832
1005001356279549
1005001999827790
1005002085019461
1005002018668884
4001179931594
4001009204383
4001138650849
32809642917
1005001334887561
1005001685687575
1005002169113142
32878888875
1005002358602711
33047942951
1005002320833800
1005002426099229
1005001382247059
1005002467453378
1005001502157967
1005001899096094
4001209755641
1005002290969033
32988180614
32989417018
4000672299676
1005002377160754
1005002364316084
4001286255240
4001225230695
4001299134199
1005001798711141
33005810267
32977399713
32379514127
4000016577208
1005002243464685
32961535452
33017667263
1005002274362405
1005001401629284
1005002314627861
4000836814603
1005001602582765
33049308416
1005001793003533
1005002450889663
1005002241975670
4001023604450
4000606353687
1005002339483940
4000668534893
32952188061
33049638482
1005002435885576
4001029192098
1005002467905763
10000396857465
1005002495922765
1005002241997570
1005001425577054
33025406684
4001267177220
1005001962047349
1005002023932257
1005002477056305
1005002427043977
4000126272611
1005002150307483
1005002245906083
4000170509623
1005002227816003
32879088793
32944386788
4000279740819
33037488256
4000474597490
33050674628
4001354834213
32792070955
4000547995180
4000927647344
1005001334789806
32835315518
32966075342
1005001833553977
1005002493948126
32921453883
4000673146229
1005002265244593
4001038860186
1005002370525515
1005001289472958
32969343069
1005002317470339
1005002223977468
1005001548632472
32847532062
33044206635
1005002303566618
1005002319506293
33027796731
1005002303940475
1005002318082010
32878388040
1005001581892203
1005001599356817
32917919830
4001047691094
4000679818673
4000191789330
32965684524
1005001387974849
1005001625267946
2052294868
32979479158
1005001977592737
1005001771297544
32812817094
1005001795559559
32868345138
4000196787774
1005002454361302
33002871525
1005001580951511
1005002427094116
1005001284987748
4001270480276
1005002055046138
32827161973
4000310432277
1005002484139853
1005002236022035
1005001998937697
4000794816769
1005001728701667
1005002395919167
1005002454361389
4000933877897
1005002004505384
32898583081
1005001928060317
1005002301970114
4000086787125
1005002413202430
32996225045
33017102981
1000002054659
1005001867918687
4000324855033
32975087597
4001065257309
32775903041
32967321575
32952787857
10000411911079
1005001571518699
32971992945
1005002291473076
32670178761
1005001574173220
32996625385
1005001705648365
1005002436010411
32998378909
32795353410
4001150604821
1005001565172040
4000466075459
1005002275582352
33049498514
4001041267851
32822015532
4001041137220
4001009075195
4000530550228
1005001976520155
1005002120007032
4000320236911
32993918745
1005001330069633
33007395153
32884755554
32834484294
32948050969
4001339382552
1005002314305294
32922935668
32592796033
1005002329618100
1005002300120275
4001216605324
1005001911735468
1005002477097309
1005002312149146
4000868360010
1005002251569745
4000289209511
1005002228175504
1005002388822516
32971850722
32901973616
33011002239
32978800334
1005001453291175
4000620389367
4001243378384
1005002351203937
4001165898418
1005002287844275
1005002344989438
1005002166112472
32992425917
4001088074572
1005002283304141
4001131916664
32916123684
4000011423756