1005001800249407
32918069629
32746983978
1944335131
32673565060
32837063344
4000778351737
1005001375247887
1005001757642370
1005002314023343
33059653776
1005002472153305
1005002427844667
4000084869041
1005002218368713
32906294760
4000884904900
4000002760143
1005002190227388
32963916736
1005002309648785
10000400028224
1005002262504187
1005002256791364
1005001728362303
32717591550
4000546519477
4001162532717
1005002291688442
1005002271325876
1005002228932242
1005001463233892
32811890813
1005002205348663
32946552965
1005002328211308
1005002337331695
1005002239858140
1005002039562738
1005002387516545
1005001989603475
32981493982
1005002281856630
1005002252509898
1005002340723182
1005002011734390
1005001931040041
1005002401640267
1005001571883655
32887748574
1005001889983420
1005002165576741
32848644924
32970898829
4001133924028
4000287288973
32849307604
1005002032537795
1005001476619275
32701504157
4000708761092
1005001422899098
4000585208793
1005002307850000
33036316232
4001264086605
4000641974740
1005001436416635
1005002240571622
33016249787
32962346879
1005002401218047
4000467811830
32961772703
32869639009
4001124772280
4000989844551
1005002447714849
1005001671106248
1005002470846583
1005001582912879
4000313981603
1005002332117955
4001268576966
1005002112078893
1005001530245391
33053589168
1005002032431370
1005001803062490
32943629734
4000164333776
4000995081877
4000151089842
32318160560
4001096231068
4000094233399
32789766497
1005002201050376
1000005364233
1005001687508664
4000026380976
1005001360101352
33014056522
1005002289083511
4000785507335
4000990871120
32527645316
1005002413668665
1005001926306882
1005002158951449
4000910082347
4001170130913
4000003183017
1005002378002680
1005001500290505
4001278702735
33011638193
32878132690
1005002028061108
4001068047609
32787990924
4001360799078
1005001573158946
4001151198338
4001127360322
1005002224984708
1005002352131598
4000159856026
33018335944
1005002243141208
1005002270934600
4001298891313
1005002258331555
32863322556
1005001603486477
1005002340461957
1005001503848789
32887554085
1005002371362212
4001189502589
1005001431208565
4001152708026
4001276137531
1005001551604527
32859994951
1005002294515965
32963302492
1005002417145637
1005001825363579
1005001867336506
32825066034
1005002050649738
32903496053
1005002053337793
4000537169456
4001322046071
32802545903
4000314193821
33046174309
4000434207782
1005002205253000
32696760481
1005002271786714
1005001665772039
1005002319965866
33000021716
1005002055176210
1005002219417119
4000094637775
1005002064673833
4001030390289
4000018631511
4000547846174
4001059099913
1005001400716788
1005002233019126
32856518181
4000216188599
1005002337820675
1005002316127305
32831953502
1005001656780789
1005002252874870
4001241394449
1005001699607072
4000224868361
33001126761
1005002090079093
1005002276226813
1005002425469740
1005001973971471
1005001915348044
1005002232807645
1005001639768291
33008497284
4000840336515
32990956857
1005001779837698
1005001609113544
32993903698
1005002079094131
1005002330746365
33011823871
33040236701
10000423699511
33012557396
4001237252554
4001053913758
1005001989594974
1005002329673503
4000850644802
32828646287
1005001603660441
32941648398
4000324299953
32906142770
1005002333930879
32965865387
1005002431609823
1005002401206309
1005002068499834
1005001449063593
1005002324217314
4001321580534
1005002314055520
32693769159
4000028056941
1005001972976222
1005002362320861
1005002295444522
1000004472025
1005001453568335
32951886583
1005002454410077
4001178872934
4000627334700
1005002433121955
1005002016645742
32840502041
1005002295475380
4000738040769
1005001697486748
1005002018725120
1005001837035504
1005002289179491
1005002423567187
1005002447868001
1005001966786595
4001071563763
4000746147416
1005001972282855
1005002421302375
4000113649684
1005001993091752
1005002323555970
1005002449121105
1005002448407857
32839869835
1005002245985931
32976602008
4001048783245
1005002305977919
32890942211
4001115133367
1005002455273390
1005002167272758
1005001412980018
1005001546720689
1005002328271987
1005002241190320
1005001528988645
1005002497425799
1005001636554281
1005001741528280
4001302017950
1005002399626133
1005002480982503
1005001388494786
1005002450131505
1005001727006192
1005002223956446
1616968131
1005002338851275
32824527299
1005001438922352
4001287774203
4000119701192
4001216168784
32972795857
1659410506
4000954235429
1005001624838977
1533499509
4000960648312
1005002341088126
32923226582
4000598859373
1005002259299989
1005002233339587
1005001407867882
32847947764
1005001763096932
32769687102
4001270379476
1005001483078211
32258225607
1005002087496358
32814921207
1005001518551743
1005002454332155
1005001969047005
4000290881218
1005002191636795
1005002263848813
1005002279504596
1005002187537984
1005002221005033
32857496363
32951622662
1005002318173142
1005001445627875
1005001406209610
32617689544
33007242294
32626237303
1005001492220712
32266639115
4000800673578
32806558411
1005001326689047
4000627675209
1005001555227125
1005002357052886
4000880383375
4001244550202
32812743061
1005002454135735
1005001436431201
4000090499670
4000163257247
1005001781543973
1005002450563472
4001039362887
33025875247
1005002346952653
4001317137138
4001271372273
1005002242385540
1005002346370210
32914926393
1005002497305064
33047530708
1005002258029830
1005002060042419
4000421880392
1005002127015981
1005002337334448
1005002378933729
1005002336578833
1005002218590280
4001116320316
1005001835415841
32903917559
1005002345096754
32365605864
1005001869947367
4000115578650
4001153992221
1005002238700581
1005001978119335
1005002427403958
1342747386
1005002224191544
32895480109
1005002376696982
4001034529538
1005001560071673
1005002314355063
1005001665040939
1005002489776088
1005001779998079
4000696682585
33010453392
1005002237822531
1005002377105206
1005002220081851
1005002398585858
32409307987
4000808454188
1005002364868203
1005002099020612
4000282912371
32932871759
4000895337466
1005002383027596
32975472430
32949440442
32974609160
1005002483855455
1005002282105026
4001028328439
32949297772
4000826735505
1005002306529939
32584040244
1005002336993493
32964619289
32884783644
1005001856819694
32837731272
33003720539
1005001870639363
1005002371642295
32857608084
1005002306978904
1005002115402360
10000397773779
4000682916569
4000184708858
1005002277922230
1005001505420264
1005001871620614
1005001693755545
1005002100262379
4000229221578
33054779420
4001267562320
33032944947
4000046385502
32712342358
1005002430716729
1005002237602766
1005002402209821
32885911384
4001226886091
32672348457
32762499810
32971226074
33043748091
32827359484
1005001942966205
1005002490411887
1005002262534138
1005002419481598
1005002266750209
1005002237782536
32825458395
32875970382
1005002219075906
1005002316452144
1005002064577015
32947437373
4001039169082
4000908452271
32976082625
1005001709549316
1005001481717226
4000687102043
1005001297837850
4001138917177
32847743611
32801556431
32883147642
32825767903
32562182502
1005002172016147
4000955767626
32823995856
1005001487798713
1005002460693699
1005002086065545
32718463542
4000905706283
1005002376046414
1005001423463050
4000604209919
1005001725624221
32966310731
1005001780722995
1005002276459907
4000805328551
1005002259390906
1005002428365686
1005001568660394
1005002453270985
4000134684308
32965109026
4000043517870
1005001586148885
1005002092504486
4001225169973
1005002456755667
1005002060767335
1005002336498583
1005002289077543
32375339058
1005001525286991
4001017103615
1005001815410390
4000718369265
4001080004594
1005002319471652
1005001284776847
4001316635393
4000717935999
10000395853490
1005002224831556
1005002377822245
1005001571438352
32849918813
4000816766159
1005002323239594
1005002069898468
4000872888379
33060084649
1005002241539629
1005002390181541
4000885742253
1005001982864559
1005002414084877
4000982540801
4000561402271
33042973450
1005001741632264
1005001465353493
32981157792
32846732996
1005002028376986
4000050063875
4001134035894
1005001803913176
1005002011421932
1005002485052821
4000466023128
4000075401287
1005002412717355
4000251482596
4000747110777
1005001971942783
1005001402662929
1005002350303953
4000434561923
1005002028307492
4001196659734
32991219405
1005002373759878
32510969231
1005001728033300
32895442293
4000298610818
1005001519713538
1005002299438901
32292443402
1005001853945074
1005001304888075
1005002353527461
1005001617794349
32711935045
33060272619
32863383102
1005002231746668
1005002454252792
1005002194072213
1005001475642919
1005001944560191
1005002310955534
4001120727879
33009809879
1005001489871710
1005002139378510
1005002237979204
1005002313768228
32919113579
33034207350
32848791335
1005002369258240
32982314701
4001038736812
4000170484255
1005002247255994
1005002323969792
32990299418
1005001387327837
32820686137
33052342619
4001121412974
32864041236
32919812978
1005001588761760
1005001804527008
32543727500
4001185885976
4001218838086
1005002206347299
1005002327651494
32987218798
4000118715349
4000888674740
1005002345187251
4001272897657
1005001555833886
1005002357262589
32905875754
32905014920
1005002022936425
1005001685257819
32911189830
1005002336112495
32834979122
1005001982381680
33049930094
1005002325371152
32924642318
32880878638
32845864159
32862606201
32835109163
1005001651141154
1005001370283758
32963917382
1005002484082717
1005001293479777
1005001678097165
4001282251811
32885808118
33056207932
32944434933
32891676382
32970212547
1005001269996068
32810400230
32862664213
1005002271890988
4000088566754
4000371829877
1005001608178508
33005585741
1005002314463214
32822958099
32668560990
1005002314690648
1005001887702090
10000152355209
1005001704658079
32538814294
4000106438301
33060358829
4000015314399
1005001611639020
1005002238539557
1005002432413138
4001127677834
1005002334256442
4001261127771
1005002313962582
4001230364974
1005002034629025
1005002447104561
1005002404568762
32817086621
1005002393256016
32918722713
32846017705
1005002465079643
1005002315851866
4001178106387
360410285
4001034976493
32994453738
1005002049614499
4000589421398
1005002342793405
1005002438395137
32805260153
10000022857032
32827424380
4001244706816
1005002276816172
1005001333343777
32923075099
4001214073762
4000850521965
1005002166462802
1005002420823868
1005002497094664
4000001329144
4001201963056
1005002357663046
1005002346300492
4000807181971
4000212053456
1005002125811380
32929511679
1005001972623802
4001244390746
1005002270827056
1005002283189815
1005002381395376
1005002346042811
1005002323050326
4001254441344
1005001491772306
32866959210
1005001412781298
32971586804
1005001968354091
1005002497091214
4000707225684
1005002167800824
1005002340292767
32965800597
1005001812098157
10000160124114
1005001385690177
1005001313536635
1005002167859089
1005002304347621
1005002121185817
32417894750
32848990898
33060318204
1005002222074042
1005001876536631
1005002319141095
1005001720833885
1005001617350374
1005002110140493
1005002246575239
1005002224980475
1005002256307947
4000558100197
33019229985
10000404582742
4000203576980
10000420087768
1005002338683886
32913882226
32900188277
32824717574
1005002453163944
32863184662
1005002032931505
1005002033267259
4000962039927
32462282308
1005002225091324
32857126881
4001042682192
32869877969
4001214246561
4001179114929
4001165910254
1005002287176954
1005002276921485
32984494258
4001001044484
32917193488
1005002302253368
1005002164317730
4001302279409
1005001793884890
1005002024099826
32698720126
32859313734
1005001814519426
4001018437094
4000133016757
1005002167261983
1005002487912517
4001037276801
1005002351617624
1005002342276818
1005002304001668
4001282869183
1005001393496081
4000610340634
4000866593541
1005002443158208
1005002228681463
32965604032
32659705347
1005002023177100
1005002236502233
1005002357079212
1005002363561406
1005001780851253
1005002301784845
1005001462692609
1005001960145718
4001221575041
32919749813
32798825153
1005002307397580
1005002439419786
4001335636656
32724191441
4001313624997
1005001792473769
1005002266293562
4000113992744
1005002264961291
4000180767311
1005002495892976
4001208316088
4001218025696
1005002295584851
4001280387662
1005002264048068
1005002314385624
1005002286944960
1005002107179849
33040967659
4000842978434
4001064942300
1005002181140368
1005002382287548
4000006860470
1005002381059644
1005002408680263
32863632859
32817616684
4000966345825
1005002234439257
1005001381855348
1005002416339332
1005002477447033
4000835032630
1005002275104446
1005002309392233
1005001304677205
4001233846648
1005002427064331
32651078894
4001022105401
1005001407475959
33006094100
1005002176613290
1005002297099781
1005002317588051
4001227408004
4001062051800
4000704806158
33012112374
1005002104338599
32975716967
32987686524
1005002175696418
1005001437650693
1005001962264107
520206562
33002296616
33049119918
32953444672
4000058101623
1005001656615596
32961874168
1005002100177028
4001162642458
4001119714081
4001349888514
1005001566620404
32807151472
1005001713874222
32484579008
1005002206533709
1005002104485976
32782690767
1005002168907293
1005002304910762
1005002492549651
1005002440765478
1005002306075002
33007524804
1005002384582203
4000313598615
32898637650
33048367143
32911285669
1005002122435420
32845054725
32964769755
4000918645728
1005001680418656
1005002352838089
4001233599835
1005001859825625
33004615596
1005001447423747
1005002239259039
4000677667137
1005002337252170
4000990855321
1005002428178481
33043122963
1005002032962322
4000029948178
32997823571
1005001867200091
1005002336186588
32970771622
4001214426369
32955245575
1005002341361398
32647000687
4000067957278
1005001992282097
1005001758076673
1005001420560549
1005002378700380
4000970351077
4000556695892
4000012720658
1005002328206784
1005002263897251
1005002352534612
1005001795903299
32832312995
4000902721555
1005002345501495
1005002450648513
4000342498568
4001321224596
1005002447985551
4000865330754
32869444719
10000400016019
32987370880
1005001813147019
32782102645
4000125153067
32955394467
1005001732178752
1005002293252368
1005002408396810
32888365113
32978699841
1005001906929966
4001249579322
1005002232371972
1005001644907669
32927630360
1005002260936233
32850104249
4001297170023
33024436519
1005002373548577
1005001947745334
32769122254
1005001860329677
4000628981911
1005001381030258
4001120236555
32840325477
32389453724
1005002399102390
1005002395586280
1005002283532514
4001145269265
4001154398615
32812459026
33038769404
33004342917
4001279433503
1005001490407275
1005002468070718
4000396248948
32863839014
4001268681597
4001053482048
1005002314442418
1005001525323574
1005002313987510
4000258160580
1005001556070827
32920301654
1005002381556256
32966639019
1005002312498530
1005002413249104
4000401966782
1005001787350295
1005002104410156
1005002374841302
4000559073382
4001064734408
1005002396831119
1005002348234603
32966773850
1005001456725652
32845247348
32609604349
1005002377894165
4001102511255
1005002318743090
4001045183257
1005001320212548
1005002436446389
1005002320925553
1005002421298128
1005002220852355