1005002388146504
33005376528
1005002423633224
1005002337118823
1005001686419334
33019462749
1005001470814727
1005002390755898
1005001839659902
1005001526018701
1005001733151626
32944836426
1005001758653048
4001275972355
33000859480
4000061442046
4001037623529
4000974809594
33036858499
32672252306
33052907267
32897312125
1005002053907322
4001358553280
4001316542258
1005002496182857
1005002181049581
1005002259518784
1005002376159726
4000105874037
1005001574150528
1005001761975778
1005002327968127
1005002450007089
32790164649
32957854061
32604596372
32846199869
32976610303
1005001953243739
1005002448341782
1005001586438005
33038844656
4000280731549
1005001716454569
32541656773
4000798198191
1005001278483735
32830759493
4001223193941
1005001430076334
1005002314610487
32877139775
4001241180878
4001061971924
1005002379090138
4001036572641
1005002314388186
4000850225585
1005002438550613
330701633
32850010606
1005001689823342
1005001874076168
1005002451088138
1005001494165870
1005001545396601
1005002367430474
32821751426
4000867663791
4001204372276
4001085186685
4001093502601
1005002376717559
4001291716690
32842809820
4000175505267
32837312399
1005001418576162
33007995664
4000265552799
1005002375762916
32992567255
1005002219302945
4000038047008
1005001538113773
4000498540411
4000682460362
1898353519
1005002143390132
32544377503
1005002051843186
4000931009078
1005001506139950
1005001859453153
1005001501752080
1005001325764849
33008555284
1005002080964587
1005001781273677
1005002314471292
32904791249
1005002344971718
4000629008601
4000655782698
33001634730
4001358051880
1005002469074081
1005002289831733
4001233921221
32886115450
32578709661
32882879117
1005001445889875
4000857302252
32858978227
1005002373096419
1005002243288949
1005001994821828
1005002382594137
32747310459
1005001814316693
1005001914273317
1005002319051696
4000990900557
1005001585225843
1005001680423576
1005001922146440
1005002172826971
1005001392019477
1005002234045174
1005002038610960
4001189335847
1005002315370320
4000853330090
32974555459
1005001834586396
32924422001
1005002329909604
1005002340102895
4000609552125
4000502397493
1005002487921511
1005001614966362
1005002316569665
4000793507947
32810482237
32455967971
32952874989
33047121907
1005002406007468
32990209669
1005001793845411
32957086585
4000289351690
1005002426910827
32899848345
1005002381786788
32943293720
4000840535262
32995185817
1005001955159883
1005001906357536
1005001627413417
4000722913149
1005001931377192
1005002334754171
1005002380835865
4001080922458
4001231510056
1005002264640460
10000370339993
4000099041092
4001054480121
1005001860456175
4001076373998
32910736799
1005001461937926
4001098302876
4001359698431
4000278951012
32836156397
1005001623272851
32841150597
32983712111
1005001354963006
4000116383819
4001162209770
1005001457353412
1005002107657267
4001286292621
1930916753
1005002313041867
692849987
32814728607
1005002307128392
4001278921069
32858110713
1005002350762960
1005001339658274
1005002340537211
4000550147828
4000816469790
1005002394973003
32971801025
32836186198
1005002205719145
1005001708684478
32709589410
32903139492
1005002357760422
33053022625
1005001286734021
1005002220193204
33054743083
1005002301087469
1005002308032878
4000822297970
32955048144
1005002293110761
32717282350
1005002058663250
1005002267850911
32844938329
32962019729
1005002346113549
1005002282639986
32831688449
1005002128896291
4001238009740
33021584907
1005002490186024
32976790034
4001282495544
1005002381136507
32997460119
1005002223573092
1005001798111436
4000829637336
1005002310489979
1005001720646823
32965498445
32894928592
1005002254883457
1005002226299581
1005002247078363
1005002263543167
1005001999189623
1005002346880953
32799380105
1005002318614669
4001155875657
1005001582228784
1005001850280395
4000176901002
4000318072471
1005002352409113
4000479087238
1005002063379423
4000758000100
4001061113707
1005002189906573
1005002359763587
1005001633622295
1005002337071204
4000812662270
1005002079198775
33004093713
4000023204339
1005002481744212
1005001960886692
4000592668098
1005002305857230
1005001882362338
4000447370624
1005001804287824
1005001704444829
1797771959
4000743719943
1005002190386420
32955171901
1005002075381469
32835590176
1005002419493564
32860370557
1005002327908550
1005002460094190
1005002260643548
4000777897426
1005002306206477
4001185150891
32832370704
1005002371529025
1005001844077458
1005001594752899
1005002395996300
32883837296
4000691357526
1005001968007620
32905333345
32795164696
4000609144152
1005002314335715
1005001527115205
1005001576889173
4001007235826
4000656283450
1005002364116587
1005002454632188
1005002407832652
32988690445
32843006121
33030014028
1005002401602275
4000811733524
1005002435953878
4001230350834
1005001891698797
1005001333288631
1005001507515442
4000551537459
1005001657013196
32986553105
32860132617
32830053376
1005001488957637
1005002206436621
32890513236
32840943966
1005001774301229
1005002330167768
1005002154437042
1005001779164540
1005001313717145
32703680740
1005001810918552
1005002434985610
32781771056
32804428579
32967789780
1005001966504937
1005001355111334
32987072683
1005002219390032
32818530787
1005002288724162
535859772
1005002233631510
4000831192851
1005001854132375
32996083794
4000266150615
32851931814
1005001741639839
1005002288192860
1005001920518540
4000603573748
1005002336907229
32961806554
1005002316145210
32950905567
1005002279343126
1005001626078070
1005002146481939
1005001831010301
32989333190
32905655194
1005002321215090
1005001930355746
32826919838
33033534865
4001028520498
1005001678606311
1005002296256834
4001214309460
4000695301727
1000007752638
4001107195141
32847490687
4001179853283
1005002427827347
1005002443687251
33058967798
32740577005
1005002368498832
4000723870204
4001200580522
1005002371612413
4001015199378
1005002442213885
1005002466329716
33007239934
1005002310211137
1005001828504999
4000892039243
4000353661219
4000982672695
32706074373
1005002210053855
1005002355477810
32954337774
641502855
1005001424411581
1005002358259020
32987084488
1005001909773962
1005002235031194
32839882705
4001304839694
4000097297744
32754082426
32954308675
1005002348317943
32966228241
32980245661
4000314057766
1005001398545552
4000526281093
1005002438242757
1005001812759850
32888860742
32857658475
32892278494
1005002310914644
4001334409663
1005001567758276
4000717222561
1005002287575440
32785300999
4001226112239
32355353960
1005001782421050
32966989402
32960540349
1005002377229647
4001226153314
1005002013324821
1005002324882279
10000397735561
1005001588828854
1005001674937348
1000008681130
1005002426556760
32931854763
32619407624
1005001843361251
1005002090876870
4000429592043
1005001387450443
4000668724740
32728055619
1005002265872347
1005001567040042
33012097210
1005001564421643
1005001383379238
33008456597
4000926812001
4000749098630
33007669169
1005001968738114
32844879391
1005001842793033
1005001873847814
4000851914778
4001085236482
32989444895
1005001608454992
33036138312
1005001860577417
1005001489949845
1994498173
1005001288041947
4000725703078
33006209459
1005002478428311
1005002289074458
1005001840936173
1005001941755929
32842165489
1005002357224172
1005001863640458
1005001498728146
1005002314917900
1005001898941810
4001227479266
1005001948680064
1005002091556418
32793621404
32680299751
33035447726
1005001444494250
1005002246130417
4000979822642
1005002305552539
33046322450
1005001943120123
1005001593868169
4000902318828
32966840073
1005002468039209
1005002345137649
1005001799226458
1005002322562899
1005002467252115
4001191574285
4000991241348
1005002272385645
1005001807960576
1005002211182105
1005002300080387
4000842992496
1005001961128349
1005002334002544
32828536024
32900617304
1005001930198795
32867031099
1005002467646110
1005002420006627
4000216592491
4001286733053
1005001905849634
1005001990740814
4000982685323
1005001901428044
1005002339349501
1005001603726425
1005002345041865
4001157837691
1005001337650080
1005001729333813
32995509350
4000233612210
32961620847
4001215628242
32917829183
32883732656
32916683171
4000426404160
1005002446830604
1005002304335639
1005002396780426
1005002384843550
1005001759590821
4000272994260
4000602571329
1005002319983610
32946965244
32805293319
1005001998393810
1005002328304494
1005001814796461
4000571523247
4000369812954
4001223990095
32977981747
1005002376534248
1005001541092005
1005002398188813
1005002369527028
1005002181346872
1005001890308493
1005002133040021
4000557983125
1005002417554163
32889537170
1005002488785681
4000781354704
1005002244195374
32945540491
32970255403
4001270347734
4000197800415
1005001973203074
32982827696
32913799212
1005001835297379
1005002336742043
1005002011656948
1005002314054572
4001189089954
4000192804622
32417660436
32956968436
1005001889422520
1005002256737466
10000341545657
1005002311346938
32667174006
1000008689986
4000277943176
32971225818
1536161414
4001022270272
32809495574
1005001516017175
1005001885069133
1005001861086915
32627322417
1005001901176860
1005002497121707
1005002100509277
1005002121782257
1005001678155275
1005002218175184
32969213751
1005002467015251
1005002011273001
1005002465918035
4000227297341
1005002394569875
1005002284547590
1005001615359349
32739292378
32986441036
1005002375359343
1005002372444213
4000049617630
32840395086
4000011255792
1005002314640628
32631842938
32992167129
32919618524
1005001715132010
1005002425149175
1820363716
1005001994135885
1005002362056936
1005002357491266
4000192071465
1005002313050573
1005001562095517
1005002432933165
4001196771332
1005002353611084
1005001780360818
1005002425993094
1005001862510761
32572432819
1005002350126682
1005001737574808
32987390851
4000829311999
1005002466078817
32245578334
1005001848934410
1005002122431583
1005002120538634
1005002220370613
32963889748
32822712508
4001220487154
32852818272
1005002273803427
32949149267
1005002314405046
32993016495
33047218124
33005578344
1005002058553207
1005002475770593
1005002069073689
1005001567172545
33046022769
1005002322273810
1005001362779974
4000709105992
4000673496409
4000888493970
32998471546
1005001369998026
4000843234547
1005001337721024
1005001450944322
1005002487058733
1005002352407475
32873838793
33025056500
32822847898
32630670722
1005002394853233
1005002280798064
1005001940779413
4000745086662
4000519351061
1005002352488180
1005001874041727
1005002373395676
1005002425092662
4000548935304
1005001909073764
4001220241359
1005001934700664
1005002298814468
1005002307396669
1005002288992796
4001294006840
1005002310949642
33041275882
1005001804679216
32818974628
4000525381051
32619962505
1005001325775831
1005002279154211
32644314685
1005001901444480
1005001561940493
32958949499
4000420241762
1005002324795859
1005001900535972
4000742160592
1005001635429959
32916384826
1005001590936055
1005001780201734
4000959226902
1005001705207729
1005001402198886
1005002322280226
4001240898403
1005002336521091
1005002277825305
32629342140
4001237559606
1005001986260618
1005002314296387
1005002272451200
32855627346
1987880618
32949088652
4001221895482
1005002281209044
32852644882
1005001621443205
1005002236044333
1005002304011590
1005001942937517
4000879756102
4000720771282
32749814964
33059405416
1005001706179321
1005001673101608
1005001537277739
1005002466060935
1005002203840529
1005001895469099
1005002398728742
1005001529685635
1005002252437130
1005001646258641
32534249691
1005001501951607
1005001781139548
1005002414350168
32998360985
1005002309607104
1005002056638159
4000405752105
1005002182289611
1005002357518963
1005001948223842
32989753302
1005002490396637
4000423799016
1005001445508597
1005001452219446
33026905704
32373877665
1005002102219675
1005001984960758
1005001354445466
4001314119696
1005002438787431
1005001498637984
32879422373
1005002293278733
1005002368264653
4000627451958
1005001436930722
32795759464
1005002238883839
4001355162385
1005001627335438
32877651292
1005002341434460
1005002108580591
32970266399
32964494350
4000966665159
32770502495
1005001490153015
1005002294445451
1005002290154382
1005002244475808
1005002315468150
1005002120737201
4000750996900
1005001729272264
1005002282346396
4001139022001
1005002244301244
1005002383109863
1005002250803056
1005002090563387
4001327593145
32824382875
4000208282538
1005002359376237
32354855255
4000833027772
4000838195322
4001350826331
33044784626
1005002487902906
1005002395015166
4001117228412
1005002334144646
1005002477673862
32965688155
32881640772
1005002410811627
33028304511
4000070660898
1005001679342012
1005001296110977
4000438595828
32610170270
1005002495517302
32919386076
33041441215
1005001594317768
1005001508061764
32787516372
32699466155
32876938893
33011689308
4000662631141
1005001350620026
33007564614
32300191722
4001016915565
1005002495326989
32986717092
1005001962968100
4001252783691
10000012909135
1005002158941258
32972122484
4001359202590
1005001490745680
1005002233533345
1005002117943038
1005002117386694
32982504993
1005001520446415
4001227244801
32603233173
4001287117049
1005001269497388
4000933018914
1005001411535975
1005002254494860
1005002259858545
1005002313144818
1005002369454210
1005002250336917
1005001450111146
1005002276697161
4001159108928
32988178604
32953437454
32907061471
32914877283
1005001844514271
1005002275617037
32629690903
32820394358
1005002428577085
1005002327294449
33010852848
32975435407
1005002491899292
4000854976590
4000473295198
1005002409794204
4001012578339
32842414131
1005001727830598
4001118031504
10000034363545
32963452270
1005002443452757
32892110335
32918383707
1005001823410296
1005002247504709
4001168183331
1005002382880205
4000091124351
32816805764
1005002032502097
1005001872757562
1005001522960825
1005002357999649
1005001823553883
1005002235019590
1005002314416216
1005001897471110
1005001474524679
4000025428551
1005001858762417
4001042771144
1005002114669242
1005002336719321
10000423735545
4000585836006
1005002011181626
1005002391321016
1005001665927530
32997221207
1005002484765400
4001231095175
4000004917255
4001286003345
4000943131801
1005002434592736
4000829711106
4000019340806
32471613011
1005002483917765
1005002408805894
4000668444266
4000070760127
32603331677
4000095804012
4001292296426
1005002236246621
32841219536
1005001787383821
4001175769728
4000292479139
4001165574249
1005002354491119
4000262661299
1005001604219667
1005002320997133
33042959828
1005002320740916
1005001393499335
32991639697
1005001830224834
1005002234167740
1005001557869978
32950115506
1988755082
1005002453579263
1005002390859468
4001180689484
4001061355703
1005002481934082
32944530040
1005002428514279
1005002490879327
32918467403
32951315582
1005002392220546
32539103431
4000546084613
1005001465111312
1005002252107900
1005002474900665
1005002464874712
1005001962965050
1005001432150290
1005001747725975
32916151214
1005002362550406
1005001909087444
1005001419606654
32858175518
1005002395549251
1005002395273019
1005001414242101
1005001830843935
32916033729
1005001982799697
1005002419286118
1005002114704324
1005002105010709
1005001775287487
33063011809
1005002347189188
1005002276185003
1005002396068968
33000086631