755979095
1005001866142217
1005002122411764
1005001858980185
4000717848311
1005002342413532
4000961733085
1005001885274172
1005002421350464
1005001337677879
32889940215
1005002240187690
1005002013276415
4001162955189
1005002101681669
32573717436
1005002355787331
33002928800
1005001722082937
4001308061894
1005001640806794
1005002278870680
1005001652439002
4001057598518
4001294219174
32779537263
33028926002
1005001691179482
4000622633267
1005002337232276
4001160883887
1005002362362941
1005002428183284
1005002002528965
4000144352104
1005001658666885
32952361796
1005002348185675
1005002264167228
1005001588187517
32322315164
4000583568628
4001065909333
1005001511814100
1005002314610659
4001234817403
1005002362631119
4000537569763
4001290037288
4000922661469
1005002497378072
33018045434
1005001383739128
32824770499
32400904787
1005001988659433
4000970469241
1005001651559221
4000551670123
1005002262455824
4001126729178
1005001617479226
1005001854618816
32913036763
1005001269964815
4000857269734
4000191443907
1005001585165354
1005002115433749
1005002368917461
1005001992199315
32651418959
1005001663908895
1005002454915095
32759957506
1005001859726157
1005002315935161
1005001823221096
1005001479733627
1005001669249000
33053577491
1005001708269402
4000313825822
1005002017753126
1005001869317763
33041036128
32821040235
32886731741
10000400052234
1005002221396739
4000345190823
32403171362
32702611393
32859607899
1005002064960507
4001302628046
1005002122378827
4001148232460
32973229643
1005001579056373
33008121915
32807800155
1005002351296660
32745117333
2041699943
32959939912
33061647155
33059777063
32912747637
1005001334395491
1005001537325920
1005002454788703
4001358188985
1005001467963644
1005002245308530
4000309527209
32911948920
1005002441942135
1005002475302637
1005002293164683
1005002311555784
32891538669
1005002341351941
32683300311
1005002363789189
1005001696013915
1005002383006439
32946702349
4000891126559
4000739067259
4001031090877
4001287536267
4000772374495
1005002182462082
1005002436004506
1005001764844701
32916835513
32913988197
33051578665
4000667274687
32904156814
1005001570339204
32955005469
1005001464185147
4000511086876
1005002307162412
1005002114547251
1005001559814406
4000411321686
2033008397
32959881596
4000842943890
4000941972590
4001215442772
4001130978376
1005002358196300
1005001465461024
4001034222979
1005001451589368
32985872818
32979577511
1005001455716676
1005001581418748
1005002091209526
4000800581056
1005002288913023
32955710757
1005002334508426
4001248315173
4001307924264
4001297388555
32795215455
32996614006
1005001525440456
1005002310471793
32301419848
32347390702
4000448434531
4000384691521
32854921554
1005001934506593
1005002076566610
1005002272195131
32790450739
32700141323
32977458875
4000842962259
1005002337713709
4000473824820
1005002295743063
32799566178
32719747029
1005001877502136
4001225087850
4001284899335
1005002073921768
4000035181810
902607543
1005002058835087
32348636468
1005001564779080
1005002401876937
32676375462
1005001530198966
1005002465996462
1005002253791139
4000859276217
1005002421508470
32881367242
4000261942547
4001099202331
1005002228572452
1005002233460695
32887588351
10000373859619
32962761869
1005001464810036
4000506015337
1005001445045630
1005002370144878
1005002019204039
1005002488697885
32873187268
4000329484816
32563220773
1005002378149882
32856454881
1005001658444556
1005001316306248
1005002176744988
1005001585376487
1005001646293365
1005002357265304
4000850690340
33048814286
32888799424
1005002323152585
4001316376157
4000708847272
4000183519465
32803559920
32827930725
1005002409358380
1005001823578012
1005002394171671
1005002428759081
1005002164571889
32557456090
1005002120687750
32794813014
1005002267490923
1005002432574675
1005002245881149
1005002474516895
1005001482208114
1005002298859163
4000193253520
1005002316206897
1005001351777867
1005002377412638
4000535544826
1005001817813491
1005002382316761
1005001373732290
1005001345193872
1005002400401699
4000706301954
4001085352881
32816787888
1005002264701565
1005001645164210
1005001987716214
4000183777393
1005002015530714
4001201408420
1005002423664015
32949522778
32996536301
1005001727021137
32467778015
32988878833
32717346372
32883919021
4000151440538
1005002315012428
32820303648
32974738605
1005001458546816
32966863548
1005002443106244
4000666554281
32966383715
1005001633770920
1005002322478693
1005001985875433
1005001825452891
4000982542943
1005001817836668
4000626719879
1005002004134369
32859056972
4000136831521
4001229897594
32978367699
1005001793222913
32590144472
1995463524
1005002246412978
1005002357304011
32818651813
33010685500
1005002460977753
1005001499735434
33016844166
1005002345054150
32919685431
1005001779668181
4000927389461
4000955751719
1005001714491630
1005001864610508
1005001290435556
32957343375
1005002408988180
1005002476083891
1005002206321571
4000907534454
1005001550155697
1005002357585488
4000127155476
1005001883973279
4001052969405
4000233571832
32960439808
1005001829877344
32846772743
1005001441278682
1005001533928131
32728607590
32991310605
4000695276401
1005001515375092
1005001305348278
4000093709139
4000712032337
32831778091
4001317188150
1005002238984764
1005002490399575
4000842653536
32956880265
1005002358985342
1005001968632601
32954549019
33045907031
4000025394215
32952439734
1005001495604192
1005002447135798
32422243354
32959139266
32605841556
1005002069513324
1005002332615533
32903723953
33000232358
1005001625371163
4001061369136
1005002312528599
32824875784
1005002289263148
1005001526294257
1005002272219108
4000314475392
32831971897
1005002402175179
4000323421273
1005002395301640
1005002491566051
1005002433530016
1005001775586161
1005001864821698
4000450429665
32860578828
4000848216750
32964823712
1005001683144718
1005001762193253
1005001705470356
1005002327861855
32930811052
1005002276691064
4000871729976
4001175070924
32955918632
32747071425
32701148519
4000782447343
33039982072
1005001325053656
32778939527
1005001544309757
1005002111707815
1005001976157485
1005002357442984
1005001706223849
4000738989843
33008607500
4000629042161
4001172820576
32968235047
4000989039727
692588572
1005002449848064
32805701970
4000041727152
32245448956
1005001471610789
1005001895663358
4000577757002
2040801179
1005001337933479
4000674734519
1005001297565958
32968225378
1005001920539482
1005001882916722
4001042837337
32825815554
4001077797560
1005002253115187
1005002255991885
32990268587
1005002348754347
1005002375331288
32807632597
32757380740
4000829889324
32909734349
4000393294516
1005001988381922
1005001266985963
1005001370411891
1005002275713320
1005002440592636
1005002342479829
1005002321872622
1005002423220980
1005002492461120
4000401584857
4000964751505
1005002359026070
4001284486462
4001149132612
1005002291848257
1005002288774323
4000313781387
32920206419
1005001855870732
33000490891
1005002393979952
32803775348
4000935208476
1005002306237703
1005002219392791
4000923481659
32851122896
1005002042101712
1005001557665844
1005002260773987
1005002460158153
4000484116587
32833282509
32948878830
33037511914
32997377670
4000085204567
1005002381438799
4000423167414
32844320372
32952054308
1005002337198585
1005001950429089
32608165612
1005001339313976
4000501202815
4000473020596
4001136248992
4001228604525
32963005755
1005001452466235
1005002253474207
1924839595
1005001616391975
32319136626
4000815992455
4001062773504
1005002382758613
1005002450569253
1005002246534005
1005002476213834
32965629819
32934155621
4000624013213
4000672784200
32958418345
4000378656668
1005001488612162
32862332918
1005001833684977
4000960624312
4000528992108
4001296890180
33046927620
1005002268718273
32979391241
32863584031
1005002033802780
1005001822185224
1005002288828842
32856081021
1005002378618188
1005002220756090
4000861254551
32839552523
1005002313874442
32931261850
32888149114
4001013852976
32946409071
10000283846496
4001134177043
1005001272836703
4000328239375
1005002357535145
4000030668735
4001189183050
4001267165316
4001350691335
1005002289583686
1005001305230491
1005002397854079
1005001746606390
33011737188
33054906957
1005002191361618
33002145437
32863009108
32980118833
4001217453533
33056829448
1005002313802520
1005001872473424
4001218998996
1005002442471353
1005002132734253
4001351352385
32991423973
4000960686003
1005002341019052
4001299116700
4000421479190
1005002077358737
1005001747226096
32210274254
32869500090
33047148624
1005001310833646
32997731632
4000692887573
1005002027168329
1005001984479574
1005001419647862
1005002416955953
1005002003372018
4000849807273
1005002376361171
32843329288
1005002172077116
1005001679067749
1005001864613890
32810711318
1005002394591922
1005002276783665
1005001774260087
1005001631791212
4000945777035
4000080876072
4001187882792
32317938079
4000960109049
1005002483511161
1005001868395203
1005001861121211
1005002460438055
33045191208
4001111269247
1005001668180372
32875135556
1005002460663477
33035124897
1005001927905148
32683590822
1005002193155644
1005002146110726
1005001388080045
4001286744987
33051469853
4001283095170
1005001354297567
1005002022833634
32596816694
32837872242
4000269041431
1005002327896190
4001202075643
1005002271370498
1005001499118980
33024921341
1005002346223025
1005002341216237
1005001617259712
1005002483736113
4001000774567
33006714095
1005001606938220
4001064623696
1005002382542212
32888919211
1005002352981553
1005002090430089
4000960569555
1005001582478916
1005002312064280
1005001762910750
32957177454
1005002275694277
1005001601894969
32904763899
32910737356
1005002206388324
33008675780
32868178952
1005001803220626
1005002053576235
1005001841279508
1005002474504309
1005002461758403
4001013803803
33053568598
4001267605006
33015354748
4001041996647
1005002146686645
1005002489006785
1005001721945080
1005002376757776
1005002346293908
32901967205
4001214213582
32862195113
32914512730
1005002095163867
32887853693
1005002328603858
4000657093455
1005001967807259
4000084584269
1005001780301448
4001208994703
1005001742325969
1005001747144737
1005002217256834
4001298713221
1005001570909206
1005002323709082
1005002481311371
1005002314354415
32722155028
32881459226
32614752905
1005002305886190
32817492846
33017211377
1005002262444001
4000833423194
4001194292771
1005001468643839
4001056848340
1005002439180345
1005002361410858
4001138585502
1005001458178987
4000022108442
1005001603790258
1005001438841830
4001144925999
32833644703
1005001541867737
4001156206725
32714779095
1005002161534003
33019345003
1005002333493025
1005002438379838
32964889699
4001307289857
1005002149366059
33058880660
1005002450918037
1005001694674610
32975479731
4000208087684
33031871142
1005002129888004
1005002358755318
1005002314276208
4000482916839
1693055709
1005002468341128
4000009516861
1005002393427251
1005001648460571
1005002085617882
1005002440312528
1005002454722476
4000202755210
1005002317039539
33031851740
1005001748960601
1005001666207963
32855438903
32895459616
1005001906825453
32594581546
1005002357800812
1005002473812793
1005001977063176
32824504248
1005002356016957
32863655598
4001136911790
32958400654
4001206681560
1005002274185202
1005001556873149
1005001865487610
1005002269947863
1005001820467886
1005001512656826
4000054475475
32402739243
4000100617131
1005002086943326
1005001437926868
4001108026509
4001287887415
1005002489614874
4000288344005
1005002059446536
1005001585274782
1005002454186410
4000929155687
32951584281
32984546192
1005002316282381
32519552387
4000834365802
32712529020
1005001961155018
1005002459098706
32916062166
32976852459
32609101430
4000955841933
32997947170
32484708391
1005001976557853
1005002092529978
1005001453937600
1005001423762299
1005002040102171
32953732822
4000470645462
1005002454406660
1005002456676081
32880036822
1005002274351431
32906450623
1005002208610377
33019688721
1005002318736939
1005001500452751
1005002358383348
4001093570423
32918145462
4000569870884
1005001876913172
1005002079435614
4000889033465
1005001989497054
1005002240293754
1005002395404263
1005001588121687
1005001598486481
1005001687727171
32655147898
1005002253581622
1005002401651169
1005002387914459
33035221195
32982652912
1005002156526847
1005002006229281
4001294112941
4001070826399
1005001693260719
4000833944382
4001138846716
32991077740
1005002499799027
1005002307620305
4000805395171
32956776364
33053894577
1005002352052055
4000176782530
1005002475009580
1005001303701451
4000461686541
4001166373850
1454004221
1005001484128003
33002624820
32845845401
1005002279529018
1005002206533045
1005002453958986
1005001525482096
32964978295
1005001489774318
4000852942159
1005001955047863
4000666134155
4000369855446
1005002482925492
4001023238021
1005001471056735
4001300433787
1005001525302728
1005002165920985
1005002235964094
1005002460737988
1000001534898
32853704860
1005002412971293
10000404566899
1005002210500619
4001314698786
1005002254417297
1005002072449607
32818371429
1005002375419091
4000203194798
32530356460
33057503256
4000846152233
1005001298553835
1005001433817020
4000944780745
4000859014331
1005002423726470
1005002333620509
1005002341030725
1005002243566317
1005002074795177
4000995121302
33000102289
32842688856
1005002214143344
1005002031625978
1005001639753604
1005001522166733
1005001439046725
4000523648184
32968682241
1005001302848510
33021261401
4000569618532
1005002229217164
4000049140450
33040484324
32893251403
32857449497
1005002493853063
32818299426
1005001845569911
1005001717088904
32656232346
1005002133803969
33055602762
1005001385240675
1005001851788511
4001290702590
1005001512160416
1005002454463630
1005001918491615
32993962688
1005002003159499
4000641361942
32908936613
1005001598406156
1005001346486788
32730237623
32853863793
1005001645144918
4001093120753
1005001656299456
1005002292571374
1005002454200994
1005002340745958
1005002384497065
1005002271314632
33013109598
4000117226878
1005002377784090
1005002061540678
32958958330
4000123535938
1005002121349132
4001094754357
4000086335549
1005002388140113
1005001630077311
4000788442509
1005002276315592
4001225166820
1005001565737688
32950796536
1005002357589087
1005001831965446
1005002182587119
1005001612154860
1005002439284481
4000800604123
1005002314135396
1005001543522951
32695345471
32867749340
4000794007931
1005001481392507
32998628285
1005002359132439
4000352894547
1005002405895775
1005002413239790
1005002411319955
4000477491453
1005001948789928
1005001577375994
32879163358
4000660835234
1005002490584343
32913006556
1005002200052426
33049061670
1005002051237926
1005001397745496
4000135842340
32845239514
1005002459988498
1005002448095920
4000846564063
32947801022
32906404567
1005002081922472
1005001634192111
4000561586334
32882308289
1005002338780950
1005002319084184
1005001732354665
4001058923401
1005002006819907
33004682681
4000858993515
1005001746812679
1508873145
1005002357829564
33056628107
1005002333814837
32925635241
33055500836
1005001422824598
1005001430547430
32955511831
1005002381154366
4000479179562
1005001919143041
1005002277740213