4000296334119
32898933725
1005002334992570
1005001816656858
32702122595
1005001900786560
1005001666667229
32906551204
1005002499338335
4000048493231
4000641018672
1005002432427544
1005001820554690
1005002108600480
33051318389
32866163683
1005002112561376
1005001775555713
32959937225
32979309542
1005002309189213
32820737324
1005002269037093
32830867154
32975369909
4000990761246
1005002103926937
1005002408876843
32861353976
4000613943333
4000909517627
1005001707969580
32915819699
1005001567308002
4001223108678
1005002350822654
1005002414655369
33062947395
1005002397733579
4000036810224
1005001966597058
1005001704002248
32806914020
32868893261
1005002028799973
4000734545097
1005002311684725
4000262122628
1005002029648659
4000112152514
1005002105216387
1005002382726472
4000062254504
4000618248019
4000629480224
32818898230
32953853259
1005001412752183
33010198043
1005002354206680
1005001889735992
1005002360221550
1005002266414769
1005002335169606
1005001571821951
33057977975
1005002384655505
1005001688442704
1005001965983623
32850067049
4000758749198
1005002049767364
1005002283114934
4001213629958
1005001582101348
4000276631131
1005001988670475
1005002345013112
33051542023
32908639278
4000632760601
1005001679378031
1005002321095727
1005001408668054
1005002450265211
4000181862755
33036148379
4000310315771
4000341226807
32882990404
1005002241917053
1005001565406198
1005001988487430
10000400021691
32849505899
1005002351078670
1005001748043011
1005002380840699
4000252909970
4000497832060
33011370441
1605672922
1005002344156180
1005002330775938
1005001998495199
1005002276687291
1005002292697422
1005002037599951
1005002313806794
4001331209850
1005002357585575
32887195642
4000010093507
1005002272684025
4000253382021
4000048373394
1005002371458512
1005002377958087
1005002339196380
1005001725512447
1005001777899183
4001031067285
1005001424697365
32931302214
4000104125023
1005001414042675
4000277412706
1005001901943625
32999884134
32928525470
4000970209258
1005001758721302
1005002305501204
1005002270492967
4000631442677
10000169950419
32947369628
4001062519071
4000210286355
4001196952970
32866980461
1005001671254854
1005001753478950
1005002440778652
4000124833847
32963812999
32848154088
32898059425
33023670698
10000181381911
1005001354190012
1005002382952724
1005001645467933
1005002327313531
32844218950
1005002292431247
1005001949201441
1005001846083120
4001273164231
1005002416993802
1005002329764147
33054789545
1005001998722354
1005002124424226
4000382179367
4001220149499
1005002333698890
1005001680589425
32966677348
33008468531
1005001652057544
4000976450767
32875343761
32754392764
4000824490011
33035042694
4000748438162
1005002310910622
4000169120247
4000727197882
1005001941110300
1005002287895252
32947274698
4000055586732
32902370745
1005002468313877
4000328733104
4000492976448
1005001949222264
33024114167
1005001677422412
1005002312275099
1005002003574607
1005002454389664
33019422473
32837985914
1005002384061095
1005002340885820
1005001381877726
4000346243517
4000286384472
32827073360
1005002264063690
32900654408
33018175121
1005002198589953
1005002085358121
1005002276830151
1005002382481756
4000511175163
32820317089
32939653353
4000148071816
4001031652120
1005002408144916
1005001295914304
1005001450666652
1005001851796637
1005001653014798
1005002475923690
1005002372009027
4000074385214
4000167052541
4001197864549
32981250258
4000781863789
32892819120
1005002439338840
1005002401208090
33009089760
1005002368766824
1005002476466818
1005002409774566
1005001847575583
1005001794365373
1005002280442995
4001082906513
10000088340374
32823504889
32852000292
4000048156012
32949799092
33015494137
32905132478
1005001980181631
1005001269911337
1005002137004769
33029704881
1005002313079858
1005002053350593
32973839654
32720955161
1005001762105187
4001260585524
32846911130
1005001947332271
1005002255591007
1005002325724588
1005001635011520
1005002350139590
33021347140
1005002433755945
1005002166531950
32804317111
32968897534
1005001608076870
32877796812
1005001494468140
4001296417361
1005002317318033
32981521567
32970809303
33024588466
1005002026422631
32870200460
1005001448022091
33011761904
4000990967746
4000421900274
1005001989920084
32973447369
1005002465422955
33016922098
32459118439
1005001507862179
4001039218971
32422534204
32969789544
1005001490470653
32459562287
4001280326747
1005001602067073
4001160746848
32957714909
1005001393007806
1005002022183613
1005002064117961
4000067263095
1005002245910714
4001177877103
10000023338667
1005001980018263
4000465973404
4001107445355
4001259545858
1005001865782876
32914060385
1005001571381134
32948871086
32604771926
1005001596503602
1005002287044106
32920597023
1005001839834098
1005001329717290
1005002315594410
32742600596
4000979213751
1005001325429802
32811530115
1005002304512939
1005001824429303
1005001965670606
1005002359607261
4000629121872
32783973405
4000268126194
4000983529680
1005001640441740
1005002466911787
4000544082334
1005001834536576
33035833881
1005002362131060
1005002485618618
1005001713615402
1005002449745826
32973965908
4001263844640
4001219966969
4001268858165
32918848441
4000001545834
1005002167675222
4000602211113
1005002352270719
1005001942443955
1005002064609075
1005002315346204
32967448002
1005002381674811
4001296957547
32847127047
4000523096350
32821925333
32880902775
33015117497
1005001619836863
1005001695950952
32919120678
33059628660
33051195492
1005002247145963
32974091979
1005001791889875
1005001845188001
1005002351480739
1005002177713005
1005002339192755
4000976383000
32927935967
32922792563
4000440358828
32825372164
1005002037929388
1005002314335490
1005001304429445
1005002409368354
1005001696260115
1005002353034590
1005002199262525
32999043730
1005002242268692
1005001596361608
32975378489
32883649302
4000670537688
1005002101862480
32851324840
33000555047
4001346059077
1005002277312464
4000108846328
33046259220
1005001853011817
1005001648803524
1005002139910606
4001290407384
1005002092474615
32809348877
4000091288612
1005001688624488
1005001708215593
1005001721279572
1005002275366883
33031851512
1005002305170751
1005002234799931
1005001873850222
32630763077
1005001575277809
1005002266052322
1005002418374150
32707081471
1005002079222997
4000515550696
1005002385016326
32827433571
32636101864
32960217273
1005001905046946
1005002428039673
1005002034288388
1005002299855859
32995686241
1005002411076562
1005001458511698
4001179841012
32901581630
1005002022303692
32836170873
1005002323718862
32870309708
32874843307
1005001585768046
32822960693
1005002417941021
4001042847278
4001278746378
32806820673
32894323532
4001282894876
1005001816904872
1005002238758485
1005002263939075
1005001685543935
32956462618
32951728767
1005002280280916
4000249533693
4000494088761
1005002267791550
4001037695572
1005001961188804
4000786981393
32868542754
4000008865607
1005001337978021
1005002338636426
1005001863177844
1005002107035739
1005001371991424
1005002191662483
1005002022253601
4001120220809
32720680411
32968646255
32856041094
4000803594942
4001102501602
1005002241854395
4001009504171
4001236106312
1005001770328126
1005002388322661
32759846860
4000990948631
32999760690
1005002319346261
32967427960
4000399298720
4000626332024
4001174941572
4001360314910
4001191578217
1005002418676281
1005002068461683
1005002462543719
1005001456106938
4000151106621
32602913830
1005002359584156
32982940324
32921696609
1005001599715874
1005002299817856
4001326400978
4000390984840
1005002345382399
1005002076627709
1005001600021995
4000709931724
1005001424192397
1005002262132581
4001245227634
1005001523119794
4001264424048
32283170665
1005001493416612
1005002426470144
1005002245520642
1005001439150455
32831334599
1005002203660751
32973469077
32812347400
1005002394189228
4000006987453
32912809993
1005001718455427
1005002230061545
1005002214663712
32970555477
1005002123891367
1005001516116744
4001230578553
32970395072
1005001302090808
1005002004912727
32920623230
1005001658188430
32827443886
1005001905190292
1005001670879410
1005001345823100
4000475458478
4001165467822
32758064692
1005001302949275
1005002240354919
32797215766
1005002290885792
4000530873026
32872587764
1005002490555792
1005001786290391
4000079373444
4000058087396
1005002454330572
4000318733901
1005001847542064
1005002069555860
1005002343991054
1005001570036482
1005001835105018
1005002272319518
1005001611740929
33009841304
32850401197
1005001792941875
1005001436112622
4001352856606
4000589361670
1005001615020647
32791864340
1005002377105846
4000140225027
32956056145
1005002356482589
1005002089892066
32839987160
4001321561473
1005002354150522
1005001982973504
32850659841
32843448024
32818668668
1005002242422970
1005002300032986
1005002328342089
1005001946440588
32815060082
1005002256981071
1005001406864061
1005001859032317
10000377467948
1005001474508406
4001286744261
1005001580096234
32915404270
4001061773312
32879496764
4001272452520
1005002338159317
1005002417036551
32823103083
1005002207343336
32790641069
1005001905088157
4000794160927
4000218666797
1005001343387352
32876132233
1005002238004457
1005002342545279
1005002289835391
1005002357862272
1005001464120793
32871592466
32719627905
32814499566
32848734853
1005001767762365
1005001793184044
32714242078
1005002324146430
1005002255223554
1005001834971518
1005002482902892
1005002213330757
32989771296
32861387913
32820999453
1005001927724590
1005002281293366
4000598589661
1005002312116153
4000396130886
1005001731174549
32903534279
4000370191450
1005001307834551
1005002399606621
32906922955
32495525834
1005001497368810
1005002214270123
1005002190065985
1005001510041515
33013133996
1337472957
1005001692798422
33062627308
1005001853912697
1005002459477634
4001134613985
32813482230
1005001639720017
1005002207376196
33053520700
32829597793
1005002340436160
32919975842
1005002417054501
1005002388308459
1005001332642739
4000712712739
32922315773
1005001786380134
33034812354
1005002052054875
32389051684
1005002080664174
4000186059462
32834081155
4000595793016
1005002413409990
4000679448577
4001150836508
1005002004899002
1005002388885173
32970565301
32997990266
32955546525
32597610338
1005002350857206
32965265125
1005002344825639
1005002254908474
1005002413896700
33006887474
1005002218098168
1005002414373868
4000504637969
1005002417585130
1005002468777654
32857953638
32923911232
4000175079526
4000134652143
1005002262343794
1005001638363950
32756343458
32962762497
1005001279065228
1005001387941716
33040744648
1005002382901823
1005001658311973
2013099268
32972601029
4000842506737
1005002399753132
1005001839085395
1005002386770736
1005002322396451
1005002270819326
1005002205294454
1005002292629702
1005001813358250
4000532392323
4000311442608
1005002326634909
1005001458571662
4000920880908
1005002231163830
1005002234334743
1005001397070327
4001217010021
1005002308961079
4000325625230
1005002358216512
1005002210706793
1005002321242968
1005001868359728
1005001863801164
1005002316253405
1005002049537845
1005002468237125
4000883236934
4001364353540
1005002242813849
1005002316568606
4000064372564
1005001448592795
1005002217878936
1005002236372922
32995442969
1005002362358788
1005001650700308
4001186309965
32986252473
1005001425675973
1005002458505190
1005002296972537
1005002288828674
1005002468591281
1005002334313889
1005001953476793
1005001382445188
4000879002349
4001043278005
33010045190
1005002175805800
33011380333
32870638166
1005001304511182
4001217909460
1005001291802167
1005002411212751
1005001997513036
32833044419
1005002200140990
4000538585425
32861007134
1005001436773625
4000119902677
1005002321449987
4000503663525
1005001479732767
1005001917706191
1005002415818519
1005002402496487
32682875992
1005001920546160
32966750099
1005002122591159
32924339250
1005001633228318
1005001563380829
1005001656012493
32992175128
4001149475292
32717413079
4001152205407
32776641539
32947089755
4001235552842
1005001882380403
32891451157
32919354928
33016376629
4001190013299
1005002277709946
1005001266027511
32326665639
1005002272010838
10000324539933
4000038203800
32827953305
1005001598064137
1005001734711317
1005001763558424
32987761257
4000973235446
734173714
1005002482670377
1005002388003104
33010498626
32895477059
1005001496049929
1005002292118381
4000043404579
32964833496
32602983009
4000001238670
32859842316
1005002431374375
1005001983252597
1005002311016212
1005002314319996
32608350021
1005002340229979
4001054348259
32843139496
4001139456164
1005001870060183
4001295306788
32837317175
1005002364402004
4000865412229
32950249362
1000006296808
32851238063
1005002313747773
1005002264798769
1005002440932438
33043075048
4001030509366
32808829722
1005002276177613
1005002073100152
1005002299055896
1005002327254991
4000114569877
1005002210588468
1005001895222082
32917300805
1005001973831575
32904676056
1005002367264622
1539393728
32892332618
1005002458280199
1005001559918055
4001054959672
1005001470407998
1005002426113738
10000126742913
1005002363337137
1005001424816424
1005001884975087
32762195855
32999400364
1005001859982192
32850321435
4000695822560
1005002241457699
32863033286
1005002245620369
4001008086955
1005002311312593
32893223102
1005001441482031
4000520820520
4001157489054
32746634854
1005001921212951
1005001708826449
32961239158
1005002358279250
4001233708537
1005002339158839
4000609829483
1005002281325202
1005002054132754
4001278630278
1005001872742781
4000282136385
32834792240
32615810640
1005001551909706
1005001784611387
4001289452331
1005002213355427
32817328129
1005002499112987
1005002377447392
1005001962533762
1005002375134118
1005001622555132
1005001505502298
32860326501
1005002400157285
10000397741050
4000561072531
4000772317157
1005002496710866
32962748844
4001289233890
4000040073960
1005001349689872
1005002396497550
1005001431526245
1005002395224978
1005002167718726
4000993685039
32791180294
1005001802761538
1005001848577761
4000267209256
1005002398856301
1005002340248902
33038760208
1005002340195034
1005002439436083
1005001707584392
32392750789
701682083
32824035887
1005002298700983
4000843364318
4001166154370
32791554413
32960823741
32998844896
1005002339317769
1005002316130311
33014620593
32853113597
1005002286792233
1005002330529444
32338796024
1005001985397809
33011380831
4001054348033
1005001508057708
4000828625967
1005002256131224
32854160426
1005001763950190
1005002268539036
1005002261322821
1005002381420757
1005002413368612
32918328946
32859510076
1005002341755185
32918126627
4000613914398
1005002133999703
1005001889180635
1005001987726374
4001227626475
4001241507937
4000625609945
1005001992800817
1005002394780969
1005001424879005
1005002238108772
4001365468034
1005001929503300
1005001889802580
32954133312
4001101743411
1005002331619482
1005002283437099
1005001703809132
4000430437568
32840693384
33007056800
1005002314341681
1005002192370715
1005002285532363
32783116375
1005001619177821
1005002385412936
1005001792979790
33039140704
1005001743026567
1005002398268996
1005002305036713
4001149521616
1005002313870316
32858677245
1005001620057190
1005002242630908
1005001975783726
1005001533808389
32868604277