1005001957547055
1005001862661664
1005002319089205
4000707122339
32791536936
4000339132627
1005001922864241
1005001317227522
1005002245362696
1005001763815631
1005002192321880
4001190040175
32881805452
1217575573
1005001669979374
32831263324
32809961875
1005001869212790
1005002394264924
1005001872433607
1005001861959222
4000026468904
1005002439118909
1005002423745622
4000084510343
1005002289598278
1005002111770102
1005002351906167
1005002348173869
32920018004
4000469794776
32976289700
32981812207
4000551754239
4001361966394
4000206781068
10000196709825
1005002363069063
1005001683092346
32885753765
1005002466544787
1005001764201396
4000621634896
1005002293571150
1005002287065579
1005002272727624
4001037055908
1005002139531077
1005001546893505
32860966389
4001084056824
1005001591895074
1763019801
1005002242016485
1000007732138
1005002271097458
1005001446639833
1005001682694897
32669548226
32957852134
4000960604266
1005001927554758
32825747946
1005002223194984
1005001636278767
1005002421765170
1005002143414489
1005002448752306
32957337759
4000084857953
1005001781072726
1005002399738012
1005001887632546
32959406220
1005002424765681
32960491120
32843148608
1005002318795921
1005001379511699
1005002361626084
1005002344913194
1005002282829508
33008907698
1005001777726571
1005001984635535
4000788857715
1005002389527353
1005002423813769
1005001848288643
32694887478
1005002393917532
4000067927254
1005002454307559
32969025383
1005001594024177
1005002333053253
4000852611965
1005002246405535
1005002283591809
32905477131
1005002003333169
33030222923
1005002208069881
32800681883
1005002477880208
1005001657034177
1005002349470329
32833012846
4001014094896
1005002040116751
4000469136585
1005002234494389
4001238317156
4000206171764
1005002481159682
1005001304391031
32979473209
4000389022135
32881010591
32991910050
33005962963
32959236826
1005002340647339
1005001601736701
4001168063907
32891601669
4000641304172
33014208474
33026090939
1005001950622649
1005002394907309
1005001400891318
1000005451512
1005002336888732
32820051090
1005001902187016
1005001597897496
4000130146973
4000120908657
1005002295441160
1005002357286247
1005002377376663
4001201860585
32916078683
1005001680482763
1005001625523937
33010945954
4000708712686
32906681021
1005001914682744
1005002357343932
33053515434
1005002481330809
1005002242399912
1005002280963634
1005002288827019
1005001424625094
10000395866153
4000694024212
1005002275519518
33022999585
1005001941365007
1005002005893887
1005001803858991
1005001888827488
4000715319652
1005002036840906
4000534172884
1005002329409618
1005001869167831
32949406703
32915619258
1005002279110451
1005001848323630
32904972035
32882538099
1005002086042395
32977150429
1005001506629037
32980081518
4000722508270
1005001698784144
32800609353
1005002096370021
4000038754051
4001074435008
1005002425017429
4000955268860
4000286404403
1005001640564805
1005002308342394
33015853145
4001221055351
32859471041
1005002337222313
32885773612
1005002323665676
33031180902
32429619947
33052504478
1005002411434768
4000098036659
4000828033213
32959573109
33045936708
4000353530199
1005001350289116
1005001514429935
10000395917280
1005002323252625
32904849621
4000641059150
32975772231
1005002468974349
32844029366
1005001790101432
4001231096385
1005002424259775
32899132673
1005002292357940
1005002264246659
1005002344209750
1005001345248637
1005001592513410
32793601032
1005002321189271
1005002122364582
32997869706
1005001948071649
32953967007
4000188819997
4000158126175
1005001948136282
1005001875876456
1005002310308467
32965779797
32920620718
4000297339349
1005001438871502
1005001869785961
4000263258654
32957605423
1005002259379713
1005001975955337
32956012402
1005002320509427
1005001698226523
4001110363477
1005002087474539
4000283053676
1005002217375085
1005001619545052
32294301962
32877323133
4000902993511
1005002334309645
1005001350154576
1005002416624648
4001161799641
32658635107
1005002409766660
33045751398
1005001578711422
1005002458515722
4000894381912
4000035369511
4000954979284
1005002044485955
32969452470
32859964034
4000917792910
1005001393581191
4001264878991
1005001502415241
33057459846
4000586057729
1005001447338528
32853244167
4000025675279
33015096014
32909004529
32849025475
4000184199691
4000545810591
33026781705
1005002395010737
33056959596
4000103421856
33058128932
4000329464098
1005002496588966
32812564846
32995232894
4000045884461
4000160287527
32973725288
4000546580040
4001263697736
517051696
32838531587
1897612381
1005001682280613
1005002337303917
32830071584
1005002322542455
4001267487503
1005002369470991
32887540207
32288952238
33001284561
1005001290593749
1005002311789954
1005001470046315
1005002312978360
4000200110031
1005002265736769
1005001577213975
4000909761377
4000465841840
32632314387
33001457556
4000339955706
1005002110664964
32765410699
1005002364701074
1005002327743838
1005002319525717
1005002466553386
33060927640
1005001499767468
1005001451752721
33012064214
1005001586696392
32635517027
4000043802999
4000266746696
1005002474739426
32977458667
1947869532
1005002167881150
33030998543
32978679059
4000641393590
32858472661
4000922685714
32724171249
1005002413872844
4000761038028
32943233533
33063138538
1005001915219388
32683538316
1005001588199175
1005002318519706
1005001789569201
32973341067
4000082264990
1005001592243960
1005002034046231
32828015507
1005002036008235
32796007215
32863099291
4000760029300
4000761062323
1005002344560255
33032504185
32910184193
1005001695039032
1005002129492651
1005001688533532
4000613432869
32953249961
1005002378326362
1005002315378401
1005002304298749
32962096419
32865795692
32982638169
1005002116356765
4001269031451
1005002325249017
4001293791435
1005001561466470
1005002065241632
32702235832
32818043354
4000989170084
32864791100
1005002317989883
1005001504222379
1005002006544334
1005001425242986
4001312874781
1005001815552961
32855869143
1005001770234659
1005001984486554
4000538332367
32828671773
1005001654041486
4000120463815
1005002453749648
32824924760
1005002254190665
1005002050470344
1005002204485172
32998195786
1005002285754412
1005002394183603
1005001707778595
4000265242200
4000440088374
1005001671531231
1005002056771422
32982816796
1005002393780535
32913792072
1005001802208985
1005001311228098
1005001539433405
750973718
1005002461510010
4000186566529
1005002070955233
1005001376395955
1005002275857332
1005002290607704
32920541623
32970797673
32855220577
4000273921644
33010016836
4000953756242
1005002328083814
10000196802789
4000189256966
4000108347628
4001022950662
10000106889072
1005002418787699
4001305032530
32355467941
4000459044084
32966948625
33024896013
1005001525956346
4000314536048
1005002454689416
1005002288928336
1005001579639981
32805115667
1005002166586600
4001227807432
1005001487859559
32874670339
4000297245243
1005002357917641
1005001302384356
4000277410964
32998669259
1005001561150732
1005002361527688
1005001982343066
4000682586970
4001009710350
4000019938385
32796924896
32389453763
1005002459451100
32887443555
1005002467542817
33001711102
1005001530577752
1005002268041406
1005001764678086
32868621903
1005001609318534
1005001907983227
4000647075166
4000298899909
1005002225994791
1005002373523561
32727778540
4000164376381
1005001317236009
1005001704015008
1005001638015546
1005002281614775
1005002291560504
4000537351525
1005002076371384
4000152856180
1005001899308490
4001104063433
32921421926
33027537420
1005002251381454
1005002413903719
4001223025726
1005001424164342
1005001725894654
1005002425804978
32988563469
1005002401950619
4001156571598
4000014702415
4000178579726
1005002206234929
1005002329544661
32986241351
1005002334742246
4001038800359
32383126918
32927718672
32992896159
1005002495348711
1005001639581564
32861270368
32809042250
4001031265239
32853950690
32851329806
1005002391367954
1005002237816904
1005002405466644
4000042536844
1005002095069822
1005001819477205
1005002476099791
4000293613527
33055929437
1005001557301775
1005002167855832
1005001670787893
1005002286918028
4000681094295
33016878041
1005002223981020
1005002389077260
1005002396134453
4001244617469
33051771652
32858954846
1005002240133206
1005001316376079
4001247612218
1005002357464625
1005001580069521
32922239734
4000121025570
4001112110015
1005002447489894
1005002214967972
1005001659256305
1005002388305553
1480029459
32887273250
4000692006419
33025025640
1005002382478022
1005002050534292
1005002320775384
1000006022572
32788649073
1005002172802819
1005001614614243
1005001277859844
1005002299746800
1005002287172311
4001241088305
32846480233
1005001985156403
1005001599260632
1005002080737930
32955549992
1005002273004902
4000081391595
32864351458
4000397366505
1947633642
1005001795162897
32808856543
1005002225169152
1005002205611196
4000987179435
33000596725
1005001758940505
4000402219042
33027818230
1005001625597642
1005002278668970
1005001921009242
1005002133891221
32672933651
10000308425916
32949960233
32608197307
32815697947
32332458664
32883886468
1005002374713605
1005001997864138
4000640893370
1005002246459518
4000172735078
32961190825
1005002477581690
32839111155
1005002252458209
4000853990129
1005002338831302
33001137562
32218015288
1005001523997548
1005002374704690
4001006479062
1005002110385527
32912340643
1005001967609787
1005002220791978
32828952472
1005001616020689
4000972793080
32912250883
32606934005
4000980614929
32945724889
1005002418437820
32952166350
4000112381275
1005002231873036
1005002363898050
32849954536
32919438903
4001197042118
4000873170701
10000402346892
4001136750284
1005001458774688
32794127791
1005002362690411
1005002150759443
4000548970227
1005001311270453
4001112784987
1005001848303359
32975624370
4000735683881
1005002233874461
1005001604529001
1005002420191744
32257847000
1005002253430091
1005002345665096
33001334815
4001037238297
1005001847500750
32765524673
32833339425
4000015181603
1005002420418472
1005001615607508
1005002321992060
4001271194130
32936419601
1005001935979063
32852655100
4001139199023
32882883920
1955342739
1005001906215151
32950863526
4000217406320
1005001870020239
1005001291338394
4001293721203
1005001884107455
32658444407
1005002280669689
1005001631949330
1005002490045483
1005002119447814
4001270601178
1005001955154898
33054279571
32996284844
4000695917290
1005001394268607
33027525850
33057780304
32829976306
33036887224
33000973333
1005002120107048
1005001905530330
4000387103954
32832739724
4000810043452
1005002210318867
32635139039
1005001816668256
1005001822195387
4000805620731
32843984228
32809473671
4000748261985
1005002418867994
4000780711167
1005002316132442
1005002362293284
1005001469970987
1005001619578988
1005002387063646
4000558464858
1005002404572453
32890216051
1005002141109110
4001062680240
32459572614
4001357019869
32780909203
4000623751851
1005002390902598
1005002128337146
1005001830251758
32872813881
1005002404977925
1005001812751333
1005001804360094
33048973516
4000986064662
4000335606087
4000905520881
1005002482669815
1005002487527671
33004439977
1005002213734575
1005002382797702
4000429961985
4000778983397
1005002282467299
4001192997329
1005002278771488
33029860988
33027143055
4001155909487
1005002348975422
32841111091
10000358458056
1005002460765805
1005002011720910
1005001651923553
4001030550259
32790922945
4000668125423
1005002321215122
1005002405992397
4000083392255
4001318353774
32437173644
1005001555953148
32581168805
4000990922053
1005001315777048
32580980827
32881499952
32924063875
1005001736527968
1005002322978936
32952736464
1005001828614275
1005001278322459
33007519725
32848776850
32977463106
32944061485
1005002419053366
4000121967638
1005002263852986
1005001736323684
1005002310901928
1005002281440648
1005001470037907
4000829762034
1005002042842231
4000931216791
1005002381368880
1005001999276462
1005001928059443
1005001946615099
4000497775942
1005002191221425
1005002009584644
1005001689869224
1005002315956684
1005002120352797
1005002329264678
1005002332551412
1005002396445103
1005002314005549
4000396557637
1005002361280707
32751596209
1005002488889323
1005001679881530
1005002285676459
1005001547779662
1005001501722023
1005001559621321
1005002462285001
4000324001618
4001092062179
32965308882
32886946418
4000020369050
1005002136951133
4001102770098
32857234018
4000546672221
1005002007143022
1005002317416751
33058959759
1005002203290543
1005001902366380
1005002315233020
4001175501165
1005002443158287
32380862054
1005002262185509
1005002030452157
1005002383135435
4000336987438
1005002317317332
1005001949989431
32865879563
32866151337
4000506486320
1005001304820066
1005001350878450
4001264653231
1005002459089877
32885433024
4000626077969
1005002346882411
32794286652
32921965412
33036683617
1005001798875373
32711833373
1005001937544787
1005002475064416
1005001586723454
4000924690270
1005001291422915
1005001839016110
32646825730
1005001830919036
4001252318148
1005001266789781
4001159739492
33006196385
1005002442841396
4000073590762
1005002168361651
1005002483616103
32638275205
4000770977585
32857624742
33048459833
32983302297
1005002472845929
4000773843892
1005002316968465
1005002239449611
1005002217329890
4001218967132
1005001645433378
32951809721
32822203444
32924919511
1005002325309982
4000498499817
4000080138245
1005001731374214
4001277986822
32992164237
1005002324044925
1005002413376824
1005001942253388
4000424490394
1005002405961898
4000324151211
1005001381519102
1005002262363510
1005002304472256
4000921844744
4001269529564
1005001894637097
1005002324785722
1005002487272696
32728225350
4000468949287
33023471048
1005001274468604
1005001463964160
4000090389509
4001033893687
32999469093
1005002494485186
33017022641
4001244061124
32950851274
1005001585014194
4000955526406
1005001720875692
32948206344
1005002092220176
4000755506669
1005002291011387
4001136356099
1005002136968370
4000088190578
1005002220827073
33049911367
1005002351169449
1005002314352745
32854143515
1005002121725810
1005001689184880
1005002466149722
1005001474258693
1005001333613889
4000136888198
4001179898456
1005002485241859
1005002263787724
1005002256613673
1005002418594647
4001298923519
32961390357
4001218058642
1005001621785624
4000631010705
1005002171999465
32947700779
4000015383661
1005002484064587
1005001525390497
1005001630943598
1005002467716311
32899455180
1005002258294048
4000856734437
32842325698
4000269039083
1005001845305511
1005001809590374
4001272778072
32678234968
4000682714833
4001268986352
4001027341994
4000012211610
32916648851
4001237594647
1005002200196067
1005002412782717
32990541977
4001029526486
1005002237312081
1005001882603778
4000010824561
4001218882318
4001270791423
1005002166976720
32869750690
10000400043247
1005002448530233
4000695246249
4001037375911
32713721668
1005001389706438
4001065584500
1005001823950783
4000287917149
1005001611876475
32913500549
1005001804206002
32790126899
4001121980185
32711845692
1005002376871640
4000207812048
4001362875421
33058498160
4001332045638
32713081376
32829683351
33006550937