1005002096305977
32838962227
1000006654702
1005002171625765
1005002369896584
1005002332797815
32809682050
4001285478667
32985034623
33062775326
1005002306209579
1005002306310577
4001101470867
32630993099
1005001930804905
4000476109587
32952156391
1005002311293572
4001041581072
1005002247716113
1005002217549812
1005002074278772
1005001500832966
4000298446151
32952022185
4000091905108
4000314940948
1005002441418709
1005002329523307
4000164313493
1005001293545125
1005001265568978
4000401870698
1005001786376148
32870742459
1005001425565545
4001071965854
4000618145155
1005002424248401
1005002360212121
1005001865394800
4001029469833
4000966310116
1005001977673177
1005002004595612
1005002331602751
1005001930865464
33039687434
1005002408498375
1005002347291619
4000554916788
32891862522
1005002333789030
4001118996331
32879194815
1005002122371982
1005002341587117
4001350521719
4001217968741
1005002114964213
33009899292
32863281381
1005002328662630
1005002219318470
1005002466846383
32924994890
4000954525842
1005002006504916
1005002367609536
4000026450048
32845441051
32999654872
1005002482859669
1005002098976100
1005002006278449
1005002251954405
33000983463
32918115765
32974351065
1005001604421544
1005001603916880
1005002304362722
4001103307874
4000857498179
1005002305312352
1005001427035122
1005002484808795
4000410112575
32704966874
4000335608009
1005002440941585
1005002360271022
33017396856
32725463956
32896136192
1005002285838361
4000296400151
1005001619895899
4000100102825
1005002436875716
1005002480567584
4000040204426
1005001568807565
1005001325282628
32895443132
4000967589758
4000100638113
4001173946072
1005001617712142
33029807647
1005002233457255
4000710049486
1005002002959387
1005001693040311
32908105593
1005001467004114
32801949703
4001194347521
1005001965816330
4000255433416
1005001874054640
1005001767852759
32859357235
4000557900662
4000334911210
4001359553377
4001064955582
4000003122443
1005002373462628
1005002232679087
1005002359448990
1005002317665557
1005001868576233
1005001998459487
10000027578362
4000865398622
32367004119
4000523449095
4001294396103
1005002368176008
1005001483655625
32976770873
1005002357738050
1005002239627172
1005002369953640
32575576909
4000074856710
1005002312518815
1005001963058123
4001365484697
1005002310748202
1005001441487214
1005001515034186
33056372245
4000204461514
4000860410309
1005002125256588
33047652813
32806326716
1005002326660819
33002202292
1005002202141199
32842443131
4000986885440
32973461425
4000688628720
1005001762183568
1005002322920468
32831444198
1005001408152691
1005002327450173
4000182662678
1005002316030030
4000472765164
1005002069052966
1005001575451016
1005002017770697
32720460638
32621877460
1005002250581244
32578194949
1005001442212716
1005002410854697
32859053710
4001185833369
1005001880165635
1005001965577385
1005002128611927
4001286027902
1005002401166343
1005002044617825
32978294701
1005002389479118
4000470971791
1005002263579172
32919222530
4001293095554
1005002281924659
1005002475739324
1005001872773842
1005001689595010
1005001757106503
1005002318453478
32860035843
1005001441251869
1005002350068535
1005002314447090
32755956218
1005002264292637
4001042557007
1005002323117403
1005001705689301
1005002282001103
4000397487369
4000091966337
1005002182105608
4000257847995
1005001817068416
1005002400577464
1005002387918643
1005001908051793
1005002475749768
32998872311
1005001803214424
4000012230462
4000442779044
32297310463
1005001873542040
1005002273039137
32762619592
1005001418419360
1005002329578489
1005002246638296
32967488812
1005001640634966
4001065079218
1005001765586706
1005001561876295
4000942991596
32653191440
1005001346318766
1005002021789761
4001217884332
1005001435617730
32944260820
1005002289980133
1005002314366613
1005001285333246
1005001450351081
1005001445959040
4000212256190
32243265128
32862535234
4000312526205
4000537662677
1005001507306584
4000897127445
1005002053570258
4000955804384
1005002060147817
4001205866244
1005002327928701
1005002376258640
4001294396668
1005001731850238
4000585596710
1005001334182649
1005001941213046
33056906212
32787675353
1005002310986373
4000666200227
4001163016880
1005001334076679
4000208264992
1005001869622257
1005002054696262
32516807980
1005001723434871
1005002277747331
4000461072050
32728838008
4001341571273
33005544230
4000959668143
1005001830497993
32466958228
1005001973891327
32970466706
4000527797794
1005001586951319
33003687389
32692549471
33000562694
4000156614635
1005001576471898
1005002332513103
32877224546
1005002312534556
1005002292168375
32846215912
1005002382000910
32376603011
1005002456924375
32630909447
1005002438753828
1005001864049820
1005001869009303
10000352503007
1005002389667067
32979939162
4001271357365
32821315223
33048386176
1005001405532567
32619056001
4001186819922
1005001934392186
32891935260
4000850574746
4000164334502
32878212454
1005001729334558
4000083516966
32944686031
4000931183533
32973503435
1005001660138949
1005002454455110
1005001575380386
1005002498898061
1005002079226998
32976393135
32964595044
4000727283520
1005001602790727
1005002326742498
1005001438943258
1005002298539945
32823868337
33029695887
1005002467487934
1005002227780966
4000506354431
33023865437
1005002224032211
1005002328134300
32845171274
4000717944466
4000910227688
1005002038862536
1005002206517576
32922845547
32785554861
4000173226886
1005002241432243
32995868951
1005001653902456
32984242072
1005001778036120
1005002365757512
32667638922
1005002295326352
1005002060305713
32973800716
32905608579
32858639878
603837529
33001436288
4001157712847
32904450650
4000316967943
32826484010
1005002297441598
1005001638705949
33058865782
1005002042299037
4000709268240
1005001555848405
1005002301367104
1005002170649500
1005002071524584
1005002298138816
1005002362987771
4000108780519
1005001793076505
1005002287096357
32889070325
32973322005
32968941644
1005002160496552
4000546669757
32549471064
4001251711206
1005002397706541
1005002466114666
1005002425330282
4001015833805
32758474700
32716983616
1005002291483318
1005002134689108
1005002363218439
4001015671927
4000822550837
4000830259929
1005002353034953
1005002428535946
1005001559201872
1005001910713094
1005001941885754
1005002306472261
4000070824691
4000179996208
1005002425947617
4000071736546
4000831042563
4000875295150
1005002262247302
4000382529118
32819404926
4001274901395
32827484822
33043407407
32570959319
32953460010
1005002116503230
1005002316635190
32978463379
4001189564586
33040760656
1005002473386242
32914810576
4000674794381
32839229612
1005002468480816
4000990969237
4000284703012
1005001958751390
4000011672456
32999148588
1005002259472596
1005001584530196
32919914334
32846878043
1005002205608873
32869440924
1005001722574846
1005001514939952
32700226144
33052350030
1005002053499965
4001214737747
1005001597203571
1005002264123636
4000941019429
4000900511578
32954693997
32970359162
4001047436334
32963877302
1005002466106660
1005002268781928
32351156576
32878997841
4001133053126
1005001917392202
32812312201
4000047476452
1005002284315714
32923050440
33017333904
1005002332929835
1005001702648353
33047227282
32908570225
1005002069317198
32999878368
1005001659403324
4000927967294
32901884050
1005001957523511
33030131959
32588357356
1005001855429748
32898141543
33031926467
32990000765
32805666136
1005001375091128
4000912878838
4001018753406
1005002272485488
4000188708405
32890619293
1005002003316928
32966099137
33051560153
1005002444646286
1005001714444286
1005002406868805
32981517917
32815626505
1005001698705386
1005002312185080
32799707130
4001148170366
1005002319093440
1005001355085296
1005001326060765
4001112233037
33032601467
1005002360209402
1005002341606276
1005002388354969
1005001356632285
1005001952179163
1005002439270381
32909550996
32688049343
1005002448604781
1005002367349415
32948421434
33007242296
32621532450
1005001609841976
1005002319086274
1005001691255846
1005001950384195
4001099616668
32888097667
1005002421335363
32817810010
33032849386
4000654158963
1005001973732424
4001044389761
4000083590965
32962666470
4001271648921
1005002292911511
1005002357659556
1005001812339400
1005002320623843
1005001474678839
1005002384708501
1005002399927670
4000313400516
1005002193884578
32984915135
32594134589
4000504440377
1005002240613507
4000419822794
1005002287678808
4000058553302
1005002483706150
1005001762900257
1005002289536944
1005002472885733
4000513821840
1005002371912802
1005002007982117
1005001894685910
1005002381464347
1005001630790473
1005001815464118
4001148107150
1005002103163248
4001179784300
1005002198503303
32869285328
1005001770180211
4001307842957
32865919191
33017167302
4001303126388
1005002276059285
1005002334637432
1005002330508508
1005001854739431
4000176915293
4001302298494
4001226891071
1005001913165776
1005001702610535
4000060796040
1005001515370662
4000046897762
1005001882209951
1005001525449268
902564759
1005002154462410
4001015455472
10000397714699
1005002298290288
4001259424020
4000682882238
4001006153256
1005002176435293
1005002304745756
32354633766
1005001982897898
4000117311743
1005002398900250
32832465367
1000008156479
1005002314971589
1005002397662792
1005002317624552
1005001844369844
1005002315349735
32994220174
4000938484222
4001095328720
1005001684832666
32906718133
1005002453134626
32855104317
10000189945011
4000238691503
32946674926
1005002408044479
4000110388321
1005001898860633
1005001669249401
33023355551
1005002111875252
1005002207743657
32819342453
4001294337633
1005002469000106
4000716916491
4001228746141
32969771753
33036776471
32974756023
1005001882863779
1005001954696709
1005002040265888
32805619651
1005002329080848
32866579546
1005002232251343
32995013155
4000162858788
1005002101169578
1005002419135325
4001151111213
10000028280642
4000205656785
1005001571302831
1005001721750747
4000404851773
1000008200332
1005002091459527
1005002018271489
1005001579040452
1005001799871340
4001195064845
1005002271724397
1005002051861039
1005002258451192
1005001721032462
33030882606
1005001560177435
33048967363
1005002250207856
1005002470485062
4001100676818
32894118437
32970626534
4000617823948
1005002441459885
1005002346608442
32573500654
10000356048573
1005002388305738
1005002292882591
1005001948961259
1005001934263649
4000980396357
4000094209279
33007930656
1005002239136397
1005002318769204
1005002019184670
1734341325
1005002208172630
1005001608002801
4000063727105
4001038588057
1005002372710872
32882730795
32521091908
524117397
4000181710771
32696672811
33056923901
33006488866
1005001958674753
4001141961528
32988290098
32922948630
32711841782
1005001438945204
4000979309465
32871647202
1005002123290798
32835388351
32724108788
1005002434198629
33007395626
1005002373370149
1005001930585639
4000201123836
1005001590578298
1005002336873340
1005002314235902
1005002347107306
1005001573053477
1005001672453272
1005001450851030
32869876596
1005001907350461
32908993449
1005001671723134
4000088851428
4000857892523
4001241490233
4001241676606
1005002309684462
1005002332784913
4001210949695
1005002454296285
32915657336
32950867257
33032079886
10000305405219
32790009944
32661849346
1005002337798230
4001253612776
1005002073085640
1005001418571231
4001302489009
4001271877896
1005002264833180
4000282353732
1005002303862791
1005002382390144
32987056374
4001028319455
4000475761309
32898063844
32973311092
1005002361574531
1005002483075162
33030582552
1005002442817626
1005002277629908
1005002219625012
32917200360
1005002233308505
1005001299451291
32646955591
1005002281932208
1005001843873974
1005002491821887
32901173371
1005001411371605
1005002498550030
1005001774539741
1005002136870633
1005002353597858
1005002447631296
1005001972883569
32913913842
32809813135
32966481974
1005002229005996
4001129891701
4001271389947
4000204371540
1005002091359416
4000070765183
1005002312054583
1005002075015604
1005002137036482
1005001677084175
1005002175180799
1005001572035897
1005002333714602
33033791794
1005001367645618
1005002460659870
32831884621
1005001321769970
1005002316890753
32803083880
1005001670786579
1005002267506391
1005002457339473
1005001857240057
4000945287618
32999822527
32964851435
1005002341217108
1005001694419133
1005002014750641
1005002432205914
33059890063
32991849470
1005001632653572
1005001295417665
32948030213
4000833279224
1005002314500172
4001111390723
4000770225956
1005001873325438
1005002008352448
33021426779
4001037433087
4000922471976
1005002234653570
32847550441
4000096740724
4001355537105
33023387476
1005002219267132
1005002398148825
1005002438883829
1005001797822680
33055314144
1005001829199687
4000703673794
1005001325339197
1005001525269869
32888315167
1005001823961900
1000006808526
32993222578
4001258733789
33053565387
32872844218
1005002363291524
32933174744
4000611472790
32841542236
1005001639927674
1005001861334645
1005002482971086
1005002039535835
4001237558412
1005002293256470
1005002454293344
32821592783
32838558898
32863944503
4000388152666
1005002434582268
1005001514790165
1005001484432366
32781140278
32849511328
4000708158401
1005002329117926
33050980230
1005002466433336
4000216259699
4001276354536
4000828568739
4001205008695
32697070755
4000903294663
32877177419
32838621707
1005002497861297
1005002277346544
4000056550026
1005001558782327
4000280202407
1005002469503572
1005001914258251
1005001957276953
4000221566383
33002891704
1005002318270971
32729776334
32830696230
1005001657000399
33025957428
1005002317370078
1005002181315400
1005002457843490
32923189414
33056625987
32993013912
32825596606
1005002381987321
1005002008077387
1005001345375976
1005002431759120
1005001885362256
1005001995216675
33020252060
32919339528
4000943507130
1005002328651136
1005001431528114
32885845164
1005001489597288
1005002456745091
1005001371196093
4000495190033
4000054400915
1005002307727745
32790098571
1005002395766181
1005002002685427
1005002347264106
4000211893181
4001236007367
1005002452588181
1005001379897946
32948650317
1005001525305659
1005002063220118
1005002473983483
4000784964999
10000092382869
33013507701
1005002287590582
1005002258556009
1005002316813453
1005001940529944
1005002206395719
32961895471
4000051541258
1005001905094874
4000392128830
1005002256347998
1005001944291239
1000008137132
1005002178034665
1005001586979715
1005002385491048
4000796817254
32843990744
4000480273156
1005002016954853
1807528860
33002806313
1005002258716781
1005002459691412
1005002475390410
1005002411931357
32506077747
4000499055932
371731222
1005002388836592
32999359379
1005001724293575
33031863462
32515239201
1005002500550964
33006662429
4000546515986
4000233851315
1005001415013237
1005001529848910
4001088958949
1005002245679620
4000026328635
1005002023587979
1005001611738081
4000736203590
1005002211616154
4001166165430
1005002070169964
1005002221103821
10000157374484
4000340581722
32830901545
4000938799313
32910037890
1005001738381585
1005002439193706
1005002316624334
32858685811
1005002229855994
1005001562635223
1005001377414187
4000101505062
1005002314479980
32968036155
32948712583
2030880445
1005002414075652