4000261852030
1005002399918332
1005001878877176
4000971325191
32848822908
32991192417
32979760948
1005002404371769
32809766148
4001242674542
4000323944239
1005001290820249
1005002311225195
1005002448296921
32477511106
1005002301475178
1005002359240899
4000940422870
32976264107
4000186841397
32800927276
1005001928231078
1005001685367356
33058666806
32947104433
32856108643
1005002494623253
1005002395774026
1005002333686922
1005002273360071
4001253574115
4000894480952
32845665846
32920149192
1005002134325604
1005001393698653
1005002432437369
1005002337707388
1005001724143802
4001081895973
1005002240654722
1005002353330397
1005002293256877
1005002191166471
4001226711791
4000926605963
4000336250761
1005002341582980
1005002370694475
4001236820328
32967079700
1005001586332356
32820059940
1005002062234343
33025329270
4000542542343
1005001705686321
1005001360455680
33022657806
1005002289021419
4000285631692
4000061526075
1005001835647890
1005002339873757
1005002490023053
1005002381897875
32704439051
32393918384
1005002489396236
4000265442400
33028642678
1005002309986117
1005002231714367
32954761905
1005002388154149
1005002276411218
1005001568661701
32867399248
1005002233734606
1005001997182608
1005002321316365
1005002434517095
1005002288971899
33004559238
1005002494614694
1005002262615484
32633554086
1005002337771421
32995187682
32843343662
32604767581
1005002004285762
1005001526625487
1005002278721458
1005002278044403
32789398837
1005002490006396
4000096148431
1005001413910870
1005002321115304
32917639257
1005002383205709
1005001763689471
1005001811954414
1005002116968499
1005002264054018
1000004971101
1005002448837448
1005001779549741
32741207196
1005002242011729
32946182826
32918378089
32281702029
4000595324194
32600041918
33032748743
32984535254
1495250987
4000498580919
1005002417152626
32583037744
4000426730447
1005001470908898
4000828055713
1005001664325914
32790907568
1005002227841077
32801334032
4001351713469
32793127354
1005001858389465
1005001954910512
32851728701
32952553958
1005002154289791
1005002168017414
1005001752908795
1005002345866991
1005001850868142
4001040901585
4001349817389
1005002326543650
1005002404240578
1005002301243694
1005002490775491
4000444024549
32950362498
1005001505126024
1005001500844004
32853319573
1005001950309320
4001113981295
33038210848
1005001843922426
4000662891355
32789270748
1005001982711480
32906105705
1005002383747990
32811511589
4000829809065
1005002235852904
1005001581149110
1005001743559840
1005001860240997
32855781120
32796135854
32851693773
4001290375688
1005001297580810
1005002347407403
32965404760
33018371171
32756713036
1005001469172095
4000661027881
32537787137
32919602230
1005002063207437
1005001825176644
4000668603080
32749194664
4001102558928
4000915863755
32794017068
1005002265441703
33033919909
1005001493682825
4000718474534
32911499708
4000436697033
1005001517623343
1005001468401202
1005002050370515
4000308149006
32801704258
32914448364
32787628374
1005001572417191
1005002167909151
1005002288850660
32322329448
1005002383952241
1005001877361588
1005002418994349
4000975686948
32950529296
1005001786487397
614943408
1005001506007033
1005002032673016
1005002064450622
32972944806
4001083826638
1005001586882546
1005002255971370
1005001299139465
4001183844337
32988045467
1005001599426602
4001067409519
1005002393758227
4000453464654
1005001974800693
1005002323803849
4001346336758
1005001821338238
32884263816
4000459052950
1005002468483418
1005002166278474
1005001303523893
1005001554089146
1005002357966716
32955772439
4000962191461
4000259668804
2039757664
32992474005
1005001673273146
32776176672
4000606466547
1005001985724281
1005002357529749
1005001495432775
1005002316754007
32709312820
1005002037469695
4000231366186
1005001364029412
4001298906669
4000165934065
4000790428372
1005001800793177
1005001808651064
1005001589099315
1005001557801618
1005001604208121
1005002261071271
4000216632774
1005002434665458
1005002396471407
1005002394589692
1005001914990676
4000208151118
32990062432
1005002357170682
4000148630475
32873959365
1005001737560236
32957114275
4001056065173
32616868969
32811387540
1005002022588262
1005002351551628
4000095332261
4000449658215
1005002489814754
4000074324345
1005001989998437
1005001845586833
10000357851979
4000982055215
1005002305004915
4001309304678
1005001646508809
1005001336346754
1005002317749369
32773872567
4000209450228
1005002423619584
33027559672
1005002323829430
4000188378126
1005001321474541
1005002488548921
1005002304060302
1005001864567615
1005001586569320
1005002079189670
32564251134
1005002314385400
4000832729527
1005001975245345
1005002259166095
4000265060048
4000144082251
10000400022800
1005002398552616
1005002247266531
4001078859561
4000386801073
1005002448200100
1005002438118918
4000717948788
1005002411071098
32715271112
1005001514126563
4000116016254
1005002215151588
32892819656
1005001508583797
4001237764290
1005002334079451
32890232119
4000472647238
32814335968
1005001835414824
33029435383
4000198806504
1005002369097390
1005002388673482
1005001594783166
4001010845789
1005002319074621
1005001717334388
4001033650218
32963788804
1005002310898657
1005001544209707
4000766122469
32874976985
1005001805155967
32475002882
33001974986
1005002364318898
1005002460131909
32855738298
1005002370738861
1005001644875803
32810218308
1005002444358946
1005001603382987
1005001478602329
1005002289680464
4001023596687
32816094961
4001256086001
1005001605051395
1005002287257436
1005001580886077
1005002264671464
32596700438
1005002375447307
1005001657625641
1005002316496007
1005002381989999
1005001356397020
4001040826991
1005002329015269
1005001626753448
32906923720
1005002457312870
32998793007
4001150498318
1005001609679798
1005001965479755
4000881821025
1005002448181934
1005001487440489
1005002250939303
4001225264095
1005001699380743
1005002238295398
4001228637044
32972401110
1005001841781003
1005002431367625
1005002304113746
4000484291815
4001309488414
1005002310037318
4000689386087
4000833251132
4001351529693
1005001267412454
1005001383725333
1005001965712366
4000698320967
1005001468809064
4000010929178
1005001812476773
4001044480612
32557935925
1005002090243598
4001227181168
4001305733822
32892613864
1005001498019679
1005001999306425
1005001587915803
1005001346963738
1005001884426638
1005001765666336
1005002309610990
1005001868592186
4001280338673
1005001759509186
1005001714233495
4000144713454
1005002108941949
1005001872429017
4000180065798
1005002008759818
33001346841
1005002381183059
4001358343341
1005002488920987
1005001265388176
32818000477
1005001860165128
4000273232503
1005002288516404
1005002303992867
4001076509789
32927678049
1005002317948494
1005002221009257
1005001430991148
1005002465506578
4000879631623
1005001580994564
4001174897095
33055873734
1005001397263390
32667233880
32820804324
1005002467670654
1005001710010524
4001212847793
4001270592823
1005002354059088
1005002371870659
32832874721
1005002409328276
4001188664249
4001157934097
4001259648798
1000005874024
4000292998807
32741285084
1005001865542025
1005001584304816
1005001387823782
1005001336591368
4001169696326
10000397711951
2012216573
32902059577
32883871272
33005435252
32977795364
1005002003513687
32882722574
32829877742
1005002007244114
1005002304268720
1005001986460947
33006277685
4000075522035
1005002280558657
1005002399560006
1005001998300732
1005001855052840
10000028442786
32661572470
1005002317912669
1005002108565805
32852629851
1005002295273911
32849616571
32951232035
1005002433755043
32582301069
1005002238719886
32613749014
4000800212133
1005002456916231
1005001629166233
1005001272600753
33055295153
32857087300
1005002286233572
4000627810786
4000633003602
1005002424790612
32860366118
1005001802954396
1005002346853438
4000038185873
32845804873
4000261118841
4000466114489
32952228903
32710047431
1005002374857648
1005002327218908
4000133502751
32959957304
4000264146708
4000206108045
1005002232508805
33055198200
4000857595006
32737539394
1005001873305566
32996885524
4000672960895
33011975998
1005001490433359
1005002327816853
32834462284
32973461720
32825538554
32818729199
4000990300012
1005002169170685
1005001436382007
1005002033293530
1005001448634672
32829536616
32857622802
4001191406996
1005001889741773
4000151114253
4000844456118
1005001424214519
32606373783
1005002400307717
32994711808
4001092518291
1005002477887749
32979799160
32325061315
32974310921
4000067418806
32851226246
1005002121896331
4000192153840
1005002351520951
1005001915719942
32980884719
32723456880
32916955617
1005002378927335
1005002372399845
1005002310498666
1005002372984601
1005002389624398
4000224881419
32969782451
32981824951
32818770663
33028614572
1005001988770891
1991247911
1005001625863600
1005002167276080
32812939715
1005001888529672
4000101076042
1005002478676073
1005002263640249
1005001809980866
4000257949551
1005002443989965
32546187732
4000186764103
32921070039
1005002369586788
1005002387252974
32998107722
4000062665428
32808046162
32957077181
4001260353804
1005002266472450
1005001657472977
4001039454059
32821142079
1005002051176690
4000342152295
32247755814
1005002277774381
4000990773995
4000296121939
1005002263900341
1005002346139181
1005002304374339
4000694602953
1005002170806986
1005002248536853
1005001323107476
4001052616608
1005001541312606
1005002212132054
33001549800
32931461839
1005001844767046
4000986528912
32835142727
1005001803389091
1005002353340231
32994442636
4000751905712
4000145846305
33058494435
1005001570416687
1005001769530677
1005002361134977
1005002057024609
33027710694
1005002265597175
4001062955720
1005002361189391
4001234615230
4000853239820
1005002332028724
1005002465167158
4000641306384
1005001926802911
1005001429519607
4001178085388
32973739443
4000030404265
1005001966259656
32474760620
32991929078
32835243679
32775795953
1005002404416244
1005002266567257
32782379218
10000256956752
32949783584
32959487983
4000002958522
4001276760722
4001220515580
32907366974
1005002278646436
1005002212136793
1005002484877327
32911285247
1005001387417890
1005002350311915
4000607127458
32791206184
4001317521741
1005002295877216
33047609549
32995296681
1005001727752345
4000466229199
1005002254140538
32957251946
32854372676
1005002311850889
4000483503024
4000227694396
1005001640614391
33040112930
1005002289173039
4000362575649
4000994615942
1005001858230660
32910404045
1005002007818553
4001224612553
1005001962649507
1005002003385739
4001272438628
1005001275413505
33006443160
1005002369884424
1005002104459863
32748000896
4000340004096
32944033776
32679875245
32830919938
4000583186094
4001297280380
1005002228952187
4001187101386
1005002414314305
1005001656852445
1005002313509983
32962969309
1005001516264360
1005002278143601
1005002350574972
1005002293416735
1005002350152429
1005001471042365
1005002297480317
1005001709327869
1005002282040942
1005001525421436
33000369567
1005002337594169
1005002309004813
1005002404188228
1005002259055183
1005001556518430
1005002181533995
1005002342248600
1976543193
4000990963685
32840549197
1005001526491461
1005002241946533
1005002314325360
1005002153520162
1005001700642493
33012722071
32978359883
1005002281339055
4001288030724
1005002363623822
32805565480
4000047091063
1005002315882844
1005001419002621
33032189087
1005002438498415
4001291082575
1005001775170406
4000148275281
4001314634682
1614577459
1005002443484277
4000848284913
1005002337927221
1005001946539802
32978153544
4000311533444
1757959097
1743763733
32882761673
4000769493213
1005001609841962
4000386503037
1005001629514021
32986387127
1005001512695369
1005001515855751
1005002105897667
4001175578385
1005001705874637
32818560178
1005001676438700
1005002284751245
1005002293615709
1005001997068656
1005002377051895
32823703100
4001184822723
1005001637463170
1005002200961773
32595649933
1005001614612474
4000844912303
4000055118571
1005002248702568
32276748909
1005001333283549
4000279285096
4000242495215
1005002204959943
32378057477
1005002311458462
1005002357862506
1005002426359792
32848815572
1005002357155800
33012393277
1005002277649128
1005002320902998
33021007312
1005002194117744
10000084842135
1005002122252972
1005001525279911
1005001453806409
10000315031094
4001278810888
4000836891607
32615632884
32801968624
4000353133819
1005002076751139
32970466292
32846848891
32994125798
1005002288909711
32817763532
32961599112
1005002478755506
4001325972768
32966333326
1005001928894008
1005002438739032
1005002458319668
1005002144989132
4001046137591
1005002362862532
1005002212484818
1005002367925078
32820149668
4000206548632
4001263726658
1005002349469832
1005002018803480
1005001872262730
1005002403537357
4000538925372
32691239435
4000856266698
4001234296030
1005002173429533
32898162906
1005002241415655
32845510033
1005001658718261
32738636770
1005002280457433
32668080873
1005001990006589
1005002276584449
33055776276
4001240331061
4000300381056
32849580833
32936275441
4000076701932
1005002167107011
1005002448520802
4000777668986
1005002063164986
1005001518641664
32737354112
1005002337833101
32802281452
32820339427
1005001861274635
1005001914191458
1005001697962848
1005002367484494
1005002440750286
33027978349
4000789707819
1005001975135159
32862537073
1005001699110506
1005002259857760
32957476789
1005001525363633
32819701646
32574412381
32807499826
4001103193314
1005002371583762
32835575079
4000876438170
4000433638530
1005002253409721
1005001962681724
4000623934379
32770984405
33040420640
32634508002
1005002358701290
32994056834
1005002314386303
4000047463825
1005002362192309
32833265084
32954533619
1005002188216521
32980920994
1005001499965695
4001050717657
1005001329037224
32963850986
1005001599992266
1005002270901275
4001332373361
32294240500
1005002370304607
33006509649
1005002334220247
32954458241
1005002384460733
4000990728761
32568086160
32908481537
32872915983
33053644481
32907280474
1005002272360069
1005001736747404
33055849094
33001320254
1005001802884390
1005002482162296
4001364276692
1005001924737842
32917980352
32835062323
33003498855
4000381380706
32631939811
32810457410
1005002324249802
4000263126777
1005001872326218
4001293810706
1005002438723707
4000129646321
4001111969769
1005002261568406
1005002207875406
32766621936
1242581828
1005001709513783
4001132857318
32812942643
1005002231697299
1005001572298630
1005001686089779
32997151067
1005001955116316
33012080542
1005002028498716
1005001764714920
32969277031
1005001327661943
32583279528
32826152830
32851111329
1759561572
33013957148
4000828011196
1005001978380191
1005002313165361
1005001273710144
1005001543835711
33013410957
1005001649486913
1005002268438246
32907543703
32879388317
1005001484859422
32812148948
32661450018
4001128553893
1005002167013883
1005001459040461
1005001808108830
1005001602639611
4001261752443
1005002304942988
1005002263994281
33024253710
1005001850262209
1005002096146035
32826518362
10000319803141
4001267964702
1005002484897563
4001042537338
4000373752681
1005002438452129
1005001950557591
33009833557
1005002372534131
1005002314470059