32795658040
32884734177
1005001834668213
4001251649534
1005001563489812
1005002337304837
1005002161637242
32999737285
4001214178091
4000995247325
4000351507637
1005002409092322
1005001458498467
1005001813014350
4001333401754
1005002447043531
32853914765
1005001660079903
1005002282412009
33039518162
4001093707999
1005001297307518
33049312331
2012428313
32711947301
4001358821900
1005002345858242
32956936590
1005001774362140
4000875108417
1005002289936455
32978326696
32677227226
32788621330
4000725203177
1005001873250164
4000496004298
1005002078832822
32974668189
1005001882548794
4001065380694
4001292838020
4001004909285
1005002355610833
1005001687283880
32909496080
33005648494
1005002253350543
1005002033117565
4001267953306
1005001962657657
1005002199347725
1005001642470859
32820287552
33001623885
33016296565
1005002076990167
4000834224601
4001026867144
4001362191558
1005002421969749
1005002447996576
1005002346082207
33002596209
4000397505216
1005002445697954
32642368805
1005002180223989
32767189684
32850138589
32864224038
1005002267899923
32870139902
4000096132181
32979666013
33025989448
32695518759
1005001810770540
4001115119987
1005001403622601
32964402497
32886247914
1005001736611959
4000812641415
1005001874526564
4000709681434
1005002286234192
32811294531
1005002339570234
4001004083744
1005002218899312
32850452763
1005001451812192
2055050592
1005001905026550
1005002444343145
4000168564512
4000033414889
858481636
33055827864
1005002193767730
33055496620
1005002122497491
4001286186213
32451770051
32857184666
4000216000712
1005001793001801
32867011017
33027525863
1005002478516714
1005002252836965
32981998069
1005001993583263
4000994554461
1005002288118878
1005002314330877
4001143077636
4000411074785
1005001592261024
1005001729328532
1005002498100823
1005002052451216
4000203676267
32857272128
4000927422290
1005001478284678
4001269683407
32657126351
4000303122682
1005002373293845
1005002252396537
4001126737176
1005002206584779
4000295558467
32998979861
32902509431
1005002291959550
1005001814375982
1005002449720919
1005002244959674
1005002050537845
32222994372
32384143554
32821601698
1005001415355983
4000957625711
1005002181725054
4001154085734
1005002314349376
4001010379575
1005002393829358
4001036062131
32312975388
32995755282
1005001316507478
33017280796
32840746123
4001265350232
32922151569
32855057316
1005002347644810
32982304105
32595977656
1005001626170857
1005002362772513
32934559338
32813857268
1005002245263383
32846451775
1005001588096657
4000348046358
32991054213
1005001719132202
4000740610154
4000773303521
1005001922129977
4000624260265
32923193480
1005002478705215
1005001511126324
33040308795
32915444988
1005002351864856
4001263534063
1005002365065700
4000817884016
4001214685806
1005002320304269
4000505578914
1005001878268807
1005001451574256
32950446185
4000280747157
33044611266
32609433192
1005002388212716
1005001980469648
4000350426844
1005002082515973
4000726594045
1005002397714389
32587018120
33008324467
4000266470429
4000041099339
32850117143
1005001994525324
32920188332
32355751828
1005002437868191
1005002219085385
1005001637338346
1005001852382642
33007164262
4000955495647
1005002247709103
1005002375283148
4000392836332
32777180217
10000395867165
32719465695
4000257598219
33050402440
1005001942609228
1005001698807068
4000897402179
32963229369
1005002327062877
1005001499108754
1005002420332825
4001128203756
33014069845
1005002368818316
1005002380504885
33031891781
1005002224538162
4001037889870
1005001333758851
1005001798349696
32910601107
2053898205
33017730329
1005002024605010
1005001529475581
4001123133342
4001036637267
1005002102144102
4000223737599
32827515058
1005002188649466
32708451042
32929505262
4001250857358
1005002429164282
1005002381525833
1005001285786555
1005002450558658
32982251727
32866549165
1005002335691931
1005002427795858
4000411159371
1005001823951730
1005001823548520
32837148687
1005002388706986
32697304736
1005001672421577
1005002400288460
1005001389690990
1000007223736
1005002425900340
33048577303
1005001972976351
1005002192031510
4000611056818
32804737816
4001037369421
1005002339732826
1005002344936834
32855128335
33034128436
4000907381382
1005002360065138
4000801909927
32865975868
1005001265828380
4001175706029
1005001915828351
1005002344255173
32948612775
1005002413437180
32994900940
4001223152106
1005002394061647
1005002337744373
1005001540584713
33055445418
1005002310510530
1005001941162204
1005002256380062
1005002425695562
4000357037639
1005001404856584
1005001634057166
4000727149711
1005002122322674
32792480932
1005001789838152
32958238064
1005002085039422
1005002375442856
1005001620052052
1005002254788761
4001081523882
1005002314295335
1005001971302968
1005002239461327
32790800730
1005002389276559
1005002313837389
32868640532
1005001888717649
4001194112342
32895608972
1005002454302336
4001175363606
4001056605044
4000344022346
33012088851
4001125194525
32871103045
32636057221
4001137419850
1005002492507500
32848556866
1005001705047779
4000047902368
1005001580900507
4000213329637
1005002084451294
4000382748471
4000888974637
4000982417550
1005001864464824
32764119368
1005002291889408
32910826537
1005001305905529
1005002396551950
1005002371727708
4001005348226
32372932032
4000983449047
1005001469951159
1005001326224134
4000534870383
1005002330722727
4000724113623
1005002332030598
32893088793
1005002304106319
1005002433168953
1005002252654632
1005002349749597
4001013646262
920497119
1005001962073653
1005001711694140
4000083832785
33051324807
4000403329377
32896733229
1005002398488453
1005002014300058
1005002322032033
32251203832
32910794874
4001290713112
4000546613615
32868934573
1005002392059400
4001029469811
4000048756163
1005001756477221
1005001824792447
32704331899
1005002329603032
1005001785613114
32851790331
32838665525
32583927260
32790982380
1005002295234500
4001068364821
32980866984
4000218211317
4000155797388
33020092660
1005002450922965
4001174463865
1005001520693665
1005001942857967
1005001872455620
4000262489218
4000811609592
4000027836687
1005001731470038
1005002271917456
32963931201
1005002264031792
1005001271499232
32851135768
1005002348948279
1005001998408257
1005001588299247
1005002323451292
4000120851498
32810973087
32805370249
4000906810741
1005002357589409
1005001935326033
1005002352363974
1005002037442958
1005002433378845
1005002275344520
1005002014211219
32832356332
4000105687468
4001196282712
1005002233477784
1005001639522058
4000035672671
1005001450544616
1005002365454040
32807249244
32815849213
1005002263686042
4000370150574
32997302721
1005001314963611
32880623379
32898203009
4000211519158
1005001525470397
1005001307788784
1005002264068742
1005002239435416
1005001518244691
1005001334330117
32854652999
4001244445863
1005002280550551
1005002327137858
4000919358332
4000039387844
1005001996525637
4000516491094
32971547719
1005002419803768
4001238966889
33006154427
1005002345116663
4001132702716
1005001313870120
32369196290
1005002297383907
32963275790
32823674599
4000560774209
32689574951
10000186629224
32988643745
4000378026660
32710370918
32968444091
1005002333329329
4001103613806
1005001775282642
1005001580668119
1005001915034619
1005001966498591
1005001927790873
4001298938001
32708341497
1005001411354683
4000909609166
4001153312978
32910315225
1005002224462831
4001228663125
1005001650347781
4001282222809
4001037014673
1005002246568450
32848621329
32960466831
4000517094611
4000070952355
1005002442723566
1005001305487926
4001221586060
32720266521
4001343444784
1005001354907884
4001338127125
1005001543958945
1005002298186270
1005001987804272
1005002293541879
1005002355860060
32428155999
1005002314336675
4000509362112
1005002271763795
33045137146
1005002386451905
1005001337824195
1005001436513924
1005001446198117
32851211573
4000989324033
1005002378138637
32982465048
1000007752711
1005002467029939
4000678283249
1005001500965756
1005001631982980
33003146541
1005002350112516
32866784782
1005002314389556
1005002377707753
1005002180602075
1005002224104965
33034732043
4000479908995
4001295877435
1005002477497075
1005002260084972
4000257685791
1005001566641473
4001268494438
4001183787529
1005001478605765
32890609795
1005001720350060
33006341336
1005002271153144
32842903374
32853275477
4000228446893
1005002302193697
1005001368561374
1005002345716972
1005001845143762
1005001375499103
32845772142
1005002223495604
32952325526
4000196408641
32393902463
32858564810
4001199431414
1005002050521577
4001055505833
1005001874455187
1005001686059650
1005002100194788
1005002292167588
4001058348243
1005002166157303
1005001779879358
1005002254206122
32757670399
4000960125000
1005001559716173
4000946941477
1005001877748722
1005002288933587
32653142845
1005001617800706
32727885376
1005001893161882
1005002276930439
1005002317322348
32991262457
1005002408015486
32885898760
4001275214035
32335456347
32900686894
1005002270830636
4000235794278
1005002018319115
1005002303943206
32818009435
1005002283150525
1005001975944887
33003274865
10000390949296
33030387818
32845002390
1005002307669667
1005002433057911
1005001694838352
1005001425384138
1005002250119498
4000189830582
1005002362156856
32868481321
10000395880063
32956280915
1005002171929193
1005002224806420
1005002037225482
1005002333273453
32770102910
4000708372395
1005002491042801
32658005848
1005002382985128
4000235190125
32820641115
1005001604771609
1005002267903771
1000004442016
32905978316
4000197155224
32676488817
33000615399
4000076440604
1005001541224826
33034285371
1005002457047981
32803165579
32849808419
32835264200
1005001626946466
1005002068896388
1005001873681626
1005002236389787
1005002349536867
1005002363772144
32791058937
1005001555908189
1005001797800775
1005002260936197
4001218127624
1005002318707563
1005002288683285
33057073990
1005002466122478
1005002178015834
1005002253571169
33016047035
1005001762891522
1005001417502365
4000848822899
1005002259613704
32854450089
1005002396337058
1005001912906354
1005001418275082
1005002426910418
1005002394388590
4000042644785
4000189811803
32890367097
1005002197234278
1005002320221542
1005002241003286
1005002143424692
4000864056429
1005001775013255
33027729313
1005001274892825
1005002389628348
1005002241566040
1005002377454910
1005002005860355
4001237735491
4001250604399
33043880823
32832324454
1005001515874648
1005001483023885
1005001952558832
32954863668
4000694435736
32764179998
1005001749010497
1005002014628272
4001130865231
4000777479495
1005002420214366
32847058856
1005001611819018
1005002386185086
4001090761445
1005001502843938
1005002311126976
1005002237784749
32812574115
1005002370118945
1005002055418748
1005001864870425
1005001965463994
1005001862810773
4000156658518
32656753799
32675454027
1005002213092071
32965245927
4000943306815
4000173610935
4000670729043
1005001756606671
4000964944647
1005002276888053
1005002319445027
1005001885104705
1005002314332116
32815306872
1005001907745170
32829488270
32786178843
1005001648131495
4000687537347
33051273378
32585676182
1005002439077343
32918137330
32893602050
32941028248
4000917603424
10000328712263
4000097537936
1005001971004343
1005002281682056
32999762246
4000117993789
32652935219
1005002207436929
1005002342521550
1005001265480112
32889993175
4000264114791
4000223399367
1005002166746353
4000850480384
32905207784
1005002113605433
1005002264238439
32963113172
1005001524742996
33008177150
1005002329647150
1005001625101390
4000814739584
1005002170755643
1005002376353682
1005002298951272
1005001419114806
4000309713992
1005001463102058
32806624368
4001231902669
1005001725973747
32825880371
32932224188
1005002257323697
1005002317703203
32848608517
1005001295514557
4000837958082
32975357591
32905284781
32848370622
33035205254
1005002255169307
1005001895435667
32718300797
1005002256920121
1005001267536888
32958955874
4001224912854
4000850668627
32328987383
1005001972765739
1005002318467637
4001152743818
1005002393386917
32869430789
33011784305
4000026579031
1005002346151333
1005002281733102
4000588604673
10000374245169
1005001415117182
4000196343794
1005002282063966
1005002314336222
32435021589
1005002309700275
1005002357670811
32795024795
1005001602223184
1005002344909924
32703311190
1005002288823160
4001258960377
4001084253875
1005002023199337
32966854471
4001272355663
1005002161709646
32860627291
1005002413915351
33042793202
1005001317161814
1005002400098523
32868100758
1005002404149202
4001046338764
1005001388071781
32338920178
1005002315592986
1005002211886632
32907044559
1005002100216744
1005001875004643
32728873339
32842168177
1005002298771926
4001028467229
10000350050419
2055333030
1005001287067425
33021338830
1005002311377986
1005002011371971
1005001501445291
1005001314948794
1005001455865299
32973539168
1005001817228849
4001015799278
1005001488717214
1005001585280650
32839076499
4000704046971
1005002102697211
1005001695457438
1005002460682264
4001220662955
4001294058071
1005002241444194
33034196800
32952307637
1005002347561464
4001196838215
32578216559
1005002396260666
1005002302629252
33041168913
1005001281152546
1005002304210529
1005001297756712
1005002315655062
1005002304571445
1005001802690535
32859469401
4001280163967
1005002388248665
1005002328279329
1005002454351772
4000197781855
1005001452307373
32853074886
4000236968140
1005002168044032
32951816443
4001230819827
32917145835
1005002444580714
4000128212033
4000452392073
1005001848764735
32948179488
1005002330603684
32883906823
1005002232939152
1005001286778122
1005001894606290
4000031485156
1005002429024522
1005001670822583
1005001670909238
1005002293940739
33031937564
4000941525271
32673426842
4000959979555
32865859451
32809633547
1005002244946018
1005002418209868
1005001525372089
10000003689681
1005001456499144
1005001698763022
1005002305999610
1005001678321292
1005002286520153
4001078122971
4001127465483
4000835064920
1005002032062945
1005002165786518
1005002252112458
1005002482431117
32837121145
32878373381
4001072064312
1005001515253523
1005002295527269
1005002453777034
33061287400
4001240416966
1005002409273483
4000595863842
32832708813
10000158414707
1005002265014305
1005001701354295
1005001955180195
4000625714846
32933550241
32770985929
1005001511840476
32960631338
32962535620
32825137457
1005001622854997
4000905711245
1005001980266888
1005001967930083
1005001931678540
32374735789
32899871906
1005002358166848
32970392852
1005002410918733
1005001907360740
1005001515936223
1005002462583018
32881674821
33005821619
33024301957
4000154509526
4000599311635
33043976312
32888017829
1005002263883737
1005002106189573
32843802552
1005002011567800
32983140003
32965481394
1005002070323621
1005002363087565
4000429931290
4000857498144
1005002372358027
1005001779919393
1005002328097902
1005001463709304
32962383547
1005002470876459
32949812843
1005002120799681
1005002436495412
32820194129
1005001266880602
32958191119
1005001769611476
1005001392983041
1005001620938466
1005002451171634
1005001975225463
1005002384370433
1005001640340320
1005002129442909
1005002434984622
1005002235926076