32819041738
1005001406219938
4001252878247
1005002337635763
1005002231498587
1005001884860883
4000228826767
4001203171068
33012560778
1005002357420125
1005001920921711
1005002221615080
1005001771021206
1005001808762219
32855295997
1005002137486740
1005001978139065
1005001869038107
4000900187320
1005002462509794
4000509989261
32990892079
4001185814465
1005002369625002
4000621617584
1005001764103139
1005002238595314
32367196298
4001080210440
4000203526305
1005002301017564
1005002305386651
32999745541
32717249556
32751043452
33054564457
4000703403250
32843676514
1005001963745115
32795012825
4000007614243
1005002047256583
1005001405445860
1005001736818411
1005002268753336
1005002276962620
1005002386497686
1005002294064695
32812607438
1005001953161484
4000627288719
1005002037420890
1005001835532880
32899677710
32697769590
1005001938730431
4000994084659
4001304803251
32931533514
32958898259
4000971290253
32850521773
32920931038
1005002314214979
1005002450536476
1005002027956848
1005001611667155
1005002096513670
4000627075357
32921131584
32959699376
32809113856
1005002122418368
4000992951345
1005002317971886
1005002307488300
1005002340000986
4000173922757
1005001291451821
4001277892538
1005002012390440
4001355037224
32902288176
1005001291530074
1005001651593176
4000987054181
32853246244
4001215736579
4001221665280
1005001990531215
1005001774390274
32998850574
1005002264445856
4000790434643
32992370152
1005002388257358
4001227564511
1005001981778882
32818593499
1005001876573286
1005001798063421
1005002322966662
1005002233893752
1005001863821133
4000967583259
1005001880365011
32771218875
1005002280559613
1005002142570451
1005002333926235
32855386294
32584588887
1005002382867392
1005002309865523
1005002368624145
1005001334736744
367138658
1005002314797695
1005002264884381
4000832649707
1005002398849469
1005001594187397
33008894172
1005002224503927
1005002180398155
32948760001
32959973799
4000890058655
33012230429
4000287835766
32302308400
32860006229
32956541949
4000798360952
1005002413336823
32829434552
1005001321260466
1005002255911988
1005002393760163
1005001511563507
1005001269550074
1005001817605000
4001258752699
1498322188
1005001463133691
1005001731842494
32921479438
1005001837289147
1005001724127860
1005002426335237
1005002311722909
1005002318415161
1005002202364714
1005002113403017
1005002465974387
32221744453
32946844705
32832048685
32993436138
1005002265890201
4000378437854
1005001418335956
1005002345071942
32844736301
4001259014970
4000456811096
4001003458595
4000641906227
4001284417260
1005002307353601
4000243624325
1005001402676847
32521903039
1005002453570359
4000295846883
4000530512563
4001197716492
1005002265701718
4000281833903
33005004496
1005002304298847
1005002344891573
1005002241025106
32971793991
1005002264029561
1005001608553019
33031847803
32893691465
32919882562
4001278866299
1005002481938722
4000140262008
4001127334313
1005001626169788
33044874680
1005002322675033
1005001541827895
1005001447966973
1005002362221472
32867105605
4000191654612
1005001736317696
1005002457367192
1005002228414906
32815157472
1005002428389793
32955342773
4000910660552
1005002291261814
1005002292588075
1005002167018857
1005001722945502
1005001732896844
33043787239
32815603406
1005002440174568
4000295881980
1005001348540135
4001127557368
1005001408281860
1005001688811878
1005002277783415
1005001874654916
1005002477420947
32991491460
4001290167949
1005001694087196
32981118006
1005002296563744
1005002340401100
32813498679
1005001614795121
1005002289709224
4000419104129
1005001697782462
32819756890
1005002375761940
1005002328742912
32994127490
1005001825690290
4001332135720
1005002340138424
1005001732429607
32849747694
33019428149
4000581453956
1005001305372240
1005002152358159
1005001476025461
1005001764181318
1005002377548083
4000907995238
1005001889784449
32852265336
32962727141
1005002235182328
1005002416316578
32681956261
1005002100749211
1005002467565624
32794355609
1005001949169559
1005002314348488
1005002189799552
4001114445782
1005002355845815
4000708274779
32995120450
32976418678
1005001900056120
1005002108561592
32459876413
1005002409800332
32673382224
32840973441
4001138585896
1005002297316556
1005002330979599
32823538872
1005002375348898
4000842984777
1005001469514399
1005001612040463
1005002454597870
4000189007090
33021060593
4000337789474
4000677174925
1005001775533507
32972776947
1005002328409753
1005002314170912
1005001630207568
4001110994250
1005002356392877
32848282480
10000317821186
1005001456392107
4001356219070
1005002325461691
4000157773729
4001308278620
1005002244236213
1005002405093497
4001313413074
1005001980969005
1005002441251251
1005002111449274
32596547909
32895812161
1005002394578562
4000766857370
1005002491009767
1005002293977542
1005002296982414
32973555537
32985235778
33017308611
4000563566868
1005001655109999
1005002312021573
1005001942722695
4000953229674
1005002447773865
1005001665356525
1005002314278752
4000109511935
1005001494488899
1005002421217771
32813727930
4000065754445
4001090389818
33027533068
4000202670031
1005001705675009
1005001479958682
1005002317781380
1005001556972935
4000100152497
33035928800
32969016949
1005001407619882
1005002220467082
1005001796836800
1005002264057263
1005001934057136
1005002281716823
4001150544697
32854380760
1005002359621754
4000762086427
32962469304
1005002229312930
4000684744506
32972553528
1005001948644917
32898174134
1005002314398330
1000008501738
32995782489
32791425347
1005002064526451
1005001538731864
32699111054
1005001458184075
1005001731471233
1005002363302156
4001233437713
4001334282965
1005001507862807
4000981952299
1005002344131198
1005001698039047
32900140438
32987469834
32982698305
4001127450434
4001271031096
4001084780551
4000985704983
4001174181854
4001014959378
4000512459767
1005002281958391
4001199366029
1005001710230745
32905587815
1005002340614379
1005001686235172
1005002245494487
1005002233733578
1005001744574793
1005001765019239
4000556271130
1005001736794421
1005001579992161
33010293027
4001271335681
1005002287906583
32805389626
1005002496999270
33027967884
32968274202
1005002073990070
1005001728722512
32977338545
1005002307436232
1005002282383285
32857636475
1005002255589459
32850954338
4001299424770
4001049010220
32919631209
1005002431128407
32893737556
32956007843
1005002356101981
32813155780
1005002211977296
4000714956791
4000784637685
1005002333573910
1005002032573615
4000682807306
4000166884965
1005002179366837
33000403485
1005002315419290
1005001813445149
32566845086
1005002453868999
1005002322710304
1005002465282351
4001130722837
4000868495069
1005001465297907
1005001456348500
1005002259875368
1005002471074183
1005002399386122
1005002326510714
4001275019773
32817496623
4001294357827
1005002358541167
1005002324126060
33036727688
4000924900237
4001261283218
1005002259531838
4000777908079
1005002418566153
32482507295
33045264288
4000035891820
32564872153
1005002273110476
4000840052576
1005002397678611
1005001909510963
1005002347274995
1005001421078484
1005001489292255
33041796859
1005002480160069
32640342356
33050810251
1005002212363458
32838921659
4000811638399
4000233867829
1005001818059070
32272657670
4000272732338
1005001883555309
1005001464544146
1005001819055039
1005002436883529
1005002348550979
32807604711
1005001962662331
1005002116558591
32812706355
1005002322941863
1005001682210768
1005002390176999
4000041160741
4001027390174
32955206902
1005002489269471
1005002048801905
32900307154
32990138497
1657932456
1005002420040602
1005001884741940
1005001942520950
1005001840018299
4001045670881
32841103572
32911846636
1005002259234718
1005001559770198
1005001446448415
1005002466050019
1005002293843149
1005002054926146
1005002447182402
1005002034967630
1005002352713582
4001174592419
4000873269400
32709936897
32801674859
1005002090991045
32775407611
1005001954902301
32488590834
1005002278679972
32772958148
1005002344280944
1005001309167430
1005002307353070
1005001541628510
32546334626
32935709572
32848697285
4001127960799
1005002241581833
1005002352953755
1005001349072030
1005001329606904
1005001668056231
1005002266699944
1005002012885079
32260171913
32914024546
1005002370186928
1005002466005812
33022117670
32870878844
4000868164788
32859666525
4001038580094
1005002453332615
1005002432268851
1005002489823205
1005002488324696
4000186044238
32959654675
32387021489
33057505696
32788307296
4001292040052
4000305614547
1005002453299217
33029774092
1005001473744092
1005002274829343
4001190642165
1005002238756821
1005002089731970
32857275188
1005002395087911
32948015192
32971282862
1005002365616800
4000917353605
1005002322088721
32822280157
1005001789850531
32865497803
1005002332850628
1005001957124970
4001112081990
1005002444286896
4000309869498
1005002500580073
4000307918436
1005001763587156
1005002435888769
1005001333652575
4000106291714
32788307423
32959711668
4000696277882
32749790856
4001163316587
4001217509132
4000101120901
4000770368416
33029420783
1005001626917635
1005002207634782
4001324502855
1005002463256585
32806349494
32855164501
1005001393101723
1005002401066987
32984474301
4000073207575
4000971184012
1005002279475038
1005002264099821
1005001558234214
1005002378731938
1005002264116970
2004741351
1005002265173846
33020029103
4001350188978
1005001962509828
1005002206261706
1005002260091695
1005002398742101
1005002401947839
1005001572775793
1005002413456139
1005002263506724
1005002329618206
4000955004491
4001230278032
32793768607
1005001889338100
1005002470208142
1005002351225159
4000139564943
1005001907150115
1005002268701184
32899779953
32658269182
1005002428783145
32721135468
32377769118
1005001762554556
33005131816
32909772845
1005001775502739
1005001333212759
4000695682873
1005002482950971
4001265953079
4001285178534
1005002320257697
1005001678994219
32840755032
1653825210
1005001869613407
32856667431
1005001407244492
1005001958667728
4000260613399
1005001458565568
4001104673208
1005002358296130
32966316057
10000404561740
1005002238742905
4000057775239
32992726128
1005001686745987
1005001310100288
32984919093
1005002368700225
33004075688
1005001612988471
32644110265
32853302674
1005002318326079
1005002467604040
1005002424097865
4001157632148
1005002310627662
32968896766
4000243222791
4000915403972
1005001579312097
1005001441262872
32805178783
4000457117200
4001061869350
1005002245501663
1005002443123244
32417479550
1005001640128096
1005002185621875
1005002335470510
32894784588
1005002428393585
32785755504
1005001792146742
32974404909
32631637279
1005002368712887
1005001946159621
32914108478
1005002264603814
4000990715888
1005001839503365
4000214826977
33046260791
1005002293479226
4001066073621
1005002327692100
1005001515961180
4000314093019
10000089306810
4000198936881
33025703441
1005002322684537
1005001686224081
32843334858
1005001917530987
1005002086656454
4000761043536
32962404007
1005002070204219
32976758779
4001269397377
4000393677364
4000943249267
4001084924092
1005001657804058
1005002205299361
32818728493
4001352441211
4000221561360
32862969926
4001225065498
1005001288022058
1005002277691595
32851856064
4000641440066
32883104995
32889064951
1005001705586584
1005002408469124
32926470374
1005002326989910
32623227151
33043570680
1005002011275528
32827273797
32949350456
1005002254316285
4000258648991
4001220777165
32952719469
32849029762
4001296037513
1005001847115046
4000627143408
1005002363212947
32887314604
1005001782146557
32971895318
1005002362530252
1005002228289413
10000400069471
4000393844937
32343122825
32296786315
1005002313788929
32955943683
1005001688094853
1005001724335490
4000907213419
4000452981290
1005001605859697
1005001968926156
4001230295000
1005001731124798
1005001465400453
4000251045487
4000134192921
1005002358321681
4001254532599
1005001582768180
32990437622
1005002351485362
4000935519278
4000905933692
1005002476112762
32879369048
4000090115562
32954140131
32682876908
1005001355005321
32328983828
33048056603
1005001280265025
1005001594666391
33050306650
1005002364545235
1005002337392073
32790915798
1005002358941049
32861053767
4000637756154
33007060502
32956946128
1005001540380745
4000946390197
33053092321
1005001720554528
4001287990196
1005001439476504
1005002259876183
1005001644128789
32814622065
1005001403261751
32888286768
32580614226
32809330741
1005001796848702
4000466138708
4000971338701
33051858765
4000428634384
32817515807
32920563522
32882435985
32298009733
1005002198902178
1005001384183658
1005001383949356
32861670302
32519770135
1005001938371511
4000955505748
4000126711945
33053992889
1005001484226594
1005001671066496
1005002283195379
32851417165
32915138922
1005001714166909
4001224983619
4001041082578
33003810127
1005002339019717
33045756476
33037545660
4001136560979
4001320427656
4000316788741
1005001339452398
1005001996630173
1005001838364574
32954288229
4000020711570
1005001921743476
32829380042
1005001626387390
10000186518754
1005002314036936
1005001758122894
4001160278182
1005002256233994
32784659271
4000731125761
1005001793249689
32963335959
1005001304464059
1005002346737772
32857822837
1005002300983851
1005002005227065
1005001645485777
1005001424183465
1000006265858
1005002398910818
1005002490205557
1005002475717636
4000808984053
1005002375001477
4000781078497
1329336874
32867630456
1005002396753471
4000699403539
32999363054
4001058489519
1224683277
4000599716661
32951576748
1005002085633509
4001148831453
1005002375623803
4001127776977
1005002405535552
1005002431476686
32993032698
1005002342930200
32819253589
1005001650847624
32531739552
4000003520847
1005001834784279
1005002190608893
32973605444
1005002494421893
32893077442
4000649274382
32895902754
1005002453572259
1005002371893375
1005002303950927
32717325271
32846660978
4000053802242
1005001848976564
32921573200
4001264440124
4000817831675
1005002487947027
32971786590
1005001377207259
32964692181
1005001830132477
33015071940
4000685792232
1005002477413683
1005001325433380
1005002365032943
32824727928
32822632108
33057512666
1005001726348868
33058486693
1005002394676809
4000277238135
32958591737
4000310604195
1005002436041012
1005002443096527
1005002321894480
10000048418151
32923306741
1005002348585454
1005002339596466
1005001905673450
10000395940233
32852873450
1005001782135322
1005001608725306
32664107012
1005001997394488
1005001982717405
1005002186964157
4000992994260
32993379929
4001041761177
32855970788
4000038831553
1005002313150846
1005001992901015
4001268294778
32978178511
1005002495520571
1005001914979078
32991579933
1005001792798189
32857112528
4001298792459
1005001424413300
4001314669363
4000424157630
1005002286713445
1005001722254559
1005001976259152
4001010713658
1005001571498879
32921392567
1005002191941909
32956024729
1005002364332493
1005001648661246
1005002295304880
1005001915961199
4000929818788
4000808941885
1005002340759405
4000905705315
4000191970700
4000917786063
1005001705319208
32801356407
32952531553
32831179161
32848892197
4001231908554
33058563319
32803440207
1005002313466199
1005002124381369
1005002242462763