1005001451439961
1005002170895060
1005002468610645
10000356023743
33002069363
4001326532181
4000817843928
4001129311060
1005002304284245
32796043914
1005002199331715
1005001622418544
1005002367829179
4000152488443
4000552024367
32997319691
4000292386948
1005002245091127
4000511600990
1005001780770229
33027721943
32811192769
1005001816509546
4001267883808
1005001397352715
33047384808
4000464505018
4000271023582
1005001843562453
4000992975418
32949992394
32949088041
33041816731
4000906469274
4000595286308
32879201397
1005001446693901
4001156969430
1005002232554590
1005002350966859
32784964881
1005001610009547
1005002062794764
32995794178
4000302843881
32374789046
1005001953410157
4000045588351
1005002385152358
1005002323662342
4001074966385
4000955825724
32936005636
1005002412270810
32867829014
1005002034389321
1005002312332425
4000437369730
4000423980191
4000329666663
1005002280919363
1005001966426735
4001013005680
1005002492399075
32790088211
2053449085
4000481359177
32958643331
1005001773444443
1005002239238432
4000126921866
32844620171
1005001630695394
4000153575975
1005001681748556
33024790279
1005002398519042
1005002317283129
4000721388059
4000997208588
4000701649801
1005001720282966
1000007712556
4001341429304
33042753791
32923872040
1005001860258196
4000480252432
32876416568
1005002011451374
1005002483486030
4000126231908
32949198387
4000367052036
32960952761
4001366060522
4001233339723
1005001793068460
1005002395542268
32958177313
32800213909
4000084625597
1005002497261996
32788490458
4001153436550
32971473098
1005001563085333
1005001506568566
1005001672293754
4000215421261
1005001371574729
4001314464639
32863254781
1005002264199356
1005002150864183
1005002260706283
32870874809
1005001627397510
32802261988
1005002002549842
4000735278161
32886128269
4001032116454
1005001723079461
1005001714085064
1005002300851697
1005001654185443
32842411277
4001018901892
4000609157023
4000461433529
4000219029202
4001270258686
32864997413
1005002316873813
1005001976778726
32919688870
4000325161739
1005002047199607
1005002376854813
1005002224221635
32957710480
1005002359658216
1005001347112077
1005001566499751
1005002270469256
4000554809370
1005002132451875
32785775784
4000310722331
1005002443109491
4001061314224
1005001620966813
1005002398194081
1005002271803800
1005002340634628
4000580732039
1005002251961982
32308726540
4000282563347
32970547898
1005002140220252
32884995311
32825880757
32800630710
1005001831122339
4000691171556
1005002092280810
1005001835940267
4001023170518
1005002276304608
4000718517609
32853572377
33002028356
1005002375096646
1005001313178750
1005002290968517
1005001508399874
4001159668532
32906149344
1005002326880043
4000323613866
1005002413286431
32904924616
1005002365813136
1005002198325875
1005002224717497
33027800786
1005002375469513
32889073369
4000359738702
1005002357015254
1005001621870706
1005002294027024
32822397787
1005002312136820
4000985379722
1005002335018488
1005002086659468
1005001547256051
1005001941282581
4001221078659
1005001807882416
32904925275
1005001883407337
1005002243501526
32865676386
1005001887994897
4001233133832
1005002042900486
32960163849
1005002471311273
4000595843068
1005001551598050
1005002333561149
1005002260140751
1005002003335064
4000472247483
1005002308687805
1005001994927408
1005002454370061
1005002388625292
1005002408225611
1000008181719
1005002366225070
4001332954642
1005001584692291
32934647510
1005001412733414
1005002284188612
1005002412151446
1005002293231837
32904584918
32971699373
1005002466057521
1005002275662073
4000008160981
32852016126
32861688644
1005001810742959
1005002132805017
1005002314562116
4001066654971
1005002301349455
1005002287810326
4000304136249
1005002263541362
4001280636009
1005002233334413
4001014720066
1005002224332156
4000933778220
4000990613027
32930540347
32856996124
33003082319
32973167444
1005002381369930
1005001936091635
4001111881283
1005002264306018
1005002357522436
4001361096805
1005001587696773
4000206067239
33033562218
1005002354545865
4001232022979
1005001725627937
32888707724
1005001567960680
32862670532
32681900354
4000833286722
1005002336585036
1005002396651976
32870125548
32856618087
32980912467
4000779014482
1005001309793753
1005002317183553
1005002443819397
32820827022
1005002449683042
1005002418965189
1005002235987341
1005001988354332
1005001767724751
4000899456039
1005002198972188
1005001843686322
1005001488558931
32857985676
4001039365931
33057136097
4001249039727
1005002375682940
1005002356385661
32835755907
33010050431
1005002328390031
4001217122074
1005002238234572
1005002368770145
1005002405358333
1005001950001846
10000033520264
4001251118503
1005002362734584
32595793771
32788879572
4000344532148
1005001812735248
1005002377637224
4000382280144
32892485660
4001034428223
1005002364606110
4001261596016
32923791952
1005002348564936
1005002321354264
1005002224627420
32839502266
4001138993979
32887435661
1455076566
1005001304275175
1005002088865141
1005001500542185
32793304918
1005002278641800
32961358255
4000939261734
1497580099
1005001957319110
10000400019570
1005002311099655
4000830882159
4000957534944
32914779294
4001016553863
1005001319436557
1005001703076797
2024359874
32816877065
1005001733227437
1005002322158388
4000186136100
4001084640649
1005002239746600
1005001723514077
1005002263997015
4000801393298
32990842590
1005001586777905
1005002235751412
1005001693375901
1005002290510278
32821048463
4000222585731
32814327650
32967607749
32844512070
1005001334917415
1005001387048849
1005002320293543
1005001880360300
32765366911
1005002109959266
32852259578
4000034966939
1005001441416703
1005002418546486
4000661155466
1005002277392081
32921157358
32699269834
1005002369559080
32891264292
714368268
1005002383487889
32881328570
4000904578232
1005001525358725
1005002304072131
32993984683
1005001383107003
1005002038944304
1005002207520602
32959614731
1005002435352018
4000769377070
1005002314086472
4001161200784
33001348274
32744015412
1005001952690355
32691857997
1005001730996937
32917377229
10000288117466
1005001870469846
4000180809071
1005002353987437
1005001954955205
1005002400428058
1005001728705595
1000005620289
4001189799458
1005002474362089
1005002276938343
1005001860872378
32932704857
1005002309753933
32870609733
1005002361914635
4001289012180
33039204943
1005001585937413
1005002440000789
4000307606413
4000310348957
32902640960
1005001802761481
32968705399
4000834150803
1005002050456846
4001159798432
4000761169592
1005002324462039
32943221831
1005002366515612
1005001742625807
4001085610192
1005002314492343
1005002219502168
1005002382569128
1005002313568834
32954248677
1005002268826873
4000806303126
1005002268512760
4000962374048
1005001452916127
4000463138314
1005001487629155
33052207725
1005002182252118
1005002052553435
1005001602445909
1005002238374050
4000610821454
4001238031213
1005002332383128
1005001659272430
1005001356552294
1005002443160108
1005002207401450
4001321341987
1005001894153444
1005002351588283
1005002301238566
1005002288274314
1005001632246209
1005002175960454
4000317855333
1005002289646541
32961533829
1005002044354067
4000884889669
1005001627854919
4000327145057
1005002122159020
4001121665873
4000152010658
32808981544
4001110549220
1005001645535808
4001171706568
33034305637
1005002396795663
4000793471876
4000278566827
32890923533
4001278521405
4001127934063
32895510018
1005001793172846
32870180468
1005002305158598
32996875997
1005002311470248
1005001990228235
1005001930732719
4000945173666
1005002115252139
4000780677773
1005002262559986
1005002309554212
4000252838620
32793102644
1005001617714458
1005001967231222
4000850721067
1005002315960583
1005002401584142
1005002315223825
32608026383
1005001867242842
32984454589
32948522866
4001115318270
1005001989174954
1005001421446646
1005001835468651
32960352645
1005002475275399
1005002247591470
4000816266635
32917261847
4000516337206
1005001895825511
1005002280635673
4001220436301
10000028416244
1005002454388545
4001133149749
4000059667148
1005002333866008
1005002080815689
33029756020
1005002129647529
4000068041869
1005002254348591
1005002058306025
32919131862
4001211486274
32974295487
1005001418696953
33046302262
33050059153
1005002388687099
1005002435782863
33037963149
4001021510340
32248057404
32959397595
1005001887777883
4000067744919
32926522913
10000402419166
1005002432731708
4000324044864
1005002239905728
32295217952
32321945535
4001240802502
32985620513
1005002339977081
1005001749123195
1005001429212089
4000466093416
1005001940942437
32887026131
4001039816346
1005001960205546
32960918493
1005001798591068
1005001768628673
1005001321533087
1005002225377760
4000974893273
4001214555503
4000545982309
32965278434
1005001792379046
1005002324273106
32950464313
1005002355954720
1005002199384507
32845564440
4000233559990
1005001988671887
1005001889284916
4000453824078
32830716533
4001278607715
4001230350608
1005002494384431
1005002089278420
1005002385950999
1005002390184372
1005002048771182
4000460534731
32961201324
4001350274862
1005002335205858
32951913715
32826721427
1005002289001105
32995961042
1005002411426778
32966045250
4000186125337
32750452233
1005002372906472
32798856584
1005002337274037
32969074863
32957572293
32761222330
1005001773474927
32855444314
1005001769714513
4000268952991
1005001576361629
1005002396555263
4000750626619
4000964156479
32903863523
33055859852
33039453082
1005001715060320
1005002408439379
32970312688
1005002468123819
1005001353453705
4001143581045
1005002053356247
1005001506977119
1005002277584575
4000888663446
32985679873
4000940735856
4001139348226
32879480583
1005002191695191
4001104731039
4000603009525
1005002266810492
1005002314282717
1005002272288810
32840076527
32851519027
1005002240551919
1005001469528131
4000749459182
1005002448043160
4000393675958
4000107478696
4000247769117
1005002085564068
32791284586
32680314744
1005001612539930
1005001997461290
4000340662018
4000314879268
4001120147089
1005002125050014
1005002480852694
33051492285
1005002003944638
1005002050275802
4001153807983
1005002247128769
4000443737293
1005002125123987
32961051915
1005002400473706
32904550731
1005002087265740
1005002402848232
1005002222782414
4001068146670
32851697940
32830712691
33057226218
1005002221769538
1005002460543357
4000498889483
33005802954
1005002186218714
1005001936059425
1005001450929101
1005001630799982
4001150704409
33035719931
4000095466984
32884486712
1005002421324406
4000588721956
1005001580546660
32953314590
4001148095729
1005001500886178
1005002238863219
1005002337257575
1005002322686386
1005002051731301
1005002288799375
4001053067209
32998317877
1005002431235310
1005002340529341
4000715917626
1005002092366865
1005001617492716
1005002454392684
4001238145470
1005002260515010
1005002350643798
1005002270695540
1005002205564530
4001008325683
4001329161577
4000660838810
1005002347614143
1005001397063274
32886279199
32783336321
1005002490444748
32855639040
1005002160135598
1005001802423692
32244448958
33042054509
1005002426486314
1005001851169600
1005002000138861
1005002334159777
4001022670275
4000463133986
4000148674127
32849377814
1005001770992468
1005001840209037
1005001552946705
1005002313442878
4000086625890
4001160474564
4000365207901
1005002281845712
1005002377284009
1005002454311679
32627867190
4000496693661
1005002242582134
1005002399931905
32784171635
1005002461146558
4001142981306
32671985909
1005002205227000
4000167686869
1005002389473320
32998843602
1005002342851378
32906108223
616338380
4001285147538
1005002382294448
32828435462
1005001496126710
4001285988623
4001023777151
1005002341469112
1005002353594598
10000047351221
1005002375476645
32991387935
1005002395007107
4000207115561
1005001349669421
1005001590749775
4000636610273
32726862832
4000335539801
1005002335874349
1005001361978743
1005002266043523
32831758339
4000071148861
1005001838368552
1005001307679538
32971803726
1005002259165353
32252647807
1005002345526956
1005001451340513
1005001453237232
4000581379363
1005002278502292
1005002432363275
33003391734
32982114228
4001011009335
1005001265585488
32922355843
32922652862
32641384002
1005002421778253
4000415313316
1005001598575613
1005002124155629
4000990750596
1005001698746812
1005002003315425
32792794488
1005002252268651
1005001704497039
1005002313776982
1005002252329301
1005002481739741
32908908292
1005002389484449
1005001398681450
4000429600664
1005002292001705
1005002391333228
1005002253923104
32919024458
4000289754612
1005002404931092
4000907276795
4000995249469
1005001950228657
33013186067
32815701711
4001209651852
4001003322181
1005002376866398
1005002348679250
4001215110645
33010293065
32905196351
1005001666127615
4000889225784
33051522830
1005002346993731
1005002241975571
32862409252
33060682051
32793739231
32861348414
32847620840
4001038789456
4000526327411
32795297555
4000705969134
4000592839418
1005002416535132
4001221486506
4001321731046
1005002254099329
1005001446316893
1005001597633459
1005002347031276
32911668109
4000299341544
1005002328835909
32830594729
4000982906851
4001042082272
32838736234
1005002314417701
1005001620986610
1005002394799293
4001038583279
4000114408002
4000244982450
1005001355123589
4000849870965
4000280670491
1005001922824885
1005001628244740
1005001500795079
1005001828594877
32781307572
1005002269479443
32997910933
4000093546274
1005002148911310
1005001643673287
1005001681751160
33054702613
1005002496607831
32890688062
1005001769002228
1005001397141826
32368314774
4000341280742
32861309386
4000290498420
753380813
1005001561957847
1405620028
1005001821772319
1005001565050770
4000270471470
1005002257369739
4000568127464
1005002395604827
32437618103
33000212220
1005002314419001
32798699249
1005001361145792
10000395828364
33039950885
1005002490423843
4001178789970
1005002160190382
1005001878991235
4001132674515
32963613345
32972329645
1005001297066208
33038868224
4000316892597
32933646605
4000966068534
2013323847
32692769775
32893743390
1005002364636452
32233134684
2043445401
1005001637767509
10000397744836
1005002283016256
4000182189685
1005002367461937
32840151629
32797175418
32590991922
1005002297828978
4001163932195
4000117631337
1005001623177124
1005002260753831
1005001413191479
1005002014385141
1005002425116860
1005001464480764
1005001451377336
1005002409203798
1005001387100195
4001274819868
32896597325
32883938982
32973004063
1005002091871659
1005002419007537
33008545510
1005002267488570
1005002240451521
1005002439811226
1005002332874725
33013273906
1005002477651501
32848754186
1005002095210041
1005002396659280
4000980140332
1005002386764648
1005002369902243
1005002039720537
1005002394705667
1005002305323498
1753922042
32677160929
32748236190
32838729426
4000960017289
1005002401116029
1005001334183557
1005001430782578
1005001729007961
4000492936418
33059789145
1005002352553279
1005001356359979
32962384210
32833524677
32838745103
1005002229877527
1005002499049228
1005001781065217
1005002394912141
1005002412537971
32399347757
32957085353
1005002319020406
4001227039087
1005002477751928
32802681169
1005001896846662