32898130602
1005001575672548
1005002420770310
4000342580940
32916660590
4000236646534
4000551663271
1005002206570793
4000864712890
1005002350816365
33044332558
4001247685305
1005002434554509
1005002426933702
32970816468
4000919561175
1005001592136165
1005002028679604
1005001995262425
33032070535
4000735957570
1005001394263286
4000791109980
1005002254287980
1005002340692949
1005001502660980
4001047183526
4000800181370
32963187921
1005002247711064
1005001596314901
32921745014
32848284320
1005001893676837
1005002340557935
32853961010
33000848094
1005002033360382
32979930622
1005001697669844
1005001405900905
1005002490273271
1005002355298395
1005002094236646
32996657951
1005002015225817
32890065295
1005002348392028
32974929566
1005001829677017
33051984327
1005002304223520
1005001644848656
1005002287155523
1005002022463108
1005002376340830
4001183478501
4000551588071
1005002313724523
33043101733
1005002050559033
1005001658983727
32798443829
33045023218
1005001977699799
1005001840316050
32975221175
32954629996
1005002125213908
1005002306037153
32867877971
1005002357212275
1005002315610153
33017913579
4001181426672
4000433099208
1005001639219428
1005002402250359
1005001697795314
4001023150495
1000007993158
4001284820892
32914581216
1005002002195742
32876844135
4000764021535
4000343047503
33046970918
1005002104223246
699865709
1005001346872201
1747048227
32642906479
4000060954395
4000850660536
32892412826
1005002394087680
1005002089011947
32852299620
4001027407899
1005002087608439
1005002294936250
1005002126903274
1005001488654558
1005001551092983
4001230649123
1005002475745141
2038660069
32978477345
10000088295735
1005002015326510
4000574258556
1005001640204492
4000510252643
4001210904457
1005002099833933
1005002392579782
4000033485165
1005002393372460
32902466316
4001051441683
1005002435009698
4000309540927
4001041142109
4000532851529
33010282114
1005001469669303
1005001780527047
1005002212104592
1005001442964020
4000844269318
1005002370490014
32844419456
1005002294731831
32870081833
1005002341532957
1005002313548538
33023065425
1005001385758944
32836655520
1005001597282685
1005002203625626
33031748682
1005001338297325
1005002306601548
1005001313977396
1005001405107803
32890172263
4000019859305
32283363554
4000008873995
4001237201877
32904268630
1005001804059242
4000818023926
4000269257881
1005002491208014
1005001731266210
32577739301
1005001637907443
1005001635493794
1005002318447381
1005001741732294
4001061763503
1005002148336008
1005001883393074
1005002204003728
32663606052
1005002218758888
33056268289
32963895801
32819858333
1005001800148824
631371903
4000602435098
32799549168
1005001817384524
1005002358568030
4000594694560
4000791358329
10000098468535
4001094070358
1005001333989251
4000835093480
1005001980395044
1005002239238376
1005001404899582
1005001990105603
1005002314668108
33028408840
1005001632792052
32842239533
33038788583
1005001593190311
1005002275845787
32976824597
32947120535
1005002217672010
4001304750172
1005002330706587
1005002119067492
32791979654
32964158768
32858935046
4000865212714
1005002293377224
32813726190
32954055773
1005002418623876
32716229644
32442384707
1005002419399790
4001100007176
33010016222
1005002328444314
32958214284
4001136537809
1005002390835924
1005001939725733
33032948948
32988934073
1005001587596775
33002744949
4000252806742
32888665595
1005002466885855
1005002224690442
1005001965421817
1005002240992381
4000197914392
4000439097757
1005002291039350
32830586194
1005002394295063
1005001547338068
4001265631735
33016652596
1005001465075682
1005001863722775
1005002280591360
4000843486727
4001294770846
4001100247975
32851944835
1005002368157632
1005001408766025
1005002119331587
1005002477435970
1005002318047418
4001315090023
1005001952971836
1005001967788192
1005002196782849
32683583044
4000955977940
4000141532034
1005001559527264
1005002374603559
4001270992427
1005002340202041
1005001349650450
4000207347957
1005002314336218
1005001431378421
1005001637506962
1005002368899590
4000849775819
32969037108
32890588876
1005002286371149
32972531321
4001026992236
4000983634853
4000505770297
1005001275061754
10000356643530
1005001927784364
1005001495885170
1005002191807474
4000691609410
32914227067
1005002008747862
1005002323708401
10000314252497
1005001936862601
32980661554
33044094141
4000976382566
1005001894435075
1005002342585260
4001037220150
4001313185882
1005002490299970
1005002416298137
1005002266856089
32899769231
1005001651263875
1005001634014224
1005001863604700
1005002270790995
4000059546124
1005002449536705
1005001497448160
1005001579295299
1005002198575099
4000800574109
1005001556906383
33011347085
1005001787547116
1005001686847146
1005001880434718
4001300417307
1005001491582435
1005002413647320
32345631474
32616937024
32999814598
4000720352671
1005001697990932
1005002284119079
1005002172183338
1005002317908564
32397738883
1005002242839188
1005002352741665
4000021931414
4001156459533
33045323438
1005001584583509
1005002449971623
32998400663
1005001831454040
1005002350668736
1005002485254921
32375739912
4000434942297
1455088221
1005001389105571
32903755470
32837503297
1005002117332203
1005002310489650
1005001803570247
32657848201
1005001670921032
32981641102
32656971991
1005002322230023
4001339458339
32915521573
1005002314412136
1005002254268732
4000336569993
32987114779
33002407008
1005002453670231
1005002464528510
32709731097
1005001588126806
1005002480233682
1005001486895541
32885064739
1005002345705654
32790597544
32998981444
32964587016
4000447900428
1005002386601614
4000309882849
1005002439909735
32907001572
1005002008172907
1005002500364077
1005002281681777
1005002363143941
4000849828153
32701371841
1005001556043574
32817638647
32986688314
4001039293071
4001045237332
32818858181
1005002017303232
1005001962568793
33036049217
32858541123
4000843218839
1005002298744664
4001299038768
33048364276
1005001453453145
1005002311027266
1005001644770916
1005002309578136
4001278817806
4001231747249
1005002277600523
1005002311339531
4001321591608
1563223068
1005001708249735
32891146861
32973683549
1005002348454957
4000419790342
1005002352246226
4000515324860
1005001604543850
32974976467
32766663736
4000554799430
1005002281226315
1005002474681826
1005002264480950
32972731701
32906030915
1005002194657819
1005001474838557
32869098465
1005002409115651
1005002410964038
32814556807
1005002367805706
32832852874
4001016493143
4000735686622
1000001150040
1005002379068109
32960974150
32906499254
1005001499697293
1005002433861954
32840284667
1005001440010896
1005002314404513
4001026057444
1005002019492563
32901108412
1005002162948006
32823330955
32987130557
1005002321208263
1005001540087210
1005002371480321
1005001566919696
4000160458029
32905177364
1005002030398346
4000248444528
33005704732
32672343413
4000200277705
1005002443425507
1005001957454815
32998709762
32960170984
32960012281
32690856152
1005001864679517
4001273199296
1005002411654592
1005002334222950
32679439156
32852352401
1005002314808117
4001046306573
1005002211388481
1005001818074034
1005001843891641
4001216903196
4000341095712
1005002311948711
4000145164394
4001080560682
1005002327710779
1005002266247610
1005001995544850
1005001889497594
1005001543804467
1005002348598494
1005002012712771
4001252292696
4000830004401
32915516554
33047887429
1005002314054358
32484986858
32676170920
4000181877123
1005002475466699
4000100374360
4000363742396
32956098817
32973844824
4001221910754
1005002433638614
32817000185
1005002314406531
32955280352
32930933745
32619885790
4000175521927
32847685062
32930632700
1005001765893515
32849313589
1005002467247463
4001138898829
1005002289998017
1005001432350287
1005001921128885
1005002318937818
1005001813295880
1005002242028922
32997339471
4000278563547
33064495243
33029622342
1005002212161850
32805312621
32945664947
4001287946600
4001064992161
1005001714384392
32834943580
1005002313923034
4001274380227
1005001265680241
4001135291103
4001123131090
1005002344964564
1005001900569593
4001341568042
1005001341301904
1005002375158214
4000443974538
1005002417029226
4001245112338
32537900989
2030042335
1005001361202148
4000192057625
4000149373774
32800287131
1005002101831741
10000400051697
4000483235151
4000341534803
32891089273
1005001937338787
4000666122018
32867075255
1005002244150194
1005001402674317
1005002421179987
1005002398694890
4001247622919
32920955363
4001065046513
10000402404677
1005002333634550
1005002278361355
32580780107
1005002467211217
1005002327492899
1005001694355613
4000905490840
4000469494716
32883403720
32606912229
32802929599
1005002349940097
4001156580031
32896872475
1005002364584870
1005002259619885
1005001731334452
32903032332
1005002319266569
4000959342755
32897578765
1005002310583580
4000226910792
4000026596267
1005002428988677
1005002213744597
10000376340124
4000287330125
32835986928
4000034064661
33042913480
1005002062407652
4000005029059
4001090418991
32866083790
32922921747
1005001290639651
32979798615
33044894606
4000370458674
33027877783
4000139511095
1005001820469204
1005001525304798
1005002224978142
4000901518448
1005001561555738
4000060385795
1005002277893164
4000718385990
4001095999135
1005001587783047
4000381934192
1005002023800622
1005001685726868
4000841480200
1005001942994457
1005002003976090
4001014939855
1005001710546140
32883798345
4000150734700
4000996930377
32513944539
32974523308
1005002342756728
1005002398725695
4000954488240
32842855816
1005002434430231
1005002014702197
1005002288528302
4000814432888
4000834943729
1005002368293920
1005002470955494
32995686070
1005002282885668
32820892020
1005002288713779
1005001530295255
4001172183693
1005002387040896
1005002408442960
4001142338984
1005001483415901
32849459291
1005002206746840
4001127347078
1005002469522112
1005002358739224
1005002007190396
1005002272104801
1005002262756525
4000780200849
1005002337366303
1005002061968662
1005001762294442
32790708922
1005002025341515
32834084652
1005002194278546
33026586764
1005002344294372
32954601045
1005001867369207
2045553427
4000903646025
32955471334
4000806236945
1005001514562898
4001225306228
4000011051754
4000709707946
1005001738015335
1005002258945649
4000075445872
1005002023513286
33050062332
1005002492888295
1005001590024517
32794321190
4000418852611
1005001773233882
4000588574465
4000035865871
4001084498687
32855757863
32861233046
1005001896078099
1005002260015872
1005002064379228
32798631991
32950398062
32436653523
758482380
32956996223
32813442602
1005001845009901
1005001381398448
32992699683
32522259117
1005002301074853
1005001768474460
1005002292323291
1005001720665238
1005002269051291
1005002235718323
32798767915
1005001500823602
1005002167778412
4000338079931
32904316027
1005002489924761
1005002018833731
1005001282150785
1005001694666969
1005002262364732
1005001877265142
1005002357013935
32538991722
1005001575463445
4001172590914
1005002399483071
4000889352104
32638040318
1005002270395541
4001214205675
32557484103
1005002333359356
1005002051621540
1005002355238200
1005001889440396
1005002368568630
1005002449428838
1005002400623186
4001258980356
32482921670
1005001453651845
32720985685
1005001766484162
1005002315333230
1005002040463635
32879393198
4000994084762
32833978252
4000315002269
1389769153
1005001993987260
32652653713
1005002396702089
1005002085354552
32979433879
1005002134581862
1005001639795458
1005001726253058
10000350831196
1005002351400450
4001154339926
32924139184
1005002304918816
1005002319164136
32954005004
1005001588127873
4001150757854
32973497188
32976430185
1005002201808848
32866439998
4001243986011
4001232727778
4001045902413
1005002254485793
1005001402112421
4001022179482
1005001865964264
32906393239
4000685826106
1005002330761107
4000708980747
1005002253033022
32999865160
1005002273624949
1005002399762571
4001242775936
1005002327196181
4000902756918
1005001899065786
32877396308
1005002233926455
32794050409
1005002377405364
1005002253111283
1005001617432048
32823007213
4000793984365
32961554916
4001170950042
32380996575
1005001864875616
1005001963759365
4000207056704
1005002204560528
32676666932
1005002312726364
32948143589
32841713219
4000768039453
1005001924217414
1005002322028558
32957973123
1005002314394748
32537675439
32999909297
1005001555342252
1005002491251152
4000151031353
1005001609430617
1005002354059312
4000345615163
32840628086
1005002201185156
4000058435086
1005002483972941
1005002122306746
1005001514185855
1005001976194010
1005002450331363
4000822672491
1005002428070572
1005002165964242
1005002423908883
32939903659
1005001682633434
1005002387998936
4001180009209
1005001731095813
1005002322612328
32921999884
32984687998
1005001463071882
32829430474
32954355625
33015883193
32915197933
1005002059504065
4001042296661
32972299526
4000543475227
1005001715081277
4001194987503
4001242015952
1005002344884444
678782036
1005001524204122
1005002484899291
32966598585
1005002370709331
32788761001
1005002229832710
32352527524
1005002279032942
1005002346188759
1005002487061282
1005002483987395
32399236450
32848444383
32829789468
1005002320055108
32860869455
4000857319554
1005002319879276
1005002435988873
4001198930417
1005002473612849
32858862365
4000427182359
1005002358021391
1005002354455326
4000711397172
1005002314161820
32852589277
1005002256203516
1005002352875920
4000305370971
32887649669
1005001557044842
32939481856
32690893900
1005001882889058
1005002083801868
1005002433942111
4001314010291
32918501303
1005002347778066
33034067632
10000022099809
4000708100813
4000979129971
4001028050150
1005001325770063
4000798183368
1005002404191823
4001042738103
4001316684724
4000983527624
1005002490548092
1005002421048783
1005002357270399
32296107066
1005001900061855
1005001908338903
4001255481823
1005002348349989
32849370140
4001053980745
1005002314074373
1005002467410898
32860154786
1005002287937138
1005002085071406
1005002426151518
1005002365227285
4000771152437
1005002051131815
33023579780
1747733178
1005002167708851
33008534111
4001135786070
32948116906
4000714481461
4001200474604
32790773694
33020644888
1005001902717366
4000378592577
32807033724
4001164046274
4000420612253
1005001780515582
1005001508024315
1005002060151395
1005002313287588
4000512976570
1005001749883131
4001083923618
4000738769559
32522363849
4000463987598
4001225398807
4000830298830
1005001971967379
1005002397696928
1005001994335238
1005002358152961
4000089995253
32961983451
1005002322567903
4000032768686
32910855790
1005002230816915
1005001615345523
1005002304532417
33007084604
4000808601140
1005002340286625
1005002315944242
32807994402
1005001572205247
32835743413
32713758697
1005002319013747
32763444931
1005002288114326
4000459205359
1005002266636307
4001216830093
1005002177581799
1005001997522047
4001322156221
1005002421399986
1005002381542249
32960309355
1005001511669391
4000278236521
1005002075223079
32792045485
33019686206
33013547293
1005002338109983
4000581406951
1005002427284309
4001215820968
33039216828
4000354116871
32848816982
1005002095167737
4001079966579