32602505238
4001196116585
4000510738155
4000081982460
1005001475715716
1005001859605063
1005001391914759
4000456952254
1005002484244121
10000300904512
4000690999873
1005001436567026
1005002328058275
1005002263666262
32663726681
4000031436832
1005002228241632
616765134
1005001806285253
32907338157
32358837998
1005002394302532
1005002459566765
1005001304028719
1005001775502048
1005001893752234
32986309342
32893257899
1005002263785712
1005001491449147
32921102319
4001130824265
1005002416636357
1005002427040128
1005002314444129
1005001523799088
32861273724
32756533814
32835192008
4001254944404
4000742282129
1005002345025226
32955047450
4000445956235
32950072937
1005002353902447
32896919455
33003557822
1005002256946055
4000782407194
32699674379
1005002332561006
1005002392641225
32857992834
1005001580816083
4001339140318
1005001495401699
32885904154
1005001979872499
1005001611794085
1005002292141638
1005001281816766
4000898271016
1005001380826834
33011621345
4000059951479
1005002427863500
4001290554837
4000749430009
1005002342591059
1005002229489771
4001200238773
1005002334932137
4000078284672
1005002360076421
32968538939
1005002342054508
1005001699194776
1005002112711666
4001309510027
4001119624689
1005002368921883
1005001270499619
32870360785
1005002314067216
1005001361203728
1005001884410701
1005002381626721
4001209362597
4000960247934
4001264249940
1005001291924115
4000345325219
1005002409877191
1005001298107146
32858983870
4001029494473
1005001872952612
4000155851695
1005001571397228
4000351455511
1005001464358635
1005001346509475
1005001793032264
1005002413272477
32810472071
4000148045048
1005002237846728
32856395478
1005002411235691
1005001587342120
1005001774341360
1005001341028204
1005002389262565
1005002239836276
4000901259929
4001269488280
32818714893
33058454893
4001292323634
4000388679724
1005002363157100
32996428111
1005001879771931
10000157412374
1005001524081935
1005001762345033
1005001463752206
4001203185983
33026299595
4000138330847
1005002192047729
4000818889827
4000088990418
4000049299303
32860628612
4000679869223
4001185705905
32843541477
32962712984
1005002030390038
1005002217644434
1005002271092729
1005002295785312
1005002263718493
4000966612320
32626310538
4000077462718
4000147524588
1005001936306099
1005002321499027
4000410449687
1005002213097596
1005002384645251
32959564346
4001050086270
32977031287
4001003754138
1005002314395515
1005002314666139
4000466356819
32912614542
1005002412840355
4000125355798
32913830611
1005002014086655
1005002121316169
4001047243205
1005002201835185
33006332713
32837554095
1005002432602112
1005002353189084
1005002240423452
1005001762585310
1005002402628019
4000095854705
1005002295906483
1005002284530007
32961070337
32822387795
1005001687759031
32981987281
1005002409480217
1005002494155759
4000461275435
1005002096025996
32919071224
1005001303510549
1005001998947604
1005002301464639
32982477832
1005001411435524
1005002298415503
4001155613350
1005002384021228
1005002340155213
32859183962
1005001758528381
1005001848865337
1005001863711421
4001360224204
1000005846094
1005001436607283
1005001807256831
32680380072
1005001676388648
1005002328099413
1005001807949987
1005001429816195
1005002355842609
32602917841
4001225219153
4001006491356
1005001356755444
1005001567344002
4000537512283
1005001585316265
1005002256696666
32838300095
1005002241585860
1005002482011529
4000752416306
32898043393
1005001501071787
4000426718093
32856283954
1005002003651653
4001158700189
1005001458598253
1005002427851076
4001136249353
1005001346318856
1005001543923653
32990174464
1005002334252597
4000305077941
32978995533
1005001299534926
4001178479079
1005001764995605
1005001786469909
1005002115127504
1005002460497678
32919422914
1005002374351847
1005001930205504
1005002383777731
1005001968907608
32953392469
1005001821827002
4000319269085
32857450344
1005001824874532
1005001560724013
1005002275242234
32845374866
1005002386872034
32693689495
32829740971
32884585142
1005002333910003
33039466894
1005002252789980
1005002298551892
1005002439901064
33020451466
1005001511723183
32799367950
4001220492192
4000966548854
32920938572
4000177818537
1005002467182590
4000817293383
1005002475375136
4001230538978
1005002442922226
1005002207689340
1005002309858769
1005002364375187
1005001409642253
4000266903666
4000484925362
1005002125131795
1005001886071019
32920020644
4000971194469
1005001391599184
1005002364804647
33039986241
1005001896077251
32955466876
1005001373617843
1005002086476683
32929381677
4001344771322
1005001603170268
1005002292760698
32735792428
1005002329193869
1005001805112800
4001362184043
32804826760
1005002500340842
1005002418394299
4000429883811
4000812638468
1005002069192813
1005001546962093
32920737612
32765264408
1005002454408902
1005002362602321
4001315339265
1005002256580935
1005002244838587
1005002199380719
33004014482
1005002079475162
33019264956
1005002342537789
4000867209322
4001358415057
1005001961463055
1005002221770597
1005001315827703
4000801987718
32995833980
32984862285
1005001889657165
1005002059397539
32963811174
33017863058
1005002081849919
1005002363091522
4000548632846
1005001926866307
1005002482396836
1005002332938146
32892394302
1005002451891073
4001213663409
32471867630
1005002460438364
32964787277
1005002122360703
32969310292
4000834103088
1005001482449456
4000546572062
32955139792
33026790724
1005001658330367
4000028514809
1005002460032487
32280572704
33001596313
1005002482301982
4001126941328
1005002292917843
32792210462
4001268259667
4000955761619
1005002315576577
1005002478317138
32986235315
32885787222
1005001897947018
4000238674117
1005001803883228
4000434108089
32971958656
4000026104401
4000035604366
4000129610796
4001354587400
4001038742723
33060523023
4000193186630
1005002321000239
1005001375464908
32967701410
1005001634844698
1005002319194124
1005002224653834
1005002297199178
1005001591394778
1005001465461707
1005002162100083
1005002369584715
1005002365006005
4001241868178
32457037280
4000154105958
1005001711677568
32853154381
32882938093
32861061631
4001306341008
1005002285875143
4000955258607
4000881041551
4000027320956
4000547916535
4000202078591
32659627799
33025670606
1005001405410870
4001233944031
1005002080483287
4001094339244
1005001343609582
1005001615574985
1005002029083487
32790041863
1005001339262683
32635812937
32991588723
1005001444474448
32394348016
1005002321879500
1005002139401916
1005002280612188
1005002237730088
32793562543
1005001658610392
4000523071054
4000834494399
2055071156
4000112858734
1005002467562655
1005001738043409
33022611718
1005002049624403
10000168167244
1005002383566820
1005002309812541
4000144803346
32865403736
32865811515
32535954346
1005001420564013
32951824310
32943961742
1005002235867242
4001243984355
32907065537
33025566935
1005002350793716
4000427561488
1005002337784407
1005001581879452
1005001672810014
4001228033194
1005001496004496
1005001523922680
4001021425459
1005002342733109
1005002386779521
1005002368510087
1005002219782386
1005002460570696
1005002297981485
1005002442874776
4000893529709
4000248341839
1005002316540830
32879691815
1005001694387906
1005002132798501
4001269764497
1005001709804318
32826912548
1005002312483215
1005002075070189
32932728159
1005002481687557
4001039316141
1005001873156034
1005002264524635
32967755844
1005002382443075
1005001400383712
1005002462300337
4000967998049
4001360008603
1005002482031736
4001289984395
32790808564
1005002312207026
1005002358943840
32901311125
4001306485734
1005002373070004
1005002329881144
4001103414568
1005002258731214
32957642435
1005002265666154
1005002354709927
4000238771713
1005001970265847
1005002371855045
1005002249122766
32885077284
1005002314250729
32823300802
1005001422613569
4000984141526
32813472962
4000046066728
4001272385486
1005002319163190
1005001948776639
32668742287
4001340395319
1005002186512155
1005002040533341
32843283383
1005001804185980
4000766967886
1005001308292640
32687530424
1005002232384949
32925984993
1005002320563011
33013253031
4000760971470
32721771591
1005002395145895
4000429686284
32711021840
1005002314574956
32890276264
1005002314344965
1005002410969203
1005002350679904
1005002237742109
1005001290130726
32991008849
1005001902128260
32698150852
1005001438853839
1005001597200674
1005001809467553
1005001953439099
1005002373150072
4000674222917
1005002245882768
32960835491
4001119182062
32966302924
4000304105771
1005002263015290
4000528468638
1005002232984358
1005002047657232
32321452212
1005002347651283
1005001694050350
32958369742
1005001971681688
1005002428108035
1005002495316723
32856918677
1005001906814858
32979952107
4001050598610
1005002330687377
1005001942893772
32903242166
1005001561227564
1005002462599041
4000193517270
32845031983
1005001515044372
1005002271123319
32816693727
1005002312181064
4001256602425
1005002499346038
33000716179
1005001467766742
32829254408
32817239998
32933750191
4001013122777
32827285465
1005002338028148
4001103163944
4000687215077
32697742172
1005002263054798
32891274104
1005002372585797
32973759438
32695591778
33004348435
33009220932
4000894075823
4000084750023
33003310030
4000328285611
1005002467470084
1005002371882893
1005002418161688
32892380942
1005002252285139
1005002305590961
1005001304348034
1005002305046055
1005002051360835
4000477429863
32699577772
32863478337
32654277450
4000123366977
1005001899065802
4000814733424
1005001797470854
1005002365140563
33044421442
1005001667144372
1005001685500246
4001155662520
32368473376
32975674272
1005001329188891
1005002433220483
32930692785
1005002490796860
32847350739
1005001611940835
1005001360362503
1005002340158839
1005002232717652
4000586844450
4001190141293
4000865858552
1005001859995906
4001089475271
1005002332985813
10000321546542
1005002400952434
32826895574
32951593714
32895966755
4000970124120
4000883264003
1005001308482849
33050444001
33011565683
4001020403491
1005002007573630
1005001413292261
1005001968501928
1005002467980698
1005002224760335
32914622390
4000299299218
1005001525482386
32831700675
32872428883
4001067107647
1005002290954505
1005002490558813
1005002347827748
32967928162
32856181745
32387103473
1005002454418239
32246901928
32955356535
1005002314178484
32921644347
1005002362709679
1005002363273085
32947788014
4000584975905
32908148632
32838125371
32859592426
1005002357754068
4000850611484
33000098867
4000960108870
1005002260520523
1005001651703156
4001320844851
32889828107
1005002357959733
32992978253
1005001519879704
1005001985148114
1005001834305019
33039632507
4001278738284
1005002344975796
1005001869032472
1005002114594771
1005001671882398
1005002305928329
1005002367365456
4000204673975
4001365755186
1005002311997655
1005002196490947
32617239353
1005001577086461
1005001424870949
1005002330105380
4001014850233
32867933544
32908601288
32866441000
1005001611384449
4000497989388
1005002363777586
1005001640504854
32918468913
1005002115472264
32787370870
4001149298749
4001022203471
32997807047
1005001489170387
32861673430
1005001478058425
1005001648188932
33059459707
1005002021456860
1005002160183418
33004054302
1005001949514786
32917969385
1005001284971976
4000849731552
1005001748341767
4000247584399
33007446467
1005002233602179
1005002191166682
33050303174
1005002262940585
32809138299
4000841172486
1005001814819461
32888580226
4000126096814
1005001491453275
1005002323489011
4001228517707
4000266423492
33059741292
32860817221
32817231217
1005002395061508
1005002358755829
1005001442063473
1005002284476499
4001209481161
1005002306203787
1005001980416956
1005002473489078
4000053396080
1005002123898222
4001114129221
1707710553
1005001824826526
1005002476806310
1005002020106797
4001061612773
1005002265698377
1005002240098902
32881576786
1005002417400146
4000081717665
1005001889051041
32975786708
4000138496551
1005002413324080
4000372820607
4000357117244
1005001409107253
4000303349367
1005002252882818
1005002280553883
1005001748357286
1005001480454551
1005002326667558
32980533123
1005002298358623
1005002003083503
32819868835
4000791131749
1005001334197181
33025931081
1005001314704004
1005002255383393
4001278974572
4001032877982
1005002245752494
1005001863357271
4000034802992
4000161220416
1005001529158415
4000800313536
1005002241040452
4000374796487
1005002328235707
1005002427985960
1005002343076633
4000955354881
32815243142
1005001524960530
4001205743584
33023259389
4000666097535
1005002007718850
1005001579199142
4001200191473
4000606814215
4001128594270
1005002242407199
4000029064781
4001175478694
1005002443991534
32913861625
4000843494534
1005002079334954
1005001409162196
32790941122
33045298553
1005002419389817
32905206553
1005001879747539
4001003539863
4001303305403
1005001445487410
1005001586352522
1005001656749773
33050371634
1005001718912441
1005001726676044
1005001652380456
4000073792318
32847727983
4001044378218
4000434332014
32670401486
1926401993
1005001732318767
32966221128
1005001590421267
4001290004010
4000547427621
32886292692
4000618487846
32967807996
1005001936836231
1005001846112789
1005002371631507
4000112063810
1005002278071779
32955402941
1005002040286392
4000338103179
4000484180678
4001095450002
4000793597135
1005001592946864
4001079750349
1005001305080602
32991098890
1005002091595722
10000193188270
1005002296744643
1005001992280244
1005001884048425
1005002309819596
1005001851679095
4000304862345
1405403627
1005002246426505
1005001652086737
1005001393982978
1005002435939563
4000069031795
32942678405
1005001776880079
1005001692958300
32963352874
1005001418703827
1005002190403309
1005002382888175
4000019977681
32978619283
1005001781137788
1005002377289644
1005001882398537
32956531801
4000259958299
1005001878244428
32808304453
32920648712
1005001905701730
4000504824218
1005001671082363
1005001488674402
4001089827113
32423132867
4001101621774
4001117605403
1005002362841489
1005002086779997
1005002270321565
1005001816970667
1005002147308546
1005002364062608
1005002220852291
1005002287801736
33004011477
1005002333621294
1005002358303515
4000555069949
1930786830
32439488432
4001348146054
32988915419
32697651612
1005001329354981
1005002322013662
1005002198853309
1005002286659708
33030393314
32965431223
4000740266592
1005002194315232
4000777935205
1005001549036297
4001278821676
33015578788
1005001465596796
1005002341287555
32952811161
1005001683194474
1005002487888563
32980025005
32879706512
1005002147558923
4000205775682
32455291712
1005002235484684
32854756178
33004214121
1005001962099204
1005002322196040
1005001892032943
1005002372324708
4000989051699
1005002420566404
4001040946402
4001030414820
33060166221
1005001646599624
33026482465
1005002236346604
519047704
1005001594759976
32890610792
4000479139806
1005001390027877
32813316867
1005001793211208
1005002325395085
1005002359748808
1005001639761022
1005002480109643
1005001314301267
4000760986643
1005002376967277
33016998294
1005001603263324
32887498998
4001254743454
1005001779943270
1005002197220375
1005002225056049
1005002447011992
32813965647
32881009342
4001315131610
1005002467678573
32693487530
1005001570653206
4001059036043
4000504873267
1005002037217807
32847130281