4001223394642
32991964222
4001098335359
1005001571540258
32856411840
4001037145680
32958680030
1005001646755416
4000694679531
1005001770251758
4001150348167
32982777480
4000850458194
4001197468156
1005002492312968
32854651663
1005001304680607
4001235732060
4001145265712
1005001334323578
32963696457
4000552216029
1005001419167550
1005001648479056
1005002411070398
4000682638700
1005002116188401
1005002500446813
4001173917267
32890160450
1005001597763217
1005002408387744
4000691327063
750997602
32997656246
1005001413137931
1005002327652801
33059597765
1005001501019818
4000282505440
1005001614213581
1005002287380614
33056005422
1005001565924176
4000427108021
4000339200553
1005002340358649
1005001671625012
1005001450504973
32965166598
4000843261241
1005002348568617
1000005514534
1005001671686114
1005001952637966
1005001626327695
4001129245602
1005001284549346
1005002421551103
10000051698959
1005001474993091
4000758652277
1005001498997340
1005002388032368
4000982658705
4001131544904
1005002239822049
32973724884
1005002326251716
32822280794
2012440458
1005002490015836
32916776826
1005002262388624
1005002426383257
4000994458741
1005001446367332
4000896303509
1005002282358132
33011318181
1005001315139751
32853036352
1005002267733846
1005001715152029
33045337930
1005001763701721
1005002440738977
4000141854534
1005002464896147
4000219713848
1005002063264565
4001230359540
4000863720569
4000087850919
1005002396304406
32589581959
32916356289
4000357976877
4001061299427
1005001664984205
4000818208700
4000834299861
1005001408776014
1005002265144643
32804520313
1005002296827041
32796157668
1005002312170537
1005001312975094
4000989398148
1005002335334386
1005001615552350
4000114797110
4001146665338
32739746133
4001130831551
1005001865056110
1005001304623652
1005002318025545
1005002474543489
1005002319454490
1005001332176034
4000955854391
4000027086587
32987414553
1005002290591298
1005001704167692
1005001511160995
1005002318539135
1005002315350199
32982627845
1005002243994627
1005001637582132
4000833635938
4001315882234
1005001918495426
1005002190046809
4000251720288
1005001762338538
4001315949685
32998561920
1005002462854655
4001143522280
32395789765
1005002311749825
1005001346751646
32828039073
1005002497364996
1005002462000031
4001220773736
32957108384
32450406545
1005001488882548
1005001374369806
1005002122426301
4001243514353
4000709992834
32883077925
1005001895654819
1005002340509819
1005002382365354
4001177804292
4001164388204
32962617276
1005002334724826
1005002500451406
32799010410
32847410466
32975450010
4001041097287
4000394057606
32891096008
32807811284
4001354441005
1005001446100205
1005001688227225
1005002259374640
4001245033276
4001290104660
1005002337144283
1005002260586278
1005002467423406
1005002002062845
4001226354274
4000693276063
1005002346302901
4001157075193
1005002443632759
32997402768
4000063106954
32804284667
4000155994489
1005002286987410
1005001869019073
1005001867303458
1005002298218100
32890726598
33022712405
1005002489271751
1005001494760996
32947950632
1005001853013995
1005002151057792
1005002446590320
4001288051948
32817771776
1005002436680507
32858504823
4001098478247
32855713108
4000967780737
32906982428
4000983678417
4000639814747
1005002108020158
1005001653006528
1005001547447885
1005002319144883
1005001885652977
1005002026800173
32969018501
1005002328605655
1005002220379021
10000032404322
1005001418339844
4000926811381
32955692429
32962139936
1005001311027146
1005001377327575
1005002356516484
1005002084801530
1005002260016035
1005002474912541
4001278414146
4000752322385
4001264506056
1005001699161706
4000166989824
32845955751
32917545178
1005002361369740
1005002171621777
32827886357
1005002301213150
1005002488351420
1005002224022799
1005001708091921
32852268002
1005002425844959
1005002320040227
1005001792463395
1005001723956781
4001216674570
32828636057
4000292009030
4000911524877
32965421727
10000238326805
4000343294327
1005002291729712
4001278157497
4001282679812
33026354855
4001221683829
1005001265882408
1005002314451622
4000390921346
4000711754190
32970169056
1005002339906292
32345136717
1005001754244283
1005002377936572
32991371163
1005001582895940
33021958631
1005001355701937
32850731158
1005002278275144
4001260548865
4000597699368
33031218638
4000788202585
1005002439735677
1005002336725042
1005001781114378
1005002348253048
1005001493132909
1005002329289511
33024842134
32995158819
32782349720
1005001990818578
1005001525425609
32914335480
32847618580
1569499094
33013076968
1005002319224359
1005002314189922
1005002377122675
4000047993593
1005002371265993
32799864871
1005002051552800
32986757790
32251718944
1005002260430215
4000740913642
4000680257950
4001057580619
1005002459510320
1005002340900935
4001257152421
4001106689597
2038210785
4000516574538
4001072118675
1005002181413211
1005002276507781
1005001494873774
4001299153574
1692798719
4001235098903
1005001494871128
1005002409513801
32901218984
1005002314175974
4000258088731
1005002240584767
1005001472009167
10000051900183
4000709004643
4001224043421
1005001834215240
1005002454376685
1005002292833438
4000807718180
1005002271694757
1005001779053090
1005002313862544
4000764593567
32892991565
1005001988745737
1005002287317458
1005001699447910
4001339471203
1005002281986116
1005002449809009
32866503742
1005001635368060
1005001478498886
32950328018
1005002333413558
4000369531472
1005002019222581
1005002268393690
4000294490522
1005002185607448
1005001560665299
1005001390495636
4001305194612
1005002377256619
1005002363178610
1005002112315390
32827864603
1005001809140657
1005002333688213
1005002388318545
32831536094
33012018991
1005002381701251
33020892554
1005002284727385
1000008705446
1005001470723981
4000548704949
1005001587998228
1005002339852484
32968564062
1005001321785246
1005001862625183
1005002279009277
1005002339590291
1005002339128436
4000495468515
1005002400091272
1005002278770562
1005001926710215
4000017519874
1005001615737386
1005002402997290
4000350180107
1005001375677921
4000310408845
1005002265519961
32833809726
1005002357854277
4001005968347
32721494869
4001267676387
4001175565034
32992306340
4000618765811
32757969453
10000391368208
1005002359704938
32899643043
4001292554025
1005001394233346
1005001287292390
1005002261986332
4001354576700
1005002092125392
1005002259301866
4000389294864
1005002323189738
1005002382057262
32867309308
4000749724571
1005002283881729
1005002312071633
4000381042689
1005002166303425
1005001619715925
4000807102128
1005002270365265
33033059952
32833028598
33064379515
1005002319035879
1005002346227538
1005002310761709
4000513307555
4000096599334
32818532018
1005002496193752
1005001375706710
4001178808441
1005002279571972
1005002234797945
1005002331747769
32883497568
4001125093705
1005002030376968
1005001376284410
4000844421980
4000022376815
4001065682579
10000002733940
1005001769083579
1005001344706034
1005001434281779
1005002344585090
1005001716036795
1005002303991710
4000262653638
4000040841814
4000928037363
32807218735
32657554718
1005001900860911
4000042542525
1005002364250313
1005002347329174
32823693272
32947701372
1005002048818341
4000902203411
33039039227
1005002347351008
4000840793799
1005001693194885
32884122549
32687930317
2043582424
32627088741
32895164190
32886860768
1005001471785947
32887651598
32803095908
1005002404033327
1005001748055031
1005001959960575
32635614323
4000343317760
33000058071
1005001844025109
32827016223
1005002358670560
1005002359621212
1005001756478158
1005002292869178
32979437849
1005001731699211
32816058119
1005001843892098
4001166722731
4000189993619
1005002281801224
32974296668
1005002350295674
32792840064
4001218988040
1005002423967899
4000956201095
4001200301386
1005002398508976
1005001359378540
1005002320912342
10000039037518
1005001927206036
1005002087648403
32939129059
33034363137
4001162945982
1005001584728007
4001042578225
32978380783
1005002367886404
4000840122741
1005001281401232
4001111649683
4000144715633
1005001981949460
4000336562689
1005002315638066
1005001948521686
1005002271427841
1005002322934132
4001205807804
1005002224306322
4000718266107
32986233432
1005001993131607
1005002252623598
1005002258703268
4001146654460
1005001880247836
1005001438859222
32539996856
4001236525165
32545099399
877604424
32959945739
32359398643
1005002328078227
4000036702362
32972933820
1005002309214665
1005002400370236
4001023518362
32978088798
32787595344
1005002418181220
1005002357862250
1005001815265837
1005002338984745
4000281646488
32961951823
4000471967224
1005002294523908
32852492016
32989295008
32881116994
1005001507221463
1005002239141599
32902170527
1005002450195102
1005002443715288
32948254348
1005002396584338
1005002293385757
4001261110698
1005002255900492
33034045987
32919258974
1005002301230962
1005002318885417
1005002219773788
32799363315
4000705738647
1005001386312623
4000080231680
1005002377246451
1005002296771682
1005002453722220
1005002314405001
4001254166981
4000498429272
1005001896343317
33037170215
32615729592
4000415285426
4000235906078
1005002388977264
1005002394800654
1005002260109804
10000088333617
1005001645534488
1005002129718836
1005002355808127
1005002086307608
32955131055
4001131195124
33046503784
1005002445894905
1005002433903494
4001248634003
32885203302
1005002135812993
4000087349019
1000005141175
1005002301943996
4000148803933
1005001714573257
1005002253451238
32959535649
1005001733373204
1005002052680155
1005002489879589
32991809460
32657729836
32899046564
1005002266394110
1005001573436701
4000586328450
1005001304590465
4000302257218
1005001359187481
1005001586387090
32985348224
32970239456
4001360253624
1005002129133932
1005002482460573
1005001960124174
1005002368655220
1005001279470737
4000199054537
4000412465556
1308413123
4000504264551
4000263951365
1005001685987909
4001039879748
4001225111686
1005002259632372
1005002256619007
32983611480
4001241789776
4000198624092
32589205124
1005001844953533
1005001633189786
1005001562124297
1005002020122494
1005001848266831
32794309041
4001084237644
32921100060
4000183504422
33041617461
1005002411368173
33063374910
33052251424
1005001931567624
32973880370
1005001835069953
4000241377173
32851039591
32887424104
32784879521
1005001498768251
1005001980234677
1005001775620474
32861221264
4000349819971
32906041351
1005001667272734
1005002400295599
4000546200651
4000688546621
1005002428261681
32877775553
1005002404150083
1988767574
1005001484466093
4001285223957
1005002469153910
4001057672641
32323988877
1005001888867912
32883998773
4001089194061
1005002295396872
1005002345914905
32964069215
1005001570382959
4001083947170
32723311629
32871323862
1005002221272358
1005001976310112
1005002377576777
32995507417
1005002345829139
1005001446628527
1005002192398715
32758716180
1005002342358972
1005002433810270
32887549021
1005001998917046
1005001587778218
33022154806
4001237486080
4001296861728
1005001882322594
1005001934587298
1005002396698570
1005001677848475
1005001863230837
32953495397
1005001889431574
1005001494225816
1005002048342921
4000505964454
32365298160
1005002314347004
32971885400
1005002423421190
33044436544
1005001645143079
1005002353696412
1005001658521736
32791073733
10000402347370
1005001598776046
1005001907873784
32712755319
4001189696070
1005002466993419
1005001451915323
1005001973595087
4000062738652
4001014387124
32891577950
4001298663565
33044317085
32855361209
4000903740868
1013394454
32608322046
4001256512991
1005001658029810
32828867152
1005002342083168
1005002292242463
4000960564987
1005002465329330
4000217876811
2046677231
1005002260757363
1005001298558042
4000666194037
32734952258
1005002333609300
1005002313611932
1005002253187705
1005002019362040
1005002323010060
1005002430478007
1005002208065911
1005001645267042
4001084187853
4001172781250
4001037255460
1005002221539093
1005002014857832
1005002306365997
32963588083
1005002340914305
4001057893759
1005002122286620
4000985060803
4000377274917
1005002304452039
1005001619578054
1005001753759420
1005002380820719
32858941936
4000153380002
32844442792
1005002233388384
4000354216396
1005001928610919
32831708295
1005002310698508
1005002419243424
1005002310006268
1005002463956382
1005001955059154
4000623308950
4000548961768
1655497153
1005002355388415
4000736143144
32887086250
1005002461851650
1005002223916515
4001019747005
32896402877
1005002325363411
1005002241997590
32826109104
1005002354484401
4001248174765
10000402368047
32821549857
1005002390280928
4001090618415
32964461879
1005002390329020
4000684552486
1005002252345532
1005002404274402
1005002285932644
1005002317519336
1005002443470738
1005002312259284
1005002316554665
1005001919016390
1005001888947849
1005002312127262
33043663935
1005001845671078
4000242098327
1005001431014235
1005002476040769
32861089931
1005001706238207
32955023670
1005002454397410
1005002310039416
4001248774079
1005002311264807
1005001858304935
1005002490524073
4000057550860
1005002262150906
1005002490414437
32915489796
32828252907
1005002248530182
1005002394001748
10000397743421
1005002264609256
4000301777961
1005001755417789
4000237973012
4000313992822
4001021716057
32390588758
4001062084500
1005001389667310
1005001736842339
32616741004
4001080937248
33038606044
4000928509234
1005002259922733
32555596933
1005002319928121
1005001446622586
32851296239
1005002439355477
1005001665890051
1005002413672375
1005002372559802
1005001994176415
1005002048604217
1005001779914131
33018762651
1005001694100139
4001169609295
4000889112800
1005002199326881
4001146366112
32706016146
1005002315484156
1005001867708631
1319793056
775140911
4000989731030
1005002271688263
1005001282321184
1005002246094328
4000112800444
32988817209
4001160208747
1005001884442967
32825827750
1005002014464472
1005002042474363
33009242688
32823686527
1005002362887743
33018583869
1005001826118482
1005002074956881
1005002209949940
32589904069
4001341530725
1005001524950326
4001217804974
4000142312044
4001162291354
4000545854490
4001198393985
1005002432918330
32789401361
4000304565327
4001189334005
32840645323
1005002270608003
32599773872
32856907759
32747564077
1005001950364228
32992767132
1005001431984513
32247586529
1005002055411754
4000982265323
1005002439594386
1005001830160926
1005002314337586
1005001897319600
1005001871179469
32993967239
32780629909
33048435188
32275914337
1005001448811482
1005002380486246
4000935332535
1005001727139680
10000212143758
32469656449
1005001620703609
32859010610
1005002384730750
32967090083
4001231247974
4001262414212
1005002382842304
4000692112124
33005641506
1005002244376467
1005002426010965
1005002103160224
1005002363429672
32965386153
32841536232
32911395798
32919855236
4000349427369
4000418676690
4000093847501
4000324769331
4000018826149
4000449440655
32897616093
1005002364304168
32988971231
1005002270058783
1005002350612994
4001322962896
1000005730821
1005001802596272
33003607032
4000713911223
1005001855721657
4001057977224
4000318397593
32974925265
4000170186199
1005001360825052
1005002218230016
1005002474382986
4000381011763
4001213877921
1005002012094078
33007242295
32948144868
4000842982570
4000925998516