1005002435053246
1005002212315524
1005002293544428
33012320627
33002506938
4001005428708
1005001540910260
1005001869440508
1005002344972117
32921855417
4000930926232
4000777808765
1005002313286018
32711446430
1005002467430376
33020982181
1005001659213186
1005001999522158
1005002425578949
1005002039253391
1005001506751706
1005001961733095
4000521910631
1005002449398266
1005002286788937
1005001641284557
4001079754741
4000322044777
4001003762777
4001230046860
1005002279471571
32815383421
4000842983719
1005002350780484
1005001870625768
1005002307455934
32952932966
32826740509
1005002374483973
32959200798
32898310362
32889352550
1005002254510052
1005002393078044
1005001350320493
33019569266
1005001889721212
1005002292311990
32699122603
1005001768011511
32910677774
1005001370445047
4000546592739
1005002228225684
4000132225489
4001240868580
32976150867
32830291247
32770391208
1005002457718955
4001115928920
1005002373108381
1005002262137607
4000398502648
1005002483035151
1005001599325297
32986663675
33011397584
1005002304910849
1005002110526917
1005001880445433
32947791901
1005001998865658
4000832631210
32947142958
1005001506090226
4001270290209
1005002377690421
4000707558599
32565480289
1005001618117598
4000979842296
4000232006433
1005001401718987
1005002122484012
1928621781
4000110825744
33052431931
4000928431690
32749882738
1005002467836079
1005001430188491
1005002181835625
1005002317130250
32889209162
4000981724232
32886000834
32352378224
1005002281790799
32268166885
32794386107
4000088766631
10000402066153
1005002289696894
32909213346
1005001780744347
32847071744
1005002186962388
4000138860557
1005002271058694
1005001579064638
4001254399874
32969781237
1005002460193879
4000190473808
4001192897459
1005002296100646
1005002362426192
1005002246861788
32793429150
4000693844902
1932887313
1005002137307187
1005002362858528
4001159985213
1005002321306901
32567188581
1005002365456003
4001159529701
4001272027699
1005002288805328
1005001893977461
32879184071
1005001882264418
32931308504
1005002265568472
1005001913492690
32885501863
1005001786705846
4000309940099
1005002272263147
4001221656920
32553815519
32618672138
4000106379162
4000080674054
1005001394124814
1005001510237491
32917313372
32809913859
1005001838261220
4000495267243
1005001774286239
1005002210287835
4000629878009
1005002460431460
1005001493821733
1005002286089069
1005001585096418
4000881610119
1005002224090211
32816024804
32536838574
4000478882737
1005001756034642
1005002328284634
4001020975513
33031668926
32917573471
4001017446388
4001142986758
4000311668844
32905922403
1005002377858654
4000715398478
4000714207536
4000893380683
1005002212064029
4001289643204
33014231897
1005002485273080
1005002334803495
1005001988779485
32878165420
1005001457576851
1005002353581134
1005002370215380
32982654487
1005002229111056
1005002260082534
1005002403993538
4000115417116
1005002068136488
1005002349960031
1005001630602979
1005002333953747
4000109223240
32875926001
32332444805
32919664883
4000009106995
1005002377811786
1005002427873421
32319847072
4000205930580
1005002435992291
4001262564027
32980693020
1005002346343635
1005002428291617
1005001375707165
1005001864752641
4001226957282
4000726442661
32976388617
4001302869129
4001230612672
1005001525274843
1005002323166750
32273451582
4000268213606
1005001361827109
1005001437860171
32924230174
1005001858294025
4001274264528
1005002362967535
1005001561252608
1005001835334904
4001176722346
1005001690725613
1005001644191089
1005002490963293
1000007276708
1005001685954364
1005001686039592
1005002304207924
1005001793281902
4000817401714
1005001339643104
1005001515092547
4000420249551
1005002395788011
4001275035387
1005001992184858
4000811175803
4000043569846
4001217635845
32893280365
1005002314203265
1005001599195622
4001183853351
1005002340358561
4000333312318
4001056006964
32975331860
4000989600082
32812437232
1005002089231945
4001013497099
1005002318672365
1005001840224155
1005002351330063
4001288202834
1005001597536726
1005001587391291
4001266984939
1005002203733475
1005002414645527
1005002355901525
1005002090076886
577205494
1005001884796417
1005002475905684
10000012911083
1005001870343832
1005002025258690
1005002362120075
4001189232286
1005002329904176
1005002314233288
1005002142919612
1005001921033743
1005002334076555
33014323828
4000478789637
1005002406668834
1005002115472519
32233263367
1005001586079832
10000144076906
4000955775851
4000547749526
4001142342084
4000201752830
1005002261907219
4000136086067
32875966098
1005001775165717
1005001640682280
4001175210961
1005001429461693
1005002337241144
1005002187684776
1005002288674907
1005002396835428
1005002377228140
32991377832
32462483958
4001294084683
4000293416532
1005002212199210
1005002259699613
1005002378095136
1005001993207761
1005002268593337
1005002244642697
32886280189
1005002179375500
1005001335767573
1005001446935252
1005002297901109
4000398018347
4000955868483
1005002225165952
32814996583
1005002292326562
1005001741408326
1005001525406594
1005001333173936
4000558122253
32347632114
4000772469670
4001315056611
32532281719
1005002490098916
1005001884738504
32428298370
1005001520489619
1005002425484086
4001278995238
1005001483705170
32922578087
1005002345806761
1005002049145634
1005002111257548
32890874122
1005001670743881
4000384489521
32804953141
1005001441335375
4000783780136
4001222498189
1005002281091057
4000850794831
32886655260
1005002322621543
1005001657544698
1005001821477662
32915945141
1005002127906655
4000459788986
4000662428448
33025507953
33034569226
32851612697
1005002272038121
32868910438
4001260348487
1005002317227432
4001237646309
1005001841399481
1005002371925535
4000940991041
1005002208283290
32852398791
4000047282375
4001228734166
4001259420109
4000280991601
32908745779
32716146497
32981167989
4001169483680
1005002417523402
32885729858
1005002277528915
32951677313
1005002074532052
4000784222629
1005002348439770
32983190093
1005002471583915
1005001317774728
32949024698
33034664105
4000931406531
32952110185
1005002319217418
32412938056
1005001861551776
1005001698471641
1005002315133944
1005002103775048
33058593879
32817688441
1005001856989965
4000129737118
4001292991077
32861848937
1005002423998063
32824083193
1005002330676875
33002966315
1005002225353134
32944701128
1005002412201963
1005002080781550
4001181043811
32992370730
1005002328356980
32628456233
4000867466310
1005001338627839
4000955806853
1005002261483655
4001293409747
1689314397
1005001873474617
33003162994
4000188841318
32857326975
1005001540110946
32654018667
32817087857
1005002302666164
1005002439148040
4000510291958
1005002318733513
1005002466788959
1005002254349389
1000006149525
4000733052364
32916787460
1005002172489370
1005002258730512
32970033856
1005001346334377
1005001680575276
1005001832123931
1005002310705747
1005002471643440
1005002316603115
32525731530
1005002182253706
32901443887
4001177861846
32996349515
1005001973597149
32821252665
1005001817029381
1005001614412951
32982911220
32836065027
1005002468904369
1005002388645755
1005002263905191
4000281068543
1005001830176070
1005002426598291
1005002406285642
1005002460474861
32964122568
1005002422804378
32709720792
4000128480102
4000619848029
1005002091611376
4001299437428
32825692323
1005002314302364
1005002028931277
1005002433912353
4000377075327
1005002304713962
32918165890
4000702310121
32965993058
33017395193
4000321476224
1005002161867046
1005001955013133
32827966084
1005002119244729
1005002111010808
4000780012700
1005002317990913
4000834617752
4000248214445
4000138748974
1005001758367807
32847425537
1005001511561659
1005002204349450
33051073770
32807632339
1005002460570797
1005002328992136
4000012587564
4001035063513
33029315534
33042333636
4000849004745
4000761433525
1005002329575850
1005002303671526
1005001296256337
1005001304999167
32804136383
4000244646602
32759731854
1005002310916552
1005002386350028
4000956296599
32910246483
32867960006
4001054325178
1005001525331698
1005001479943419
1005002321817083
4000905684458
1005002175250524
1005002466117149
1005001809889783
4000770016224
1005002408371940
1005002284639044
1005002321277567
1005002171027422
1005001433254416
1005001958777373
4000483703366
1005001522442609
1005002263007272
4001290601281
32832168556
32750353324
32684323238
1005001841374655
4001218844870
32677566989
1005002176295724
4000300194657
1005002346626548
32808875365
4000566986471
32955886414
1005001786855851
4000387865309
1005002314871774
4000032752992
4000880966196
1005002321994465
32974661019
1005002295358960
1005002484455819
1005001617727313
4001215957896
1005002409753255
32856272490
32622463401
33019848173
32892063871
32697699137
1005001758217919
4000902545435
4000939141541
4000326565648
32803508650
1005002319360452
4000809249057
4000396479100
32966071100
1005002339345451
1005002400255452
1005001606818562
1005002425288729
4000709652947
4000189032489
1005002290062450
1005002167783903
33010837433
4000134760596
33057290817
1005002301507125
32793768569
32845913605
1005001917044936
4000102287488
32969323885
1005001489818311
4001201277185
1005001333686861
33004821291
1005001543994788
32881912813
33012462070
1005001439087721
4000846602641
4000084840445
4000259451631
1000004616568
1005001504555963
32904090161
1005002344869681
32698918503
1005002051163711
4001242463418
32329262248
1005002358476073
1005002258252698
4001127098370
1005001506037713
1005002420652819
4001313056108
32908510596
32987392352
1005002192369420
4000348279021
1005002012330462
1005001320050430
32986555855
1296763699
1005002321122901
1005002476351494
1005002212257961
32836195383
4000828400862
1005002068085288
1005002474038040
1005001631556939
1005001935905015
4000943910214
33036891764
1005002312288087
1005002379266306
1005001808602375
4001307747435
33027165359
32779323180
1005001985478760
1005002405640665
32513617273
1005001313943188
4000828561070
4001150485988
33060843444
32971626424
1005001848422445
32450995110
1005001803460192
32757614892
32887617413
32910078166
4000225995644
1005002302135281
1005002388198883
1005001977546521
1005002306155202
4000989442523
1005002448877023
1005001387965353
4001004820316
1005001495278756
32964319177
1005002243408559
4000270791818
1005002422162490
1005002128415174
32662061531
33012502829
1005001632731968
4000054856962
1005001437448714
4001231249480
1005002382226652
1005002246557272
4001119843873
10000402401326
1005002264726821
1792159384
4001177703376
32777159697
1005002287472059
33048681441
1005002459905360
1005001683882268
1005002264553019
1005001762880573
4000120925066
1005001671079962
1005001942812623
1005002481633485
1005002409877282
33020087002
32864578667
1005001956493605
33053573360
32840481663
33012724744
32939118170
4001222560456
1005001475202687
1005002384034220
1005001479884235
1005002394157449
1005001892235409
1005001780803551
1005002398097034
4000509818702
1005002337213558
1005001333383999
4001187271545
4001160224818
1005001927662053
1005002321822392
32843487895
33033639351
1005002289977504
32837194640
32956073623
32757553134
1005002330250564
4000144187156
1005002327765361
4000789321301
1005001809175269
4001104112987
4000020384944
1005002239595957
1005002177184419
4000911701108
33047893868
32842218157
1005001949268040
32875754463
1005002324294811
4000803688304
1005002219438504
1005002376335172
1005001602807280
1005002172907348
32438256554
32838546775
1005001611196634
32997139865
4001050508203
1712039343
1005001847627349
33032565899
1005002305144259
1005001321346477
32988348456
1005001626759703
1005002465331851
4001185878326
32998606141
4000015423560
1005001707864984
1005001599534716
4001255262609
1005002264716268
4001196391915
1005001538417797
1005002074397899
1005002327987811
32942832140
32972169664
1005001928452903
1005001835384493
1005002312295372
4000344215009
1005001666178175
33058065868
4000638527492
1005001934834080
1005002267858473
4000026094184
32793015480
1005001303827895
1005001640873035
1005001869309669
4001205324010
1005001780183243
1005001299426049
4000723617642
1005002446830872
4000181904820
1005002131279029
1005002364757761
4000312402197
4001078855417
1005002420609738
33046628848
4000108607828
4001117770642
1005002319343179
32909152788
4000468687198
32914692059
4001188609588
1005002240344188
4001228644385
32837639346
1005002494061913
1005002372301829
4000931120794
32960108480
1005002323882778
32841705455
32967081347
32873599141
32778339815
4001167915867
1005002206572649
1005002496542199
1005002368212644
1005001441283831
33058569423
32908805201
4001190089730
1005001936418057
32343431409
1005002297297553
1005001519578223
33025293939
32860571804
32977705953
4000308861216
1005001755998342
1005001958749602
4000464708492
4001270301574
1005002351965397
32702675162
1005001382419184
1005002198818701
32947104777
4000873991341
32966318294
33011184982
1005001431169747
1005002187657313
32988798404
4000860443775
4001160073923
1005002265828915
32928364845
32773967655
4001361680264
1005002312057046
32834387729
4001268903020
1005002465744759
1005002377762694
4000314190503
32898739453
1005002091402043
1005001657894727
1005001804546337
1005001274435771
1005002466247433
4000056826107
1005002338730938
4000711236873
4000453217040
4000807804898
1005002228244908
4000990800877
32922359660
1005002499298539
4000655847795
4000642339055
1005002259631889
32833258876
32701110596
1005002332549440
1005001957511440
4000120978897
32348940926
1005002457290983
4001227264027
4000772541490
4001112400123
32724553879
1005002314198443
1005001882484691
1005002206294728
1005002256435774
32934279561
32963753156
4000544624670
1005002238612879
32853740724
4000795182367
1005002498805768
4000995648959
1005001841499811
1005002340870682
1005002484605688
1005001570655019
32816555263
32885212305
33010314043
32978451782
4001031639537
33027533185
1005002358469481
33056770686
4000529088075
1005002328103604
1005001731346302
1005002359346726
33005219028
4000470784444
4000570416519
32919251240
1005002313088699
1005001678428126
4000550287758
1005002446274733
1005001965194933
1005001588033236
10000376106575
1005001519777258
4000046569644
1005001808443680
1005002388385043
32633686208
1005001901584928
4001078848032
4000470416385
1005002333516179
1005002480003749
4000617364436
4000743555182
1005001903654837
10000228878077
32905274503
4000049515679
4000377499017
4000313284561
1005002110666700
4000743837843
4001253377656
1005002400431478
1005002401098775
4000419997479
32956492692
32916341137
32800305991
32873475030
4001149789924
1005002419007561
1005001525276909
1005002284019989
1005002371952104
1005002162057763
32871611481
1005002465760619
32811013165
1005002348501146
1005002335407899
1005002217802918
32900426539
1005002104708545
1005001977656219
4000571106531
32901731901
1005002334134131
4000780025826
4000474461754
1005002384539079
1005002167809525
1005001277971672
1005002340829871
4000722191555
33017269327
1005001592956285
4000498612806
1005001848432285
1005002467518720
1005002125950410
33041146831
1005001482901771
1005002341621882
4001120533687
1005002394000060
4000424469744
1005002418446219