1005002230897954
1005001860855418
1005001976477923
1005001866276873
1005002294578622
1005002394567041
32974742070
1005002390963726
32958762000
1005002495638915
32865534824
1005001609359663
32859561381
1005001489618300
1005002263936407
4000837560442
1005001863068628
1005001501756366
4001016098953
4000060895554
32907091706
1345866573
1005002124374659
4001314478575
1005001677829331
1005002453248379
32910957975
1005002143555905
32853788893
32751035774
4000268072690
4000955834168
4001290476847
32406574004
4001021336111
4000844665790
32878401735
4000899163013
32963592394
1005001714491653
1005001988143011
1005001987527193
32771883776
1005001814021037
32889074565
33006417789
1005001929203952
4000339974908
4001041268293
4000594753874
1005002314226768
1005002329889755
1005002002436496
4000121413305
1005002319091932
4000856257533
1005002268498342
32881986342
32386210586
4001210968868
4000625504028
32949972350
4000615376560
1005002363922228
1005002304166665
32958686191
4000077474468
1005001367974374
4001075323373
32856337207
1005001284949393
1005001715306506
33027816677
4001351461673
32918936925
1005001609201771
1005002319060924
32999268937
1005002317315773
1005002375732067
4000861083555
1005002389878805
1005002232514994
1005001807821058
1005002459063117
33024622303
1005001971538190
4001175943340
4000124063591
1005001937164129
4001027385174
1005001833573197
1005001983178535
33009655368
1005002310997325
1005001813068793
4000869306268
1005001769039495
32920757417
32945080375
4000316145124
1005002059945130
1005002496246150
1005002314243823
32899899530
4000295245821
4000037861584
1005002161494248
1005002312375105
1005001836617704
32991132468
1005002460450935
1005002313792937
1005001810390600
33059459118
1005002042054850
1005001280626018
4001218569153
1005001518576502
33004651633
1005002254646390
1005002275894560
4000910078816
1005002426132075
1005002170336570
32683516857
1005001755656564
1005002400743955
1005002403571078
32952207469
32961878258
1005002190575579
32917624092
32804736836
32642916498
1232149141
33042837577
4000112812434
32987841687
1005001807726254
1005001494074761
32869810473
1005002211264048
4000742567732
1005002353499138
1005001287297579
1005002372306215
1005002076663225
4000060010846
32989547036
1005002314307241
4000866279380
1005002069729989
4000745961142
10000352626866
1005002498990560
1005002426817924
1005001988596425
1005001874583209
1005001351871384
4001178949770
1005001982677585
1005002168256029
1005002157256898
32762429366
4000062987821
4000511275490
1005001329757680
4000275072685
1005002258494082
1005002381483146
4000771299529
1005002460491048
4000081677232
1005001792268400
4001340228448
1005002271123803
1005001520989240
1005001551133154
1005002311334886
1005001817886708
32952629299
4000069171090
1005001742089813
32376825483
1005001666566903
1005002218639164
32833961219
1005002340043203
33007939451
32963247358
32979165136
32811570992
4001207764308
4000205145211
4000299241955
4001097021598
4001054300995
32220560044
32960407190
1005002425497540
33042078505
1005002333648147
1005001592140853
1005001635531846
33034644989
33010802514
1005002315839670
1005001856618419
32884251107
1005001510267393
32529801998
4000278886301
32854458051
32989300244
1005002314939830
1005002063845343
1005002469092546
4000943374010
1005001896202656
32892943345
4001168077892
32965373835
1005001821260361
32843966099
4000828558416
4000245710732
1005002446805734
1005001638252973
505035428
1005001592330616
4000592935566
1005002367403111
1005002346541814
33038253805
32688177287
4000546553148
32745487258
32683358550
1005002077464044
1005001531083498
1005002303680261
1005001446442938
32448783897
1005001560513299
1005001389125464
1005002225113179
32689688815
32931629316
4000442483922
1005002208860823
33043922688
1005002223528187
1005002352292141
32846449038
4000534129097
33050690226
1005002144941070
1005001928763821
32847985148
1005002387654737
1005002314520366
1005002478692050
1005002099581747
1005001675124195
4001175725941
4000979417515
4001066403238
1005001849631142
4000274419412
10000025584526
32915580395
33013577613
33034284082
1005001976134027
1005002387762499
32858580593
32688598994
1005002377447225
32984606095
4000712125728
1005002377417902
1005001813153678
1005002055404956
32876322096
4001224393706
4001288972158
32262903957
32715378550
32384333541
4000245097648
32639599453
4001255093514
1005001949602490
4001054923795
32960417526
1005001850987985
1005002224931335
4000638079503
32952938400
1005002316452698
33013690643
32835680115
1005002187508104
4001178492487
32773983318
1005001571621547
4001145725559
1005001764545078
4000202553333
1005002147148670
1005001300329259
33001846868
1005002308634228
1005001401426808
32967059988
32863813219
1005001570264638
33031930067
1005001776294787
4000176807661
1005001836164261
32832385636
4001100842508
1005002306455412
1005002497140645
4000353152919
4000829340390
32265372843
32809705616
32985877933
32988086444
1005002361240009
4000772798271
1005002288038973
32301419547
1005002182418727
1005002329598315
32980965151
1005001758310524
32837027535
4000952561380
4000804501425
1005002441697145
1005001489407565
1005001423079340
1005002360312815
1005002304198717
1005002351885927
32975380600
1005002499107584
1005002258390088
4001228737355
1005002416429492
32901289442
32991305413
33000453760
4001038491073
1005001757746321
32988228089
1005002337104607
1005002454198976
4000818182541
1005001656932447
1005001843121725
1005001736693928
1005002007263609
1005001835622047
1142127906
32974505648
1005002237759664
1005002245302223
1005001970238470
32861302291
32793491117
33012346075
32923698083
1005002304757796
32928287050
4000641444170
1005001593035792
32989707982
1005001496134151
1005002321775689
1005002500301395
32889976830
32883902536
4000955047338
32840509505
32346937522
32886044176
4000818187702
4000921357180
32891169549
4001248721004
32964063567
1005001664500989
1005001310027565
1005002129222788
32763540313
32786479101
33006161258
4001099929921
32995346169
1005002336954120
33001940410
32904783623
32691026327
1005002400648258
1005001274197709
1005001337545505
32836657378
1005001666309173
32804521630
33040635193
32899581811
4000641024410
1005001444749324
32896064557
1005002371765164
33039475358
1005002277498529
32887155810
4001343814046
33061558044
4000191197189
1005001699469586
1005001321599289
32611272999
1005001323593170
32984250751
32921278135
33039896954
33046287744
1005001501334212
1005001393096003
1005002404207437
1005002263695283
1005001445837527
1005001516726760
32923856251
4000261483432
1005002340885431
1005002394059781
32896853291
4000466066340
1005001562702418
4000162841735
1005001560666676
32760681371
4000160162703
1005002272951373
1005002314125155
1005001487379113
1005002280850230
32810425558
1005001600021983
10000002738610
4001082661058
1005002277707082
1005001430626567
32961689769
1005002344459333
4000546600028
4000184265788
1005002086511431
32852533020
4000074542809
4001049074986
4000959245347
4001176742013
1005002330021116
1005001566008438
4001145236106
1005002428007832
32957811635
4000780299604
32967949395
1005001311419522
1005002069745988
1005001713738687
4001143221400
1005002404098347
32883657482
1005001825589497
4000155974719
4000320780603
1005002200721699
1005001408209658
4000117872849
1005002173115274
4000054352491
1005001843381589
32973264512
4001013729099
32856597781
1005001831058068
32909880457
4000469007948
32478994534
4000493156863
32985948665
33061251686
1005002322872140
4000354700618
1005002319331555
4000039125061
1005002288147022
32959539525
1005002353885760
1005002122542044
1005002298017108
1005002122585205
4000956296867
1005002443435776
4000297486665
1005002281763650
1005002291218685
4001192189591
33011136071
1005002125259029
1005002388415128
1005001470592306
1005001685087660
33046157571
1005001996963814
4000696022908
1005001613062111
1005002313415502
4001240214888
1005002258761356
32586428541
1005002498531322
4001235418899
1005002315627048
32852195924
1005002194032314
32957175645
1005002234916812
1005002322395126
32844467805
33029993825
32863180944
1005001591147147
4000987195045
1005002037385843
33000725042
32345826235
1005002386545458
1005001889795747
1005002211929683
4001214608401
1005001603251559
1005002050383047
1005002425041259
1005002108668047
4001097814969
32888714184
4001162905717
1005002293454635
4001208323854
4000837250205
1005002272432696
1005001348420804
1005002180162247
1005002339341988
32905502357
1005002317764432
1005002397867509
4001084841844
1005002282975388
1005002449821253
32976594010
4000990863403
32992735326
4000033170032
32531729898
1005002296537427
1005002426635561
32901277669
1005001591688882
1005002288567834
4000943300479
33020924828
32940248471
4000979905641
4000729873482
1005001515282002
1005002275746837
32801841617
32989721530
1005002023729298
1005001884088272
1005001511547051
1005002106334050
1005002467603481
1005002458756464
1005002194554421
1005001681888144
4000699656491
32827547736
1005001975946379
1005001792798260
1005002336019501
1005002109714658
32885276006
1005002466782129
1005001617456072
1005002086207506
32879855416
4000443045796
4000237415659
1005002066473290
4000252245897
32835464333
1005002404027954
1005001566204215
1005002270955776
32953643057
1005002349018207
4000067228449
32578112077
4000247598993
4000844167560
32850766360
32853293409
32926442966
1005002167160682
1005002240148936
1005002173523194
4001219458646
1005002466924741
4000993107651
1005002233335288
1005002276227598
1005002350362865
4000282190529
32966996563
32819485251
4000972601661
4001053129388
1005002278943512
32837005743
4000742617673
1005001503852820
33050862889
1005002095002529
1005002385005670
1005002369104545
32998765601
32966370286
1005001834154605
1005002238518180
1005002019039952
32913067156
1005002122436456
4000751553314
4001133618487
1005002363498994
1005001476568234
1005001337700836
32987054806
1005001325714071
1005002362903048
1005002340577425
33057435388
33016366199
1005002161553070
4000480269917
32863106316
1005001652122666
4000297507362
1005002314347826
1005002352112292
1005002484014198
1005002439699023
4001338195951
4001083391003
4000990868206
1005002270745750
1005002186072065
1005001383346719
1005002288454593
1005002357478578
4000458948384
1005001729420557
32901222969
1005002077014883
4000155661049
32606542856
1455101580
4000510004418
4001072152595
4001248137166
4000169991304
1005001722480775
1005002307193394
32980189087
4000989094378
4001071591388
32923409574
1005001626672995
1005002389633268
1005002359035860
32268486943
1005002284354364
32650600903
32809328816
1005002388451809
10000067959390
33018054821
32995322163
33037332625
10000384084239
33018290715
32364486627
32822750826
1005002450457946
1005002205879096
32988494701
4001114818765
4000440453685
32670270695
1005002192009707
1005002393628721
1005001960546627
4001030839318
4000967785866
4001335010481
4000252727987
1005001923409124
4000382078139
1005001543484013
4001200456081
32868928427
4001014432642
1005001693947763
33001757506
33010508173
1005001566697288
1005001833917466
4000147946809
1005001812740571
1005002408350538
1005002458176276
32616324946
4000989381164
1005002261448688
4000941985391
33045753499
32725254211
1005001465192473
4000527853872
1005001656454945
1005002312522101
1005002490518320
4001029462755
32998704370
1005002176438834
1005001987354312
32825790771
1005002312168435
1005002271228813
4000507345562
4000084622797
1005002468791909
1005002246058782
33032482695
32999163459
1005002370495528
1005001851583916
4000434330024
4001090067734
32991802056
32998022247
4001290892727
4001165034032
32965413698
32971316426
1005002120564603
32607075131
32589719071
32926021303
1005001402173438
4001153326215
1005002387342254
4000420987235
32989746603
32987949223
32900667695
4001050185580
1005002392390647
1005002219214920
4000225857486
1005002114830656
32982049771
4001073958741
32841902778
4000440062032
4001052494550
32694737832
32909019462
1005001678476302
1005001874003552
4000893963706
1005002396704578
1005001864904622
1005001479665017
1005001488884842
32899879616
1005001493308017
1005001763864877
32976807847
4000576466084
10000089306662
1005002328604488
32947799136
1005002100977178
1005002245801265
1005001354553755
4000578560212
32670197362
1005001418878939
1005001897423250
1005001940151146
4000046046880
1005001614879734
4000886644772
32861333137
1005001949780177
32831051467
4000311136237
4001224262422
33055868751
4001189602395
1005002449761352
1005001680451986
1005001905568780
1005002319382032
1005001496356119
1005002452854382
32863380846
1005002385088427
1005002443460912
1005002122411236
33047019728
32892934202
1005001727853787
4000694288710
1005001700972740
4000200949004
4000463099164
10000031101874
1005002335369434
1005001794813608
33000067614
32884075112
4001221715077
10000341970192
4000310226855
1005001978548091
32837639896
32869358581
32828531273
4001104142354
1005002362883418
4000717788285
1005002355863391
4000098803877
1005002304604371
4000549966905
4001356245185
1005002314612730
32922697638
1005001346412157
1005002006685223
33030290255
1005002419590862
1005001720713087
32826499731
32550700478
32898206244
1005002175934550
4000954870718
32963369165
1005001876172464
4001268776741
1005002469667534
4001093229405
1005001549675537
1005002484257548
1005001943064137
1005002357513899
4001061038503
1005002417077362
1005001793476770
1005001612324122
1005001963309492
1005002395244683
4001241079540
1005001666142979
33036836360
4001333310183
4001181377895
32651921638
32837165920
1005002198841364
1005002106168479
1005002214018950
4000807312862
33008490511
4000797691903
4000800902124
1005001343626057
1005002380805571
1005001769938383
32967041792
1005001393163577
1005001961315726
1005001633383441
4000938346004
32984570096
32597352021
1005001968162206
1005001433975563
1005001465534196
1005002167902219
10000411446970
32833096117
1005002337169825
32845282197
1005001811976901
1005001743547221
1005002227989383
4001268725971
32902839338
4000532985644
1005001716036486
4001231672891
1005001792998870
1005002388813598
32767548789
32954862200
33030062871
32881148262
32933110093
4001339376785
1005002297054316
1005002293809659
1005002500440782
4000169691701
1005002252292050
33044340023
10000032399657
32968826312
1005001708379665
4001131287005
1005002420207240
4000130149622
32798152473
1005001658037774
32806260371
1005002311050415
1005002357649682
32964658462
1005002281769829
4001291684241
1005002312663046
32969978536
32996986363
1005002323537179
1005002176849433
32975249277
1005002408896863
1005002133778146
32959054087
1005001841557086
4000857261666
1005002456671123
1005002459994278
32910058297
1005002345878205
1005001687821166
4000224521397
4000704461433
1005001393101795
33048473139
4000742251732
1005002289077354
1005002443377340
32945646008
1005001924870015
1005001515977116
1005001768530081
1005002314387417
1005001557813351
32715731771
32793914305
1005001609800803
32960151713