4001241323193
1005002227724145
1005002357656309
1005001606007865
4000934505394
1005002433438268
1005002310983142
10000194607249
32769276469
32965435450
33008535397
1005002219196033
1005002399917597
1005001600312929
4000216961344
1005002034745016
10000415461484
4000302303521
32559290089
4000405993955
32774410224
1005002320927327
32834584553
4000492916928
1005002375589282
32951219351
33029223080
1005002017507333
4001186436785
1005001915240271
1005002404175060
32806608224
1005001396929658
32835227977
1005002314543236
1005001446969025
1005002291572947
1005001809597534
1005001971180906
1005002346109670
32857285736
4001175638789
1005001824840456
4000313552464
1005001789905650
4001229594387
32855424765
32881452719
1005002346194889
32948449580
1005002469487570
4000879672879
10000420512334
33027165346
1005001633340938
1005002048816698
1005002340624745
4000158955982
1005002443388776
1005002289312992
1005002281859663
1005002223294855
32926056590
1005002384863215
1005001777792144
32854610262
32860711298
32856350249
1005002351376252
1005002191478479
1005001670882543
32974037369
1005001842692626
4000663737524
1005001538327967
1005002061310173
4001346143823
1005002063189955
1005001517028810
32439841308
1005002306023455
4000671199387
1005001556680345
4000589132626
32285983497
4000547965534
1005002305879195
1005002111177680
1421840100
4000070995717
4000305351521
32548063324
1005002099483257
1005001850147993
1005002372288687
32830086881
4001139741119
32885400819
1005001326150289
4000186984459
4000330231451
33031908685
1005001470309815
4000947589725
1005002239493457
1005001660603332
4000709732651
1005002421390804
4001248710042
1005002302006825
4000894612189
1005001520549586
32978364228
1005002264074438
32484266813
1005001602595296
1005002328685272
32583752728
1005001780581677
1005002388995037
32965673440
32642944864
1005001863518771
1005001316948339
4000311401555
1005002414634144
1005002426295731
1005002342764941
1005002466912585
32909286191
4000306724473
32848866020
1005001267101463
1005002367592041
1005001859179547
4000904816556
4000133333083
4001314392131
32855268402
32998607295
4000193747518
1005002348774150
1005001792344525
32895958012
1005002328597653
4000183873498
1005002323947913
1005001491244093
1005002072272556
32869125514
32918363715
1005002279094429
33014501081
1005001682195686
1005001708253264
1005002017666297
32855366655
1005001908879023
4000370961299
4001186005621
33039949815
32979330390
4000342653752
32409374178
4000142054118
32809516935
1005002381009198
1005002314430511
1005001681688750
32839346358
4000410071957
1005002267624657
4000248736011
1005001804033433
1005001481972584
4001069242223
4000843724674
4000704465838
33049567985
32850830145
32812812484
1005002161959386
32328881481
4000068461184
1005001895392933
4000223692839
1005001891844245
4000103982548
1005001397318778
32880040112
1005002469029812
1005002368493728
32294786709
32305115411
1005002358568465
32823178005
1005002316014890
4000471118645
1005002467005822
33021949520
1005001949241650
32812082973
1005001772380789
4000278995291
1005001359736873
1005002341363206
1005002312194006
1005002376515537
1005001567967060
33018604269
1005002262434448
1005002315069670
1005001840713123
4001241802234
1005002126789218
1005001920665664
1005002448665298
4001176898995
33040408182
1005001743617862
32975749232
32854070267
1005001400455696
1005002260896729
4000125389430
32911365208
10000388783669
4000266735780
32855946058
1005001360926399
1005001844520237
1005001680607126
1005002204698027
1005001921705637
1005002322182317
1005002321039754
32957175292
32971495353
32996583598
1005002361989363
1005001971091979
32865690229
4001119208620
32867469773
32913031563
1005002075408959
1005002225013060
1005001645822984
4000690533458
32850053254
32706426442
4000844887946
1005001581017936
4000050680531
1005001785574616
1005002286619049
1005002270236399
1005001720913570
1005001407465211
1005001287682406
1005001682114822
1005001494579661
32860027952
32857814340
32998842755
4001340215958
1005002454219901
32792556747
4001263531360
1005001373598172
1005002408852496
32964181988
32813449167
32833014890
32618872418
32970674271
1005002452997940
1005002310586502
4001085050540
1005002475519847
1005002344961552
32782488733
32822103154
1005001993292430
32617764518
1005001721695952
1005002390317048
32961738825
1005002332978733
4001165320572
1005001452598644
4000829056835
4001167688872
32993313380
4001173643328
4000034819450
1005002103176015
4000335556610
32991930755
1005001865524508
1005001764786891
4000784493014
32948979341
1005002498563606
33036030126
32912030451
1005001825195673
1005001392312866
1005001287461074
4000497932849
1005002488176493
1005002345119673
32711853428
1005001626974847
4000041700769
1005002314318812
1005002003269636
1005001609249685
32910315204
1005002309209659
1005001695326684
1000001184933
10000396721366
2030578400
1005002168088105
1005001802879418
4001056124074
32617582461
1005002401632051
1005001949933178
32971985255
1005001769389524
32819256823
32873959449
32977498600
4000215093630
1005002317927643
1005002043069732
1005002388975118
32845670478
4000160852929
33056105538
4000833503445
33032908695
32970471710
32994788198
33004370245
1005002260022178
1005002068511598
4001131920597
4000703916343
32870226046
1005002393064410
1005001546749584
4001048243145
4001163421311
4001042798169
1005001668264801
32810554219
32804706461
1005001891912300
32849881050
33008174326
1005002049290644
32473410973
4000965400318
4000544753329
4001038328231
32732167254
1005001550516333
1005002277225095
4000504420515
4000959749701
1005001947884669
1005002439570611
1005001690826985
1005002287265830
1005002027085716
33061238860
32927031405
1005002271744282
1005002235580009
32897658674
1005002307573749
33017207748
33002828713
1005001368044079
4001013431022
1005002244298875
1005001406468517
4001025812914
1005002242232135
32999847717
4000891790011
32646097326
1005001633593654
1005001367642706
32906479337
1005002115000048
4001320875188
1005002363663887
1005002376318266
32895572480
1005001609319020
1005001847461664
33026049382
1881641954
32987000884
32973792414
4000321546957
32808616243
1005002318944908
4001315300365
4000715090000
1005001754612312
1005002315597499
32966224104
32419635783
1005001899650784
1005002448925639
1005002471076484
1005002247281202
33023094884
32955337146
1005002309591334
1005001484020905
32406873953
1005001329738485
1005002289308195
1005002490698700
1005002363039784
4000627311214
32862935561
1005001270029404
1005002008102889
32883297738
4000641020104
32852554370
1005002409161863
1005001299058580
1005002337758885
32739319593
1005002228477088
1005001731168597
1005001867885870
1005002334066410
32920344224
1005002324729025
1005002253716937
4000120825474
33023687272
1005001316323198
1005002049722320
4000879308081
4000834645422
33021039819
1005002316206104
4000499601827
4000932577640
32773301177
4000764301723
4000305718891
32856480842
1005002130323482
1005002337065263
4000228873278
4000269022229
4001138885343
32499954041
1005002356100509
1005002379833589
1005001623866042
1005001671618955
1005002288487417
33050823236
1005002448735645
1005002310947589
1005002120720561
4001360925528
32919671773
1005002428268534
1005002347619468
4000273035597
32760809271
4000378303637
4000176292746
1005002292585694
1005002453425017
4001153562162
4000901922642
1005002257632427
1005001590596667
32981110645
4000094277395
4001081261149
1005002102205024
1005001756546062
33012101926
4000318234944
10000397711000
4000296224741
32966583489
1005002256693732
1005002440123359
33003322302
4000971164883
1005001780011538
32820604818
32664680336
4000205102577
4000068587581
33022789789
33030956740
1005002171157101
1005002222384329
32826261399
1005002043194234
4000895899457
1005002297203723
1005001430362817
1005001518391534
1005001405331813
1005002364296714
1005002288345960
1005001726738503
1005001834563586
1005002038221571
32777334384
1005002474923569
4001282136588
32919121524
32853886026
1005001848375984
1005002449270466
1005001851285249
1005001426344114
1005001848996828
1005002238310810
1005001430665744
1005002192608234
4000695827523
1005001864301776
32945297551
32926181244
32967773364
1005001955286139
33011318926
4000460343743
33045191573
32855983039
4001035335836
1005001321354285
1005001656788677
32910162386
1005002315976983
32959246715
1005001489373932
1005002037854179
32921105752
1005001599485556
1005002404847234
1005002292281722
4000272486234
1005001688234136
4000618342251
1005002326640501
32854976266
32956542375
1005002494572376
1005002322991589
1005002328087496
4001174867231
1005002244135630
1005002357027510
4001334167504
1005001313783509
1005001903001034
1005002440329648
1005002480391775
1005001678797145
32974669133
4001234901237
4001127442490
32877439921
1005002292840802
1005002421096902
32992213373
4001062438842
32949970627
1005002314031671
32952781888
32850855659
1005002276763298
32898496022
1005002322142515
1703253063
32971768738
32967909289
33046495050
32436245989
32768855562
32828306852
1005002322385085
4000007004849
1005001416831314
4000981560310
1005002390653439
4000210769218
1005002476601453
32892366819
32806512752
1005002421281109
1005002392731436
33023909836
32947655256
1005002404051958
32477418017
1005002348488396
1005002234835803
1005002239503998
4000959294023
1005002488028771
1005002332619997
1005002292954770
32959943099
4000469872112
32786281243
4000417523849
4001242077447
1005001632834473
1005001868395978
1005001810067230
32952652214
32979428509
1005001927169157
1005001511473247
1005002206420560
1005002292772160
1005001873509583
1005001851291384
32837961029
1005002303546134
32832290630
32798133968
1005001809233918
1005002288900875
32956690477
1005001638014837
32934943629
4001220014578
32896357377
32834964805
1005001779561122
1005001475010385
1005001557361161
32386354419
1005002206876034
32981094618
4001223892840
1005001472856885
4001111556269
1005002309429658
4000192956666
1005001808861315
32839252550
33029799538
32907817372
1005002440001683
4000568071156
4000635017578
1005001608855203
33014665025
1005001921847656
1005002447395415
4001053572585
1005001957385976
1005002454324643
1005002313754298
1005002326605025
4001059576023
4000315227797
1005002104780219
32824517785
32962622980
4001288781461
32967179285
4000348914103
1005001566455211
1005001682624759
1005001536907617
1005001515796851
32889622272
4000891095782
4000570657090
1005002287344828
1005001993734504
1005001360071706
32917907066
33014881233
1005001470125150
32849847378
1005002423238004
4000960618493
32944232360
1005001369375149
32610815106
4000562045633
4001257292967
32913544081
1005001265566598
32974472985
4001179838449
4000769707795
1005001589059214
1005002260211939
32828848240
1005002396533193
1005002495276440
1005002453204397
1005001640345128
4001076338506
1005001642830542
33002892572
32720227669
33008922537
32976851056
1005001731181691
32368322716
1005002432503447
1005001869204684
1005001524385602
32980342324
32844946899
1005001333667301
1005002439106702
4000777498718
4001219838841
4000505977642
1005002489052345
1005002474810297
1005002393016858
4001167029834
1005002314327611
32827295062
1005001967230518
1005002283625660
4000054418607
4001125496750
32916850703
32898542977
1005002147084662
1005002313979655
1005001631227194
1005001479202843
1005001608364322
4001067948645
1005002319210087
1005002113180888
4001223751528
4001219985402
1005001617241835
32381188767
4000018963013
1005002081068831
4000155336146
1005002317461759
1005001889661651
32352521314
1005002132911502
4000228454591
32852034841
1005002413205997
1005001453095798
4000844887357
1005001507487548
4000199746854
1005001525463373
1005001957215684
1005002312060730
1005002265932287
1005002147465030
4001308301322
1005002281316051
10000185041973
32843234668
1005002279217021
1005001564919819
32961744022
1005001616122793
32866563515
32769466586
1005002313824755
1005001359283230
4000759700335
1005002289891943
33061499879
32790661242
32848142477
32824883678
1005001585219171
4001058194923
1005002272452620
4000211586123
32964160840
1005002410794980
1005002191463091
4000296444114
32891147254
1005002243697058
32829812643
4000693187158
32838740211
4000044160706
1005001460378895
33061555445
1005002270982147
33034062611
4000074283397
4000748604721
1005002243993349
4001088927363
1005002211698177
32834712679
4001162086375
1005002445251501
4001309864827
1005001511653223
1005002382918075
1005001607788538
1005002319350237
1005002263738966
1005002334036099
4000139854542
32857436295
33048182411
1005001818814884
1005002305843494
1005002279189209
1005002009083570
4000866208872
1005002246531553
4000868366636
1005002358194821
33035535107
32881715698
1005002359586690
4000801289923
1005001416807265
32819143384
1005002274198034
32522361240
32853033460
4001021206479
33006382841
4001050737912
32922953527
1005002181072192
32915425540
1005002309618651
4000904549356
4001254568307
33014899716
4001234151116
4001228216298
1005002466803194
32848472567
4001082614217
1005001398421987
1005001601924640
1005001621082179
1005002389151999
1005002450968946
4000429894064
1005002321883628
4000063003586
1005002467705852
4000811802496
32851867083
32952551821
1005002376943382
4000298659199
1005001505577113
1005002052679357
10000401903627
4000955104731
1005001865978597
1005001382601816
1005002221478763
1005001373182136
1005002199161349
4000335600097
1005002074488743
32899273956
1005001444507296
4001066543303
1005002432363944
1005002378786597
1005002324141231
1005002347422162
4000038456313
4000842624811
1005001621579055
4001264542962
1005002412514609
1005001695424431
1005001872485797
4001062309253
4000287673696
1005001694637495
1005002115605425
1005001481565808
32955352869
1005001537403267
32957636309
32963020602
32800292920
4000405770635
32790605887
32953336878
32884881923
4001154369030
1005001360964522
4001158784845
1005001653337317
32934814005
32955551553
1005002316725189
1005001588867087
1005002084728592
1005001888607930
1005001803057167
32914679693
32818869211
1005001265513831
1005001429877703
1005001685579152
1005002054946751
1005002340563150
1005002365199741
1005001297741404
4000347238445
1005001960982351
32825619146
4001298645897
32868042614
1005001611938659
32934815282
1005002034219158
1005002421752509
4000197143748
1005002279034801
32680961694
32855668541
1005002483903872
1005002289142081
1005002493781422
32594823322
4001025386583
4001364140061
1005001280515027
1005001849741039
32795673526
1005002344510675
32855735035
4000706578768
1497168635
4001241655056
32643715589
1005002350806649
32794794991
1005001379453352
32793730241
1005002424145742
32851956006
1005002381047260
1005001278186629
33041412546
32890529831
4001222552046
32968741288
4000466037384
1005002465586311
1005001309522743
1005002400378394
1005001924242940
1005001562666395
4000955853658
4001289373086
4000473146716
4001135783388
1005001441416622
32842678346
1005002372227411
1005001376749820
1005001581777307
32352879361
32389764427
1005001999180216
4000085587351
4001007171080