4001143513212
1005002355569449
1005002382606629
1005002335089065
4000149464586
1005002371678448
1005002176469873
32846873386
32827183414
4001153610086
33032362056
32679916606
4000917270327
4000845192293
32810062719
1005001599289755
1005002246598131
1005001885905237
1005002351613878
32846081017
1005001839306814
32699639133
32979181520
1005002294319610
1005002460478775
1005002270812155
1005001354240677
32857384228
1005002021609759
4000988320247
1005001695548425
1005001407116676
1005001439220076
1005002248753227
32918880377
1005001389120424
1005002307888497
4001030637236
1005001803429861
4000039477733
1005001564806689
1005001408241359
1005002046255312
32987046378
4001161849050
1005001640625523
1005002411391961
4000529261104
1005001454235038
1005001465778626
4001115641401
33041960583
4000955829498
1005002298391546
32910545805
1005002321215898
1005002315870227
32963276648
4000731050965
32821346416
32964892156
4001222832482
32588424183
1005001284988978
1005001620854458
1005002312085526
4000216908890
1005001556006331
4000159701558
1005002357880180
32721420782
1005002291293623
1005002026871244
4000329833365
1005002344547941
1005002292614186
32880641503
32913703918
33056650585
32862410205
33004634183
1005002300285830
32719311607
32969095469
1005002332031413
4001306547963
4000878112980
33000086878
4000464297994
4000725599309
1005001461081159
1005001318696708
1005002371855792
1005001450298424
2037311754
32859834625
33041969908
1005002487935777
33008570446
1005001790128166
1005002391991397
4000463542609
1005002361228871
1005002306248385
32390957056
1005002319447825
1005001287802941
1005002344501768
1005001748701952
32948618380
1005002443948638
32863010729
1005002441672978
1005002027673888
32913035551
1005001976104704
1005002468092131
4001317176373
32793739775
1005002438936459
32981818277
33022015335
1005001769127763
1857064157
32980050942
4000836432846
1005001961767243
1005002344324800
4001155469722
32785938937
4001212099090
4000927939578
4001139347596
32972390096
32970443071
4000627296228
4000996570073
32950919587
4001041173368
4001131163414
1005002205171677
1005001657244052
32990283236
32639579881
32794338556
1005002392615657
1005002500524250
1005001495361551
1005001556972243
4001017567498
1005001547524329
1005002321599306
1005001458005924
4001132085527
32852322444
4000960059066
2033473042
1005002373016951
32505074867
1005002333444339
4001230610462
32820625427
1005002467798499
4001149529549
4000348096841
1005002316854245
1005001591701676
4000337670376
1005002495214922
32862619164
1005002085227963
4001281598050
4001233762391
4000721329342
1005002018731351
32821542227
1005002321530183
1005001835004522
32309542072
1005001332508450
4001068434061
33042623778
1005001423157075
4000593588460
32949466378
4001018316065
32975388688
1005001549002234
1005001581262269
32869232580
4001103786084
4000027009989
32903087302
1005002378826286
1005002375187937
1005001525302785
32882397174
32839556729
1005002395536013
1005001842087847
4001268023318
32969399461
1005002315561249
32832312298
1005001714530107
4001145376253
33017055723
1005001695164930
33048298256
32959380322
1005002013548078
1005001731375784
32829653221
1005001425816085
32819634461
32701056275
1005002315557982
4000152659332
4000173472706
1005002079298186
32959077931
1005002362489764
4000124539563
32984031009
4000534184146
32701439844
32921171155
32553126700
33054671792
32908822867
4001273247391
32579285667
1005002048500806
32861488448
405194550
1005001399176015
1005002240287220
4001205549839
4001105181263
4000011080993
1005001915734491
4001195666230
1005002274076777
1005002312016653
1005001875257090
1005002363476972
32966950299
32801137785
1005002323284241
1005001859907832
1005002496044120
32882689285
4001056722662
1005002394038441
32906405662
1005002466059964
32744074821
1005001458498919
32215254210
1005002324275777
1005002324057796
1005002358187109
10000146165516
1005002301907362
1005002250256883
1005002395781831
1005002219854864
33013158418
1005001678569763
32878157082
4000489255264
32926168535
32897152583
4000729879191
1005002000266686
4001119898802
4001172915528
32818702240
1005001426162133
32819420729
1005002122370661
4001228205152
1005002283517616
1005002387522378
4001270360990
33007613697
1005001413297666
32838511483
32939450957
1005002352404180
1005002432039130
1005001340034687
1005002324139132
32862010510
4001308367627
32721551935
4000026745248
1005002259245582
4000682932781
32850359674
1005002224207041
32909352267
4001022782330
1005001599054191
1005002115650279
1005002394755602
4001333012392
4000092164225
1005002292411115
32930448754
4000470979215
32952919852
1005001652911331
4001161641805
4000220441934
1005002172333994
1005002347019683
1005001935149869
32828941429
32700646969
1005002396887152
1005001914364487
32974181880
4001274927498
4000708793750
33006307667
32978100903
1005002295358780
1005002496946899
1005002362599627
1005001438778893
32931288606
32630779113
4001266969448
1005001652100046
1005001483295313
1005002322402125
1005002400477530
1005001764303810
1005001829753249
32970099425
1005001864962922
4001155308857
4001259515563
4000255579252
1005001632171844
1005002375215564
1005001623256127
4000337941279
1005002046595956
32799527896
32886180081
1005001285035826
32637331513
1005001291364189
1005001324806246
1005002341555873
4000317102084
32896880438
4000453336519
4001275316843
1005002299419089
1005002389488588
4001097183703
32391070195
1005001351961343
32863983547
1005002425209996
4000249991028
1005002129445552
32743208551
4000384847226
1005002244718336
4000293798650
1005002227082245
4000270415784
32960647154
32392589321
4001234702328
32866794527
33033012845
1005001520356683
4001179795562
1005001310085875
1005002368854972
4001054692496
1005001894511780
4000846895219
1005001633250340
1005002272723371
32806270530
4001273476362
1005002484579248
10000004155826
4000955038175
1005001340433872
1005001594607085
4000005654524
1005002388958350
32987028860
4001226781090
1005002467670898
1005002288827646
1005001946584536
33027804735
32821517122
1005001355315803
33027053130
4000805141775
1005001698781387
1005001438897072
4000978716842
32998894303
32978526880
32906479599
1005001366199704
32997966903
32689214088
32913772599
32830590392
32945857479
32898861390
32892178434
1005002341502055
1005002114950945
1346151190
1005002288037480
4000604211982
1005001703386288
1005002406028454
1005001408391167
4000829605436
4001207352866
4000323938223
4000917251172
1005002060126106
1005001962177688
1005002416986626
32787273474
32988208640
1005002427429469
1005002421477690
1005001436071107
1005002386516621
1005001888842872
1005001704503264
4000199027985
4000124408120
32390255000
32910562726
33023712521
4001167480908
32667336259
32970620650
1005001884346384
4000828567625
32978160799
32845105770
1005002351754041
32847854239
33047049231
1005002305282337
1005002315457187
1005001922843748
1005001761667573
4000704928609
4000048784060
1005002252009698
1005002461790468
1005001843923248
1005001381692117
1005002394250618
32793991237
1005001867227778
1005001733477111
1005001327884143
1005002341316256
1005001319055705
1005002357246308
4000959704138
4001280648194
33000039541
32899576725
4001220714197
32347606414
1005001813508448
1005001465912293
1005002333866492
1005001774717154
1005002313513515
4000859365092
1005002312336063
1005002378660512
33047026361
4000896252475
1005001580635037
1005002208039187
1005002283453612
32973140320
1005002007781158
32959096974
4000434168281
4000732756093
32457577954
33045823378
33012346339
1005001868279834
1005002454782974
1005002319897140
32954304198
32856049002
1005002363774488
1005002312125357
32825673296
4001358796783
1005002072259953
1005001314366481
1005002069019987
4000874196640
32570113527
32906391973
4001062687122
32970866910
4000793621884
32624720830
1005001525006444
32905779245
4001171614896
33005500365
32968274978
1005002367941833
1005002254343253
4000849993079
4001143415248
32893235654
32858155191
4001177910336
1005002353297654
1526507833
1005002475356691
1005001988245286
1005001873812921
32959539288
4001191750670
1005002224713006
1005001952263758
32950174349
1005002387670587
33018268555
4000090341359
4001350462746
32783102668
32835990812
1005002372216498
4001171669065
1005002340826929
1005002276639489
4001235362723
10000381125045
1005001436699603
33049469903
4001170190647
32392850475
1005002291214574
4001105563321
33006418131
4000842646617
1005002371999910
32972240635
32866900646
10000217547416
33014434061
4000550242568
1005002018777857
32317395271
32914593011
1005002322281363
1005002386802781
33028255645
32821390661
4000299100794
1005002334133471
1005001676552245
1005002039124764
1005002495167475
1005001291737686
33010749557
1005001321993154
1005002303992582
33024244279
1005002373456121
4001015979390
1005002261057768
32982338530
1005002315504294
32875460732
32850419332
4000245577988
32850855909
4000709385070
1005002443161099
4001332181057
32841758960
4000017983530
1005001403845032
4000991619964
4000378286461
1005001305395001
32838585470
1005002290201151
4001218801672
1000007890338
4000382462999
1005002440404951
32898178363
1005002192203906
1005002297606457
33053463062
32910707243
1005002466546684
1005001296887816
1005001798057865
4001134854513
1005002330248841
1005002462839555
1005002258529702
32706955698
1005001900375804
32962102091
1005002228920297
1005002362556293
32955639339
4001138398827
1005002176396909
1005002402512153
32960974813
1005001732302190
32857557500
1005001299360668
32974582065
32836710586
4001186702940
1005001621166125
1005001381874264
4001292809669
1005001431608878
1005001848456005
32807311039
1005001494772409
1005002133609120
4001134870996
4000161972036
4001129260750
4001283381659
1000007772676
1005002037941828
4000528392632
1005001317367467
1005002335249903
1005002483968471
1005002307146325
1005001393627036
1005001633389413
4000138167881
1005001694803508
32604767683
1005001821182446
32654274102
32856794705
32884751020
4000781711753
1005002349708703
1005002462792266
4000544613200
1005001824537379
1005002067927866
32975364922
1005002367407002
32971779884
1005002278902991
1005001868389735
32934535153
4001164354015
1005002065568110
1005002296691805
1005001771013176
4001138386039
1005002480704331
10000395882730
1005002142279988
1005002107781502
4001060982965
1005002347674499
1005001591015492
32954987346
4000118384329
1005002263814876
1005002095694688
1005002434375289
1005001829953680
1005001316163112
32986249071
32855939348
32855303354
1005002233877391
32976611867
32779049314
1005001429924062
1005001494081760
1005001850059255
4001103787031
32846318498
32988248519
1005001693736864
4000103008082
1005002292322943
32744732995
4000735754453
33007267492
32812989967
1005001601906330
1005002069870147
32794744998
1005002346424044
1005002425691777
1005001830886494
33048966756
1005001628502141
4001085162037
4000188228687
1005001844867438
4001260247483
4000992935570
1005002108749157
4000439768522
32792886222
1005002260551955
1005002418488563
1005002276729461
1005002475022352
1005002341653788
1005001590567279
1005002125196595
4000898648224
1005001637854736
1005001553287330
1005001923695287
1005002374523696
1005002344926886
1005002463233309
1005002389377581
4000342074793
1005002238581047
1005001798167748
1005001484039155
32757037031
1005002259677157
1005001669579257
32793341726
32917261476
1005001654095799
32855414732
4000332834457
1005002454498538
1005002273172210
4000529565339
1005001854605600
32920567551
32835761554
1005002114671841
33000600171
4000767959851
32908357365
1005002320326081
4000216340895
32788733350
32853771034
4001280736506
1005002343433550
32894658685
1005002401420765
1005001780160118
32864159012
1005002452832364
4001143071039
4001027558206
33040167043
1005002453314298
1005002239740314
1005002483841378
32869929324
33062474859
33022261538
1005002363830825
32997904011
32656137370
4001227153290
1005002367511760
1005001758803733
4001170055630
4001351443792
1005002478584160
4001136461754
1005002434726748
32849115465
4001326254390
32865006837
1005002350967322
1005002399325007
4000763639426
32837128550
1005001614197895
1005002481192473
32912346826
1005002345044091
4000033352480
1005002301288633
32982101382
4000613787878
4001264206952
32789036762
4000109334732
1005002477683502
1005002398756318
32983443863
1005002092731470
1005001656518972
32819628019
32887541017
33011869700
32791255330
4000420552583
1005001413890679
32790692619
1005001457157191
1005002282564989
1005001599652960
1005002428606306
1005001908314408
33027800896
1005001448090152
4001136732293
1005002377870405
32981712135
4001343517224
4000917969667
4000720455414
1005001897612521
1005002086785175
1005002355860491
1005001905618349
1005002292115999
4001055906290
32965597239
1005002003504982
32829067145
32969214870
4000616292567
32814416315
1005001572625893
32923955588
1005002280657314
32668128039
4001201407639
4000253166775
33003922607
4001287936753
1005002482118918
1005002329805914
1005002376975402
32985683897
32818461199
32812157779
4001062299063
32901998103
1005001337808384
1005002006297675
1005001592553850
1005002453721073
1005002372373173
32654888593
1005001914572127
1005002383227803
1005001467732664
1005002347119342
33035647355
4000684526728
4000265907674
1005001579955878
1005001715520755
32968839039
4001219306496
4000983478887
4000443390149
1005002298979184
32829813239
1005002264333502
4000170646798
1005002090979180
1005002393935151
32924232098
32960277925
1005002246460347
32950844695
1005002174729448
4001292868177
4000148342026
1005001453242107
4000628132493
33044723840
1005002396319090
1005002363666167
1005002476168572
1005001921688518
1005001390316622
1005002300966612
1005002288512242
32899104300
4001146177690
4000532790960
1977416601
32955703186
1005002388758867
32918477714
1005002239344061
4000803389646
1005001870131195
1005002311984576
10000138058349
4000162678336
4001218104215
32866999535
1005002239906657
1005002237913213
1005001438996667
1005001655275594
32863241224
4000659932303
32920849121
1005001367240312
1005001313601077
1005002253167318
4000830194314
32812124159
4001202792474
4000549333984
4000762454698
1005002414691591
4000942175321
1005002130478320
1005001381995731
32891038395
32794802248
4001164163331
33057047444
4000709756478
4000863730674
1005002333740177
1005002165925474
4000238293820
4001153602514
1005002115907814
1005002337853099
4000989056328
4001148027565
1005001855548472
1005001567224385
4000955870495
32919538089
1005002473936524
1005001650332000
1005002270607801
1005001612718300
33052069306
1005002060985241
1005002350860167
1005002129828698
4001187751913
10000391238024
1005002114933684
1005002396607956
1005001927736920
32788268474
1005002316332242
4000807566187
1005002488992124
32959544869
4001253154193
1005001374829841
33004368724
1005002433548717
1005002347764051
1005002262080651
1005002290044814
1005002386703094
30000002538889
1005001940235270
1005001356047959
1005001939826709
1005001579731588