4000228891266
4000058361026
1005001800897347
1005001704236927
32860947009
4000601161750
32817699669
1005001966555579
32972486554
4000403158301
1005001485930547
1005002166772590
1005001692630788
32593616856
4000493195222
1005002380919015
4000890141976
33025315073
1005001666202736
1005002311677018
1005001441250631
1005002345669012
32988372351
1005002278695914
1005002156902249
32792677232
1005002322472568
4000543790799
1005002362218133
1005002473694554
32845905432
1005002381965887
4001235857870
4000687052164
1005002412322195
32597184533
1005001422769749
4000814231189
32847912764
1005002288587393
10000395861291
1005002384850792
4000296513331
1005002254248990
32348142437
1005001905495030
1005002230054111
10000028466407
32880280674
1005002179555569
1005001588380111
1005001825487645
1005002028474620
1005001993962743
4000815019377
4000239541775
32265475340
1005001883568339
32853376166
1005001430599276
1005002301088486
4001054460282
32969253733
32862937593
1005002467480461
32469379966
1005002181769534
1005002359226740
1005002298567284
32835131631
1005001905119762
4000400616535
1005002327389419
32229707686
1005002235623858
4001354419652
1005001397328966
4001167976346
4000755556344
1005002026916822
32883132664
1005001694759961
1005001803212023
1005002311755805
1005001583199145
33053313419
1005001839151305
4001045416168
4000781743927
4000015525556
4001193808662
33000366725
4000385872720
1005002377757615
32900025864
32959147137
32771110615
1005002039218253
32899745273
1005001872876996
32945641209
32888957746
4000771330753
1005001452478352
4001267525464
1005001590363746
4000459646761
1005001966505672
4000233605880
1000001454424
32855894330
32996325837
32551516248
1005001999339967
1005002288909364
1005001488202002
1005001922835216
1005001670765983
1005002133429511
1005002290976912
32740190729
4001237013909
1005002282174409
1005002314671498
1005002323635773
1005002318016677
4000248594592
1005002014694281
32904159318
4001223177181
4000118669686
4000289174059
1005002317283041
32757325282
1005001868678719
32880180738
4000776548928
32972540624
1005001495566426
4001294168349
32970353085
1005001978698729
1005001703716927
1005001515783116
1005002265361210
1005002373781003
1005002345911980
4001289688120
4000693587288
1005001287031962
1005001626597524
32846422997
1005002358608063
4001175813647
32997265310
1005002274222248
32884791702
1005001687716393
4000945018096
32960616895
4001160902851
2054859597
1005002120421427
1005001375553167
4001079150961
4000782279120
4000967560255
4001138295530
1005002363590065
4000929536198
1005001966493587
1005002271697653
1005001965249876
1005002273128382
33020932518
32865123812
32948087404
32844400780
1005002288623901
32563224729
4000935242773
1005002059840226
1005001287494142
1005001595889860
1005002447551503
1005002378090818
32968806481
4000167680735
4000905539931
4000321697713
4000489580045
32865311544
4001197569669
1005002144149275
1005001587157175
4000345437402
32626872860
4001258001248
32832842860
567909046
4001264360531
1005002404761460
1005001973967066
4001069491138
32935946667
32890404927
4000478549254
32859515654
4000100516467
1005002334212022
4000043704966
1005002320699386
1005001971056501
1005002081656495
1005002400613975
1005002403670694
1005002443433853
1005001670940510
4000424324559
1005001881122396
1005001453474309
32858073665
1005001929698971
1005002050774171
1005002309670775
4000780385917
32960985704
1005001671561151
33002776872
1005001444537503
1005002318797896
1005001564753861
1005001682532934
1005001821270550
1005002063872505
4001366646224
1005001431875192
1005002271050995
1005002250101662
1005001931027492
4001041125343
1005002454357813
4000741254502
32870078724
32894339008
32620135897
32967581884
4001227727833
32657364671
4000212513550
1005002364006520
32946882910
4000817210139
4001221224869
32703159556
32804101618
1005001438868382
32959041965
4000752204982
1005001388867527
1005002317199895
1005002072534472
32621526915
32711931893
32379421819
32907493867
1005001483857970
32315923945
1005001304629413
32831253043
1005002323542523
33058573953
1005002308778572
1005002397696975
4000405049313
1005002419631428
1005002450611245
1005002316671156
1005001611591927
4000179625668
1005002211103070
32920175217
33013160516
32891182185
1005002372983326
33023270114
1005001859371792
1005001466646403
1005002330792859
1005001481536838
1005002395678804
1005002167493746
1005002401160325
4000493290357
1005001834534293
4000118812011
32776887578
32997689874
1005001915234556
1005001439138123
1005001543423825
1005002495701511
1005001414300579
4000689044047
1005002247438106
32994508713
1005001731112338
4000074321768
33002192038
1005001325139174
32951043363
33007234332
1005002345231778
4000743855437
4001304444142
1005002264898837
1005001559820720
1005002351601206
4001106203390
32957020652
32992158600
32994186703
1005002375230666
32897216130
1005001867864182
1005002358275248
864961343
4000920298343
1005001593536637
1005001590891610
1005002140461485
1005001505027528
32964960094
4001150505781
1005002227764513
4000876172188
1005001821423126
1005001319570347
1005001845074646
1005002360291702
32944992548
33001669773
1005001679076745
1005001923653962
1005001949595170
4000852927406
1005001824468045
33014352404
1005001576117611
33035584156
1005002314384183
1005001704856645
4001337075284
33025480496
32225161579
4000419054420
32887559615
1005001952517086
32910593221
4000033686370
1005002314322357
1005002486033434
4000637635463
1005002252308644
33005409696
1005002378729959
32982838614
1005001692678504
4000089577251
32843820725
4000342159696
32843911225
1005002454241802
4001227858228
1005001933520371
32923472742
32884769229
32667595142
4001251375866
1005002059755048
1005001632903792
1005001599512282
1005001985296591
1005002348179746
4000011396328
32850237082
1005002342166689
1005002414822062
32970253480
4001000616139
32570703239
33036202661
1005002443733101
4000453116465
4001364458936
32896589241
1005002399496148
1005002173368648
1005002002431345
1005002400742450
4001316007049
1005001361272828
1005001527577292
32951813213
32527648016
1005001653004647
1005002272085055
1005002247000885
1005001469606434
32847119945
1005001640283698
4000247334917
32859504346
10000420556690
1005001364196361
1005001635172150
32809584670
10000004058575
1005002357132211
1005001386280406
1005002377973080
1005001286898437
1005002351297994
33021911725
1005001403079908
32958538070
32695518249
4000862888077
32949793325
1005002421343393
4000087517583
32997629808
32958494650
32903448907
1005001899368061
32786830244
4000429684765
4001201848932
1005001562912696
1005002476975695
1005001800241772
4000340732848
32385438439
33023035922
32956770748
33045592442
1005002167293444
1005002314763201
4000703546975
4001001780825
1005002278752545
33039093920
4000893453988
32697048139
32530351051
4001090688271
4000585126571
1005002307700654
1005002252466959
32917313912
1005002297733370
32964512373
33004426685
4001335666003
4000015867339
33027808778
4001097152098
33006985094
4000829470891
4000493748746
1005001639413103
1005001632261762
1005001695111157
32660968418
1005002289371056
1005001361316955
1005002223459565
1005001796865338
4001224689364
33050483054
1712287976
1005001652847775
1005002287636662
1005001305318450
4001278886712
1005002480407709
33027549129
1005001977450883
1005002285909081
1005002465063866
1005002318244551
1005002288347053
32811928221
32838494561
1005002442694956
1005001706483309
4000015687924
4000497643914
1005002117684142
32901460323
1005002419488637
4000310785446
4000165594734
32989381596
4001200242248
4000941644178
1005002286400225
1005002358409444
1005002345064327
1005001597606581
4000300142359
1005002313468054
4001031034826
33009869522
1005002448040043
1005002443548385
1005001640076297
32723089127
4001237851938
1005002179203349
1005001504752783
32541006861
32866824724
4000548357724
4000351578226
1005001722012842
32892922600
33023900875
1005001555964089
1005002396231673
1005002265701049
1005002337317532
32800545456
4000907254175
1005001807574978
32826418743
1005002409285375
1005002279259600
32842468247
1005002257700988
1005001505888207
4001237712163
4000879800707
1005001693783908
4001244040458
33040456560
1005002263779127
4000441426524
1005002281839588
1005002239306329
1005002393540278
4000703874363
32802890200
32970743832
1005001578117746
1005001592383225
32908111984
32971370997
4000039932240
4001130917423
1005001731775572
1005002277660280
4001215149477
32851721825
32918038765
1005002354320047
32774405305
1005002286833327
33015546164
4001283924077
1005002310736378
1005002457828651
1005001382852695
1005002007366020
4000902333768
1005001393737509
1005002179876707
1005001979302606
32915452028
4001115499761
1005001355994884
4001228541331
32841519367
1005002430943681
1005002265385188
1005001551863543
4001305694848
4000843014253
32788198213
1005001367234218
1005001918206263
1005002272282466
33017287029
32800418839
842270058
32854761249
1005002320742865
1005002333562756
1005002288932040
32948838683
32476025742
1005002465239839
4001086189632
1005001918902834
1005001829648891
32667682545
4000352632444
1005001541180531
1005001944106465
4001249259556
1005002448040686
33055356576
1005001632341731
4000901884633
32760479145
32920170229
1005001332453999
1005002122391963
1005002314476156
32996877641
1005002294784534
32916343107
1005001335077551
32878549055
4000698463116
1005001698252392
4001157009058
32938209082
4000589506129
1005001899192184
1005001865432598
1005001290054000
4000602194372
32881286824
4000601479858
32994922455
1005002023500730
32968333282
1005001560716972
1005002439358220
4001275167243
32916331900
1005002289758883
4000348064521
1005002362948832
4001334871318
1005001936096694
1005002212439490
4000258518751
33031894420
33003974053
32603233166
33007779671
32974695903
1005001441825532
1005001528805296
1005002342402363
1005001389515319
1005001994935273
4000983152353
4000740427553
32665019161
1005002260546788
1005001493276259
1005002314267106
1005001888827176
1005002477085860
1005001639984932
1005002323548906
1005002382858795
1005002322345575
4000748966968
4001331206815
1005002332856550
33059243278
1005001419113908
32978609484
1005001265875003
4000539220397
1005002350613752
1005001305341521
32969666687
1005002207613835
4000382516675
4001118623395
1005002391224362
33000540295
32904284732
1005001986181720
32305886438
4000479363998
1005002187621642
1005001989794308
32950708056
1005002311104382
4000200093507
1005002356776000
33015255592
1005002321109340
4001214249500
1005002206206659
32773960686
1005001802646661
1005002225057216
4000858791315
1005002330954246
4000110391679
32871958214
20000004414376
1005001403661315
1005002426876925
1005001835958161
32843270066
4001130749894
4001171642869
32863483502
32971907208
32946706059
1005002378868629
10000159892100
32811698592
4001224957127
1005001641277570
4000696247060
1005002498669457
4000384291551
32991808664
4001167562823
1005002499119564
32916641469
4001216226186
4001066785541
1005001609814747
4001135161129
1005001297780836
4000262252155
4000397577055
1005001279171911
32964486509
1005002412304234
10000395921527
1005001453003490
32831840632
32394739785
33055001802
1005001918531484
1005002171987569
1005002205796585
1005002491685242
1005002312215038
4000909751703
1005001315027003
33047217540
4001313245768
1005001519892251
4001068924681
1005001987576861
10000355221076
1005002462762061
32890107081
33046083232
10000395830661
32594055632
32974948787
1005002017762097
32916440386
4001116656101
1005002332989690
32832943807
32823162151
1005002419948608
1005002365911519
1005002324244287
1005002318474365
1005001774531815
32969514355
1005001835357770
4000529249854
4000679777889
1005002314669756
4000251980130
1005002318675488
10000395944638
1005001973815238
4000470894139
1005001633299651
1005001436251863
1005001593757541
1005001625576393
1005002300840965
1005001726604363
1005002484735418
1005001609059087
1005002329409937
32511919868
4001049692939
32918562167
4000449709018
10000034231001
1005002288355997
4000510478962
4000203292726
4000458257528
32951098078
32844419557
1005002341384636
1005001806120910
1005001727928826
32588878081
33012187624
1005001798792297
33010277402
33055809023
4000978915431
1005001859622396
1005001901344339
4001227524102
4001224687027
32973300348
4001144830473
1005002282105256
4001332631285
1005001835819957
1005002007407607
4000768718372
1005002234527173
4000641043295
1005002367686668
32579086096
1005001453044182
4000118449688
32799038770
32809550281
1005002440129251
33008122032
32839388506
4000625225106
1005002346151478
4000986220555
4001009469288
1005002248619113
10000012913039
1005002219643912
1005002305203815
1005002253740567
32966032682
1005002454333168
32928954933
1005002289987020
1005002457109995
32964993125
32963945078
1005002371442919
10000395812568
1005001612744066
1005002332657735
1005001936211520
4001356711749
1005001735078387
4000961891485
10000048691315
1005001881040272
4000023531522
32999762389
4000209908441
4001267469292
1005002494046986
32953494491
1005002336000222
1005002389932916
32642975356
4000902433493
32963104395
1005002204614298
33041999028
4000348647278
33047764316
1005001423702503
1005002091075161
1005002449953011
4001214745226
1005002436892762
32996111633
32837829473
4001229914017
1005002394234396
4000441147690
4000889918218
1005001868934673
32978080778
1005002060544961
33002356962
32904393924
1005001304328751
1005001971931103
4001000529404
32970231874
4000206821049
4000545776889
1005001754541543
1005002288411154
4001326058433
1005002050379626
32948445433
32923824340
1005002314229853
32447431506
1005001436149689
1005001624745035
1005001768177092
1005001860506462
1005002447350211
32970723452
32998844190
4001343806622
4000794411264
1005002185938169
1005002259402820
1005002264795239
32916563618
4000314411541
1005002060933067
1005001984797640
4001185824952
1005002329531251
1005001893190460
32500004054
1005002271654207
32611781789
1005002359903068
4001221135589
1005002282636211
32827789418
32979863365
1005002047675158
4000268640441
1005002342829155
32894363278
32875483900
1005002038335581
4001233146920
1005001355021359
1005001325531829
1005002250329494
32859427472
1005002348438636
1005002232334357
1005001567743573
32903282780
2038355598
1005001927556485
1005002448868411
1005001610964199
1005002428216823
32692975746
4001155648232
33008846936
1005002156115601
1005002262635524
1005001644034735
1005002400115603
1005001500847764
1005001968553002
32788155961
33026567917
4000961224555
1005002128990547
1005001695027605
1005001515924338
1005001937814975
33026482396
1005001835269475
4001182352346
32511928570
1005001971647162
1005002460265999
1005001428868515
10000395831941
1005002180423880
1005001874201580
1005001909838526
32849323686
1005002089547631
1005002363204853
1005002356210403
1005001934691885
1005001580306828
1005001670795870
1005002428581463
32616578370
4000750530142
4000848131612
1005002306006715
1005002384903064
32965849781
32973279610
4000497671300
4001272099553
4000272228078
32859506422