1005001717870570
4000496622116
32841552913
1005002170385175
32920100223
1005002094729268
4000921077445
4001148897467
32929549404
1005002358622934
1005001987553842
4001316940060
4001154423287
1005001361263171
1005002042166614
32986689976
1005002441488026
32585339314
4000597927083
1005001511593426
1005002221745704
4000323811204
1005002305229208
33051783225
4000211656114
4000983447455
4000118207587
32820584610
4000474943184
32962646893
1005001987663433
1005002149354054
33012246821
1005002218124978
32992032796
32928809152
1005002476266538
32656636184
1005001552303410
1005001463299395
32785925415
1005002343375402
32721776773
4000988170642
4001331017491
4000662596209
32950301037
1005001391842085
1005001973034469
1005002482674995
32849263169
1005002279071451
4001238424830
1005002337209407
1005002459176186
1005001740973917
32888687148
4000144764643
4000670828280
32868378057
4001200181848
32756928882
1005002388867553
32713482873
1005002291650606
1005002474758835
4000283371166
4001036301094
1005002317144315
1005002235681508
1005002288825503
4000305674191
4001264506287
1005002346691437
4000004903652
1005001720721152
4000807289392
32853515911
1005002465370533
4000258900847
33033399454
1005002337280695
1005002404553120
32846458578
32975867464
32854266831
1005002402294181
1005001915177798
4000192899888
4000614581060
32960672599
32908007987
32959538242
33002415705
33036457735
1005001826298114
1005002042193059
4000557972310
1005002328635506
4000089496508
1005002254390588
1005002472910271
1005001368958300
32853633625
1005002471675280
32863388980
1005002231682635
33020950693
4000956005816
1005002431716528
1005001525511051
1005002309660380
33058102810
1005001549105137
1005002029633689
4000194122021
4001151843284
1005002033558089
32866645446
4001151356140
1005002305090135
1005002383330826
1005002276193861
33023111753
32949470853
4000800746931
4001305884219
32463099052
4000005261006
4000673347391
1005002361718950
1005002134656276
1005001588256606
1005002203892388
1005002238988087
33047630011
4000586655915
1005002385704043
1005002438429419
1005002362442269
1005002094935179
4000672136676
4001039351131
1005002172397570
1005001976861657
32480777542
32804483592
4001230419167
1804390187
32828938532
4001262524794
1005001682567818
4001042615851
1005001502556912
4000519968287
1005001927663052
1005001985414076
1005001901683703
1005002459822763
32967506772
1005002014238307
4001279144855
1005002347399109
32882237329
10000031107824
1005002371959058
4000782008786
33019771307
1005002432492982
1005001873116103
1005001296037539
4001047227066
4001010130006
4000043969808
4000738343439
4000747303717
33016030437
33014156895
1005001304772913
1005002362794163
1005002319401709
32725510633
1005002510595308
32919373031
1005002448050375
32727498806
1005001586265621
32977260298
1005002279311662
4000189439620
1005001683568781
32304880864
1005002185861431
4001335572366
32919291567
4001113369591
32987084802
1005002396809016
32992609134
1005002072527446
1005002136453855
4001203479552
32961772071
1005001939815737
4000742506968
32996624314
1005001884340925
32921826831
1005001976184859
33013422502
4000863598880
1005001390230435
1005002001778131
33051755658
32860782219
4000375926517
32788416420
1005002359605950
33008206075
1005002019519297
32888293606
32958339185
32990328151
1005002352125542
1005002381311848
32788037302
32891647366
1005001630743566
32809842233
1005002192239866
1005001614986638
4000077080829
1005002253482864
4001138253845
4000987314337
1005001570704112
1005001481579502
4000036742112
1005001468018623
1005001927552746
4001129310904
1005002474844687
4000977497046
1005002357540654
32990075570
1005002301401420
1005002309603470
32551885496
32354701531
4000182234300
1005001953658510
4001165606366
1005001773314883
1005002287677741
1005001353849555
4001230340699
1005001391549710
32964310542
1005002011937799
32857269633
1005001961955166
1000006111543
32790785898
1005001824122583
1005002272711257
32931527924
1005001454296935
32860395294
1005002294251768
1005001852020987
1005002203520164
32908727134
32797389363
32856491372
1005001742107562
1005001481523652
1005002125278222
4000459420355
1005002341016268
32966046810
1005001688805325
4000606533142
32999858272
32995450864
4000804670906
1005002427584771
33005191139
1005001867232801
1005002247456550
4000989008942
32922519842
32863032644
1005001281811220
1005002481648833
1005002263339274
4001148474221
1005001626999586
4000117008091
10000402363027
1005002193795689
4001013358704
1005002395032733
32945968971
4000365245680
1005001388357297
32329169693
1005001530126021
4001280697027
32416129133
1005001873186894
32954422886
33009020062
4000193740806
32828344354
1005002302063128
32725743060
4000351771913
1005002265324290
1005001926810328
4000469756073
32877161610
1005002281923357
32930367647
1005001577149809
4001022804563
33027114445
4000286792156
1005001495659848
4000216088785
32885480786
32826321525
4001305459858
4000467624905
1005001961897348
32907328121
33055049180
32809728943
32791551350
32964409033
1005001670795556
4000665635959
32995425380
1005002247007585
1005002333908165
32999680709
4000277173027
4001031710886
750979875
1005001444288934
1005002433541417
32811911093
1005001596057645
4000589465251
32977403424
1005002337279829
1005001490970140
33008105431
32762642708
4000023863345
4000993687854
32773262239
32840226356
32971642944
4000726648953
4000852695442
1005002474132553
32985367304
1005002073107448
4000907414185
32995750114
4000843261233
1000001540486
1005001966336839
10000032372343
4000038875797
1005002286083064
32807587749
1005002081721217
33062246472
32975629225
1005001942842867
4001207904549
4000884963218
32882910653
4000529054150
1005002013982257
1005001958670638
1005002329782960
4000542880230
1005001525289905
32879412751
4001197106437
1005002434552091
4000335529959
4000777834871
32975009090
1005002330767010
1005002446519769
4000459592128
32972956352
4000252335146
32852561360
1005002091608952
1005002480451588
1005001682497472
1005002496015090
1005001423483775
4000793753838
1005002324225832
32539466966
32996224323
1005002419281881
32833016224
1005002339465281
32668604978
32834175098
4000737239925
1005002348874196
4000935313740
1005002273874793
4000842998223
1005002491752573
4001047202547
1005002340750925
1005002353657218
32974011477
1005001658397178
1005001905775050
33002574946
1005001987968990
1005001731593653
1005002027925253
1005001671659614
1005001304625428
4001212340124
1005002318864960
1005002276996258
32382931671
4001279363596
4001189809847
1005002322171479
1005001967622883
4000054484212
4001103739502
1005002156182595
4000960274061
32777860622
32678136637
32962288882
1005001430426337
1005002212245943
32420123336
1005001465035211
32866268206
1005002297476689
1005001516002008
32989973829
1005001489298207
1005002302221585
4001242286700
1005001463334468
1005002296912507
33006123730
1005002334356647
1005001779843784
1005002492298354
4000178195246
4000281656734
4001041247727
1005002451317586
4000190006139
32847489902
1005002003636030
32840671674
32844804152
1005001878813982
1005002002924770
1005002453647606
1005002353577756
4000420195229
1005002356238275
4000805173138
32992887158
32886519083
1005001525279960
1005002080496644
33006374216
32817650005
1005001804553810
4000712224794
32937890513
1005001354395371
1005002383932136
1005002313007926
32847089351
1005001954956386
1005002197441281
4000674608331
32861998571
32919837626
4001225125631
4001149611534
32716191547
1005001904095524
32616667233
1005001677507647
4000846634967
32893311820
4001360981054
32988888038
1005002314301868
32902578690
4001336069235
4000269053581
1005002256431943
1005002281183603
1005002271288164
1005002265071833
32971521179
1005001798053794
1005002367231963
1005002319352487
32881409229
4001277769609
1005002035221820
4000206530195
1005002039828772
1005001427608591
4000987497737
32954665271
32420138970
1005002317441325
1005002362192904
4001230160403
1005002205896865
4000811801028
4000989856764
1005002269048150
4000895545048
1005002311016904
32998889138
32648853801
4001153723984
33026941494
32846354450
1005002477620125
4001271448824
4001053478194
4000156640603
1005001883400252
33019059796
1005002246968196
1005002357235081
4000570909776
4000927061802
32858178638
1005001625576662
1005002002819845
4001019023756
1005002302282731
32955318457
1005001977960955
1005001993092003
1005002411459725
4001037291440
1005001588264067
1005001578387991
1005002354391688
1005001631189583
32977011016
32997417417
1005001285353668
1005002407904643
32832365334
32918876049
1005002316487099
33013158498
1005002376782678
32975843714
4000308404161
33056371164
4000804594210
4000210920721
1005001441475243
4000318942977
4000024263170
1005001473396601
32962486765
1005001998802967
1005001553461099
1005001512322461
4000370852868
1005001284668539
1005002383142542
4000990974215
4001081504898
1005002263904053
1005001441281870
32913539472
10000374369493
1005002393871769
1005001781290415
1005002233760593
1005002329502767
1005002396018107
1005002377322600
1005002344953560
1005002454334823
2055388161
32823794784
1005001873035543
1005002352133076
4000208380093
32951811135
4000034594047
1005002244586504
1005002382122523
1005002264971093
4001035238206
32817644429
1005001895865554
1005001876355474
32951105699
1005001525337646
1005002176619165
4000114357010
32701417650
4001264141687
1005002095533097
4000173242506
1005001510033198
4001278910509
1005001379874188
1005001869550981
32721142776
4001256928047
4000564633702
1005001630767701
1005001698746914
1005002378483618
4001333344474
32858294142
1005002444391605
1005002141063236
32806669757
1005002197202268
1005001382890586
4000566724374
33039464332
10000399951537
1005001494625232
32845444362
32915432404
4000166068004
1005002490672295
4001205875855
1005002370825577
32948350744
32896974111
1005001840409802
1005002094725745
1005001679394173
1005002287182585
33036305124
1005001381409869
32835850017
4001149252218
4001268726226
1005002440832294
32852467007
1005001525378543
32528135014
32921129778
1005002254091369
1005001909476843
4001314704120
1005002428016505
1005001789692136
1005001270431481
4000267081480
4001056481638
1005002322327701
4000282433231
32988878368
1005002346556305
4001090028320
1005001460458939
1005001485063521
4001248261423
4000789880316
4000114076819
32972447564
33004805666
1005002281967157
1005002000029746
1005002385657982
4001064349441
33009477085
1005001602588644
32957551106
1005002180881978
1005001812242737
32962315960
1005001573037640
4000994185104
1005001608736943
32905704949
1005001300459496
4000973535187
4001110872778
4000885413710
1005001978208923
33031724447
32822683130
1005002138516153
1005002349868282
1005002176513933
32897364432
1005002276941358
4000266071393
4001305306956
1005002375179719
1005001727619163
4000031906126
1005002231392768
1005002443501350
32231414868
32837605126
32296075572
1005002418236475
1896960854
1000007719162
4001321513878
1005002315197104
32970063126
1005001857367339
1005002280657053
1005002114825768
1005001399136277
32903116064
4000422900043
1005001907099030
1005002482756433
4000447391277
32807839437
33035248615
4001059644026
32934963368
1005002321706854
1005002028320679
4001005022565
4001193598854
32908592524
4000115917358
32914797371
1005001368855978
32650979891
4001015225935
4001038741107
4000960293856
4001244957629
4001286431747
1005002396331038
1005002276586458
1005001862680084
4000256198052
1005001381753282
32837210543
1005002413520124
1005002361655097
4001247146490
33005756150
32920658041
32955039663
33033460474
1005002363431763
32387660068
1005002253426146
32997381082
1005001387078435
4001294119375
1005002363251481
33018270076
1005001511576250
1005002419193849
32993786016
4000655904142
32896810872
4000042846900
32891685316
1005002064345125
4000865614047
902607671
1005002256392556
32869224234
10000190228723
10000002730803
1005002396390649
32915193612
32828000567
32950454509
1005002292276964
1005002296871327
1005002335344274
4001300402475
32318707525
1005002439918938
1005002330348243
1005002299745551
1005002310969180
1005001859226659
32983704156
1005002252321705
32959732428
1005002394559065
4000388615251
1005002372215588
1005002271828497
4000464020183
1005002500434981
4000891284824
4000955162811
1005002258320003
32617629906
1005001839369413
1005002443058705
1005002359179315
1005001793275042
32819060594
1005002252515229
32996583593
32981238639
32932208713
1005001933493522
33062031660
1005002359788477
1005002336393122
32812702625
32798244159
32856152594
32915024554
32976722818
4000492270873
1005001313256929
4000730564869
32901560660
1005001629161429
4000906070097
4000108726788
32831066541
1005001713808934
33012138263
32738372755
4000850625946
1005001804221576
32809389324
4000844751063
32969011601
1005001425485172
1005002457747983
1005002276022279
1005002342574085
1005001982444717
20000004484513
1005002348577411
1005002489490068
1005001686276041
1005001635369997
1005002490484492
4001217137679
32224604367
1005001564609449
1005001806796756
4000999284912
1005002273578759
1005002323521747
1005002289514182
32877123409
1005002201066202
1005002365747716
4000774450550
1005002180269763
1005002266752522
1005002431701943
1005002264856432
1005002368616968
1005002467406941
32849683165
33020648456
1005001470098986
1005002212136217
1005002125171514
1005001703152850
1005002369214288
1005002388296802
4000960608789
1005001446824344
4000038464795
4001032096672
1005002356129401
32815772993
32857867270
1005002401841619
32989792236
32845553904
32581581640
4001044564009
1005002039955334
1005002475486374
4001088004429
1005002284297741
1005001865663844
1005002277923040
1005002364491439
32857143935
33045458487
32580869601
1005001948417163
32813352678
1005002451066123
1005002313457681
1005001914991342
1005002070217047
1005002480747725
32885865051
1005002324389250
1005002220565643
1005001732247021
32594827594
33040996185
1005002220781347
1005001752836934
4001186145573
1005002424642584
1005001872511805
32882402330
1005002314215325
4001175650894
4000854297220
4000905453760
1005001823883470
32903134185
1005001465522885
33007776091
1005002241207302
1005001453750153
4000492435075
1005001705125331
32967780841
1005002425830868
1005001660291761
1005002460039465
4000250354708
4001102694025
32949937664
1005002313919171
1005001641289368
4000287967582
1005001815132633
1005002181321678
32891811605
32680837254
32846238313
4000661033933
1005002346291867
1005001763931750
1005001603862820
32868800942
4000861289840
10000158228566
4001057322223
1005001781088696
1005002265710224
1005002283277645
1005002007766100
1005002308531123
33039755837
32589554278
33005522119
4001238233182
1005002004539464
32891114762
33011363396
1005002425211858
1005002213352583
4000083216329
4001028742741
1005001421299786
1000008625023
32969092774
4000794235749
32695390589
4000557773340
32883784952
4000068525368
4001103626323
1005002384860460
1005002468811083
32861243959
32998161276