4000557266000
1005001983537892
1005001926379539
1005002317959113
4001200541458
1005001682088186
1005001971631043
1005002293265246
1005002074358593
4000823280335
33040380754
32782005116
4001347297470
32958416279
1005001717281458
33029899166
1005001504587990
4000048382389
32946110411
33005608494
4000280359068
32968712853
1005002378213120
33008853114
4001098320487
4000807561169
32829528857
4001047211465
4001266915394
4001125720288
32740388524
1005002078983756
1005002299409647
4000054852137
1005002363821530
1005002242537855
1005001726361959
1005002262211091
1005002353364273
1005001649452745
1005002420407524
1005001581376328
32821667101
1005001934924865
4000277318431
1005002288422662
1005002465020299
32865785395
32904111927
1005002050915359
1005002313815049
4001280771522
32997377604
4001013788144
32907614450
1005001339694878
1005002090051865
1005002477450260
32879345768
4000070544004
1005001592164999
1005001513214298
4000144782618
4000024241559
4000723429117
4000545940408
1005002055309659
33028111652
1005001459042261
1005002363522621
1005001805520550
33004265472
1005001656583241
1005002311818965
32846548614
4001146110266
1005002357934393
1005001836456166
4000218456848
4000672960252
1005002377719182
1005001355009370
33045533109
4000145112529
33012236353
1005002276966836
4001338820002
1005002457756498
32949556209
32881266857
32804714570
1005001714507712
33029721978
1005002393126302
32913125176
4000076618470
1005002278023866
4000648502519
1005001927804655
4000546764454
4000251653679
1005001826330371
1005001467797738
4000994675921
4001203479642
33000353711
4000789883580
1005002370626144
4000661089378
32860939860
1000008079296
32955168237
1005002341597898
4000717624450
4000060484891
1005002397899515
1005002122371507
1005001393218617
4000423686150
4000510623294
1005002458458601
4000183590614
32847477044
1005001606281360
1005002008251564
4000206496593
4000810076730
1005002021502925
1005001639800620
10000399735065
32958389749
4000061018786
32811719764
4001228666013
1005001325764033
32933590385
1005001639549749
1005001619845016
1005002443686292
32789286625
32872808700
1005002021711189
4001039741721
1005002353544573
1005002322485433
1005001930605063
1005002348548702
737177261
4000744636388
4000955057234
33046266425
4000267489640
1005001346716150
32822477208
32240561083
1005001817159796
1005002233374652
4001030155494
32822837829
4001139745960
4000730470994
32962974517
32589038345
32858247026
4001227197567
4001228792114
32882244433
4001333749037
1005002394319750
33031847842
1005002439651980
1005001630934915
32934287640
4000196814481
10000022845336
4001217075749
1005002248237284
1005002081912116
1005002441430224
4001155220551
1005002411919368
1005002347020662
1005001278164761
33059720032
4001269272049
32988599025
1005002334139058
4001317648463
1005001657867980
4000979561256
32390563244
4000313378996
1005002318480990
32879986955
1005001635438996
1005002481670567
4000738261741
1005002107153858
1005002043125174
1005001585016261
1005001822901911
32732322053
4000847471995
1005002368140743
32800481859
32963206699
4000701330814
4000463522390
1005002043686250
32994856106
33055512491
4001075569252
1005001977417421
33018989798
4000679458104
32820452547
4001255558113
1005001723036564
4001228666261
32826926507
32774361126
1005001688748079
1005001305355425
1005002344523790
32983730372
1005001626077015
1005001963085544
1005002362774472
1005002324028927
1005001522236600
1005001940359274
1491183707
1005001894562967
1005002263864031
32859304734
902607943
1005001928514308
33014228141
4000021686867
1005001412836904
1005002316988536
4001256442191
1005002357081124
32976160350
32983778440
1005001626860691
4001138750345
32973821844
1005002246837330
1005001709429288
1005002304985442
4001114121846
4001142682994
1005001648822943
1005002483462126
32840233428
10000004056159
1005001603782463
1005001511475176
4000811271401
1005001888084106
1005001329420341
33026950418
1005002224774240
1005002500409579
1005001961403903
1005002417082148
4001289658320
1005002003657879
33056152592
1005001570510756
10000383858275
1005002397709499
4000052781503
4000734116764
32788749179
32825292219
1005001387918390
1005002256836063
4000388836229
32907327830
1005002420825273
4000108640640
4000687048462
1005002284750292
1005001320370265
1005002328285848
32917794197
1005002289470786
1005001393947033
1005002286218009
32827229993
1005002337682622
32901612837
1005002002548174
1005002277807323
1005002468944247
32845852812
1005002374307417
1005002432178929
32832283692
1005002264016232
4000973514061
4000131667436
4000259638792
4001111893672
4000237902206
4000483228437
4001017249269
32798407095
4001080904066
32959956920
33042570139
1005001369771496
32872739428
4001271744893
1005001987943832
1005002332289210
4001268502385
32920851127
1005001999012338
4000832333039
1005002170850148
4001118751431
4000186776963
32997528967
1005002388961396
1005001611617770
1005002039508063
1005001285091383
32473756259
32709085781
1005002400906937
4000449694913
32396077052
32588059715
1005001985937682
1005002357758430
33039220882
1005001670975793
4001247339886
10000156738370
32685817694
32970549277
1494228027
4000955929793
4000514982168
4000265334147
4000262944543
4001345100343
33008480233
1005001360484265
1005002461038520
32265459276
4000804428770
1005001525346708
4000773499373
1005002150095320
32885046718
1005002312060070
1005001459898762
10000395946520
1005002205999342
32969538072
32252671626
1005001686167402
1005002086096403
1005002287814145
4000172356984
1005001849449926
4000410586101
1005002166300632
32941222796
1005001732989169
1005002221706809
32965900377
1005002133243719
33018489263
4000042345907
4000600207006
1005001703934500
495703188
4001147430466
32809507902
4001296881420
4001255886801
1005002450522880
32545696249
1005002261520227
1005002157789157
1005001741965134
4000069006158
1005001732796451
32900950127
1005001864215855
1005002267695600
32789967194
32948876612
1005001450242974
4000154749051
1005001597874007
32977162361
33045696225
32794153964
1005002312980348
4000294842818
4000310535853
4000259216611
4001028344789
10000308246084
1005002400549959
1005002273825293
10000004750672
33051225718
32612677391
1005002238020870
1005001286507666
1005002314094396
1005001266830829
1005001980724371
4000560453363
2026606567
32946589844
1005002434817701
1005001329964427
32980141873
1005002022014810
1005002264792276
1005002239320652
32987394190
1005002431552934
1005002239249556
32956379625
4001121505932
4000480828404
1005002319153729
4000102211454
1005002413342935
4000023417899
1005001570574695
1005002311489321
1005002378290460
4001126576883
1005002318782940
4000249129958
4000324229622
1005002039783682
32899330856
4001039351383
4000158740927
1005002357154227
1005001767883448
1005002262791106
1005002420574269
32913323484
1005002244466282
1005002462108416
1005002280706277
1005001934869046
4000815028759
33024320076
32801299288
4000986147919
4000104740933
4000599112011
4001233232241
4000060913870
1005002197897405
33017328994
1005001482561613
4000695507878
1005002110231851
1005001525506270
1005001549146596
1005002260353824
1005001694635937
32796053824
1005002284530459
4000858968266
4001221731211
33007927436
1005001470085234
1005002259078754
1005002359228903
1005002058463020
32956332684
1005002247870376
32770548433
4000492098096
32697891664
1005001297710439
1005001651455632
1005002306906614
1005002448817352
1005001626753237
1005002304342602
4001351653338
1005001865881506
4000530493828
4001095867784
4001249018488
1005002338087483
32876204055
32953636550
32960944718
1005002409056476
1005001460419949
1005002210112062
1005002181246902
1005002079817619
1005001758259805
1005001812984524
32292747628
1005002115442688
1005002374887652
1005002466355348
4001115165834
1005001489860306
32962275521
1005002395425167
1005001631488099
10000400037350
4001223404808
1005002272722568
1005002314294173
4001227923702
1005002459141230
1005002279819712
1005001273107462
32841766526
4000931987837
33046007061
1005002252494804
4000621054450
4000614457230
33046180137
1005002481401472
1005002190433797
1005001689851186
33030979802
4000005851435
32852952260
4001207318010
32958297029
1005002015159637
1005002394514442
4000091918759
1005002008013804
4000308053397
32999517882
1005002241868911
1005002417205164
4000080254650
1005002352848437
33016954191
1005001586113577
32792780633
4000286968861
4001146559346
4000410379502
32849346287
1005001308946324
1005002309830806
1005001525423509
1005002500490426
4000256208005
1005002368881678
4001135443316
1005002336300806
1005001802985033
4001137588376
1005002346966673
1005002467277655
1005002434585786
4000366919758
33027000764
1005002390621253
1005002489822303
1005001468905988
32925807903
4000057115870
4000160876436
1005002142690922
1005002415880684
4000982820627
4001163573984
1005002286337182
1005001555685901
1005002304319028
1005002473794079
33014647134
4000661054680
1005002404212281
33010193426
32916893660
1005002482494092
4001098982060
32984614999
1005002286006853
32238164904
1005001529497311
4000852185090
1005002482755380
1005002372015357
1005001738090669
32795645088
32837912529
1005001335983466
32864782454
32486402411
1005001633653041
1005001710296112
1005002016108557
1005002462621995
1005002037917966
1005002328047518
1005002432552652
32960198646
32866211081
4000282730336
4000959253193
4000292146736
1005002079489552
4001294122731
32885869070
1005002314509741
4001282501685
32822405151
4001287508192
32562392434
1005001479777514
4000575448879
32996724903
32853049291
4001160104737
1005001768462616
32972433554
33004025502
1005002359087518
1005002334213718
1005001985610371
4001294252409
32804424797
1005002492349746
4001358406792
4000044409659
1532107142
4001267883222
33035452110
32876077099
1005001493146354
1005001803704844
32978450989
1005002304031418
32797935524
4001093673198
1005002282905343
33010858810
1005001737429226
4001040738536
32913270412
32854268821
4000886884247
4000988904039
4000756849030
1005002302338382
32974503310
1005002090060679
1005002283416035
1005001757818935
1005001930736857
1005002473664962
4001228629696
1005001474494585
32957513111
4000926343970
4000861461296
1005002112857160
4000267078183
4001207382516
4000258904490
1005002372205793
1005002268109839
33020317310
4000424656574
1005002431685871
2023586621
4001235249127
32833728672
1005002044280767
1005002395160239
32852171706
33041954765
32803727586
4000243254313
4000358748540
4001199689105
1005002388607046
32694768147
1005002475261067
1005002312146270
1005002428192863
32879156959
32920662672
4001251757604
4001084851791
1005001433747136
1005001982519257
33017376876
1005002301946245
33050320842
32824146777
4000479261597
32948692779
32828482988
1000008765336
4001272492451
32791838627
32848455290
1005002389717959
1005001701355190
4000415559686
1005001508383469
4000598600214
4000895460203
33003722836
4000466938929
4001064949537
1005001840913658
1005001479619778
33044407987
1005001451273817
1005002341746764
33031056786
1005002370083149
32896963425
1005002239311274
4001340062954
4000696309797
1005001307665776
4000397096372
1005001337798980
1005001561247254
33059498079
1005002372192706
32838905668
1005002477575926
32899805381
33026618333
4000850565791
1005002336601018
32871931593
1005002432545722
1005001780003147
4000173826680
32674181912
1005002134414697
33013608015
33025238826
1005002314700517
1005002481526765
1005001499815650
1005001722562483
1686866133
1005001640603273
4000143792665
1005002359013786
1005002288942184
1005001466487467
1005001839322081
32823478131
1005001686717729
4001140732227
1005001996909329
32944629189
1005001590244517
32856272312
1005002442901614
1005002345068662
1005002388193651
4001275591878
1005002166629366
1005002442888249
1005002423648865
1005002224573968
1005002330492386
1005002332870703
1005002304351501
1005001687567766
1005002035125940
33003736992
32861022531
33002321530
1005002388430389
32991589359
1005001571665134
1005001868562333
1005001381668110
1005001586454302
4000633017998
32868192122
32919630872
4000064748075
4001241827758
1005002280592822
4000321153804
4000465891130
32872187628
1005001885809115
1005001269634378
1005002454997220
1005001807200934
1005002125567211
1005001700715634
4001254842445
1005002293130385
1005001370892291
32837286602
1005002265175385
32829493876
1005002296766371
4000108430205
4001335416632
32851476227
1005001817104206
4001334064980
4001267491162
1005002217653880
32824633144
32796135202
32673040392
1005002312317162
32790094724
32828886662
32890270572
1005001379136928
32983320875
4000546485918
10000400037698
1005002423130981
4000772265031
1005001632652167
1005002045759388
1005002287222524
1005001873540713
1005002167105532
4000910297395
4001148104484
1005002028490272
32825486788
4000107613479
32855039707
1005001930382764
33035964950
1005001779521051
4001098578177
4000488794673
1005001478939039
4001130837234
1005002319607433
32998248765
1005002066081802
1005002302414453
1005002282661415
4000301092276
32975804762
4000487103608
1005002156741247
1005001885020079
32909875805
1005001463829425
1005002427810796
4001257709299
4001107715708
1005002235671795
1005001640412794
1005002034488584
4000708526254
1005002316289448
1005002467583409
32954469239
1889442869
4001037835715
1005002348611721
1005001359041162
1005002342618023
1005002467824287
32969322343
4000663526920
4001322943009
1005002011304989
32523921711
4000699849694
1005002331831201
4001192684521
4000361218701
32953623602
32998738800
32954197293
33061182604
1005002476582344
1005002081725460
1005002334556138
4001264754961
32950614964
1005001806183801
1005001499524570
4001217841347
4000552625115
1005002393876417
4000033941828
4000563727068
1005001631018453
1005002068621223
1005001918795473
10000405721671
1005001908521023
32924771688
32945777444
1005001957179730
32707209156
1005002111491156
32879610640
4000857087401
1005002340158116
32814915310
1005002324153305
4001202896731
1005001680618037
4001033976638
1005001873243823
4000884840658
1005002231299192
1005001731109699
1005001928903700
32858257294
1005002205957483
1005002292299787
1005002313948933
1005002319266406
4001275297181
1005001975314977
1005001392972883
1005001807626463
1005002312175032
33027052310
1005001337880876
4000321868351
4001077075484
1005001515890523
32978091860
1005001500643675
1005001496055324
1948922868
1005002056743469
1005002339826399
4000874639904
4000049332284
1005002342487926
1005002265191400
1005002288912269
1005001391117353
32812204587
32808685379
32834043439
1005002359821832
1005002379443740
1005001413916085
1005002333637099
1005002437064061
4000462554724
32988406920
1005001284652336
4000090054413
1005001814382314
32882758209
1005001406757617
32851357152
1005002197819517
32809723846
1005002304301228
1005001956720509
1005001493540460
32913739468
1005002434625874
1005002296647884
4000945885247
1005001784608782
4001015822594
1005002122299851
1005001899044452
1005002042217638
32975958886
33008257734
32823585121
4001030318213
4000160587597
32886268558
32563710993
4000576187480