1005002391456897
1005002286643143
1005001731290030
1005001828367929
1005001747709734
4000394668687
1005002158689058
1005001954965206
1005002123994457
32590172028
1005001348922147
1005002287213897
1005002136121828
32979848403
32933390401
1005002474421366
1005001430883625
1005002438787515
32359164831
4000385867097
1005002394582450
1005002332667561
1005002321560788
1005002325204976
32816311409
1005002235499871
1005001868763288
1005002374929412
1005002443633773
33017803508
1005002262831793
1005001469930157
32794165396
4000808564272
1005001652271168
1005001669273972
4000545092326
1005001652533829
4000223520132
4000370047539
33035701751
10000029481155
32969124551
1005002141141796
1005001841398759
4000005954946
1005002418889965
4000693968779
32955678219
1005002423183824
1005001616978976
32713762588
1005002307662645
33022037048
1005002239909517
4000251840763
4001022583825
32924278427
4000706645760
1005002221039952
1005002164566173
1005002332846583
1005001933242901
1005001792097583
1005001582668830
1005002258741720
4000814854281
4000233750109
1005002442858820
1005002417246088
1005002324460810
1005001857115570
1005002448412657
1005002070228366
4001280546858
4000922342020
32896856627
1005001344586636
32992233670
32804050549
32990030656
1005002266359915
1005002156276123
1005002072437423
32892266950
1005001275791441
32949554092
4000630903408
1005001670404354
1005002182299547
32886260735
33035005196
33027796889
4000693368223
1005002467756330
4001304767367
1005002383241172
4000465603191
4000970254685
741494845
1005001761967664
32900915014
4001235726183
32975575947
1005002071366829
4000904683436
4001099137155
32715429174
4000047719384
1005002225795388
33005971212
4001158932095
32901205745
4001199793239
1005002460568810
1005002286469445
4000266818923
32849582849
1005002002070784
33036180777
1005002428518339
1005002046029674
1005002358433210
32813031405
4000323585831
4001332979521
1000008677820
32786757164
1005002206738014
4000850461458
1005002311168668
1005002302767553
1005001632271113
32780760330
1005001717813596
32958668075
32961780538
4000086262392
4001061628400
1005002288993840
1005001594590689
1005001621038234
1005001717143965
32841768522
33055594200
1005002414378415
32790674779
1005001446865976
1005001346608480
4001147704059
1005002108565821
1005002016900628
1005002193993951
1005001583000039
1005002315019367
4000857179309
4000280674622
1005001780677718
1005001773476035
1005002447917782
32932880365
4001107336852
33052345987
1005002100256216
1786769374
32801066500
4000130141842
1005001406405911
32968654430
1005001634093054
1005002062970536
32954755720
32986921095
4000832290480
1005001786469102
4001310483865
4001259464398
32824235355
10000128201536
1005002356026234
33024245650
32800478412
4001084152899
1005001860505021
1005002448425140
1005002186482740
1005001593589243
4000943094072
1005001339264075
1005002107177692
1005002231372425
1484838423
1005002279394223
1005001940774306
4000826228824
4001283027560
1005001335720447
4000484001161
1005002116689700
1005001742583684
4001040683677
1005001704438907
1005001681621606
33044758712
4001294412693
1005001872830770
32979845329
32884963074
4000236428314
1005002058521481
1005002233739984
1005002253878127
1005001393431348
1005002213357708
4000065297884
32981258159
32922182647
4000229041865
1005002254095585
1005001530877985
1005001507194579
1005002184520962
1005001507276719
4000344126324
1005001407735874
32828762016
32992884023
4000071534263
1005001592793886
4001149900321
1005002385635052
32869368157
33045911851
1005002263929297
1005001763715547
1005001635739356
4000640478455
4000034224407
1005002275693365
4000353735858
1005002420537734
2054354249
1005002315337882
1005001786566577
2037921157
32954284794
32459274622
4000443641756
32809410927
10000212253828
1005002389634703
4000418488237
32824730369
4001097908111
4000549142381
1005002232821712
1005002411059422
1005001333178874
1005001525432470
1005001859406906
32991527466
1005002084635426
1005002327334952
1005002313807240
1005001538261280
1005001710013416
4000819847751
4000958853543
32868239263
1005001579203839
4000726289062
1005002408368672
1005002477843094
1005002434037987
4001304392502
1005001607748522
4000838939651
33003195499
1005001536535862
4000043240275
4001312928211
1005002346217166
4001228563588
32235049729
1005002334565060
1005001767481237
1005001762833500
4000357438846
4000641299352
4001296782587
4001302201765
1005002256347376
1005001640587272
32958450142
32500721718
1005002015666515
1005001311152343
1005001926813760
1005002270406094
10000389375011
32966355275
32973551790
1005002236405824
32961573296
1005002409006463
33026147141
4001237555384
32974256390
4001268270571
4000929699237
1005001290280487
1005001993239613
32984414979
32981036192
4001225493322
1005001348758537
32839267698
1005002252079458
1005002328223490
32970197796
775118317
4001107802751
4001157887353
32824533052
4000830028914
4001186062667
4001221164856
32211925757
4001214769415
1005001699905847
4000960227595
1005001864110445
1005001693811613
32827141400
10000098400018
4000848094928
1005002350808248
1005001353827514
32827052322
1005002356748652
32927650386
1005002046693052
1616948891
4000166656358
1005002292702152
4000954938899
1005002443960347
4000725253501
33002029251
32897745970
1005002179795030
1005002112741517
4001052805537
32975755208
1005001333379581
4001138041642
1005002459875041
4001168961221
4000195965722
4001235957525
4001106431196
1005002404368436
4001062334866
4001126923907
1005002310321379
32856420764
1005002115772010
32962145490
32900322433
32959193258
1005002326350321
33041657309
1005002376535725
1005002475607284
32952604502
1005002004088379
1005002370440351
1005002394467022
1005002365641412
4001047739969
1005002315927313
4001240160442
4000035067361
1005001405424720
1005001975149363
4001212631827
1005002276927915
1005002460121690
1005001456134982
1005002326303751
1005001482406062
32906570743
1005001489674979
1005002369523594
1005002396451620
1005001563079840
1005001727589568
1005001878598361
1041537794
33011085196
1005001666519689
33035041239
1005002348319229
1005002291214638
1005002001670332
4001223362963
1005002250522309
1005002448908827
1005002304062458
1005002425720459
32978298574
32907882471
1005002341484699
32904290365
33001942319
4001062214479
32954273051
1005001644311736
4000585366404
1005002295600143
1005002334121163
32721210834
32915584995
32831868951
32785433217
1005002306563397
4000204002521
1005001736847032
4000902837052
1005002384759737
1005002087953250
4000453327604
1005001413603991
1005002319127257
32996621842
32882763702
4001030878622
1005002448806009
32854147320
4001245863157
1005002395691760
4001217128930
4001285180281
1005001675160803
32810093230
4001217182575
1005002365258508
1005002316536922
1005002334250087
1005001419907746
32693642326
4001198146475
32542782412
4000150882813
1948920319
4001359855880
32990419895
4000466359992
33021481483
1005002352015797
1005001546272996
1005002413527117
1005002111201237
1005002282915568
1005002056868854
1005001994173155
1005001851439512
32847311578
33000322725
4000175029750
1005001304689260
1005002108400852
32477399643
279087923
1005002365625012
1005002087430850
32812043524
1000004733088
1005002318304879
33047047562
1005001600673073
4001289680011
33003462829
32988580344
33037789039
1005002101892874
4001028929516
1005002420273559
1005002382205671
1005001431653113
1005001896713948
1005001293128699
10000027898875
4001212103498
4000790156453
1005002358625571
4000415271420
32922569752
1005002313209021
756440931
1005002271625329
10000045025635
4001022585948
1005002383147930
1005001291884325
1005001321700493
1005002399122713
10000029455428
1005002457730209
4000311819672
1005001418477898
4001321101089
4001198075811
4001332945144
4001130939092
1005001872106825
1005002469989093
32836954226
4000473373540
4000510906095
4000926779672
1519608558
4001344810821
1005002401105721
1005001405430584
1005001327201360
4000059439801
1005001489191649
1005001322925401
32865017404
33003462825
32672383006
32665791538
32608995479
1005001841442266
1005001671990049
1005002259592959
33061086412
32969059569
1005002318856846
1005001869623884
32902188440
1005001394543830
4000509274617
1005001587101554
32908038280
33050558562
1005002268222080
1005002218003490
1005002489747625
1005002344914788
32962969110
33015867213
32909416751
4001021879936
32968893546
4000641434141
32798655337
32825782436
32995622192
1005002368739010
1005002417792793
4000820078625
32918549270
4000048956478
4000246153156
1005001658489162
32638964588
4000047930748
32758188915
4001062726635
1005001546453232
1005001386314108
32922154730
4001035313399
1005002077626085
1005001639643789
1005001934276332
1005001333538813
4001364654286
32918433904
4000197900503
1005002266078291
32263684185
32770035919
1005002467150586
32614056742
1005002320562047
1005002495004354
4001263902525
33061183557
1005001510467318
32727271712
1005001435310006
1005001830766495
1005002423188634
1005001603535900
1005002469969847
4000495848732
32793829355
1005001645458901
1005002416965042
1005001581168019
32923157623
32954181501
1005002323150601
1005002487840054
1005002133856589
1000001646720
32916614737
1005002203328265
32871011514
32511848519
4001334197914
32851841875
2054011462
1005001407385023
4000609570673
1005001730718844
1005002496418342
1005001598056146
1005002012249595
1005002321815308
4000081825524
4000075399235
1005001450105606
1005002317535425
4001156071163
1005001907663859
32855493130
1005002398694021
32786233702
1005002059019572
1005002340111258
1005002347160183
1005001935463536
1005002440012137
1005002226013575
1005002413662753
4000068833666
1005002329838305
4000827156643
32879746903
1005002176521924
1005001699896226
4001103654615
32947178805
1005001892422780
1005002304212779
1005002101172890
4001139411348
4000156514837
1005001965338343
1005002328509464
32960460210
1005002309845874
1005001556190428
4000033720738
32649605830
1005002026530173
1005002003011923
33045936710
32868664367
1005002028749883
1005002140690674
1005001570890221
1005001393491111
1005001955061167
1005001827049730
32895886317
10000306649954
1005002447159590
1005002299317599
1005002477857488
1005002453536588
33016301087
4001107319763
32855955548
4000522074455
1005001580241586
4000769025277
32946194878
32949805318
4000906618083
1005001987695301
32977449363
1005002367617585
4001285368375
1005002321327770
33034955226
1005002234968598
1005001820935083
33035839998
4000903054335
1005001930718902
1005002161321766
1005002317783034
32975197141
4000837443818
1005001475220345
1005002211516263
4001360221248
1005001962650746
1005002275086927
1005001831152328
1005001783202787
1005002041769360
32817869986
1005002387206520
1005001633656522
1005002367027694
1005001708673953
4000848874268
4001271916855
4000802349152
4001279185294
4001338792550
32865267105
4000607208067
1005002268140205
1005002390973050
4001097278869
1005001300489248
1005002113296268
32943590369
32964805643
32541725788
32856295830
32390011888
4000274001662
1005001566516797
1005001769964321
1005002332911811
1005002072726868
32890904722
4001252005710
1005001809704158
1005001682140696
663360734
4000172161628
4000925356740
32582537318
1005002278755015
1005002350619945
4000429796908
1005002241941559
4000782055206
1005001849982747
1005002111687258
1005001782354474
4000419028081
1005001936587117
32918856606
32650526230
1005001949256868
1005002357335937
1005002190180715
32928388512
1005001967358384
1005002017031685
32965342294
33039153311
4000340886806
32881747821
4000580927759
4001331131229
4000626307520
1005002493595374
32406287359
32805505554
4000654091326
1005002303315768
32873853525
1005002313922934
1005001402052112
1005001577064375
4000641449009
4001160554214
1005002134554103
1005001457936568
1005002376523152
4001031594041
4000176335630
4001111469821
1005002345862386
1005002072485834
4001225400252
32858051263
32307942897
1005002371718656
4001244566513
32853636115
1005002239993329
4001046336406
32913084417
4000674106910
1005001833152767
4000726462819
1005002280441924
1005001741910698
4001027825807
1005001431937263
32967294724
4000756409315
1005002350464146
1005001844893876
1005001878522217
1005002254322715
1005002110146494
1005001607737958
1005002448952885
32994428072
1005001391421263
1005001815424937
32696029839
1005002356065484
32851701082
4000810370177
4000390060345
1005002344727584
32910609172
1005001354357174
1005001928354274
1005001382424037
32955698220
1005001684413002
32889305516
1005002229619040
1005002426272160
32969395908
4000089864719
1005002289389100
32891688059
10000050424777
1005001520566955
4000782013379
32831541337
1005002076508640
32990387486
32854663853
32830553073
1005002304078647
1005001417955048
32778130331
4001131904185
4001100605953
4000804009547
1005002370723247
1005001628172125
4000290214841
4000493397525
32888969973
4000298800021
1005001506244909
32853714168
1005002304702183
4000960536823
4000154770905
1005002055517903
32819228660
4001156157505
1005002384229063
1005001850300445
32693543633
1005002209980787
1005002336896501
1005001402307464
4000539005924
1005002310797547
4000761186877
32962094363
1005002233672016
1005002068859379
4001332326791
1834284269
32855179870
1005001513250370
1005002475015789
1005002326867503
1005002339181133
4001237513898
1005002350113277
4000994020689
4000039678318
1005002375056426
1005001844558441
1005002399897901
32981915921
4001205253280
1005002074746032
4001139665695
4001340331418
1005002246637074
1005002247877168
32845513711
1005002286982409
4001201332525
1005002063405396
4000465871342
4000959728117
4000522896018
10000324515617
4000186396051
4001326255875
4000986931685
1000001318829
1005002490347121
32965432299
1005002091197735
1005001654795717
32859830471
33041906902
32916437945
32897102825
32964170184
1005002413477085
32973140621
1005002316908787
1005002231421819
1005001973611218
4001168249879
32732543049
1005001633726126
33011237827
1005002383156696
4000570279894
4001160785967
32805804304
1005002448567080
1005002369917049
1005002276576375
1005002296545190
1005001836017855
1005001919124126
4001218501270
1913264794
4001363858437
32968500720
1005002416931770
1005002075011895
1005002350144023
1005002136424205
1005001993492158
4000817385905
1005001600710628
4001293725051
1481944134
32775493355
1005001688081384
4000108321050
1986919703
1005002339442871
1005002239202288
1005001871063927
4000717391476
32890225503
32753735645
32871751827
32652178579
1005002133769499
32679523433
32857108939
1005001955198203
1005001709897586
1005001726075798
32968552522
1005002330999105
32524805890
1005002235499533
1005002354275905
1005002209964863
1005001935136923
1005002385029119
32974699854
33029429324
32838897719
1005002065680418
1005002482432444
1005002390567467
1005002277511600
1005002065450202
32946661566
4000928548114
1005002028145602
4000691070624
4000720123497
32562698098
1005001894449882
1005001742257564
1005001437497881
32927738279
1005001321789425
1005002463233072
32971923682
4001364536200
4000080844018
32959975361
1005001859657767
1005002341763883
32830071440