4001083814601
4001125528550
1005001640519236
4000415178103
1005002319050447
4001300462485
32831575589
32835143284
4000405460660
1005002475821181
4000614481120
33014852625
1005002272234930
4000276955643
1005002229008238
1005002410226656
1005002372291358
1005002365855772
32658692517
32996266632
1005002352747504
32664905894
1005002263743148
1005002278599846
1005002430324773
4001279697438
33047918010
1005001320222593
1005001849434633
1005002480669554
32794198715
32844989631
1005001450422261
1005002104366849
1005001717631877
4001053494563
1005001982462538
1005001885794465
32688693708
32909085485
1005001529723766
1005001624992516
4000240893938
4001313370653
1005002064098163
4000269475219
32833749368
1005001700696409
32697788079
1005002060321151
1005001462594871
1005001683666692
1005002314144106
32949281959
33015015988
4001098016433
1005002359802617
1005002286583921
33019478378
32799058075
33037912413
1005001451954777
1005002291328544
1005001868294860
1005002297488912
32997735778
1005002276396016
4001327222861
4000923099935
1005001671073326
1005001835948684
1005002291351286
4000037418009
4000955789878
1005001469749094
4000321719225
1005002210501449
4000925703362
32949545124
1005002484026101
1005002245268975
1005001604485682
1005002233579354
32828779514
1005001729455083
4001152294559
1005002320294438
1005002212775232
1005002467733259
1005002348528985
4000548724418
33040563814
1005002482537167
4001110567324
4000756655266
1005001505182054
1005002425706641
1005002319064672
1232299617
4000959103686
32813132617
1005002286783425
4000097040954
1005001689233149
1005001770887139
4001016080679
32795711564
4000238922640
4000300931013
4000784335817
1005001547392720
33036362260
33038900267
1005002028833863
4000229088546
32872160507
1005002327118439
32970814772
1005002338935336
1005001815033735
4000117878300
1005002316679827
32816718221
32978889014
32668430412
4000453313515
1005002442942342
1005001864794030
4001283432083
4000381050590
1005002250019751
1005002382721697
4000396387968
32962457169
4000109424171
1005001982992738
1005001286033654
32993940537
32808732429
1005001888697252
32846540131
1005002339591278
1005001655217678
32624402679
32833303135
4000299240713
1005001540893999
4000037531104
32955024376
1005002000395615
33060138155
1005001468410374
1005002275254068
1005002406677508
1005002072190866
1005001856379680
32581659085
1005002329386056
1005002099358077
32965387738
32820446116
1005001564964698
1005002310358710
1005002287432182
32983782305
1005001556606159
1005001832822311
1005002171053317
1005002412001543
1005001510131630
4000109416644
33003154984
4000179329896
1005001365559516
1005002336969846
1005001922940906
4000588411124
32863944927
4000854786093
32498380759
4000439463446
1005002276658706
32532782860
32960513688
1005001314700343
1005002358292526
1005001430955640
1005001893737906
1005002347360102
4000630153486
33053473433
1005001802887069
1005002120945685
1005002413290290
1005001300410504
1005001667831697
1005002382533538
1005001793274258
33024694187
1005002396205058
32871795578
4000534379674
4000412624566
4001084394636
32800951344
1005002340941560
1005002357015003
1005001817319491
1005001457022332
1005002339593760
1005002314309672
32980334357
32782111757
1005002120991175
1005002371769408
32961527554
1005001731810802
32958709638
1005001567554124
1005002040536756
1005001950048113
4001350319627
1005002160474226
1005002311598637
32985310795
32848947207
4000042979037
1005001651955917
4000239321545
1005002387897855
4000905636723
32849695213
32880286315
1005001882895166
1005002367089427
32848116270
1005002460059436
4001270631894
4000810336491
4001242930139
1005002002686828
4000717954214
33022477617
1005001726783065
1005001349940205
1005001832114190
1005001742246940
32934871375
32903001135
1005001824201673
33032341544
4000022134918
4000982809968
1005002419447534
32843755087
1005002112591472
1005002279926348
1005001644317689
1005001456608939
33010721706
1005002489943907
1005001689837336
1005002253611894
32986217405
1005002271361570
4000124526513
1005001784828082
32972899078
1005002092402265
1005002298638192
1005002322083424
1005002248062944
1005001955041653
32834108582
32639794705
1005002396676609
1005002370352798
4001043723159
1005002219506503
32793611258
1005002395739744
1005002272891806
1005002424905202
1005001979906926
1005002304814948
1005002393450709
32952479944
1005001757964625
32901838380
4001214843763
1005001405294573
1005002423867667
1005002458826368
33003242171
1005002294353017
1005002389662089
1005001634444509
1005002454342430
32886244238
1005002320669776
1005002313719332
1005002140486172
1005001360277391
4000589485722
4001023305624
1005001502815060
1005002185860142
1005001920957788
32700992672
1005002277853280
1005002256768118
4001365150123
33043774820
32992334062
1005002027550001
1005002261317338
1005002080014269
1005002281928762
1005002333423782
4001125310177
1005002176493416
4000018625736
4000093686514
32810554726
1005002129336120
32893308762
1005001387004286
32828793910
1005001479779533
1005002282305891
32881466884
1005001993476658
1005002397983555
1005002351300228
1005002269142433
1005002055461674
32978627340
1005002276310615
32874631338
1005001992436444
32848650329
4001155777268
4000785117713
32997629278
32764860006
1005001989916635
1005002281045122
4000171513505
1005001574953902
32639458428
1005002478237301
1199543860
1005001386335757
1005002355218849
1005001391998397
1005001645682467
1005001729406514
1005002298090168
4000042920844
1005002314303573
32905719908
1005001742315913
32946586508
32860657232
1005002224939906
1005001984936272
1005002314233121
33049935577
1005002022334300
1005001820488983
1005001736447274
32955350013
1005002313813930
1005002003100892
4001037860181
4000461267676
1005002007092942
4000878579747
32864902727
4001247643952
1005002314271699
4000828158616
1005002062924314
1005002262733285
1005002010719772
32954179277
1005001324974068
32921884000
1005001359626663
1005002362942177
4001297501291
4000770007848
33040951994
32959135745
4000085170442
4000043685964
1005002447731376
1005002265187787
33057766985
32791962333
4001228637233
1005001730547932
1005002424100766
32695888876
1005002271334648
33055500460
32833227057
1005002339418908
1005002332469275
4001236957280
1005001870927066
1005002291509987
4001351066148
1005002442074645
32716066635
4001147907002
1005001286972409
32642395874
1005002177463504
1005002314139089
32853098897
4000010674926
32890104787
1005002225757490
1005002273731358
4001308286904
1005002314321614
32962798953
4000037963780
1005002475328883
4001108177165
32946590313
1005001344579836
4000030132578
1005002023924141
1005002387016967
32848966552
1005002419284483
1005001580015116
1005001792135323
1005002181369432
1005002335045946
4000192644483
33016029069
1005002199033011
32856356136
1005001915413074
1005002345365836
1005001868736708
1005001332280828
32971745460
1005002482700201
32923992320
1005001677742988
1005002357575639
1005001435802970
1005002318296569
1005002356170824
32826354332
32646246392
1005001588243630
4000483771534
1005001350914062
32790774717
1005001270475271
32842891558
1005002291789083
1005001541444944
32837746632
32974853062
1005001304741867
1005002365199591
4001295334741
1005002402663156
32944132670
1005002373056098
1005001493681508
1005001525358801
4001050821202
1005001651991142
1005001520504413
32413039786
1005002319075460
4000466695244
10000385994959
4001010493826
1005002467513016
1005002324047685
1005002274125440
1005002253909095
32955874204
1005001531266055
33029588054
4001192942241
1005001529880614
1005002443577085
1005002217810878
32994402985
1005001727159492
4001003277005
4001247245223
4001060464600
1005001570815773
1005002029698481
33032069937
4001275026281
1005001714844887
1005002345660637
4000219332087
1005001436713717
32857947201
32967178388
32889435872
32923315169
1005002329737955
4001156929920
1005002306346361
32999018204
1005001682444934
1005001938161908
4000635643866
4000800525890
4001346405447
1005001838943156
359193072
1005001510526701
33011370578
1005002460009594
925949971
32869261731
1005002298966353
1005002132720088
1005001600348651
1005001269613336
1005001739546697
32826924853
1005001398432186
4000722374892
1005002314387816
32905276604
32724154305
32948071054
33001322503
32601842609
4000673343488
4000544790341
4000850572094
32895210607
4000219601054
32916228378
1005001621695870
4000660824213
1005002299046209
1005001451012010
4001041950492
4000265882279
1005001658123858
1005002313820269
4001153857518
1005001644146607
1005002439078506
32955370691
1005002286900965
1005002224980469
1005002052617171
32960755279
10000214791422
32987325907
1005001872490515
1005002264674424
32983403591
4001140583343
1005001758221311
1005002278575733
32891015345
1005002266158595
4001275858260
1005002319311554
1005001865293157
1005001881876301
1005001586559791
32814854785
32930620214
32891013341
32957860122
4001244343393
1005002458930635
4001089000533
1005002369922764
1005001829952251
32748591050
4001005218240
1005002316384387
4001061972344
4001327671505
4001177862501
4000050430845
1005001292978401
1005001782839262
1005001558504389
4001345329538
4000848488008
1005001581189102
4001293637932
1005001707054665
1005002329930475
4000927225461
1005001692384155
1005001907503010
4001119304622
1005001954934640
32870464437
1005002450556646
1005001641111720
1005001770442059
1005002015105688
1005001780709081
33013099843
32963841367
4000785991435
1005002443614157
1000007934913
33021914860
4001208222677
4000698628492
32811845116
1005002468697415
1005002082377297
32922925057
4001152991851
1005002292834464
1005002226330859
32996004982
1005002205934743
1005002282153031
4001036628441
1005001834698294
1005002299707606
4000349343019
1005002367347727
32962215096
1005001344131452
32994298547
1005001523727970
1005002395893346
1005001868424882
1005002408204701
32435622384
32849748779
4000747976401
32949844924
4000519744957
1005002428569336
32859174010
1005002469728467
32890366830
1005002341260604
1005001304571454
1005001436671749
1005002195465799
1005002440793268
1005001288634926
1005002007858167
4000266043026
1005001570675354
1005002006974091
4000874460479
1005001495239891
32902171705
1005002102331139
32362068238
1005001896038511
1005001494389189
1005002454427164
32377839552
1005002290015464
1005002377407887
32646510563
1005002493393284
1005002272751510
32811871175
1005001780185329
1005002384187396
4001154065931
1005001348096077
4000221561832
1005002333491730
1005002317327620
1005002378957290
4000096523229
1005002395440299
1005002386122928
1005001320529949
1005002213363616
1005001742099643
1005002319417029
4001170698723
4001089450203
4000955225978
33018116195
1005002340797152
4001179840591
1005002496116624
1005001456797384
4000835922959
1005001890595601
1005002469234759
1005002259290340
4000895490212
1005002438033336
1005001882290626
4000910784841
32739668488
1005001768020693
4000138999917
4000094392638
1005001510347120
32972466362
32974841519
1005002095735007
32963104465
32841660846
32652142511
1005002365756464
4001015350864
1005002377767974
32515292364
32950546796
4000730489812
1005001549873844
1005001350086418
4000982228499
32883221667
1005002327558979
1005002388711666
1005002314388772
32799580339
1005001950199631
1005002384387500
1005002308613912
1005002263441973
1005002454729986
4000186802730
1005002376746659
4000492911966
4001208612732
4001269046227
4000986740673
1005002397798763
32975299958
33027808771
1005001460239973
33041680965
4000842619955
10000169943077
32525531686
32769433560
1005001641650610
1005002218921418
4000538153881
4001130978597
4001294906106
32610185032
4000321122971
1005001926490305
1005001362682970
32824097684
32949604473
4000356112228
32918726510
4000971320165
4000641371248
1005002014760090
1005001367317571
32831075852
32782725707
32801611900
965062567
4000308383521
32790096720
32852665932
1005001678649404
1005002017595358
1005001510914460
1005001894293758
4000664003268
32917015690
4001071578798
1005002333955464
1005002225020275
1005002336970032
1005001607249943
32882393034
1005001597702228
4001084049329
4000382934568
1005002314410169
1005002225582029
1005001386279548
1005001838560963
32659148535
1005002282776078
1005002272049993
4000094091532
4000459839915
1005002204992220
32739294823
1005002351485200
32921902676
1005002368231977
32926995206
33017983410
1005001452076726
1005002308965010
1005002273754475
4000508508897
4000456127499
1005002279105561
1005002349908526
1005002488921969
4000903439510
1005001789254753
32805579404
1005002482996402
32782596315
1005002474170561
32811859732
4001135166397
4001034462184
1005002408020598
1005002274040249
1005001779414959
33021401856
1005002318879226
1005002345060094
32852516450
1005001867337450
1005001458190080
1005001798028300
1005001970160589
32919305050
1005001356263106
32861169962
1005001688967570
1005002323913236
1005002447633969
1005002334233088
1005002343118332
32946153806
1005002318908214
1005001280541980
1005002338771376
1005002255093219
1005002425326784
1005002311876803
4001153898086
32812790238
32957020899
1005002221915334
1005002079098667
1005002240992743
4000617320368
32958149928
1005001667966011
1005001515371369
33047901696
696917616
1005002050454874
1005001623347836
32891735748
1005002424218274
4001041056804
1005001990730241
1005002292237690
33045540626
4000433460765
4001032218314
1005002260450258
4000744575232
4001056421352
1005002485106756
4000375916482
32858335503
1005001631794805
4001119652875
4000895694540
32841997439
32800625770
1005002147705865
4001065006569
1000007541295
1005002329810319
1005001290456818
32627402567
1005002312732399
4000894643123
1005001478266381
1005002159924152
1005002139966050
1005001520359256
1005001366148674
4000836339087
1005002423195695
32853867801
32983536983
32964032130
32998069462
4001115385325
32627624429
33019930975
1005002021851330
32925739192
1005001557076844
32676827159
1005002460520358
1005001333662945
1005002322529648
1005002388313586
33045997298
33021533957
1005002346835076
4001170885965
32973332548
1005001810399116
1005001731984562
4000903804114
1005001769014180
4000295646520
4000500037762
4000784268099
1005002396318614
1005002380897205
4000837848473
4000852150092
1005002314303881
32881731628
1005002217915347
4000855100988
1005001695364605
32690593252
32659615545
4001274901914
1005002372309898
1005002291692878
32951025299
1005002478104048
4001252235110
1005002359828547
1005001437540180
1005001527748207
32848428718
1005001405139962
1005002436080327
4001034880123
4001103735431
1005002469495198
4000863488701
4000330841120
32885725392
32951273902
32969002088
1005002340535385
1005002148660066
4001215095836
32970892600
32956941929
1005001967757452
32976442020
1005002219239811
1005001970897836
1005002197037571
1005001496222418
32970574847
1005001855289729
32323299876
1005002213814329
32907918232
32878743592
33051664927
1005002409925030
4000207957979
1005001870681988
32918980424
4000511853023
1005002344457993
1005001442161500
4000467424231
1005002376939194
1005001451594197
4001058887656
32962558999
1005002248152661
1005001334203601
4001060608333
32798655895
1005002384051944
1005001931075082
1005002056889475
1005002439850503
4000866396464