1005001741916165
1005002427452009
32849318996
1005002390854009
1005002256373000
1005001686120283
1005002388031943
32905506830
4000001749616
32990574103
4000081823492
1005002490506287
1005002260061083
1005002446803012
4001083706337
4000855096232
1005002348715909
4001109902498
1005001503923762
4000544124658
1005002049722179
4000354188748
4001027595416
1005001423350526
1005002263725271
1005002051862228
1005002167837650
4000124328060
1005001982480174
4001287456472
32914373749
1005002400212278
1005002193015249
1005002009214732
1005002280551566
4001041594602
33009159073
1005002340268674
32459355392
4001294901800
1005002325946869
1005002137337476
32982259038
4001279004723
4000047272113
1005002383404801
1005002359947733
33038160889
4001196215843
1005002348289416
33045147090
1005002457767378
4000640944926
32975657856
1005002331984752
1005002302515965
32448841369
4000793817279
4000628034613
32857958273
1005001639821588
4001039314862
1005001369090576
1005002438346905
1005002383587958
4000822982341
1005001346165792
1005001826926372
33017136699
4000071462159
1005002276741304
32835557931
4000745216826
32408811651
32840412494
32963188374
4001231125957
4000955576263
1005002423768387
4000625557693
10000383397742
4000195406950
32854739066
32965165779
4001275410860
32603968484
32888457150
32820326974
4001160399876
1005001368667648
1005001621650153
1005001675304698
4000281332828
1005001359556596
4001227105455
32313301924
32638535251
4000031636556
32899678438
1005002317381933
1005002484087406
4001027401312
1005002281878620
1005001540566733
4000993178741
32878857111
1005002218838909
4000200573769
1005002261029312
32462974116
4000741682924
32657629098
1005002423617255
4000748168096
535865074
1005002273490299
32948377998
32993939852
1005001803531882
4001338399847
1005001304017700
1005002061279581
1005002007152556
4000263806104
4001129020034
1005002408466439
1005001844567294
33038950095
1005002090694471
32812789672
32732648021
10000399711878
32886646390
4000311751210
1005002136490557
1005002314256097
4001167561995
1005002279135622
1005002242536888
32959630004
32860191235
1005001791743077
1005002467061915
4000812382717
4000679355371
32956881459
1005001541718935
1005001627207583
4000633015338
32955185335
4000214125757
32900228815
1005002264580855
1005002166738177
4000725245623
33015268938
1005002264758089
1005001590320205
1005001307499275
32863938045
1005002048386248
1005002368029336
4000990480488
32992867788
1005001884586030
32965446551
32272500985
1005001736653748
1005002282107670
10000154061929
32952306958
1005002483985096
1005001469365749
1005001874763275
1005002369080853
33041803457
33036158661
33034356564
4001298960209
1005002009587405
1005002363160902
4000959212719
32986023955
1005002333693295
4001015349341
1005002382391545
32859301651
32856544627
33013601069
32764194154
4000692184321
1005002352407180
4000556306217
1005002306614287
1005002134153347
4000842982477
4001208421262
1005002328798603
1005001877612927
1005001568828682
1005001640232274
1005002328764911
1005001864539203
32905810412
4001098655548
32901290492
1005002456343416
4000333881929
1005002355736629
1005002490183829
1005002228671574
1005002242548448
32911076786
1005001438792948
1005002318287351
4000863526316
1005001334120893
1005001289676959
1005002431753778
1005002108525839
1005001463405518
4000200061143
1005002459893328
1005001374349777
4000771203925
1005002336935366
4001292775194
32825984739
32708542458
1005002316548987
1005002430437252
32958827415
1005002175358061
1005002376891769
1005001895825547
1005001793176196
1005002467312571
4001039746964
4001292553028
1005002304648008
1005002122333879
4001159321685
4001100609916
1005002317631884
4001278484484
1005001626170683
32826901202
32872831168
32845071547
32864902336
1005001727714413
1005002271312632
1005002272171924
1005002410901242
32693259064
1005002306982869
1005001325404099
1005001955003564
1005002301035963
4000854338238
1005001439067694
4001112504068
1005002417148769
1043995767
1005002307735499
1005002329360083
1005001891476696
1005002294686038
33048808864
1005002440683424
1005001633298956
32818311081
1005002410911830
1005001495773917
1005002185547614
1005002319227006
1005002263250347
1005002350786163
32978671551
32759866584
1005002410894457
1005002426557805
1005002317580667
1005001868663146
1005002421408640
4000789162575
1005002117210577
33037249755
1005002319058315
1005001744154668
1005002196911644
1005002449638479
33053644455
1005001779726854
1005001562387696
1005002029053292
1005001596657026
1005002225864899
32985545267
4001278131482
1005002312152637
1005002396918014
1005002372531836
4000114781719
4000176724183
32909311238
33052019582
1005001840368574
32913733180
1005002272568923
1005002072565190
1005002206896102
32313968299
1005001525561012
4001014424529
4001038787894
1005001880196076
1005002262543100
1005002289658041
1005002325335558
32920087789
1005002390496034
32297949496
1005001393806674
1005002453277627
4001217160672
1000008359797
1005001382967117
32868250505
1005001389184130
4000390580383
4001297567208
4000283965737
1005002425976441
4000201100361
1005001338838567
1005001639232377
32660439778
32981714742
1005001466440712
1005001868121243
1005002368708696
32903028427
1005002321651921
4001283774728
1005002305677713
1005002104695599
32762242733
1005001619861196
1005002094341616
1005002459870384
4001105249266
1005002512722700
4001119091446
1005002404602820
4000256726858
1005002062102210
1005001723711629
4000811756819
1005002467034181
1005001420537938
32840398716
1005002467634446
32799519978
1005001424016963
4000923108319
1670084786
4001308184996
32879508818
32861478098
32822039698
4000151094634
1005002318116360
1005001586553306
33050000922
4000725265256
1005002362748510
1005002246027463
1005002027604206
4000522318145
32662994126
1005001769497151
1005001724571712
4000516556891
4001117883115
4000895183988
1005001764113251
4001037821380
33016327821
32909497870
4000319779465
32990110911
4001196656140
1005001494920626
1005002181660539
1005002314500488
1005001867363634
1005001849321309
32853516986
4001267646486
1005002411139034
4000108522820
1005001718091004
32703928233
1005001624839331
4001177123091
1005002034525505
4000112028412
32964436605
4000038654889
1005002095546003
4000246244581
1005002244065215
1005002259889702
4001208719622
10000217757761
32866111346
32604618501
32635780569
1005001884165750
4001274462451
33048521211
1005001585254159
32890771258
1005002466242882
32923732367
1005002344984478
32639331560
1005002316234968
32896141792
1005001775732497
1005002453187768
4001013455385
1005002351731660
1005001551687616
4001241592995
10000289502894
1005001472396525
1005002448770126
33027824045
33055795200
1005001719807067
1005001289959121
32672149053
32367101325
1005002239538451
4000535373620
33001876903
4001040720444
1005002472302985
1005001296510819
1005001997422364
1005002277792204
1005002267536299
1569520556
32954775542
1005002357256322
1005002120836610
33005904473
1268454637
1005002167984489
1738315364
4000204808425
1005002273949362
1005002172227192
1005002055542875
32991531484
1005002266263230
1005002406110717
4000674487885
1005001786430375
4000359132267
1005002340502793
1005002318195281
4000252744194
1005001833291944
32975646439
32900303662
4000405625039
1005001354414561
1005001631031978
1005002198055178
4000842530778
1005002409518235
32861050316
4000112113365
4001271615704
1005001648955084
4000034753400
1005001287062136
4000816318042
1005001339563059
1005002432077249
1005002440755164
32836622791
32957021439
4000009660858
1000007727535
32973769838
1005001644256021
4000345824617
1005002307021317
1005002245640552
1005001607614251
1005002306493050
32999972051
1005001841269116
2026103148
1005002281577789
1005002338331967
1005002101036401
1005002245714725
1005002352072983
1005002306640735
4000685082577
4000884892754
4001260825228
1005001656915468
1005002448599977
32651691928
1005002313234037
32945638589
32855911572
4000611282240
1005001572047286
4000576684483
32818341483
1005002168912292
1005001316925286
32918548874
32983443405
4000986618202
4001330812181
4001059080380
4000023587396
4000582747702
1005002404574501
1005001469054442
1005001268239343
1005001402526837
1005002418388852
32918489327
32930450004
1005001915078353
32922772726
1005001862559006
1005002396966979
1005002096583586
1005002352819511
32891499043
1005002306009040
1005002434514752
1005002375026321
4000267669873
4001277028109
4000909987455
1005002409343905
1005001560916112
4000464822337
1005002371681244
1005002309779920
1005002430845326
32885771751
1005002388329296
1005002179185460
33031867237
1005002289947575
4001127250334
1005001854167159
1005001670940463
4000163476872
4000310453918
1005002218194759
4001305158625
4000030154991
1005002447310300
1005001900967749
33053690630
1005001742317471
33051485859
1005001326542109
32991452363
1484608274
1005001899224142
1005002357184184
1005002089034425
32982550723
32846918596
1005002136438903
32801840618
1005002467030503
32917690929
4000269229028
32956376896
1005001466935340
4000830640422
1005002484699754
1005002265816575
32908517493
1005002211647221
32944756606
32969975016
4000117432942
4000466357315
33032050407
1005001987196623
4001248620941
32884927971
1005002371941437
1005002439557467
1005001622186954
1005002363339454
32956153851
1005001587181533
32674949304
4000469704592
1005001639333458
1005002496019457
32914127064
32948144779
4001307660938
1005001658243010
32808765100
1005002269336562
1005002351190280
1005001576971288
1005001737623741
1005002378025470
1005001776807384
1005002408167223
32610013700
1005001520372748
4000168113617
4001098640457
1000006333020
32830261700
4001055716240
32971219170
1005001652712567
1005001773973442
1005002298334314
4000453784091
1005001355891641
1005002466167158
32798281195
4000345208736
1005001764489103
1005002256606831
1005002428218783
1005001706110452
1005002124515759
1005002352875729
1005002400011651
32891414696
4000259919602
1005001611945382
4000412715916
32887399254
4000558091624
32994054385
1005002311495464
1005001824105815
4001222687738
4001139256401
32913629234
1005001592817272
4000314832342
1005001732841582
1005001599030740
4000728145259
1005002323796408
1005001329710747
1005001591176522
32536337251
32849344287
4001031454210
1005002347698674
4000918420224
1005001353792496
33059018335
1005002313755517
4000356957124
32887539183
33006656968
1005002495864349
1005001405810961
4000044831319
4001200889755
32892727557
1005002318029224
1005001353925547
10000088345460
1005001409441512
1005001954794931
1005002272808287
33056890460
4000074818163
1005002220596762
1005002097600629
1005002046511958
4001238073030
1005002317035633
1005002357735057
1005002347851865
4000852400544
32676385914
1005002283619145
1005001670740128
4001101538983
1005002276578507
32976924353
1005002331031162
1005002310932783
1005002417649819
10000128133256
1005001504619150
32953222155
1005002122382642
32918543570
33034417708
1005002319523989
4000434755318
1005002019592540
32670240403
1005002167145967
32843593844
1005002351891689
32757805831
1005002312391924
1005002349430611
4001205831141
4001231473568
1005001286574054
1005002206433957
4001117947409
1005001890033628
1005002278920474
4001050536315
32994873706
1005001742460945
32547055128
1005002325788391
1005001321005186
32990561339
4000931183232
4000696653737
4000266507118
1005002286154990
1005002077113816
4001228625177
32988606615
10000055564077
1005002237895606
32983762317
1005002418358050
32813727782
32641515226
1005002310787134
4001146275691
32849678942
1005001859579211
4000470263455
4001229788955
1005002400554687
1005002369343326
32880011816
4001283906895
1005001710257328
32757698280
32994036007
32853768607
32820112310
1005001302117148
33007517333
1005002132665155
32692067426
32985251283
1005002259292675
1005002270430802
4000079715628
33054002792
32864787766
32957241845
4001278935008
4001120884209
32725907814
32954674497
4000554820222
33018027694
4000483691285
32973745013
1005001999872050
4001010369923
1005002203529397
1005001698662858
32893843089
1005001824681757
32613425558
1593827821
4000848731931
1005002168519016
1005002346016779
32973563322
32556443090
1005002287230769
33013124543
1005001664320310
4001274574349
1005002325000629
1005002100752330
32784568703
4001043739864
1005002266511697
4000895023756
4000599330371
33049180254
32961849324
1005001506774466
4000311805718
1005002329193157
1000006598433
4000316965530
1005002395276806
32810626915
4000348602331
4000108608504
1005002322950221
1005002449221842
1005001773705398
1005001597403831
4000245480500
33007948838
4000183412050
1005001829678008
32913341818
1005002447279370
1005001584230824
33005364426
1005001464148770
10000302637628
4000881738984
4000194765595
33049989310
1005002357247435
32905989548
4000087077498
1005002287834558
1005002287660240
4000626590001
32979973486
1005002283777826
4000034488166
32996775775
33048494750
33059963054
1005001710206014
1005001599736242
1005001689452302
4000683022166
1005002272397802
32951839647
4000709375853
33016686359
1005002119302726
1005001592847515
32857583140
1005002459858837
32993703982
4001221858819
1005002281471541
32673811795
4001050278931
4001204031379
1005002037929597
32876104255
1005002428232776
1005002287582629
1000006284924
32818394676
1005001654039255
4000298636991
1005002058730299
4000184241964
33040440036
1005001584752522
4000322260151
32976726215
32823683305
4000110393516
32975104947
1005001774151998
32827547383
33022385093
32983149383
32791262122
4000988984289
1005001799289001
4000885778531
32890238690
1005002224720303
1005002111519956
1005002342603955
4000318357385
4001056130406
32791116667
1005002468919521
1005002413987512
1005002280842352
32909771331
1005001341238900
1005002000327204
1005001812936265
4000204619439
4000879211269
32437614106
1005002298734877
4000328339315
1005002383177152
1005002333952124
1005001525394667
32884807686
1005001650829025
1005001636621056
33014498858
4001150250245
32822700474
4000156226978
1005001756608408
32995587975
1005002467474162
4000774099418
1005002357664102
1005001993266745
32820972337
1005002449808423
4001278993077
1005002324115140
4000960613931
1005002120481682
1005002279335013
1005001355211594
1005002337731056
32923448716
32828844615
32848292102
1005002346865250
1005002476128965
32802582694
1005002355809135
10000009796855
1005001782993805
1005001758448839
32789120778
1005002238767531
4000227499381
32830174825
1005002313970635
4000772157125
33003644069
32973540331
32873962336
4001278931863
32973513153
4000548266364
1005002293770000
4000052607101
1005002314557241
1005001935029545
4000176025880
1005002097458250
1005002371431842
32901251931
1005001697179746
1005002292342584
1005001498674759
1005002425693656
1005002336639759
1005002364412013
4001085136251
1005002304378402
4000994896496
1005002278650968
1005002413445636
32918934239
32898801979
32959123409
1005002205318669
4000510958069
4000465871436
32978509292
1005001314625295
4000547199506
10000304763729
4001138313548
32965763092
1005002338992931
1005001840276540
33022555083
4000690520496
32979923842