1005002413599418
1005001836302229
1005002110427084
1005002323919833
33029195961
1005002283433939
32959853928
1005002069497889
4000611517068
32858042252
1005001650921510
1005002371934677
1005001957362108
32848296137
1005001993465506
4000321734189
1005002307270356
1005002211641561
1005002365233646
1005002437872837
1005002271399773
1005002310837116
1005001516697509
1005002310440771
32967023087
1005001640618143
32392844299
32972653088
1005002218596863
32899670042
10000039194612
4001316782807
1005002357658172
4000613678065
1005002042617999
1005002003470514
10000402350514
1005001551932235
1005001568037348
32909539500
4000974302807
1005002393991438
1005001406772776
32906790756
32884486726
32981056644
1005002420024569
32979107081
32907846133
1945783008
1005001324744484
1005002256167054
1005002359033302
4000366061277
1005002079197313
1005001943927413
4001153872040
1005002287276858
32885388826
1843603749
32997232537
1005001494753264
1005002341487156
1005002314234973
4001228634706
1005002454283752
1005002180793039
32983407341
1685644748
4000640034196
1005002414293677
1005002439408920
4001212352794
1005002388286560
1005002339579817
1005001441497174
32978009332
1005001404986092
1005001798743544
4000102073536
4000379822882
4001225881933
1005002388561109
1005002358318897
1005002363714875
1005002441188128
1005001316630906
4000221900765
1005001482301505
1005002334288102
1005002333479924
1005001355713990
32895639931
4000784293329
32977238058
32571289074
4000960889919
1005002198406649
1005001611572269
1005001422853791
32602072176
32856807817
4001224421310
32686628792
1005001960032868
1005001389091169
4001118473779
4001351467142
4000096243991
33059957825
1005002400949576
1005002280657733
1005002085322897
1005001768091717
1005001386136224
1005002443081742
32863980346
1005001602546951
1005002368548621
1005002314449314
1005002297529333
32846140363
32859587512
33006211672
33039483576
1005002317902929
1005002449381018
1005001826448215
1005002055619575
1005002446568663
32830231600
4001355453525
1005002315004049
33009801197
1005001297296963
4001078930249
4000721934494
4001112098549
1005002414465977
1005002007665600
4001114859517
1005002322103989
4001037065642
1005001748448694
1005002287982852
32973481623
1005002170948683
10000003353829
32832598110
32991186102
1005001824650283
32819500433
1005002048917335
1005002454332796
1005001591632576
32913937333
32882688457
32989655513
4001021533521
32821486402
4000917328471
1005002004286490
4001021710069
1005001430735678
1005002315650669
4000198450401
4000421861890
1005002401205749
1005001823970575
1336242252
4001155467965
33061763962
1005002400327265
1005001844233273
32969914219
1005001810093215
1005002314330871
1005001337450785
4000459739370
4000036175898
1005001423669301
1005002500525580
4000095557429
1005002233810868
32833211500
4001058596450
4001062153776
4001080842951
1005002345385205
1005001517069646
4001360957577
4000018998993
4000466573908
1005002265041257
32621724224
1005002300954366
33037360756
33005496188
1005002198724421
1005002315334344
1005002453362233
32803764646
1005002358236281
1005001632734461
1005002009435180
1005001626859815
1005001471614206
4000685527612
1005001639928009
4000170186873
4000355312523
1005002315828963
4001152652701
1005001697711717
32889702000
4001247659928
1005002322493350
1005001626002834
32959608406
1005002240524071
1005001304776967
32901453289
1005001459117968
1005002141157695
1005001547403838
1005002326981505
1005001800045376
33028271832
10000389628926
32373305496
1480113259
32858848726
1005001736197929
4000131717844
32819613299
1005002264320682
1005001889821041
4000223853555
32913368878
1005002342860212
1005001431408385
4000459374052
33004671045
1005002233011122
32784564794
1005001863284692
1005002326998079
1005001986316091
1005002433545411
1005002418101994
32845894997
1005001853776077
1005002275308590
4001149943889
32859680530
1005002322443648
1005002350816355
1005002289223957
2046470126
4000984296250
1005002487891437
1005001557824187
32997647641
1005001903436164
4001263859550
32982973636
32888903232
1005001815469027
32913641624
32583469481
32915118891
1005001305540970
1005001851702958
1005001573955174
1005002420708910
4000985660516
4000114407877
32827918367
1005002276366317
32886228594
1005002465722860
1005002115288650
33035917812
1005001878053569
1005002055600384
1005001382480690
1005002431132940
33007373061
4000401826619
1005002231817579
4001358401764
1005002240434602
4000333110298
1005002136765632
32837603855
1005002298723431
1005001393511578
1005002230483962
1005001573925474
4000278042490
4000807485044
1005002348356503
32970573724
4000941351995
32830495768
1005002377187600
1005001865772759
4001248479188
1005001830161719
1005001980742579
32949611662
32870710870
32970708097
1005002482909769
4000120128418
4000761645285
1005001338559267
1005002453068269
32849340887
1005002232149069
1005001695465769
32731279769
32842803152
1005002318184168
4000493857244
1005001992238650
4001244273288
4000724284335
1005001450393151
32910929372
4000712880262
32967937419
1005002488701929
4000965424453
32915215669
4000642893730
32852023729
1005002425530676
1005002462070436
32809756609
32859429979
4000283260630
1005002245677878
4001231914832
4000492932220
1005001865495668
1005002433551734
33001553986
4000348744112
1005001605937086
4001289498259
4000419032792
1005002512765519
1005002037466975
32854016566
1005002051564122
4001331119195
4001221018518
32444709836
1000008269502
1005002440169492
1005002272512274
10000014194478
4000777128743
1005002069269382
1005002228350636
1005001813734202
4001115852993
1005002303798757
1005002111936016
4001089221209
1005001652742720
1005002425670213
32580937290
1005002471208980
4001308411249
32859579625
1005002364475091
1005002260372859
1005002337377139
1005002223850507
1005002145023092
32218930414
1005002045726935
1005002270325750
1005001365325181
32872255521
10000395939517
4001014401943
4001005384656
1005001864788795
32719057950
1005002289038437
1005002447545407
1005001525469085
4001016445175
4001100846845
1005001859431661
1005001314846267
1005002310305092
32950896838
1005002058531731
4001294405080
1005002436082230
1005001544497296
1005002377091636
1005001987240734
33016837381
1005002397973882
4001233442954
32923311347
1005002448913938
1005001598695420
1005002284635822
4000828629993
1005002417974357
1005001779816124
4001290501628
1005002340669554
1005002350768783
4000377778842
1005002357844937
4000506306195
4000589686369
4000606914615
32851373254
4001362155550
4000436638229
1005002350171858
1005002297837861
4000288918454
1740660515
1005001999892405
32969419243
1005002420085745
1005001482785770
1005001590720876
1005002318331425
32926387871
1005002099468071
1005001932129587
1005001781665691
1005002185960182
4000544405491
1005002180457409
32683552638
4000710950308
1005002346205450
1005002398605405
32810113617
4000371018644
4000390524499
4000115947221
1005002425788734
4000849872013
10000341785853
1005002421085827
33025759185
2028672869
1005002470277560
32996599274
1005002151844715
1005002075296330
1005002238319583
1005001500552494
1005002108984910
1005001680465727
32816503779
1005002212887862
33047057286
4001010579226
4001022826793
32843296283
1005001989920230
1005002483205723
1005001941258788
1005001808086185
1005001488890566
1005002219652810
4001044106639
1005001789564743
1005002276011359
32754310734
1005002346666289
4000917446884
1005001954819895
1005002367977570
1005001804817417
1005001305788393
1005002278202893
1005001367755016
1005002112383388
1005002388350331
32747729229
1005002079266327
32891826567
1005001709506865
4001168861662
4000507036731
1005001942583621
1005002265232691
1005002344974422
1005002102302067
4000042217187
1005002398183026
4001276268538
1005001457205525
1005001889016947
33004166252
4000666098508
1005001764774896
4000011835164
1005001848968975
4000957179507
4001355862066
4000865396953
1005002224177329
32812372985
1005001425563759
1776387131
4000329439237
1350590416
33007722018
32940722940
32867769341
32296786659
33006727987
32640282967
32965100050
1005002425691080
1005002485680355
1005002408616246
4000373167772
4000561137262
1005002325109025
1005002113148516
32857864113
4001364237947
1005001739940706
4000761528392
4001166752448
32975084038
1005001763142365
4001339776177
32967202380
32833979635
32919546141
1005001984563590
1005002350678292
1005001525328631
1005001989511677
4000136364968
32962202439
1005001411934778
32880539778
32237306011
1005002212429542
1005002381095433
4000249528302
1005002312133675
1005002286733427
4001338938156
1005002282879898
1005002314370307
1005002292644250
1005001666883825
1005002362661391
1005001738405016
32900646369
4000944989202
32679849187
1005001596789429
32973774502
4000826836533
1005002482313787
1005001924373865
32831375563
4000271288926
1005002213291544
4001029806935
33018747192
1005002039198093
1005002260761494
32832885892
1005001788550841
1005002348482804
32808676749
1005002311943547
32747186891
32822918496
32807446577
1005001393889312
32748124102
1005002386595854
33010661856
1005002447365968
4001340957001
4000133897091
1005001475836086
32958279437
4000938955244
4001059986369
1005001845597938
32858355698
1005002259907631
1005001957523188
1005001657178001
4000599766071
1005001763453759
4000742249245
1005002319141146
33058352441
32821072912
1005001862307425
32955478619
1005002038668933
4000706392736
1005002323079889
33023882640
1005002290675118
4001267806817
1005001934846156
1005001856914155
32848410018
1005002420505637
4000670527619
32782667888
1005002382952514
1005001582659210
32709262106
33019202907
32998869508
1005002313475413
32607997599
32850231572
4001090599917
33001259421
1005002266402183
32958613802
32997637401
32832490133
32953662611
4000982820984
32808219143
1005001797548927
4000253196183
1005002228585941
33031206269
32779378037
33006111186
1005001527923387
32991268190
32926148797
4001221830881
4001053120806
1005001579298185
4001251465564
32718741068
32856381222
32875380535
4001142990937
10000411424911
33001998255
1005002268469105
4001201935064
32842736141
1005001390583515
4000619905166
32969372582
4001244169270
4001233865383
1005002257999461
32756082530
1005002435694521
1005002166577777
4001189323235
4001025764180
1005001398654830
1005002233753955
4000332994058
4000588406405
1005002378807347
1005002272008645
1005002297996483
1005001329751977
32511681400
1005001441628775
1005002022043471
32911134766
1005002290580591
1005001560332089
4001272923635
1005002417697826
1005002361702288
1005001782798051
4000409363844
4000940221565
1005001860922242
4001044963852
1005002293214772
32805112289
32816029531
1005001962562222
4001147863750
32977581802
4001061736863
1005002247613015
1005002352836796
1005002143476745
1005002314300771
32533239618
1005001688418997
1005001474996952
1005001604981244
4000899568605
1005001315076174
4001028101768
32796727881
32861457611
4001141372297
4001104997829
4000170221756
1005002398891963
4001047928008
32846554125
32809933551
4000004033663
4000397535377
1005001914571064
1005001525452245
32792276355
1005002332178431
1005001299001925
1005001694615426
1005001962284056
1005001813112978
1005002105896366
32881496265
4000963502072
4000873257056
4001021685467
1005002448457777
1005002006550975
4000954963607
1005002291754248
1005001705741073
32869192639
4001228023254
4000693515681
33045818095
1005001781314380
4000056122841
32801144920
1005002362595394
1005001834738345
1005001507073100
1005001568674062
1005002359909123
1005001717724793
1005001780916114
1005002416768439
1005002406355353
32645925487
32919476840
1005001464693758
1005002302482070
32969735145
32789534656
33026114301
1005001615222733
1005002089279558
32841402578
1005002032753787
32988525648
1005001981854758
1005001556830777
1005001405521615
32791796985
4000870947011
1005002346462192
32967368464
32853519964
1005002420850157
4000704692383
1005001856134106
1005002398782418
4001220908224
1005001456154345
1005001296125773
32591227396
1005002383525214
1005002421240756
4001043115331
32857695434
1005002426183378
4001064971417
4001003769766
4000018797182
4001282297832
1005002359745651
1005002350419621
4001211759687
1005002208019823
1005001665053755
1005002262309868
32967055207
1005001985718053
4000677037203
4000199529702
32846860989
32842231921
4000918166591
32976204926
32792542434
1005002052086754
1005002136112486
1005002297666001
1005002339132215
4000114235881
4000025850878
1005002018866401
1005002440799489
32824064906
1005002027840617
32908989488
1005002018201828
1005002363509400
1005001900077154
1005001580447041
33030034019
32880718300
1005002314272433
10000054110890
4000803370401
4000117852946
4001083310822
32460897673
32982973657
1005001577372522
32909043905
1005001644743544
1005002466714320
1005002413363548
1005001634474670
1005001616780653
1005001592381854
32685783070
1005001308672321
4000405012980
1005002118962195
1005002423972254
10000187294604
32628339880
32808580115
1005001343426794
1005001515746922
1005002388935361
1005001512964930
1005002192003915
32996974159
4000166369902
4001229991115
1005001750240180
4000275715045
4000857538295
32817952729
1005002160898256
4001265782375
4001216908788
1005002427053799
32994758190
4000174864974
4001186324557
1005002259514045
1005002080657354
1005002394839393
1005002108550741
4000526143994
32972592888
4000557937695
1005002432676929
1005001830972662
33063715355
32847286489
4000780707318
4000539579145
1005002263651594
4001231358418
32886288496
1005001438816619
32960075313
32932967963
4001043029831
1005001869433969
10000306695236
4000538562636
4001024823086
1005002064864337
1005001838208018
1005002238825012
4001064759334
4000133780920
4000554794523
1005002281644544
1005002319166429
4000503253101
1005002361310148
4000416102232
32798599120
10000396058769
1005002313592375
4000890657180
4000401849588
32987664556
32915509902
4000902316567
1005001677392650
1005001392973114
32697667807
4000039736190
1005001551473602
32960976107
4001139145221
1005002313463525
32767567892
1005002374970445
32841204354
1005002487406393
4000161813840
32983363448
1005001639274725
1005002318853878
32567789223
1005002196563833
33032196900
4000085825944
4000978738795
4000431230694
1005001458557606
4001272507215
4001252023847
1005001905503863
1005001299202116
32614471761
1005001898838551
33048656519
1005001770386887
32956256033
1005002291811730
32476558924
1005001575310392
32799357162
1005002232393489
1005002247237612
1005002496254725
1005001972915846
4001174627466
1005002254108652
33057372364
32861196896
1005001638980607
1005002011902802
1005001907364135
4000910104353
4000340735868
32703395190
1005002482795375
1005001614317302
4001209001111
32830776433
1005001926990570
4001200796924
1005002207293322
32581256701
1005001749409566
32793173811
4000797737630
4001257760217
4000137327642
1005002241060080
1005001652797222
1005002167360890
1005001424335625
1005001439168101
1005002416312535
1005002487233539
1005002325123317
1005002106006090
32852877450
32668741017
1754585994
1005001763236998
1005002061365540
735262654
32910055689
1005001464957194
1005001456999950
32362701906
32781496910
1005002347129376