32757698267
1005002372153793
32978378446
1005002417174249
4001094997697
32854240866
33053389422
33048542248
1005001973716943
1005001344625863
32782953142
4000614507409
32919208619
32653370832
1005002497363493
1005001529382270
1005002166974893
1005002344282636
32887474857
32938863750
4000268112856
1005002330865120
4000609033536
33049419785
1005001809266018
1005002238779626
1005002394448190
4001287024071
32975815937
33036647146
32868268450
1005002326614947
33029744358
4000390133323
4000581457678
1005002293279424
1005002250391659
33051549378
1005001450819677
32856531867
1005002400751986
4001264138848
1005002466187675
1005002479738370
4000103005107
1005002404406180
1005002370195824
1005002449054354
1005001521742664
1005001350952106
32886408869
33031867581
4000349522144
1005002265862239
32847695232
33047874048
1005002376341891
4001138262204
4000546562232
1005002439753206
32965272998
1005001417829416
1005002301070542
4000148767600
1005002462574953
4000783204533
1005002314927856
33007196663
32954322993
33048569769
33054445074
1005001982812811
1005002359636772
32969026254
32821488934
32773373022
4000199472530
1005002276098873
1005002346937777
1005002111526382
32837324352
4000120275800
33025009675
1005002319089988
1005002082307431
1005002298596303
1005001418786106
1000008082518
4001234376608
1005002325344703
1005002364398323
33002791316
1005002259716283
4001322518988
1010000401726520
879060926
1005002234410901
1005002300879796
1005002277204474
1005001965672900
32820807742
1005002272655362
4000035488849
32956221329
1005002233718832
32668397223
32767514019
4000846003594
1005002337357755
1005002442743060
1005002389094076
32946941564
4000912778152
1005001984411396
4001231190003
1005001547962100
32810398142
4000024732219
4000983187968
4000994129631
32806586862
4000009597637
4001274673139
4001332910526
1005002457829644
1005002080282630
1005001367434141
32893650499
32913920117
1005001369622302
1005002312903096
4000084828100
1005002439938347
1005001868099148
1005002375161220
32959374934
32965474262
32805712734
4000909487959
1005002400428360
1005002314290848
33000711336
32954637294
4001168253182
1005001927652129
1005002398501071
4000715794401
4001131726533
1005001867245810
33009501876
1005002109851168
32958973773
32860181121
1005002413997863
32785652867
33061431298
1005001458871480
32890136511
4000791184833
1005002361073725
1005002337844883
10000400005461
4000163428323
32960655477
32812216271
1005001304374966
1005002481807825
1005002282453338
1005002275894096
1000008079634
1000001131323
1005002248486783
1005001680609223
1005002359394000
1005002413665820
1005002251874827
1005002298202721
1005002459930695
4000722018538
4000990867167
1005002370369199
32922251544
1005002399739361
1005002354428296
32675633735
1005002306764952
4001225001832
32259092429
1005001779862261
33058427590
1005002473246166
4001179040185
32790196242
32975089117
1005002318324854
1005002340869659
1005002204823710
32793839129
4000296238238
1005002261865850
1005001321482220
33039545286
1005002046182291
4001223465859
32992668980
32964473809
1005002352731109
1005002311816734
1005002312809754
32841339994
1005001720890662
33053140528
4000083660905
1005002301854913
1005002351159146
1005001830718983
1005002100579490
32863487247
32903824490
33032262963
1005001787601678
33054591051
4000353986165
4000080530507
32917730358
32883240755
32990209337
1005002368042558
1005002069253240
1005001487948714
1005002376669755
32981136997
33029217667
32995775488
1005002368432026
1005001408627195
32737486795
4000800834042
32868533383
33030756436
1005001381319208
1005001612343256
4001360781198
33036931507
1005001943008065
32995527538
1005002242537838
32921587642
4000530526540
4000157516793
1005002315555443
32832799470
32980677481
32788919578
33062914729
4001178577549
4001294004794
1005002281805902
4001313464171
32602792242
2045462955
4001228633055
4000154432154
32968582729
1005002245849882
32526920671
32993093673
1005002072277409
32895641329
1005001941889516
1005001473786151
1005002262364208
32965340877
4001227566309
32857899543
1005001344654403
4001076822442
32738491200
32981244672
1005001617778918
4001039093640
4000599485846
32881124783
1005002231655593
1005002003648282
1005001798933462
1005001599119562
1005001867418124
1711198595
32835574742
4000526657640
1005002353740550
1005001525460269
32896044308
4000538452716
1005001551653552
32674157372
33048512315
4001086793708
4001027740105
4001240201178
32795299533
1005002433927211
32814475184
33028179235
32528197619
4000865552837
1005002252173169
1005002128742643
4000243866427
4001238512234
32974330067
32954120092
32975200585
4001154100768
32346359599
1005002309574314
1005001891634337
1005002388427010
1005002414529582
1005001274401340
1573333366
1005002314864939
1005002333533355
1005001834032468
1005002205094120
1005001802944810
33008202432
1005002488343188
4000306838909
1005001899282553
1005001429646183
1005002362548716
1005002273083173
32976832837
1005001484472054
1005001970131396
4000960929460
4000257577949
4001158377132
1005001865801030
1005002238293298
1005002001753592
4000120828522
1005001493927666
32618999062
1005001586245671
1005002265435044
32879936015
4001026616112
1005001869762354
4000282946042
10000217487764
1005002344450607
1005002128532118
4001308324525
1005002314557946
32838782062
4000817030522
4000917285890
1005001498579431
1005002002697157
32874936724
32754329215
4000619691302
32990766373
32960009886
4000832129939
33056087440
1005002271438702
1005002352235383
32791652399
1005002335248885
1005002409988618
1005002390081533
1005001287869870
32715588917
4000488713189
1005001803957071
4000780537099
1005002367369739
33055460087
32896833397
4001065016509
4000067816818
1005001643762793
1005002445187900
32844312404
32896947948
4001139837137
4000171229843
1005002081570259
32863919245
1005002345102271
32976244246
32987772983
32807991055
32850146732
4001184849964
4000382020928
4000777380600
1005002283751827
1005002233956051
4001208762400
32854098784
1005001836446497
32793601771
4000746234397
32918554493
1005002310868859
1005002330495391
4000973139763
4000686693395
4000388553713
4000383492216
4000511879185
1005001929103194
4000504358563
1005002244438674
1005002307325899
4001279022015
4001365741118
1005002431023502
1005001436768027
1005002261884786
1005001468514037
1005001588513762
32989992135
1005001537315446
4000227551505
32821360003
1005002475064548
4000338950845
32834095453
4001155197435
32444835312
1005001366144923
33055652647
1005002320619925
1005002365569912
1005002458492309
1005002321583005
1005002328622162
1005002008080603
1005002008753169
32858287891
32966922709
33025502112
4000447772596
1005002500431798
1005001744566703
1005001479254864
1005002318749069
32981993491
4000705854021
1005002244732690
4001211303188
1005001994038873
33010935764
4001077989061
1005001835822624
4001167597188
4000344029298
33024027821
33000689739
4001212199049
1005001775454014
32962027556
4000873448171
1005001835376748
1005001867983652
1005002313193038
4001237536789
32889233989
1005002413614132
32848134151
1005001705723372
1005002304576879
1005002465849389
1005002362903784
4001229389992
4000064816690
32838636211
4000655878359
1005001541103525
32890776356
32861493382
10000402406810
1005001624665348
1005002327358069
1005002319281808
1005001636462746
1005002498931462
1005002217217631
4001253397216
1005002473732564
32321398807
1005001878736869
32809441030
1005002316123390
1005002377118206
1005002442675701
1005002261022926
1005002488926340
1005001787038542
33046320421
33009996115
32862767038
1005002265152233
1005001802110335
4001269742678
1005001354476234
1005002309407963
4001339987972
1005002431556053
4000275517722
1005001693795322
1005002289612771
4000459569398
4001244582069
4000915841524
32863625444
4000407972288
1005002177688261
33027206653
1005001629201470
1005002347649356
4000786084127
32860418109
32624486235
10000069490118
32933046127
1005001993974682
32825048668
1005002288992407
4000410610327
32947939227
4000627809467
4000265558998
1005002314312307
33027529444
33004818100
1005002448467644
1005002433406809
32557465788
1005001649470747
32822276317
10000089297481
1005001524711649
1005001556387524
32899066337
4000161904949
4001145992022
1005002345792033
4001315212266
32854067623
1941885881
1005002383992050
10000306323900
32970099507
1005002241880617
1005001275901386
32834986588
1005002212839890
4001052104574
4000960621246
32834971001
4000409992408
32965712632
4000723215309
1005001447030541
33026289010
32989799355
4000723875256
33042499921
1005002039040724
1005002304038445
33004948534
1005001429135922
32854589064
1005001490987306
1005001439150349
1005002462451585
32952778050
1005002210158511
32708236229
1005002264705033
33027359302
32405741327
4000431312080
32859647959
32857078609
1005001645050511
1005001302396467
4000789684036
32842786171
1005002393399608
32849760485
1005002317352828
1005002394032054
1005002287844421
1005001562254406
1005002289995218
1005002304325677
1005002424712623
1005002310111101
32565467398
4001118893668
4001020286630
1005001926355763
4001135175054
1005002095550678
32880923449
1005001596613043
1005001714079758
4000989356658
32707210170
33055388315
32978308785
1005002447550439
1005002375589139
1005001794112079
1005002388839359
1005002335152277
32962621543
33034643127
1005002263011633
4000414730229
1005002309192950
4001025585909
32890525153
1005002353638387
1005001668130243
1005001878972430
4001230341666
1005002318944006
1005001742699725
1005002241893766
32761257679
1005002095047602
32824495600
4001024986449
4000118993349
32994166778
32912721465
1005002372447686
32913286556
4001174982588
1005001971983422
4001046263282
32338953620
4000151635750
4000047362369
4000341174933
32618018193
4001274154219
4000336754307
32839089905
4000386898185
32407694259
1005002079279533
1005002333360450
32838087953
4001080783068
1005001392527471
1005001586995678
10000399988951
32918827912
32822038867
1005002476035763
32710478968
1005001861456668
32963417075
1005001934762281
4000386024444
1005002244693842
32835625146
32917219701
1005001566393803
32406963019
1005002253310948
1005002377401402
32997122829
1005001352464489
32456652138
33063171995
32824923179
1005002128190416
4001333234250
1005002417938428
4000960564949
1005002275974944
32626904872
1005001375945721
1005002335227188
1005002265430216
4000922663482
1005002271761108
1005002032946361
1005002086860236
1005002260432578
4000955140678
1005002358338815
33052494121
1005002030238510
4001299202144
32867752393
33019133287
4000972049839
4000425255047
1005001330072244
1005002270239707
1005001734202635
32996086658
4001221757090
1005001883714372
1005002289311298
1005001940856132
1000004202068
4000537939785
32337675361
1005002483595211
1005002365131861
1005001412639737
32870152244
32889031041
1005002081176333
1005001698228003
32515459289
33015160699
4000953591423
32790905636
33002113188
1005001790360121
32980682119
33018487551
32903991561
32838956128
1005002478019072
1005002312103116
1005002246411313
1005002454742408
32738585791
33028472295
1005002191414160
4000278177054
4000076982493
1005002483229903
4000761532296
32846109138
1005002351871608
33057035774
1005001566430111
1005001985993082
1005002264539446
1005001461412308
1005001966611673
1005001812037140
1005002352790093
32889542018
4001227383163
4000066428215
1005002039528995
32873209951
1005002245249364
1005002317640679
1005002376848799
1005002278205431
1005002205440977
1005002313457497
33009850133
1005001996802763
1005002351736128
32813758243
32980632277
33024522988
1005001881076314
4001276037122
4000993721256
1005002219706613
4000394660831
1005001764964663
1005001922632483
4000429658116
1005002262751342
1005002278405706
1005001467862969
32392538014
1005001677030992
1005001721484367
1005002289159791
32912199842
1005002327387100
1005002334128976
1005001992384351
32910140588
1005001648532996
1005002072459667
1005002365612198
1005002359844311
1005002416731010
4001361296410
32982889050
1005001438872299
32946854656
4000539518742
1005002347292896
1005001769578882
1005001987440938
1005002062857792
1005002244276975
1005001500967329
4001300452208
1000006014567
32804772328
4001242350753
1005002317416115
4000136800662
4000546678422
4000398051349
1005002474279263
1875210840
32834663173
4001305462642
1005002310519451
4000008967661
1005002322008760
1005001625983544
32987666944
4000358175973
32928790683
32957253979
1005001369181680
1005002353976473
32791936616
1005002043232274
1005002246052756
32982061807
32909420210
1005001727741369
33049027662
1005002322542532
1005002296036779
32366617092
1005001591898357
4001143613969
32982220540
4000399110720
1005002272125643
32622645451
1005002408365444
10000384256880
32759753657
4000150538873
32655144940
1005001389419896
1005002259749525
32700084965
1005001320691518
1005001975436324
32483592514
32643626021
32847413850
1005001550257204
1005001376231969
32825037568
33053317803
4000696597189
33007718054
4001240266245
32984787750
32811825681
1005002406268041
1005002482846623
32955236654
4000595500323
1005001936661529
4000955137777
1005001860605900
4001223072140
1005002150160547
4000723741426
32801264353
1005002238062175
32820921822
4001065681297
4001180265703
1005001658660913
1005001344558837
4000670366771
1005001630581916
32976551863
4001339543331
1005001954185962
33004887251
4001051526050
1005001792389688
1005001413684377
1005002358389656
4000698861073
33042055646
32972999390
32933530467
1005002405852740
1005002102281167
32988592535
33009547427
4000548262444
32387358031
4000100615100
1005001667760187
1005002370760902
4000762228323
1005002233180479
4000095860741
1005002353362556
1005002296532239
718282003
1005002374890375
4000074333598
1005001394081324
4001245863234
4000537199624
1005001848508404
1005001474674065
1005002038507793
1005002492000185
32916216377
1005002373035681
1569503027
4001042360606
32992443564
1005001763408818
4001025759094
1005001551669512
32718933601
32963691619
32375646414
4001069778906
1005002008567494
1005002467266714
33030038304
1005002284250655
4001061514970
32972513444
1005002172299375
1005002339625268
32822494115
1005001495556674
32475006847
1005001694322020
32962963236
32956879840
1005001840642124
1005001543941040
33055315624
32687290185
4000311464969
4000535123825
1005002350443762
32849363506
1005002363085475
1005002401684716
1005001319063408
32823055345
1005002453163999
32855360909
1195130646
1005002438660203
1005001460657438
1005002275562686
4000983139951
32510251870
1005002143338089
4000365040939
1005001996830983
1005001285043679
1005001936826639
1005001520697794
4001228669729
1005001506124730
1005002361768226
1000005723701
4001228545291
1005002384810073
1005002115103527
4000454396911
32838985303
1005001848623437
1005002273231711
32812679394
1005002235177179
32458515834
1005002489391793
1005002179139616
4000178511052
1005002495564021
4000043133699
33029119282
1005002293534988