1005002294644977
1005001626927253
1005002424947844
1005002341551830
1005001594633531
4000990103274
1005002406626327
4001041067908
4001044419810
32983152086
32980565536
10000012909633
4000392405162
4000058821099
1005002228331967
4000850417850
1005002318949562
1005001706607494
1005001890880278
1005002235511966
4001219528258
4000890463169
1005002001522907
1005002310121675
4001053814666
1005002408453646
32512456466
4001215517416
1005002172084076
1005002467051601
32802879865
1005001405471957
1005002247461251
1005002456934932
1005001656876929
4000207930023
1005002348273004
1005001782708665
1005001955090026
32880615787
1005002433380206
1005001602105247
4001285829254
1005001599080120
1005001625823230
4001281615662
1005002262292947
1005002390884593
1005001900393478
32998620973
1005001458786002
32913048575
1005001908648741
10000395826339
1005001769391678
4000850653751
4000731024292
1005001287793485
32830071544
33000939087
4001179722750
32852816837
1005002227480239
32960556332
32563065725
4000507333028
1005002205289615
4000083738210
33012498354
32841822625
32998225913
4000078525242
1005001640493852
1005001812177715
32333212616
32722182098
1005001265728635
4001083951434
32915357782
4000532796109
1005001332289094
32953790328
1005002449833051
1005001704380999
4001080773634
1005002278103705
32975836946
4000264618140
4001132451788
1005002454301350
4001028187415
1005001601746732
1005001690667564
1005002368362588
33049665306
4000122804486
1005002165832380
1005001680406849
4000316956418
1005001597826376
32835746682
32951570373
1005001460722794
32653547458
1005002484617647
1005002383703794
1005001619206243
32965708215
4000014415858
1005002277794690
32881051580
1005001943199646
4000269421158
1005002243999841
1005002358108953
4000699744508
4000833370988
32822095002
1005002167843369
32831184062
32981313629
4000182222776
1005002271454681
1005001844475564
32883739978
32886649137
4000784139412
1005001947595031
32513949084
1005002233794318
1005001287261506
1005002336449286
32757698270
1005002395411406
4000262035506
1005002263659445
32855409095
1005002315259909
1005001518385585
1762201570
1005001999195589
1005002442508746
32900939747
1005002256248390
1005002350332411
1005002196070483
1005001339267573
1005002323327138
1005002137747638
4001017334325
1005002111363547
4000027076391
1005001930157482
1005002277066187
4000860943905
4001230941087
32956427541
1005002417902258
1005002128434938
1005001535353079
4001025398946
32862709622
32987862816
1005001640939739
1005002220438173
32962636383
1005002433449039
1005001834494826
1005002334917448
33037469717
1005001813885693
1005002481867160
4001245287530
1005001501943673
4000856935476
4000121020056
4000930219162
4001253825428
1005001608510469
1005002317502561
4000252984528
1005001728759878
718351926
1005002454293420
32674921602
4000924815848
1005001960235647
32997567491
1005002346452503
4000388072503
4000237559229
1005002128675052
1005001427522000
4001178662972
1005002361079606
1005001495248149
1005001808912291
1005001698188696
4000439569055
4000661626205
4000667772791
4000248899330
32731254583
4001141565495
4001193369065
1005001839645477
1005001436611263
1005001487584990
33026472726
1005001695418625
4000088954785
4001037863403
4000159487078
10000000855579
32976136177
1005002365158900
1005002282349657
33041626192
1005002181077431
1005001833183000
1005001418859606
1005002233740194
33056469095
4001099458339
4001225141714
1005001648173741
1005001812880800
4000492490005
1005001940190169
1005001398968094
1005002108387271
1005002460158164
1005001626858604
1005002264544564
32818911622
1005002279533000
1005002277423870
4001156208401
4001271606617
4001027864383
32803580584
32922863159
33008391077
32838484865
1005002489572350
32831275505
4001060895947
33005179268
1005002477820975
1005001859394495
4000433599409
1005002224988414
1005002458581980
4000197508367
33056394352
1005002234203903
1005002333709705
4000636179629
1005001268874183
32888281347
4000384499452
1005001978668900
1005002382839810
1005002079979844
1005002413372591
1005002399496701
1005002362984970
1005002298942708
33007234302
4000130035511
32951549116
32957921695
4000275117936
1005001872385223
4001261377059
1005002334054481
1005002109992971
32972334608
4001154048154
1005002321286331
1005001884326055
1005002357616737
1005002219341721
33048622910
32987813926
4000309616534
32869790272
1005002475543787
1005001657062034
4001241989015
1005002284789094
4000933711885
1005001421278591
1005001430115661
1005001474722862
4000779690305
1005001434564927
32905397670
4001140226165
4000674721153
1005001930718609
1005001325762038
32974802744
1005002205779263
4000993415382
4001225154585
4000756313761
1005002386560356
1005002051480388
1005002094434736
4000711869432
1005001361276578
33010186478
1005002127085098
4001225864744
4001193226116
32920684912
33013932797
1005002004064672
4000897919124
4000896152038
1005002303892842
1005001359326134
32990062304
1005002447221472
1005001907841755
32619865700
1005001640141349
1005002374335542
1005001486812721
1005002438990818
4001138336666
4001237610451
33005554605
32849145044
4000358229070
1005001834535363
4001278694623
4000627218344
32858106622
1005001615628017
32828437619
1005002307421127
10000408246919
1005002359741130
1005001265417308
1005002122236987
32750719934
1005001992405705
1005001304610816
10000310650665
1005002242296697
4000478633520
1005001958644724
1005002404519997
1005002376525378
1005002327337873
1005002231778629
32909204902
32948442593
4000340736910
33013764881
4000448131089
1005002025405658
1005002324019016
1005002051182709
1005001815647622
1005001869292334
1005002432444101
1005001807913352
32870255748
1005002383434804
4000176859412
1005002350666066
32948115670
1005002319198687
4000040151119
1005001905726626
1005001663990676
10000323810970
1005002354354189
32853926022
1005001774492604
1005002438967750
4001216495256
33032360735
1005001841259075
32677329616
4000648682892
32997906229
32654920991
1005002316848184
4001287000534
1005002073880899
1005002256424594
32883605724
1005002352096459
4001226309067
33003336950
32959953592
32979079610
1005002363730891
32990184887
4000905506588
1005002129851798
32833227004
32990975947
1005001803342515
577885931
1005002281112685
33029844822
1005002413373412
1005002465755738
1005001966486588
33007009307
1005001828645749
32559869908
4000354136989
1005002454366652
1005002277250016
1005001893351540
1005001344646478
4000671140076
4000264533855
1005002308808840
32968013680
1005001617495199
1005002399223169
1005001678867399
4000797023728
32965724598
1005002376099911
1005002310901793
32970785121
1005001737878302
1005002409519307
4000670065058
10000395844591
1005002338564779
32833879634
1005002289827425
1005001802914417
1005002279141526
1005001767990396
1005002416895924
1005001817495405
4000441552692
1005002220598663
32882130987
1005002305517424
4000026154293
32757716070
1005001656840370
4001265917039
32954292022
4000599327463
32886020218
1005002314363654
32989521109
4001065749721
32813821902
1005002326662894
32946293665
4000169592566
1005001669781266
4000206442137
32970166173
4001173752119
1005001648940689
32789715053
4001340116681
32711841792
1005002271262777
4000792468909
1005001659388730
4000965411620
4001214318028
32957701174
4000721087221
33045204277
1005001979974667
32902881191
32828318185
1005001681917692
4000145584857
1005002430920695
4000679393681
1005002461029052
1005002208615368
1005002312852714
32905801525
1005001816859958
1005001686497661
1005001983146713
32668755774
1005001659458808
1005001488366256
1005001675080677
1005001469820718
4000661066299
4000216118741
4000679262919
33037308349
1005001333966242
1005002116497778
1005002363485206
1005001797003915
1005002015352900
1005002323579695
1005001431254131
32790990613
1005002318491876
1005001971508134
1005002201873543
1005001445731927
4000764853827
1005002414363301
1005001284915912
32855328449
4000413922784
4000348652679
1005002281693512
4000990774687
1005002126428346
33031859645
1005002312088085
1005002396523365
1005002447309815
32940588391
4001122527645
4001184001673
4000399757618
33001924395
1005002267724132
1005002047357496
1005002413240791
4000029680872
4001080369810
1005002139277612
1005002401648474
4000583839541
1005002261330323
1005001655191756
1005002398439542
1005002318286138
4001088095225
1005001475424818
32976337607
1005002316499247
32612602538
10000333293802
32865770418
1005002476383035
1005002270518520
1005002416643702
1005002317665454
1005002317347026
4000210447868
4000283312963
33063322993
32966870348
10000027061605
1005001734844918
1005002211810343
4001128867608
32974625656
1005002427847524
1005002313793854
32690007365
1005001680560487
1005002167056219
4001294157787
4000922082219
1739650529
32956993710
1005001505344501
1005001972893438
1005002101095173
1000007689176
1005001727601552
1005002319019373
4000074480276
1005001851068858
1005002373425002
1005002350772636
4000328394049
1005002354053613
1005002314589291
4000063686847
32982566597
32947841654
4001011455997
32922859246
10000002392431
32630917092
32892795713
1005002111254815
4000955878039
1005001852245434
4001010469438
1005002454327652
32886044165
32614767053
32976561020
1005002342156959
1005001693297419
1005001379397134
32723814612
1005002310673119
1005002420262713
32971180913
1005001458766885
4001031762602
4000164221195
4000747233614
1005001966252889
4001163424276
32897569388
1005001547341803
4000019091353
1005001670485436
1005002007046256
1005002457847346
32834365849
1005001602761124
1005001822876828
1005001558582143
32959336462
1447457050
32946088617
32917371575
1005001738517201
1005002365023840
32838680722
1005001929851499
4000780298241
4001032776846
32878517552
1005001421542007
1005001625871860
1005002168919291
4000938265493
33007592733
32789645842
1005001872222695
1005002302617353
4001038603367
1005002342582154
1005002258813020
1005002286404322
4000897213157
1005002388666067
4000144276540
4001075520995
4000128320292
1005002309842894
33053265599
1005002082476965
1005002264186076
4001316088122
32974020882
33024719252
1005002353702146
4000233565545
4000458694239
1005002205457502
32276192193
1005002455112458
1005002338531482
1005002394239991
4000150284318
1805161950
10000196868318
1005001645435975
1005002431500072
32849465159
1005001953307462
32858645927
1005002500785246
32958410069
10000088407168
32693739215
4000484457452
1005001865813288
1005002418539441
32967991582
1005002318952039
1005002447932271
1005001756693386
1005002431488536
32914472944
1005001334456228
32707165826
1005001488508452
33037072201
4000186954399
1005001850050874
1005001821209797
4000987059801
4000349222216
4000498785184
1005002054163055
1005002323754045
1005002260229709
1005002305700556
4001223888000
1005001763823605
1005002110346940
32825155659
4001273312547
1005002425685138
1005002319134677
32883621502
32779539636
1005002239672005
4001014515953
4000747907604
33012521009
1005002302152914
32818824529
4000988988443
1005001940132170
4000210717699
1005002071751417
32826397763
32717739836
1005002095951427
4000720448341
1005001488100428
1005002470443818
1005002293580484
4000278536552
33008244256
32891998595
1005002314417577
33038357978
1005002197978369
32952605233
1005002342794096
4000035723763
1005002234789021
1005002314908801
1005002018796057
1005001491202867
33000349438
1005002476836381
1005002490142054
10000374662956
4001208308865
1005001417347967
1005002495036138
4000296762577
1005002252349308
1005001450271839
1005001769283088
1005001657043550
4001153928062
4000499901413
1005002259101192
1005002427178259
1005001308243740
4000909412285
1005002286695455
4001220212525
1005001511526642
1005001397539524
32627978887
32974448396
1005002125573750
4001220753628
1005002308323312
1005002295321623
1005002428654169
1005002278116764
32895957285
1005002377289324
1005002246406694
1005002340441971
4000088916619
4001031622560
1005002310223786
32885949660
1005002385086620
1005002246676295
1005001607247447
32847070473
33008865726
32564804357
1005002388674668
1005001823168679
33043706477
1005002490774263
1005002316944248
1005001711248827
1005002256176121
1005002315502425
1005001459658432
4000591909184
1005001621234127
1005001736823386
32922578115
1005002346822674
1005002350959436
1005002353424191
32850429628
1005002072776075
32982924195
1005002239655415
1005002363450027
4000314123221
1005001608973221
1005002358610849
1005001560187092
1005001485631187
1005002280872060
1005002426613501
4001092229793
32867549189
1005001836041372
32833227385
4001282765069
1005001511105799
32872530144
32348590241
1005001639897001
1005002346937458
1005001831439964
4001045146712
32880026730
1005001824063745
1005001921839234
32903130510
1005002359670727
4001069410962
1005002295685392
32970030241
32911307708
4001350467716
1005002287580974
4000512682832
1005001615319980
32858453111
32809200553
32940990946
1005002488997846
4001052551743
4001029481429
1005001448431382
1005002329557890
4001271178715
1005001941236800
32979583370
4000001187161
1005001637629874
1005001608833430
32904365137
4000161560500
1005002229865187
1005001933427547
4000272567106
32853046073
1005002309284558
32979636526
1005002060096927
32848320696
1005002385131611
1005002340650489
1005001386744312
1005002408926684
1005002028039525
1005001524062307
1005001852122206
1005002266578447
4000642357282
32894723015
1005001578925674
4000089080756
1005001752210846
1005002310211516
1005002121355471
1005002198844355
1005002187425958
32962080027
4000790792668
1005002298525568
1005002420498382
1005002395003431
1005002344727382
1005001873166736
1005001980681994
1005001835099119
32807538107
1005001969053243
1005002357886146
1005002251828660
2047923025
32893253408
1005001907040288
4001188315902
32795787980
1005002240376829
1005002357276404
1005002293660713
32934743073
1005002462738280
4001145181748
4000945256362
4000982014721
1005002276055624
32778912642
32910815803
4000979857895
1005002293984048
1005001368707812
1005002297683916
32961910535
32974816694
1005002234134365
32968033908
33042303846
32656451427
4000865399074
1005002314296575
1005002317455955
4000983394056
1005001392584447
32848593838
32943973524
1005002350951778
32975195110
4000077995977
1005001868750221
33014428689
1005002288096762
1005001646431840
1005002118749531
1005002421606383
4001050791184
1005001364248946
10000395840878
1005002058421530
32587547349
32966819013
33054256473
32817306331
32916169652
1005001323224771
1005002323163120
32813003770
1005002376398002
4000863757183
32855802252
1005002475309010
1005002499173867
1005001813234004
32918028101
4000687360970
1005001503992323
1005001874765818
1005002167870735
1005002381919193
1005001477981962
1005002292497957
1005002357762795
4001029499766
1005002340807229
1005002477441591
1005001507669248
1005002172411137
4000773763603
1005001354134038
1005001555800905
4001156792511
1005002406192862
32953872299
1005002359775060
1005002198629729
32637526516
1005002351556672
32818935312
1005002341780238
1005001575826960
32898105402
4000670502714
1005001676948906
1005002314400448
32976241765
1005002323944610
32783178252
1005001513234541
1005001703719531
1005001813563320
1005001802474078
1005001821678954
1005001518783745
4001035099593
4000405920800
4000036625677
1005002273574985
4000101916951