1005001490783125
4001211742582
1005002490399201
4000114916190
1005001349697823
33012707766
1005002379240512
4000800221000
1005002363857421
1005002498438811
4000458036767
1005002410885469
1005002486060278
4000750656311
1005002473245626
1005001584454834
4001362244782
1005002171158129
4001212438362
4000175068543
32917667786
1005001638739828
32634913038
1005001274724292
1005002416989010
1005002359716239
1005002369720217
4001014847493
1005001496043226
4001061987922
1005002408319935
1005001869354906
4001235814521
4001157321085
1005002292422135
1005002309247877
4001216454768
4001249187685
1355235191
4000415352767
4001315329036
1005001670739855
4000200018262
4000109738020
32841749526
33006652324
1005001326610446
32974825565
1005001604017754
1005002262970983
4000927982826
1005001423102043
4000193377901
1005001425430964
1005001764066635
1005002412760579
32953156197
1005002399069281
4000912245661
1005002300821384
1005002439812014
4001123183989
1005002090574818
4000444261279
4001259799755
32871011345
1005002465441675
1000001342131
33042615848
1005002327485357
1005002351446654
32847831376
33044284324
32849494036
1005001812559865
1005002398225415
32963594617
32806650610
1005001462559224
1005002319284884
4001068228831
32975996924
4000028531023
1005002055478464
1005002345068898
4001340928481
4000546629039
1005001277852290
1005001515964172
1005001813820822
4001242029226
32813162866
1005002274245748
1005002267562584
10000124012495
1005002096235836
1005002316060236
1005001851005294
1005001742377940
1005001466716138
32657769853
32912646974
4000780977629
1005002484756936
1005002244964256
32961960431
1005002485360133
33042718947
1005001495090094
1005001893697253
4001280447921
1005001737500039
1005002407949022
1005002108547074
1005002315634834
4000206940572
33013863830
4001160461915
1005001535203123
1005002388334378
4001217351120
1005002449682691
32719583697
1005001417388768
1005002277834410
1005002428862416
32866527135
1005002315341585
1005002408452122
4001075281082
1005001835500305
32966603546
1005002382361241
32956536474
32963050309
4000982651550
1005002312184871
4000509512083
1005002314163235
4000724578237
1005002383816884
1005001970219722
1005001481321770
1005002364647457
1005001770992139
32916946779
2044934090
33012018967
32800391756
32839492012
1005002032509523
33007835922
1005001349583784
1005001574176488
1005001287575763
1005001803864765
4000960087476
4001233787067
1005001625601910
1005001999133429
1005002449143165
32874912505
4000960033384
1005002015495163
1005001431258978
1453935639
1005002440180085
4000916557526
1005002362818510
32526629585
4001299082097
1005002314004742
1005002231952751
32965080085
4000529824363
32548127581
1005002033239120
32983226606
1005002333360098
32263263336
1005001899326453
32906939675
4000807319677
1005002378830691
32869514922
1005002069201557
1005002283202609
32860821567
32970708124
4000073793904
1005001383254230
1005001474487705
32956505623
1005002370397854
32857535770
1005001928189184
1005002130863607
1005001847553726
4001247970431
1005002418547493
32806674587
32892319362
1005002372458759
4000987506284
32804117366
4000079275139
1005001901766038
1005001658888060
4001014477163
1005001732495289
4000341050575
4000987423303
32857287785
10000397740122
1005002112733952
32989472746
1005001338672979
1005002370033930
1005001274475788
4000505184416
32584496385
32373706569
1005002315846364
1005001561833028
1005002256032757
33059486792
1005002037856388
1005002448637153
32308950385
1005002020451619
1005001594722059
1005001862795772
1005001859736276
4000935817633
4000921792045
1005002234439784
32809309171
4000305719058
1005002192157818
1005001919231028
1005002337362683
32648224929
4001120550783
1005002314307830
32332189091
1005002382639119
1005001872028106
4001177852573
32977024822
4000902981775
4000896955612
32986620358
1005001404887058
33061106072
4001097835473
32830111943
1005001516001038
32763932967
32973196702
1005002007142844
1005001687379621
1005001471698908
4001024683083
1005002018453836
4000944698701
32967299286
1005002346879218
4000546229484
4000162924512
4000148881739
4001280709250
4000432246791
32870201294
4000685784604
1005001957196429
1005001864195095
32882405394
1005001516000186
1005002408461038
1005002400866002
1005001269497759
4000890202391
1005002170846129
32795061372
1005002357243893
32953514208
1005002389735358
10000062826699
4000149323929
1005001983218460
1005002084016100
4001209660623
32951833574
1005001672247398
1005002204912476
1005002235609252
4000886182889
32950052996
4001084260141
1005001657021481
32958286259
33045165981
1005002439852154
32364566587
1005002292137269
32846534433
1005002352063904
1005001600571829
32794942817
4000245258509
4000196439334
1005001611560259
1005002091591771
1005002001566143
33041392753
32841266993
1005002227706738
1005001732209936
1005002459871920
32976418574
32836344895
32795853518
4001006344476
32968650980
1005001848919064
4000714756422
1005001860795658
1005001462061470
1005002390178860
1005002347292889
33016127122
1005002029620675
4000751044693
1005002441516272
1005001895557098
4000055691163
4000083588232
1005001767758075
1005002224809603
32659337566
1005002454696294
1005001386790130
1005001733904451
4000816670680
1005002390472988
4000396753717
1005002193143401
1005001590858239
4000800217405
32883319352
32947224373
1005001483687812
32952303629
32775581572
1005002310537136
10000380068132
1005002484859588
1005001447918600
1005001466643374
33029797507
1005002320054119
32961254699
32839664581
32906304677
1005002199051178
32677315249
32885348926
4000777588891
1005001861373845
1005001739293360
1005001922454463
4000033317677
1005001735011962
4000979229154
1005002328841260
1005001314626492
1005002378532098
1005002478489664
4001228728294
32474060384
32948488669
32812833222
32821647183
4001265233883
1005001555254797
1005002357334402
33053644485
1005002388816576
32706914069
1005001953648280
1005001562570471
1005002381092858
33001485866
1005002469922428
1005002428330953
32959351984
32888600760
1005002387639988
4000148955614
1005002483110542
32820418432
1005002381337599
33045275446
1005002318527380
4000990669919
1005002147837354
1005001942949299
33043155525
1005002224994404
4000453597522
4001307924436
1000007362527
1005002270030583
4000570387587
1005001946271533
1005001810961668
1005001899852760
32781265841
1005002412961346
32955811837
33007059730
32943625493
1005002489775688
4001149734677
1005002314692517
1005001954937268
4000517421809
33038957225
1005002331897709
1005001670931457
1005002241181385
1005001896652118
32856064019
1005002318814455
4001300310613
32903138958
4001156536756
1005002211420292
32823062375
1005002094241636
33056433519
32845269733
4001142933246
33063090368
1005002201066610
1005001488760545
1005002314049634
32960415757
4001019055959
1005001727123703
1005001914965333
32967792228
4000024375105
1965643022
1005002382590678
1005001885295097
1005002239958654
32787494193
1005002340916774
4000253019653
1005001588341014
1679373369
32865167839
32766523005
1005002402143216
1005001580216910
4000505965586
1005002399063029
1005002451037889
4000270549950
4000395639379
32850796992
1005002248512555
1005001389074754
4000957359744
4000039510569
1005002260974387
32850227066
4000330235708
4001006809310
32944477375
33034767604
1005002157558608
1005002423363101
33010958721
4000463616194
4000151748061
1005002308254244
1005002351176850
4000874782803
32991809192
32651639736
1005002398806976
33040310357
1005001873212670
32972576994
1005001343002409
4000926623604
1005001380451641
33010146509
32800745119
1005002333881625
32752762187
4000247954475
1005002055016946
1005002046713455
1005002322673803
1005001450200955
4000521302333
32790953172
1005002359159817
4000420843818
1005001804473766
4001360981728
32936128223
1005002293529942
1005002466240187
4000166189238
10000211928285
1005001860608735
32819849853
1005002416133962
4001271424112
1005002319508114
32829806970
4001287251607
32896989574
33060627342
32899171725
33025906075
1005002483781306
32908078364
32835994637
1005001906901890
33053660849
4000178198848
1005002196763413
1005002065541166
4001155888741
1005001982136767
4000736229056
1005002073604179
4001033996383
32884293312
1005002484509463
32806746001
32856772341
1005001718187008
1005002329004061
32978098803
4000691035596
1005002268010232
1005002179654932
33019312204
1005001943049365
1005002432587311
33007577775
1005002357517718
32807941772
1005001613897949
4000555617393
32816820555
1005002288926525
1005002383114529
4001332791953
1005001743998886
1005002469604234
32978083767
4000410694792
1005001351526721
4000856754218
1005001551140897
1005002448295973
33022571847
33013920419
1005001334190233
4000833193322
1005002114678594
4001135373598
32971367232
33039290401
1005001677496448
1005001769407545
4000849714831
1005001709844930
4001083185763
32712710437
1005002290832981
1005001913049384
32704067341
1005002413337085
10000059416407
1005002388285591
32993060142
4000221226164
4000290585365
1005001398511591
4000674511015
33033538393
1005002305211303
1005001888744412
1005002150772159
4001360189557
1005002190358711
4000265443777
32982163518
1005002473861984
4000113222904
1005002354850092
32988485770
32693870298
32811831138
1005002179198393
32828298926
1005001876710613
1005002467073231
1005001877159883
32955203985
32932966244
1005001936732982
32901436933
1005001598836558
1005001998387347
1005002284631776
1005002245310131
32841435115
1005002035997751
4000543376815
4001175403201
1005002101971832
4000219965334
1005002440014812
10000395913845
1005001638108656
1005001602545889
4000492771290
4000016159576
1005002499343238
1005002074290786
1005001801758481
4000698426543
1005001808756027
4000743693501
1005001985233386
1005001994038868
4000032276031
1005001521958861
4000891682077
1005001482612816
1005001886830394
4000038090731
1005001270030709
32982248813
1005001442462455
32378442125
1005002283673123
1005002301786869
33027505829
32377754746
1005002266569301
10000395884590
32847060033
4001292689395
32228405182
4000997014086
1005002361141443
4001004630868
1005002314242918
1005002218334567
1005001369829158
1005001869516291
1005002408510068
32863389144
1005002072620885
1005002291128006
32825376452
33030077528
32883296314
1005002204834407
1005001567173781
32901331496
1005001598068934
32893867552
32980854323
1005002313805945
1005002259827502
4000255859532
1005002170475025
4000896024293
32837899258
1005002394783319
4001244685431
1005002264742793
1005002382077051
4001322059048
1005002197938102
32614799116
32988274556
32968377722
4000675777229
1005001644937860
1005002308617878
1005002234961302
4001216489736
4000729634495
4000993444059
1005002035012170
1005002253946075
1005002473660366
2012247839
4000546853250
1005002360138054
1005002125267593
1005001900757969
32917777263
1005002368578306
4000592229285
1005002332392218
4000402877295
1005002410930364
33003715235
1005002226141937
32973924308
1005002304524125
1005001780621377
1005002283090631
32852887355
4001229942869
1005001526040168
1005001899254649
4000256691384
33014547993
32329124875
1005002477511807
33023644922
4001050421646
1005001686352917
33007136613
1005002433237435
33004814850
32993200885
1005001954727049
33003166455
1005001398511223
32861040877
1005001841938284
1005002350648218
32723636905
1005002405148796
1005002311110326
1005001981353164
1005001475803088
1005002222058949
1005002348546917
32886258030
1005002378663521
4001123080396
1005002377420034
1005001742827175
1005002221179588
1005002387766430
4000834252287
1005001504625218
1005001818901810
1005001822213367
10000211861764
32862663025
32975059308
32991857838
33010338128
1005001491942320
1005001737984569
4001039336562
1005002224998538
1005001813117232
32724998564
32619825686
1005002314238413
4000386117270
1005002430706171
1005002383520672
32821179412
32853725733
1005002079086160
4000703460291
1005002352404044
4000604260277
4000484569824
32858728902
32650168533
1005002265082591
4001238223444
1005001874019767
1005001762983190
4000287197085
1005002416620989
4000051576538
33036387554
32849114016
33054333113
33051047836
1005002027525940
1005001976063786
1005002432960567
32976751072
1005001792107574
32969648751
32833812515
32627491991
1005001606780882
1005001606554395
4000344878029
32958418301
1005002397684608
1005002233266019
4001045974097
4000578997250
32988030485
4001235828964
1005002299679195
1005001666534675
32841287223
4000821797684
4000585819587
1005001895252674
33053332913
32972121103
1005002401009779
32656506654
33059495968
4000960595491
33027497972
4001163082818
1000007970073
32985655365
1005002292414291
4001214909326
1005002392872971
1005002286501247
1005001865881218
1005001518176245
32890128915
1005002324683969
32849458369
10000352636009
32627559168
1005002326774533
32993344272
32812917132
4000248609960
33027050290
32846031867
1005001459352675
32777308485
32704890339
1005002314818315
1005001742358932
1005002467299537
1005002305099068
32819979815
1005002048843170
32564463967
32663977830
4000254096520
33031693852
4001194102470
32982102357
32808354599
1005002398530484
1005002314288933
32994767018
4001126454553
4001148102055
1005001391561856
1005002357485537
4000598500642
1758345850
4000990596231
1005002452635094
1005002292013519
4000789956700
33006961911
32895910153
1005001398853263
33031847884
1005002203655480
32812994264
1005002012004441
1005002118698456
32979859975
1005001596362398
32852906611
1005002039081369
4001360162058
32681008148
4001171706109
4001282131975
32367314476
32916550294
1005001815700481
1005001857258210
1005002416938075
1005001444666060
4000756486037
4000986764978
1005002320071049
1005002399817513
1005002390256817
1005001376048776
4001166478601
4000631127852
1005002306768280
4001278289310
32980905872
1005002404648326
4001264693025
32864206968
33015307220
1005002448301488
1005001593156082
1005002416286943
1005002376476178
4000017287504
4001279995505
1005002376578166
4001293644425
1005002041800129
1005002456826215
4001089106737
4000880076495
32889585502
1005002316122057
32969696681
32908023485
1005001453310198
1005001792345660
32856129030
1005002269148612
4000335547708
4001101576597
4000396448668
1005001858685786
1005001304109442
1005001834485653
33009204416
1005001928770579
1005002334570040
4000835294057
32831336545
1005001619971567
4000607990757
32920744204
1005002309883168
1005001862984763
4000571319194
1005002130190859
4001219045797
32813206240
1005001408724904
1005002314264267
32951368785
1005002367631226
4000663869207
32856331133
32815789152
1005001698789489
1005001814396196
1005001841384740
32904221060
1005001469912433
32837280343
1005001561787818
1005002168884285
4001235961230
4000118852492
1005002375405192
32632411642
1005002423538049
1005001344071992
1005001387578453
32802967799
33010532503
1005002476859855
32845104657
4000804319690
4001199597408
1005001664711421
32790232824
4001117897194
4000982541929
32666268607
1005002497397877
1005001826101575
32864871683
1005001830320546
10000146297204
4000038221590
1005001897947249
32813112156
32960634609