4000238102806
4000261508434
32865466249
32968851772
1005001588207164
1005002361552885
32794411684
32841101035
32857023026
1005002408285042
1005002340353866
4000586966403
1005001504294215
4000627297347
1005002340522390
1005002103977401
1005001510985946
1005002185143643
1005002399789947
1005002364549702
1005002460011530
32911083129
1005001841745845
1005002315279125
33043009206
1005001270625089
4001335260594
10000147983279
33001849763
33047764873
4001147249816
1005002218163237
4000466165862
33010272014
33010996449
1005002293050336
1005002353665194
1005002081891180
1005001815778168
1005001722021696
32964640379
33057321412
1005001561712152
1005002207339452
33029067682
1005002263855561
33012756122
4001173358110
4001178803971
32860416295
1005001293058881
32981572369
32823738694
32846054646
32713408628
1005001953517879
1005002308801328
10000357019739
4001101455158
1005002346910726
1005002006159117
32958874720
4000807311231
2035485964
1005002478631034
1005002339829136
1005001501666826
32953425697
4000786864271
4000463536394
4001270789495
1005002336801934
4001031469073
32773159148
33062903134
1005002211883933
4000875912815
1005002487257551
1005002273591065
1005002333365561
1005001701131237
33054570173
1005002283719423
32845398571
1005001818072484
32811028251
1005001574186397
1005001859211155
32932880253
32294826174
4000134619281
4000042294189
1005001935673473
1005002443373990
1005002433856717
1005002285752582
32869044041
4001080537152
1005002335061478
1005001417842612
4000863870350
4001070439919
1005001567099999
1005002279437980
4000112050940
4001281603539
1005002094328671
1005002357653410
4000981883557
33055851480
32982497222
33039287756
1005002107226655
4000588457185
1005001620965359
1005002074831686
4000781949993
1005002492306499
1005001848761056
32889983527
1005002072297344
32974252478
32966436443
4000766160064
32816277751
33006793681
32964185543
32610338777
1005001500837459
1005001477867948
1005001703732789
32859587388
10000146349555
1005002473129467
1005002252433768
1005001826653696
4001058311785
1005001997838640
4000979421210
1005001864486288
1005002475899685
33021501130
1005002337248261
32852331780
1005002143993415
4001205020076
1005002390035942
1005001303802743
1000007960316
4001250843561
4001166535442
1005001357141606
32573355063
1005002055491368
33013511967
32963787273
32953901985
4000537727904
4001204215153
4001075074510
4000288022015
4001202693728
2035937094
1005002324836536
1005001304065309
1005002424982720
32969176060
1005002233877488
4001359535724
32957309598
1005001356651364
1005002363440149
4000032257346
32790261543
32712637361
1005002312526605
1005001425775881
1005002462500732
32815741177
1005002089780858
33049183351
1005002442748939
1005001540686556
1005002014354013
1005002181315762
1005001541738081
32655713898
4000277145563
4000150613196
1005001983242317
1005001683091093
32829560795
1005002447177619
1005001415094231
1005001924618907
4001324637036
4000146009868
1005002319958876
4000112287429
1005002382631287
32839619306
32824249726
4000267130758
32834884828
1005001576783563
4001219336167
1005002489668350
1005002316843969
4000430237738
1005002389658578
1005002386044140
1005002345110608
33000009336
4000764753636
1005001499205691
1005002318924633
1005001824091998
1005001345395879
1005002424223026
1005002455268784
1005002293835937
1806755260
32860183976
1005002272012675
4000516686916
1005002252266338
4001293666110
1005001848272981
32829428970
32987797466
4001061486206
4001296015620
1005002345215900
1005001882426619
4001105049835
32894276900
1005001834949227
1005002259503546
1005001888498827
32983740811
4000464775373
10000423765619
1005002454445006
32953245549
4001244499369
1005001992193177
1005002227915756
1005002390226760
1005002431368806
1005002299333562
4000959744009
4001278833741
1005001995234342
4000141289346
4000308738340
1005002060165957
1005001540254085
1005002281801902
1005001975822740
1005001451122703
1005001695575228
4001216774079
1005002483858274
32986457856
32835876859
4000205284394
1005001950155577
32985385020
32766740721
10000352494350
32965813484
2046268780
1005001939537171
1005002254401743
1005001686271134
4001244307818
32622815460
1005001447903011
4000381984132
4001245800663
1005001436106800
32812179618
32964689920
33002043684
33057791458
1005002220101951
1005002122596064
1005002422803044
1005002120445865
32996787780
32318417413
1005001860646368
4001292753165
1005002427573559
1005002426978300
1005001326294801
1005002340536768
441876538
33036185175
1005001337807337
32918719741
4000729885701
32896179809
4001313020882
32856474219
1005002291257845
4001299751406
1005002319012053
1005001567555294
4001327695519
1005002334898604
32406211748
4000218865362
1005001973959493
33003285670
1005001812383509
1005002145074802
1005002357507584
32645302963
32880769946
1005001313596293
1005002314487189
4000419368820
1005002378752899
32761608589
1005001568732853
1005002001558679
4001296539861
1005002069636968
1005002245576317
4001119739403
32292890473
1005002385192415
4001200593015
1005002115059452
32886461831
4000785349742
4001140496910
32973384610
32905288767
1005001393029546
1005001609427076
32325292356
1005002467017244
1005001305473401
1005001439098568
1005001413494125
32860175803
33038423364
32852949706
4000114305888
32901051562
32866093904
32803148194
4000545763893
4001027413215
1005002319050522
1005002198798308
4000864347796
4001358941482
32946928101
1005002144381683
4001361304136
32854167579
32811567636
32954713577
4000576447100
1005002316684322
1005002192046588
4000313818903
1005002419912806
4001289981512
33041089337
4001142935999
1005002423858391
4000351168086
1005002271785104
4000977387177
4000545807167
1005002167839821
1005002392148493
1005002269002129
1005002413446412
32996226589
4001198048712
1005002347234786
4001218733905
4000907552238
4000825958853
1005002286671950
4000267723540
32997571959
32903261080
32327554584
1005002370155390
1005001305313756
1005002263729881
1005002431577153
1005002411608088
4000246853554
4000641333855
1005002256596173
4000406214594
32802819903
4001365095456
1005002214807541
4000414269952
32855259524
4000183137968
4001139124402
32871031674
4000740061349
33042781052
4000283081657
33032379785
32909447626
32944825216
1005002273990127
1005002291694632
2046606114
4000335530976
1005002233394317
32870642912
1005002246212607
33000948850
1005002289517564
4001228600756
1005002054472571
1005002011785837
4000170637729
1005002147473525
1005002438848223
4000980439492
4000369562034
1005001304272791
1005002316034585
32893447221
1005002352353573
1005001520021409
1005002388370279
4000265883974
32423151677
32898190459
1005002390662786
1005001639659599
1005002314047287
1005001638413188
4001317652887
1005002101607631
1005002478939979
33058470996
4000846477154
1005002320811538
4001156884955
1005001415740262
1005002313222378
4001294258496
1005002454341912
4001057921455
1005002022978408
33038994312
4000746210668
32439339267
1005001888100223
32919754222
32905316576
4000627158584
32870687614
4001078508813
1005001270833804
1005001505010342
4001350369468
1005002239146676
1005001327197327
4001260015830
4000805913277
1005002413277494
4000728138165
1005001525392735
4000948522589
1005002346252457
1005002213072849
32829914989
1005001930836957
1005001478065696
4001080184565
1005001639076300
1005002318638580
32849264402
32589397579
1005001403161415
1005002372349949
1005002229198359
32971800526
32978993892
4001111013635
1005001570800480
1005002281813735
33045214149
1005002004834156
1005002268789852
1005002467374218
32912631876
1005001780726098
1005001997186344
1005001317482977
32904944557
1005001296255508
1005001860837530
33007122088
4000332552618
32811515849
32811672330
1005001834732401
1005002282808247
1005001392891952
1005002321816503
4001259337138
4000420678199
32791651431
1005002248964841
1005002340133416
1005001309759944
1005001731171262
32630771501
1005002100777528
1005001864177637
32809516297
4000781158867
1005001509931547
1005002298332971
4000955272215
1005002286729958
33010431881
1005001393881070
1005002301899533
32990303683
32777927227
32919104787
4001257331198
32885476088
1005001320818539
1005001525462263
1005002314369359
1005002292397002
1005001425272633
1005001998696561
4000846797762
1005002314312428
1005001638834346
1005002377079398
32875743301
1005001308257106
1005002314358612
1005002384116258
4001285516301
4000052159277
32908601291
1005002068968103
4000387004376
32387933985
4000985304234
33018990459
32968154423
1005002342890093
32967130501
1005001692979055
4000464726859
33046645128
32844110754
4000204770488
1005002001749154
1005002328847845
1005002350590120
1005002377295585
32983140040
1005002321242505
1005002311265489
1005002389642245
33048758878
4000744791470
1005002436472622
4000429552574
4000597885732
1005002353127850
32859138342
1005001742567845
32955412148
1005001658007148
1005002210119040
4000421412930
32913592766
1005002387631531
1005001867254665
32822690071
4000132607524
1005002161711346
1005002032405530
1005001332925221
1005001906318780
32977466695
1005001551334589
32755006269
1005002312117637
4001225061813
32817997303
1005001980949719
4000998129603
1005002395110265
1005001929791235
4001094718393
1005001978002760
32930472389
4001362071695
1005001542714177
4001152694216
4000011352321
32583064349
33007124241
4000696983765
4000915527844
1005001689914012
1005002377494373
1005002032307913
33026245976
1005001341494175
4001220109936
1005001777340623
1005002087802129
1005002280322907
32917016782
1005002028732349
32854764106
1005002102983867
4001241455549
32973745903
1005001454611987
32843757129
1005001868517429
1005001846174846
32932720412
1005002297550585
1005002156834157
4000492880878
1005001611873853
33036440370
1005002323307091
32991249773
33040935873
32885849614
1005002234138139
1005002313578316
4000932427585
32835041846
1005002384590471
4001296125963
4001055816049
1005001689712824
1005002466989925
1005001449066535
1005002293365066
1005001413209264
1005001297229756
1005001671553604
1005002282801036
33038676397
1005001927852300
4000626696266
1005001839913465
4001258379817
32952879071
1005002238105058
32916130746
32847549147
1005001948660007
4001360188910
32967459092
4000739332377
32967581538
1005002027861026
32965655010
1005001709162597
1005002387845168
1005002495182347
32971439255
1005001677632236
4000547788440
4000545894951
32337629705
1005002061827850
1005001764052854
1005001873609843
32954287963
4000441960913
1005002058833327
1005002382604261
33036643628
4000415960682
1005002422038221
1005001408374469
32870274641
1804114876
32811064761
756405622
4000230191603
1005001281911369
1005002071308696
1005001640456517
1005002491370463
33001063536
32907814497
32979982310
1005002238645978
1005001568909690
4001225208024
1005002262983740
4001231958016
32993396238
32968684897
32855127375
4000945195252
32769796514
4000561285466
32963132354
1005002414463089
4000080076125
32802460822
4000926977260
1005002498663766
4000808917121
1005002149241550
32761738952
1005001620049133
4000280714866
1005002427052568
1005001525903526
1005002412877317
32819065328
1005002312451786
1005001764469638
4000051253196
4000469132157
1005001496698799
1005001779636301
4000246296910
4000937147157
1005002351971390
32825545934
1005002210389639
4000726149331
4000241993223
4000187015294
1000001887137
1005002405448482
4001098581537
1005002321104085
1005002317874175
1005002199341228
1005001397553983
32867016727
1005001763910725
4000340150605
4000161971826
32841588735
4001270297602
1005001963445471
1005001412972082
32912583249
4000842381277
1005001305830794
1005002040215326
1005002355967361
1005001707665789
1005002323858645
32996677997
32972338116
33055526648
1005002468614946
4000275325808
32898769123
4000382010265
1005001947933481
1005001333441234
1005002275604550
1005002122403394
1005002394930179
1005002304646459
32906681525
1005002123742542
4000622732952
4000670666298
4000863107680
4001189175179
4000067863186
4000939313769
1005001343282598
4000340871992
4000762757394
1005001962631446
32735476552
32922897132
32977058817
1005002474154167
32735364843
32862839561
4000662605451
32992592128
32793205647
32953999675
1005002271229974
4001293863329
4001089958297
4000885139368
32793256324
1005001565329540
4000087686610
1005002400862004
1005002428447177
1005001506088546
1005002168058124
4001307494886
1005001978839198
1005001854783793
32864204309
1000004328346
4000546549387
32975786792
1005002306749978
33053970639
1005002176014555
32770912426
1005001714587456
1005002330707822
1005001861408164
1005002377033326
32608707658
4000630354949
1005001665512582
4001157405413
4000850713045
1005002219414675
4000850065109
1005002383463122
4000546647710
1005002372560098
1005002223920663
4000311808042
4000472814800
4000641214918
4001216667334
1005002285045803
32945596250
1005001658064250
1005002329955684
4001110875216
32923735881
4000886140822
1005001774962107
1005002466007003
32923751685
1005001893390291
1005001356241048
32970294701
33005908328
1005001518573237
4001273003454
32987076214
4000856276592
1005002330187343
1005001526132268
32811556667
1005001407587404
1005002382722861
1005002414796451
33029802646
4000072062616
1005002375948328
1005002037791915
33005371005
1005001764661028
32970418301
32950093382
1005002064979306
4000805400650
1005002290039605
1005001575554392
1005002499502392
32604843070
32823675048
4000842618297
1005001851977653
1005002290837539
33051598812
4001145874824
1005001588144701
32790831260
32860221112
4000622969273
4000929389280
1005002059990083
32807750907
1005001626324332
32869249536
1005001431241391
4000657105978
1005002362991544
33049719692
1005002287638312
1005002361869236
1005002050953526
32367050810
4000804074581
32838623961
32975658731
1005002440375282
1005002500550259
4000585893759
1005002122495224
4000735958267
1005001931150851
32882365164
1005002361099426
4001053616381
1005002315253923
33038046827
1005001604001943
4001213099188
1005002304373291
1005001970238541
33060727711
1005002335248191
4000709591353
32927152225
1005001591045352
32871179559
1005002090856121
32949150448
1005002042132873
32983017471
1005001833331881
1005001973666719
4000796176991
1005002428133656
32969589959
1005002362425644
1005001549199148
1005002233464117
32823486051
33030223689
1005002440114992
1005001489637048
1005001824537594
4001158629290
1005002454670949
4000641445204
32993720614
1005002097050536
4000811772187
1005002392870629
4000929573413
4000994181581
1005001803898952
1005001350742076
1005002357700842
32916571805
33027255971
32857966652
33035773071
1005002245992458
32984795069
32830054442
1005001393004968
4001105299155
32977979825
4000157973038
32865435974
4001233774886
32810062955
32829191023
1005002271951253
32266450183
4001123737526
1005001343607759
4001053883494
1005002317706556
1005002182402113
1005002333019031
4000905480544
32997279083
1005002040960154
1005002291625196
1005001872187115
4000469156182
32803616212
33009844695
1748836895
33020343052
1005001695429371
32735082595
1005001572440594