1005002180129195
4000689847242
1005002324050413
1005001510495982
32380536276
4001055034182
33053417775
1005001371220356
1005002354029797
33045076784
1005001707550853
32901928112
4000179793658
10000059886076
4001057499718
1005001516048076
4000751025538
4001026941940
1005001718769562
1005002168004118
33021949897
33010744097
1005002092420835
1005002328410459
4000600309585
1005001932766961
1005001286854876
1005002511251801
4000707779911
32993265008
32978096925
1005002348565335
32924046889
1005002364591481
4001294559052
1005001430651926
1005002293047774
1005002168201466
1005001860710730
1005002497094125
32898210094
4001255779546
4001214167893
1005002373421391
1005001419994948
1005002170784074
1005001495020926
1005002302258090
32837264842
1005002345022300
33029492429
1005001376246546
1005002352011780
1005001835601209
4000836616494
4000976038837
1005002185330323
1005001515768335
4000626578174
4001266809974
32808812690
1005002110201231
32762757116
1005002383808092
1005002254682645
1005001977069909
1005001855745820
1005001271143544
1005002229221511
4001278897350
32344898896
1005001821761078
4000192378056
1005002424794313
1005002310208796
1005002307246590
33013363432
33001360031
4001316264662
1005002357193455
32839846040
1005001948430755
1005002494513270
4001205037640
33001335693
4000311952309
1005001869679100
1005001284968870
1005001515874636
1005002309635639
1005001536391836
32791976586
1005002492645456
1005001843696080
32987860558
33000099188
33008666325
4001015725037
4000786124747
32952874677
32957506612
1005001288007268
1005001425317450
1005002287741657
4000849722697
4000029751532
32826889050
4000745189373
4000616879527
1005002280490178
4000997017892
4000402076499
4001359860550
1005001565259437
32905475063
1005001463148719
1005002170654917
1005001706814180
1005001309602857
4001345262324
1005002298123732
1005002322708304
1005002454405333
32915399937
32965458385
4001062979023
32890765629
1005002373447918
33024636033
32959878482
4000203054469
1005002351705127
4000975935349
1005002307791773
4000160961448
1005001769662562
1005002094584567
4001361586598
32906068170
1000007748621
32841285266
1005002370617060
1005002473485570
1005001630914984
1005001976759967
4001225332052
1005002438924899
33028319862
1005001493000461
1005002411032480
1005002446432955
1005001626958977
4000052377224
1005001720555941
1005002484846276
32893928285
4000020670217
1005002319158478
32870072162
10000139655814
32700658661
32762977890
1005002234982808
1005002315305407
1005001583079438
32725384616
1005001820219785
32964819200
1005001620449659
1005002001719500
1005001303768687
1005001645923242
32388668374
4001103472532
4000310359422
1005001894377682
32961241444
1317909262
32799525169
32496860799
32714032235
1005002283327631
1005002339261803
4001139028610
1005002293088275
32887431513
1005001350348402
1005001850017334
1005002388480790
4001333702513
1005002435745746
1005001339857075
1005001298689287
4000087237316
1005001288135749
1005002304378297
32888280116
32734664172
32912187534
1005002182229687
1005001884928766
4000907392515
1005001642979746
1005001425158612
32965611592
1005002012756890
1005002181043574
4000853276082
1005002470727182
1005001346971935
1005001411279861
4001264900790
33039022444
32995198425
32822170558
1005001834655236
32785716022
1005002314273696
1005002124584842
1005002326953086
1005002474699984
4000999027727
4000424476974
33045491399
1005002224926143
1005001900902929
32313421785
32991267001
1005002390933817
1005002367767796
4000364906008
1005001582166193
1005001813263772
1005002312257757
1005002486248633
4000821983761
32991554080
1005001488441081
1005001957383506
1005002328345065
4000131663378
4000857151941
1005002207956482
4000662558225
4000070424337
1005002239665298
1005001593602310
4000121736205
1005001718471625
32831952420
1005002401280514
32797748701
1005002251756530
1005001602710221
1005002313026078
4000498288852
1005001376870959
33030991846
1005002373067212
1005002265632098
4000015641373
4000893230351
1005002410220611
1005001351552768
1005002317744870
4000864162857
32837835128
33008857523
32946946242
32565187947
1005001997355018
33013950152
4000836909777
1005002336375393
4001175680352
4000010626971
1005002021419972
1005001491271400
32246520048
1005002285851140
1005002314386156
4000197563552
1005001356266243
1005001335405696
1005001957392384
1005002373040285
32731577932
1005002360912664
32956009751
32842393652
4001153713636
32800289647
4000694080954
1005002316847936
1005002443679176
4000703337546
4001167981375
1005001905677234
1005002421551203
1005002337084165
1005001565515381
1005002482833872
32885275014
1005001768103900
32804254010
32826516773
1005002400765119
1005002441026084
32849441509
32956439522
32974489263
1005001930237743
4001137480579
1005001986059838
1005002299643710
4000804307585
4000385441137
1005002494612592
1005002056473033
32812190355
1005002053914064
32975762360
32703996896
32986853885
4000579910142
1005002252161578
4001259755296
32976714522
32218782528
4000144877353
33033281783
1005002393996128
32912697723
4000386736653
33001101052
1005002277173243
1005002401660083
4000183094429
1005001504503841
32833929023
1005002268179285
4000166731618
4000864502561
4000981127461
1005001897336087
32855338480
32813934650
1005001849176174
1005001830345317
33016689687
32614731506
4001230272567
4001031788146
1005002326661375
32908287879
1005002376869102
32569986289
1005002004284002
4000755429695
4000627084755
1005002144316373
32873023767
33053888267
1005002333554305
1005002219709357
32703160568
1446072675
1005001516069140
1005002388863761
1005001465743464
1005001967043506
4001081277073
1000004864522
4000218827256
1146563077
1005002324844579
1005001975598069
32858428702
33057795199
1005001387331189
1005001445481871
1005001469841114
32616676020
1005001936135232
32940129615
1005002345279552
1005002190179364
1005002453311696
1005002154689351
32995081562
33024336239
32330304416
1005002462582012
1005002304291044
1005002256809210
1005002318280823
32886649754
4000053837906
1005001307547621
4001200352310
4000078518519
32843292326
1005002239626173
33039092872
1005001471906705
33033201044
32974560786
1005001908077767
4000011580377
4000704457947
1005001603787444
1005001984660873
32808869473
1005001373755859
1005001337561737
33027458089
1005002258799721
1005002122553259
1005001359060991
4000038930543
1005002252947893
32848090678
1005002110262943
1005002160761736
32853266307
1005001625787318
1005002176217113
4000747966455
4000552544173
1005002181233998
32961762209
1005002262585617
1005002433154116
1005002385824255
1005001482829123
1005001493470741
32945793873
1005001339652710
32666577238
1005001671512587
4001082753655
32885496699
1005001782288786
1005001611331982
4000187477771
1005002318780481
4000163193478
33021447025
1005001411753986
4001025011499
1005002090369776
32831128661
32855048792
4000026260766
1005002489457039
1005001889276032
1005002355617902
32790931833
33017414470
4000525721524
4001327709384
1005002358940154
4000421927147
1005002324043351
1005002208384466
1005002168333054
1005001393862944
32565569500
1005002225045320
1005002115199769
32994392197
4000120686776
32857869019
1005002281569056
32809332061
32839050216
32657548573
1005002459290363
1005002398332552
4000830168604
1005002409794708
1005001511905052
4001345161764
4001049740416
32872787278
1005002350319055
32916903466
1005001813533203
1005002245652806
4000932292170
32886479249
4000186371539
4000410151443
1005002129587106
32807263202
1005001800447407
1005002419933443
4001305216406
32811132891
4000054563333
1005001835910628
4000780163312
4001217973645
1005001891561807
1005002329377751
1005002469104885
1005001627813149
4001252318118
1005002002796460
1005002433938141
1005001653921352
33010020672
1005001727619071
32950248643
1005001958745571
1005002292626004
4001054773244
1005001985469098
4000801124424
1005002466123589
1005002059045421
4000086428404
1005002180701391
1005002444121363
32572463672
1005002301300674
1005001713531812
1005001477905617
1005002279242003
1005002297789564
1005002322255185
4000024719466
1005001813214854
1005002441083658
1005001879735769
4000090735466
1005001360090879
32884787628
4000720396606
1005002342837337
4000699726035
1005002215006433
32890621507
1005001794561069
4001298702470
1005002372173845
32921992226
1005002372242324
1005002074080754
32909965240
1005002400699651
32962549788
1005001998774651
1005002420999818
1005001463161846
10000127412631
4000344324759
1005002332571690
1005002388331648
1005002194566984
4001074738916
1005002204033094
4000314439875
1005002303715754
1005001821391900
1005002217218711
1005001439029913
4000106698655
32601482365
1005001888816528
4000712725483
1005002255998954
33007327626
32858554287
4000137503719
1005002384780990
32964725919
4000041986299
4000245480278
32590283721
4001241747013
1005002304347475
1005002373590682
1005001332473849
1005002319050024
4000842995894
4000318317180
32462233383
1005002222093263
1005001872086982
32827436888
1005002500569060
32892835312
1005002375185896
32745074859
1005001839430319
1005001579479134
1005002314824360
4000695748391
32776017184
4000811859043
1005002286851650
10000004920767
32992824369
1005001556633659
1005002332110707
32795468379
1005002482482081
1005001593623951
33049117287
1005001689898787
1005001549181779
32784231720
1005002263922589
1005002262094071
1005002339360367
1005001770619602
1005002059869404
32885548779
1005002049146239
1005001721062071
4001038454450
1005002355648078
33026538892
1005002467051684
32923904644
1005002118696730
4001275021511
33046143270
32869492419
1005002372846604
4001360519254
855487029
1005002347518089
1005002050120273
1005002447081849
1005002257731690
4001153783290
1005002335680301
1005002293437122
32964892478
32981036092
1005002240083877
4001195307691
4001252434621
1000008473286
1005002218567313
4000974524326
1005002225043198
1005002265101768
32522219339
1005002490145347
1005001494859983
1005002311154500
33032455315
4000970739894
32985253559
1005001500551568
32757037124
1005001296323309
1005002235738987
1005001851959869
4001000308846
32688909735
1005002443513348
1005002284634580
1005002048834234
33045552763
1005001431340342
32986347219
4001145897552
33047731733
33000806490
32631411520
32675502652
1005001680452693
4000222984983
1005001631612915
1005002387109841
1005001834749044
1005002314437349
32710761170
1005001997098062
32884454844
32961759630
1005001525281891
32870708466
33055654931
1005001661262671
1005002179367012
32859158122
33009716646
32921879358
1005001793149489
1005001570491127
1005001737486971
4000042182956
1005002313260928
1005001841764703
1005002276072507
32952177356
1005002122497056
32905181739
32692277950
4000848109105
4000302216887
1005002341315704
1005001285862897
1005002309397450
1005002277084965
1005002395145772
1005002494610500
4000209968586
4000070167085
32858173274
1005002434711356
1005002070046295
4000930032296
1005001657016056
1005002276735597
4001062606740
1005001367416201
1005002333648536
1005001625767895
32854549700
4001115318542
1005002278502071
1005001875910990
4001056805490
4001052157283
4000603249528
4001345930171
1005001444160396
1005002328701913
32978518232
1005001961020487
4000776768626
1005002344657778
4000471336123
1005002280508340
1005002389836630
4000713925420
4000114929616
1005002286349815
4000437807313
1005002008704493
1005001899917831
4001337891749
1005001279931967
4000779079503
4000903296201
32852157164
1005002288593670
1005002285892956
4000094086760
33000593860
32912333847
1005002326406145
1005001603945534
32890770042
4001153346482
4001186506617
32968232903
1005002454338159
1005002318583224
1005002467866697
4001350766975
1005001413363343
32961815328
1005002430276488
1005002400213258
32815619164
33040981093
1005001479650233
1005002005971184
1005001406521304
4001282780097
32820857418
4001282429710
1005002206372034
4000592287257
33004927439
32655591352
4001344958296
1005001555503019
1005001381201442
4000084891705
4001156914415
1005001627843500
4001192390688
1005002239962807
1005001998219961
4000133718074
33003534721
33005066633
32889047219
1005001670930150
1005002420308595
4000939929158
4000465901966
32982508314
1005002440302586
4000594073094
1005002291950813
1005002118847719
1005002311960528
1005002283234406
4000521807999
1005002322155231
1005002167994149
1005002315282709
1005001986924839
33010593905
1005001493045111
4000434912856
1005002388937775
4000916907532
1005001852994675
32882343738
1005002014997125
1005001715001490
1005002219962762
1005001924152492
1005002377185424
1005001849423472
1005002305768719
4001239258606
1005002305709403
4000411108374
1005001285013366
4000808494435
1005002287885708
1005001975720847
1005001664191911
1005002361500666
4000670999906
1005002237733161
32867274795
33042816139
1005001948046372
4001216604907
1005001658954784
1005002287268271
1005001356233949
1005002405632283
33028721036
32604349757
10000314740801
32920818533
33050186904
1005001393065760
4000512651601
1005002467044383
33026602728
1005002015514606
4000062652746
1005002345466245
4000259811830
32846516630
1005002317743136
32950615224
4000966455196
4001037485741
1005002363104683
32974014504
4000748895400
1005002312788091
1005001820548031
1005002355801394
1005001351847650
1005002328244114
1005001890620592
4001313833477
32883092043
4000182144749
1005001493147003
1005002198626490
4000369297639
33052913212
4000280147921
1005002372107805
1005002384812645
1005001515718034
1005001464112324
32804619961
1005002492809968
33033426712
32909511900
10000002375830
1005002475864952
4000922886758
32958190373
32742642200
4001349972785
4000130926923
1005002287755023
1005001547152744
32820336864
1005002254671328
1005002499081299
32947492841
32972579432
1005001352245362
4000960628372
1005002185541355
1005002420450696
33041972244
32905358228
1005001397226582
1005001829623376
1005002382830016
32857944847
32952300259
33049875183
1005002372119180
1005001987560839
1005001541185175
1005002301281039
1005002433875591
1005002357700863
32731776440
1005002210463826
33026881391
1005002238559873
1005002394230601
4000099786852
1005002220152408
1005002330668927
1005002460110908
1005001900123989
32860369313
4000552717114
1005002448451757
1005002304168148
1005001806029431
32498086284
4000849868113
32915649951
1005002471876048
1005002302577097
32902927474
1005002368589322
32653402678
1005002288777399
1005001670000305
1005001365263267
4001228630616
1005002211883083
1005002233401375
33009581391
33001765898
1005002339857947
1005001270100684
4001276400895
4000336448137
32954764240
1005001340588094
32760865007
1005002077429303
1005002042961921
1005001525043904
1005002217626767
1005001552077793
32871303024
32851704746
4000196656829
1005002099147839
1005002425750603
1005002286233596
1005002394545769
1005002456946312
4000189335953
1005001966450535
4000933239691
1005002319164825
32879120235
1005002346826383
33016497048
1005002285944622
4000544875129
4000028440443
1580866735
32968591188
1005001500413498
33041742095
32957587974
4001205032506
1005002485598411
1005001624066050
1005002454413949
1005001780439356
1005001793733541
4001279930817
1005002006115196
4001272214397
32317380903
1005002346574072
1005002317305446
4000024173981
33003366906