1005001380863811
1005002330006630
1005002470391778
1005001701344061
4000830240441
4000630019502
32890815851
1005002382273723
1005002143014767
10000348782335
1005002382915999
32987043724
32910464712
1005002329195008
4000291769665
32880884078
4001242663119
4000573960176
32909647075
4000335552559
1005002235532971
32974421536
1005002458935364
1005001632842535
4000897617051
1005001723990141
1005002181374359
32885307741
32662774388
1005002453297968
32983403712
4001059025835
33051937252
32826978763
1005001509970734
1005001350991251
4000747107526
1005002355586077
1000007394605
4000048571892
32904287034
33023897191
4000510405601
4001343985897
1005001734975051
4001222450895
1005001616396124
32961179136
1005002475604199
1005001459208144
33002693458
4000850483086
4000875615542
1005001425526291
32960310828
1005002471259943
32778315855
1005001441396102
1005001874063229
4000630422674
4000663839397
1005002230472890
1005002011818004
4000233167965
32971062586
4001155894770
4000570180975
32854806397
1924454353
1005002260085878
1005002322340337
4001242185935
1005001408613088
32806366006
1005001650423524
1005002283625727
4000450106407
32849147614
1005002317350196
1005001414071195
1005001303788111
4000098190108
32440588924
32839602510
1005002072406722
1005002389002957
1005001562272205
33058125312
1005002256746779
1005002024485715
1005002094219470
33001700119
32814706457
1005002499516484
4001071590716
33016587775
1005002317718110
32848409722
4001260301054
1005002430748457
1005002244863522
1005002283452359
4000215027700
1005002073778328
32815355021
1005002242040932
4000706448400
1005002433376214
1005002254397472
1005002271962092
1005001776348803
1005002339088059
1005001836501571
32729454459
1005001405057629
4000127349041
1005002002874956
4001229966465
1005001705032235
1005001998006232
1005002420177634
33009292998
1005002325008929
32814728179
4001346894132
32954854820
32974408481
1005002482879339
32981770274
1005001451285786
1005001989285733
4000305228660
1005001297281138
1005002351932996
1005001481639529
4000257248074
1005001521435786
32987386172
1005002386887460
1005002446887961
32884971477
1005002080851050
4000035983133
1005002432561585
1005001532254663
1005002330273111
1005001677348818
33035523368
1005002243953358
4000311903098
4000915621082
1005001603188464
1005001585813611
4000120053376
1005002324784373
32835168661
32688356195
1005002350912340
4000843015352
32830319201
10000366881895
1005002175170268
1005002414097950
32636781137
32858622999
1005001530936990
1005001626520436
1005002084701445
32855625291
1005001741555591
4001302143395
32919308183
4000035531008
33010516982
32921339273
4000841796674
1005002254292470
32843222109
1005001514715966
1005001846049255
1005001665244632
32830605602
1005002231353977
32934651287
1005002294049895
1005001694271101
4000429777641
1005002238885058
1005002239376389
1005001792365124
4000734979623
1005001499868549
32975690645
1005002290040435
32861155273
1005002258693629
1005002278691949
4001250902671
4000504778573
4001272939030
32611938923
1005002283325463
1005002324175243
1005001749208858
1005002257820532
1005002326069734
1005001343522445
4000382491371
32908321730
32676799924
32975272663
32580035858
1005001695310668
1005001958806342
1005001764980215
1005001369213804
4000666143055
1005001411701145
1005002400170316
1005002373255192
32918058596
1005002454231821
32805747893
1005001689051110
32970455140
1005002282601447
1005002416478055
4000765901385
32995061780
1005001901759467
32954129958
1005001600510034
4000250754297
1005002302330182
1005001930887506
32846777881
1005002291579326
33043946046
1005002116481275
4001327230468
1005002316163082
4000698628438
32983250986
32860451238
32288011787
32824657187
4001218418833
1005002453477634
1005001941915661
32691414646
32879561943
1005001326373065
1005002321919451
32745129668
33037667606
32862425132
4000345819932
4000247817502
1005001699846374
4001273269180
1005002286373208
32846537414
1005002254118549
1005001462691834
1005001902843487
1005001849699542
32740684659
33032272008
1005002471409682
33020060344
32914405506
32920666418
32574618664
4000516566113
4001201279178
1005002203582498
1005002363176288
32851582711
32530391126
1005002176711274
1005002372974595
1005002264703053
1005002313951854
1005002465119925
32885310581
1005002123474382
1005002010811391
1005002496978210
1005001265629932
33040021240
1005001988507665
4000894253141
33023589831
1000005760011
1005001849335586
1005001726153916
4000918366752
1005001627585850
1005002094225475
1005002175102364
1005002437708345
761772180
1005002342632046
1005002067957758
1005001683199378
1005002336234796
4000579186141
1005001506669315
4000855342158
33037442606
4001017699702
10000000287523
32900263729
1005001844959750
1524628172
4001139685925
4000042871531
4000642018718
4001291127989
32836038836
1005002315179518
1005002026947171
4000982616082
32983722797
4000419345574
4001151339734
4000984332297
32998711581
1005002187167586
1005002448142057
1005002308864466
4001225179846
32562586475
1005002116749784
4000464656618
33043564073
4001090219790
32967838187
1005002339027753
1005002167273227
32845239525
1005002403020584
1005001584843944
4001030958274
33008859912
33004786199
1005002366377470
32947405736
1005001664223538
33007641738
32841602467
32410466816
1005002219986759
1005002167392628
4001228607472
1005001633008830
1005002350780822
1005002460763971
4000025744922
1005002285906303
32923225169
4001058203180
4001211531129
4000338102758
1005001918382921
1005001776352714
4001077460713
1005002248739644
1005002375567145
32806875999
32775122490
4001244982115
33006554507
1005002177667169
32953694627
4001249730099
1005002317419499
32645146169
4000166213107
32804971195
32837689659
1005001469852980
33023117528
1005001542870211
1005001670904420
1005002460030079
1005001982440531
1005001340141220
32845003148
1005001895761217
32974552392
32859324249
4001300123158
1005002347489014
1005001563922180
1000007398551
4000081110509
32812811171
1005001395582963
1005001968596074
1005002461678748
32864938590
32664250308
33001442031
1005002382507848
32926418742
1005002280759401
1005001393548500
1005002477176579
1005002237611891
4001086737995
4001188742387
33047921065
33050096469
4001226288024
32658514388
1005001681534495
4000461179382
1005002368476159
1005001386806826
33040909133
4000179628825
1005001406308447
4001222699302
33035204207
1005001699709170
1005002254000264
1005001926417810
4000696239396
1005001594830050
4001066340943
1005001867417058
1005001501977323
1005002021933032
4000272055335
32542851141
1005002294692815
1005002315736118
1005002349626780
1005001389852257
4000281053417
1005002232926646
4000736432059
1005001849028883
4001236023209
1005001736845673
4000202896928
4001227624643
32862836669
1005002100297926
1005002339998472
1005001840694024
32592958939
4000346241654
1005002085390937
33032265950
4001125102860
1005002453520839
1005001501646204
1005002297850823
1005001499126085
1005001456345042
1005002228625059
32859409584
32992739301
1005001397111181
1005002449507023
32538697776
4000208375850
4000381076855
1005002124296160
1005002492641539
1005001441343324
4001297632275
1005002072339908
32871606223
1005002271071556
32953862876
1005001577185893
1005002267979148
1005002100901094
1005001997053290
4001265656330
4001112000795
1005002478706073
4000012877109
1005001608945019
1005001337721287
4000311832965
1005002285566988
1005002278730131
32842247875
1005002238348356
1005002378848717
1005002166320229
1005002001343676
4000179566570
4000006222725
1005002465460227
1005002273243187
32901581110
4000072368244
4001107220467
32829659522
1005002087436609
1005001620525689
1005001829976626
4000771284978
1005002265645632
1005001670721891
1005001521051473
1005002081858714
1005002334142260
4000861441388
4000336993329
1005002432991161
32846226347
4000057546938
32816279651
1005001993850420
32962523265
4001315906777
4000905360911
1005002454294254
4000943953619
32973514876
32922961443
4000150912404
4000983405689
4000267441241
4000802132274
1005001883165132
4000796561621
10000150687708
1005002430789424
1005002310946497
1005002330439755
4000918633183
4000389831848
1005001976915921
1005001290766904
4000534579544
4001271311626
1005002409884208
1005002352405736
1005002473847949
32833395325
4001283735061
1005001625095384
1005002224826864
33028073363
32970147881
1005002183619497
4000037312858
1005002056345995
33033931294
4000056679500
1005001994982284
1005001980079757
32919564548
1005002071422469
1005002381931318
4000110371506
32913089616
1005002341566930
4001042606429
4001042330509
1005002419761264
1005001463418199
1005002370258215
1005001998451504
4000546693126
1005002171773797
1005002380992090
32857478879
32881057807
32864329918
4001237780193
32926563267
32748917463
4001232983277
32995975664
4000211314834
1005002323970729
4001228627252
1005002321064382
1005001988010305
1005002248559531
4001251952648
4000139658126
4000287015429
33027450820
1005002294056736
4000286365522
32960008181
1005002497393442
32930835572
32859065285
1005001386023430
32894818654
32791832379
1005002333827087
4001058582978
1005002371534915
32915944754
1005002244708273
1005001971857558
1005001909879484
4000958996264
4001174975123
1005001924276179
32999879831
32901921096
32920706045
1005002307657730
1005002382430740
4000544528097
32914496444
1005002473356113
4001066483721
1005001989199977
4001301488790
4001034897391
1005002468641385
1005001408018781
4000057407743
4001273278222
1005002413986831
1005002453494931
1005001889647488
4000959803572
1005002264790691
4000168654933
1005001891727780
1005001949230789
32947851409
1005002477052182
1005001430139983
32894479020
1005001339463023
1005002457221213
1005001929574866
1005001483357668
32809351544
32971602007
1005002259053163
4000322914425
1005001351894819
4001258923703
1005001867084240
4001077046531
1005002334704668
32817490634
1005002357558006
1005002346294912
1005002081180859
32247474894
32845101364
1005002413674199
1005001407308489
4001352693525
1005002252137898
4001089246251
4000510450622
32496088095
4001193338061
32377396788
4001271869316
4000307287987
1005002442543562
1005001997249551
1005001570442831
4000660438759
32965121561
4000402415918
1005002272253736
4001345039115
4000517735159
32962050872
4001245242287
1005002124833756
4001248027814
4001236817045
1005002288677141
4000694499361
1005002329057984
1005002318609112
32880032470
1005001869606428
1005001841438371
32804959664
32970008558
1005002148933560
1005002212271281
32661347078
32977875014
32922202633
33012771564
4001122557200
1005002382196254
4000111433583
4000944414605
32808812436
1005002347232583
4001156366847
4000183236948
4001221488518
1005001622863661
1005001909740163
1005002196638820
32852518855
4001131695729
1005002372779380
1005001682950931
1005001590965109
1005002402413368
1005002123897452
32970142980
32907035901
4001060748863
33055488890
4000369353628
33023630869
1005001586601427
4001058195984
4001311516851
1005002376955250
1005002499301448
1005002497150462
1005001854487708
1005002414378267
32958727445
1005002166040138
10000126902923
1005001953982046
1005001872923455
33007567310
32863000607
1005002120094090
4000525430321
32978351256
1005001830263141
1005002271936226
1005001441281860
33050576995
32877530834
32999610808
32879655034
32849190917
4000199040294
4000917867656
4000603455668
4000679483802
1005002238144969
1005001835861980
4000553139106
1005001525084551
32739293796
32984358857
4000311498480
1005001657002361
1444643245
32912012026
1005001859721366
32730448606
33051005232
1005002352790298
1005001520021288
1005002330494687
1005001631890097
33058188602
1005002384228016
1005002359624787
1005001839845266
1005002237562235
4000116473856
4001223171223
32661313327
4001270436213
1005002324002897
1005001665524773
1005002281950779
32881635614
1005002191465649
32902403855
1005001835064611
33007124332
32917116228
1005002364706645
1005002072159914
1005001840431802
1005001865399109
4001270870651
4001350312714
4001159006122
1005002340677007
32812483847
32720758648
1005002297890327
1005001670739283
1005002068269621
1005001967444338
4000381793000
1005002317394399
4000886283645
32901665104
1005002281583519
1005002473202073
1005002386290320
4000734794234
1005001518275619
1005002214539109
32887370563
1005002449269513
32987968692
4000172964375
1005001855151543
1005002261380566
1005002270378574
32957548246
1005001966475341
4001091943425
1005001704701124
1005002334351467
32814996440
4001106949513
1005002397742266
1005002348316101
1005001617603699
1005001618213105
1005002258517026
1005001344285527
1005002443588188
1005002193653291
1005002334987378
1005001507241285
1005002388067248
1005001464132600
1005002334818739
4000474860846
1005002346473157
1005001805556684
1005002298572869
1005001732473893
1005002394413829
4000017921573
1005002319122601
1005002312674069
1005002467602300
4000845083795
4001017847554
33001202376
4001289285360
1005001459671168
32897849655
1005001775057205
1005002467129180
1005002393383138
1005001976254202
4000064599054
1005002213310779
32770695564
4000979938645
4001221795215
1005002284477578
1005001987423687
1005001602472405
1005002337297777
10000399969247
4000020739724
33028924312
1005002374742453
4000794198925
1005002191930502
1005002142736720
4000892270817
32958256558
32891000699
33030095272
1005001763892875
1005001584454201
32860731276
1005002198068813
32993720858
1005002397820016
1005002296121954
1005002035298671
4001002198072
1005002408055184
32959687186
4001085775352
4000946396963
4000960563866
1005002069786820
4001065912408
1005002232857199
32858655057
1005001476357130
1005001483796754
33014142986
1005002336006396
32918703286
1005002372454838
1005001688491609
4000983393042
32865163738
1005002253580441
4000842993315
1005001975727533
1005001397260880
1005002288431991
4000458365262
4001338190144
1005001615156144
4001359718899
32803372970
1005002292455703
1005001718595725
32833941960
32767231109
1005002111340894
4001236999828
32767997370
32863529103
1005002060415928
4001200328790
1005001597649493
4001094147869
1005002365730098
4000414187578
4000186382096
1005001629229457
1005002296681630
1005002308434682
4000684754020
4001278262640
1005002386129544
32895882920
4001219981817
1005001333701595
1005002487945560
32939452071
1005002382831610
1005002387281077
1005002281900856
32843413006
1005001868459666
32970710884
1005001551555584
4000177840562
33057485312
4000086840831
1005002346335072
32800674214
1005002294158565
1005002059173208
32617849755
4000898927381
4001148165676
1005002324199164
1005002427759988
4000275210003
1005002052620455
4000056173705
4000250299260
1005001704027798
4000435222124
1005001943111837
32433610405
4001148463442
1005002266662110
4000833663903
33057799141
32738668296
1005002332567631
4000818648594
1005001731350676
1005002353420244
1005002342779788
1005001441369329
4000311712563
902564925
32932894950
32882487251
1005002381241736
1005001865344244
1005001770623360
1005002218703178
32409268431
4000100413624
4000481005685
4001280928627
1005002303629427
1005001425507441
4001220690558
4001062120017
32940270545
32879918077
32678566988
1005001588246500