32730032609
4001293819847
1005002224697385
1005001587233172
1005002225197471
1005001705586738
32731287848
33052346800
1005002002248525
1005002169706879
1005002393418597
32991442987
1005002255775699
4001035734213
32248524926
1005002219506733
4000545745123
1005002089231736
33044118713
4000885950795
1005002298606277
1005002377186247
1005001868873564
32959253057
1005002151372236
1005001424531280
1005001736780137
1005001586851681
1005002389400538
1005001491127853
1005001923515425
1005002351591369
1005001482029680
1005002133965351
1005002339232136
32319675869
1005001480156521
4001313556836
1005001915884635
1005002442339910
1005002487890847
1005002353561078
4000075368101
1005001441055461
33004594191
1005002360163707
1005002252779812
10000418549005
1005001905043982
1005002058864157
1005002448652344
1005001939896790
1005001622670921
4001006687365
1005002010915603
1005001430986833
4000816910259
1005001859511962
1005002467753809
32810515791
1005001413247712
1005001970266578
1005001858468384
33009233174
1005002310203598
1005001669761094
1005002369866251
1005002393823483
1005002265382316
4001273288222
1005001731500420
4000574582026
1005002440749215
32844294249
32905800956
4000237840703
32903617693
4000401560528
4001193685297
33014342608
32894455709
33024046878
1005002434632920
1005002291142582
4000265849638
4001360988679
32842705654
1005002475609802
4000989951294
1005002500435398
1005001427224973
1005002438333272
1005001603768500
32860899068
4001171136031
4000224384886
4000186702477
4001278734897
32967408912
4000028724918
1005001596667488
1005001326230028
4001247271393
1005002341407753
1005002062707395
32746056725
32933374597
1005002346778129
4001246259157
1005002286960690
4001316775220
1005002222097568
1005002248665446
1005001899158628
32846248828
4001199865345
1005002170775815
32822173046
1005002326814259
32845721782
32869292025
33019727437
1005002284733298
1005001658859480
1005002368786207
4001145281695
1005002386751517
1005001656503172
1005001560565522
1005001580501586
4001316421063
4000545835441
1005002121738531
1005002278234329
4001294201876
4000713020650
32661329144
1005002052231554
1005002283059598
1005001721768856
32811969586
32830536579
1005001980251603
1005002265190749
1005001323191233
32813569858
1005001296174490
1005001508180876
32914167953
32836338870
1005001338546266
4001156759073
4001130731103
32952321875
4000700893177
1005002146316294
1005001269488148
1005001289578568
1005002376346193
4000533233270
4000850152953
1005002181480058
1005002273602375
32242506043
1005002314327629
1005002387557554
1005001304438248
32798276860
1005002268864802
4000037308921
4001143178836
4001360232076
1005001355729383
4001247163531
1005002220714012
1005002324499915
1005002206076441
1005002114113990
4000912230769
4000666572267
1005002314388983
1005001585851972
1005002266466498
1005001762180755
1005002314382749
1005001993399901
1005002256586876
32768490627
1005001350559954
4000571887115
1005001890225284
32590184852
32834063315
1005001785970070
1005001519294902
32887037503
1005002488765117
32252241712
1005002421320197
4000262270684
1005002359139579
4000511169978
1005002488125079
32957118009
1005002210922896
32722981379
32613808262
1005001657847968
1005001867621695
1005002042322923
4001095578914
32858523942
4000379405860
1005002072513429
10000395841234
1005002235522166
4000113756440
1005002259038117
1005001789959803
32672828958
1005002134188192
32813622285
4001134410328
4001264889491
1005002383568532
1005002212389089
32950832103
1005002179359297
1005002252411408
32933670847
4001163985022
33034868472
1005002361827343
4000342555852
33051800696
32978655314
1005002237620711
32407614254
4000203563951
1005001412445855
33008694417
1005001482609793
32945099702
4001092837825
33019370566
32960885815
1005002337557506
1005002297965355
10000404275487
4000837544242
1005001828937942
1005001999630013
1005002316865699
32974119185
1005002214900791
32391843973
1005001434223380
1005002306074452
32907000675
1005002315567450
4000208092277
1005001869793698
4000582935000
4001056612573
4000031953209
1005002412782838
1005001888177801
4001156534054
4000057597253
4000987410039
1005001530465792
4000465383287
1005001552240415
1005001582945289
1005001603090992
1005002113277454
4000052568730
1005001329887640
4000327269758
1005002310923204
32906782710
1005001813974826
1005002296910043
1005001893744500
33022979780
1005001639978281
32856542573
32965080898
4001014116604
32856506593
1905316757
1005002116477429
4001063361348
1005001441461412
4001327406089
1005002337184714
4000223475263
10000033535322
1005002211757617
4000092829242
1005002385155063
4001149797840
32813001114
1005001859872514
1005002313576072
1005001970023837
1005002204509692
1005001570263397
32339159930
33051270995
1005002268456081
1005001992352602
1005002199653754
32818153063
1005001858404872
1005001348724258
1005001736881330
33045293237
1005002062934327
1005002143494003
4001230912872
1005002484777094
32814702767
4000666287913
4000434271793
32949453378
32669048082
4000877900569
1005001551109563
1005001742780278
1005002313156910
4000210787041
1005002346404412
1005002130856645
32948659722
1005001270133194
1005002312054236
1005001361331783
32862361887
4001193704259
1005002390372356
4000199294648
1005002246348019
4000808234867
1005001688801535
4000261787814
4000560742570
1005002087784648
1005001671017013
4000220693368
1005001909786135
1005001812250665
1005001905297098
4000156023507
1005002324143482
1005002275346987
4000120117360
1005001481750890
4001262800022
1005001707659198
32972948623
33024227785
32963309416
1005002071930161
32333067050
1005001488412291
4001295317817
1005002241550316
32951767568
32571229500
4000528278713
1005001590902671
4000865055024
1005002460676747
1005002323346074
4001040838984
4000332322268
32255390475
1005002246835052
4000614680299
4001258980492
4001294421748
33004134621
32999774710
4001130655484
1005001425789183
4001214186799
1005001834775510
4001313610501
32959976613
1005002350816337
10000059401460
1005002330378731
4000307096728
32859640720
4000243429248
1005001834712658
1005002381196155
32985099883
1005002350952216
1005002070214567
1005002327850151
32885977166
1005001685777103
32958602383
1005002323753278
1005002287550573
1005002009221426
4000437488584
32984248904
1005001803717415
4001251841427
4001028238849
4001273306420
32887474708
1005002286003850
4000794503909
1005001622881275
4001022486803
1005002287074939
1005001504269820
1005002317911969
33043357354
32982656886
4001019712459
32987637395
32590387812
4000742478185
10000052739274
32920378792
4000157710367
1005001563116539
1005002340720387
1005002395053230
32921751996
1005002294653370
4000105113091
1005001588516807
4000710031127
1005001599728432
4000095022559
1005001676363826
33042500885
1005002408357542
1005001839791189
1005002462521650
32862652757
1005002345285684
1005001417274615
4000106241637
1005001837136106
32743360895
32839097483
1005002293489363
4000017352801
32972747087
1005001561762046
33016470096
32728909520
32943618433
1005001980574400
4000345064975
32970218887
1005002193828859
33031847916
1005001604180301
32349706478
33019730700
1005002281359277
1005002383292154
1005002309218906
1005002258507544
4000965115789
1005002281196571
4001105018828
1005002398487411
4001273268787
1005002294367252
1005001844963668
1005002457805877
32968685729
4000696624980
10000348424720
4001208553949
32946452337
1005002224957174
4001262851563
1005001639470008
1005002086713393
32910070627
32902031680
4000314489068
32834262003
1005002467632055
33014029434
4001053701052
1005001610880516
33013006559
33035857234
1005001670081024
32967597710
32896857777
32962991169
1005001617529329
1005002413354585
4000742223095
4000868547281
4000315990704
1005001808793821
1005001737309921
32990052094
1005002271643737
1005002367821854
1005001816936552
4001212419056
4000005057366
4001283132778
32846848408
1005001713987368
4000613104663
4000479894133
1005002372168943
4001264686468
1005001873156678
4001195483554
4000018128260
1005002292308552
4000133109822
1005002425805496
32964396933
1005002424431467
1005002313470422
1005001846375475
1005001977415040
1005002176364849
33038804109
1005001315339451
4000842995626
1005002459756552
32948629323
32869214027
32966865751
1005002327310222
32892552078
32975536245
1005002097213738
32859109084
32904577079
1005001860793531
4000168171276
32861287344
4001231876296
32653342115
4001360251050
1005001430741647
1005002302749274
4000896138917
1005001456690943
1005002245937899
4000170109740
4001114559251
1005002276552728
1005002284811063
1005001522054584
1005002358015458
1005002453357133
1005001686212302
32767742691
32983862030
1005001868878600
1005001552172776
1005002118385603
1005001962151835
1005001557518902
32647815852
1005001803987679
1005001694764988
32841600025
33006468182
1005001898883162
32826926913
4001227636579
1005002052595392
1005001451609153
4000940950617
4000956161780
4000401845742
1005002318017589
33019496021
4000246572243
1005001857731983
1000007822541
32960760632
4001308487618
1005002233306577
1005001290026572
1005001351643394
1005002314235809
1005002243163645
1005002409416320
1005002372624813
32853828887
4001293646558
4000751714171
4000216678926
1005002453508916
1005001669930735
1005001398474533
33047535678
4001115101144
33005857754
1005002312583252
1005001557802709
4001063500736
32888846431
1005002359085893
1005002383243190
1005001616787783
32843985122
1005002360213946
4000749127359
1005002376297578
1005001860717790
33020793089
32862418204
1005002279034664
1005002313170705
1005001620396354
4000812467461
4000048328509
1005002399095400
1005001320629147
32991471720
1005001880356698
4001085791770
1005001500973444
33036775953
32805403703
32986676862
1005002263920868
4000172378670
33056229560
4001154482621
1005001475977967
1005002281593015
1005002252150976
1005002115471168
32850843435
32788098699
1005001695371704
32972345841
1005002362726219
4000850977442
1005002316912950
32879272179
33029622944
1005001798004105
1005001639866419
1005002311005464
4001215564526
32820825070
1005002319127258
32959884495
32956405742
1755974986
1005002276846801
33061067796
4000912810700
33056770981
1005002357140169
4001100994724
1005002339414833
1005002362817171
4001238794883
1005001599200628
4000987108788
1005002024754771
1005002264159534
4000889364647
1005002347417038
4000808352796
32916044877
32971730244
1005001386097259
32917291594
1005002389562746
4000941741102
1005001830610064
4000456186604
1005002390882624
1005002314411288
33030395865
1005001794071701
4000017870118
1005002303537697
32496237492
4000075177144
1005002487490172
1005002238901465
1005002354440466
4001089719851
1005002384147545
33025337410
1005002318989064
1005001501278998
4000776708179
32966970393
1005002235125196
1005002322237367
4000790378599
1005001627350927
32932529596
32887282416
1005001570457021
1005002313058044
32781447284
1005002323033538
1005002341051074
1005002059602391
32976386775
4001256847629
4000820196822
1005001607498794
32880385148
1005001645680000
1005002256733403
4001134665385
1005002388807981
1005001928154417
33034256019
1005002310904885
1005002360107420
33048490959
4001224858492
1005002333004989
32843259806
1005002278523673
1005001389181136
33005818668
1005002181898101
4001165960726
32348681135
33037612499
1005002289624775
1005002345878297
1005002305297377
4001068370727
1005002157303312
1005001607840990
579919029
32907031139
1005002278875577
1005002287316429
32811400847
1005002123578822
4000738808802
1005002298439955
33058069098
1005002426243004
1005002272236850
1005001870377301
32791784062
4001206980270
4000528846177
1005001998755865
1005002322278378
1005002282378791
1005002026413869
1005002279859596
32988745801
1005002323683315
1005001664588115
4000723815819
4000236556368
1005002288677128
1005002318990683
1005001268872331
1005002296807180
32909620276
1005002428021892
1005001741925647
1005001787844109
4001130086850
32944573694
1005002394919225
4000464309302
32795081040
33002740408
1005001614280142
1005002357695276
1005002298465528
1005001447024643
1005002288850345
1005002340758660
4000001711101
1005002409609146
4000263465680
1005002261164151
1005001792115746
1005001887915619
32845336381
1005002208314032
32981776417
1005002445940542
1005002410915149
1005002316913435
1005002198497330
4000483918790
4001076876415
32962299148
32718355956
4000447585899
1005002469439079
1005002387210088
32809219434
32855650468
4000068837757
1005002289966446
4000833521529
32964902070
1005001644156260
1005001686109616
1005002356214317
32923455103
1005002027299965
1005001317458988
1005002314374332
1005001419022769
1005002315925824
1005001961886990
1090657645
1005001855511198
10000400042964
1005002367481502
1005002211776643
4000189998717
10000395850821
1005002285773357
1005001845210259
1005002219072873
1005002408560391
1005002182376118
1005002090637483
4000680112067
32888686235
1005002237494577
1005001588243397
33044423334
1005001275177504
4001238019087
1005002402377472
1005002392601452
4000036271736
1005001977207503
1005002060561265
1005002213464151
1005001537784005
1005001831736587
1005002314239762
1005001941124342
33059019116
32993494077
32951924626
1005002480794200
1005001770245931
32976322992
32922486523
1005002055306298
1005001493911331
1005002497268423
1005001393149681
1005002354480518
32857234255
1005002301246048
1005002472772961
4000898870408
33057009921
1005001691429582
1005001833763353
32902519645
1005002306633192
1005001407877514
1005001354980090
32952903219
32983979174
1005002431405180
1005001398875817
4000941346447
4000173574376
32862956303
1005001451718302
1005002304310217
4001277176222
32968952258
32957733179
32663894272
10000089278471
4000467523731
1005002224791574
1005002448977674
33056566575
4000127541874
4000057050434
1005002377869649
32899330375
4001230912574
32963810430
1005002357130134
4000829492294
1005002305647224
4000201011067
1005001604262916
1005001799988433
33016221981
32906158644
1005002345180311
1005002065273029
1005002408949478
1005002224457069
33021043200
1005001670890181
4001189787578
1005002246859535
1005002129144815
32831901619
1005001593945025
1005001438884637
32984714365
1005002305306632
1005001872536675
1005002350496401
1005002348424673
32881947022
4000397486883
4000948873396
1005001961937285
1005001986990531
1005002179745565
1005001409378744
32349829014
4000220465041
4001122751198
33049752440
4001124706732
32900324350
1005001816963779
4001268380043
1005002211265862
4000595763965
4000081292755
1005002420850165
4001330766424
1005002260064616
1005002233298123
33013878577
32859795922
4000850690152
32214624577
4000248654052
4001135973534
4000111780961
1005002367779346
1005001393051932
1005002312533433
1005001284927846
4001358663628
1005001387435220
32609922630
4001093180834
1005002000160821
32844537430
32858146792
1005002281259349
1005001317715757
32852384063
32850584198
4000941591276
33000774386
32992517728
32900593258
33016372292
32666496231
32811755341
1005001691054043
1005001766121543
4000082078125
1005002315028837
32996040997
4001060527617
32991370015
32804908074
1005002244688729
33008547340
4001057812166
1005001595762182
1005002328367861
32702061952
1005001762002709
1005002483087223
33005137851