4000204697412
1005001489977922
1005001701447717
1005002290873616
4000570346573
1005002357413357
1005001993733818
1005002238132735
1005001520760045
1005002388364317
1005002467500753
32996331315
1005001387320639
32801630373
33014103393
32810425569
32947807716
33004698270
32694694008
1005002482399625
4000923264969
1005001666674035
33028768759
32912483081
1912417472
4001086231915
4001207450718
1005001451945383
4000695424925
1005002255602751
1005002470575251
33054415489
1005002328012161
1005002318831999
1005002335269314
32902074180
10000328903689
32960321913
1005001834025383
32831761184
32957626964
1005002317231094
1005001322574058
1005002236007773
1005002313487152
1005002490202102
32827371721
1005002164429352
4001022647140
1005002384837460
32702665992
1005002253873155
1005002080107130
1005002164710949
1005002412665959
32911648516
32961325184
4000394194817
4001055754454
33018335084
1005002324894246
1005001454682720
4000970673410
1005002452909476
32855188205
1005002439325292
1005002306274552
1005001992075527
32947019400
1005001496678601
1005002426039678
462995962
1005002021383607
32907564518
33014591105
1005002210038264
1005002325519122
1005002333510570
4000635706842
1005002339441895
4001220553897
1005002312001949
1005001909178797
4001089970715
1005001935411578
1005001284530791
1005002298820565
1005002256552898
32819864786
1005002284252891
1005002390328565
32919104073
4000777999770
4001316961916
1005002170638874
1005001966307340
1005002428498424
1005002315192502
1005001913904739
1005001458251223
4001073283093
1005002384794573
33003019628
4001098412436
1005002304364416
4001235830126
4000144768300
1005001588017808
1005002170735485
32796407873
4000198917099
1005001590554064
1005001407461264
1005001645821442
1005001718415730
1005002495560390
32958375468
4001032051299
32919995753
4001027567757
1005002394984547
32989883487
1005002338807048
4000799179911
1005001534465416
32961226467
1005001393169219
32932882663
1005002318346480
32831623187
4000435476942
32979554285
1005002357160401
1005002295135481
32844078757
1005002021634723
1005001470582547
4000234548014
1005002462746290
4000578601253
1005002308705237
4000955013397
32832715381
1005001571982837
32886682282
1005002446670398
4001267435542
1005001769013398
1005002458053963
2055027884
1005002347061446
32790758887
1005001954188169
1005002289382939
4000077452305
1005002324265541
32896670280
1005002314321106
32849631196
4000959713137
33014230776
1005002267864238
1005001491801400
4001205149616
4001057100987
4001176025931
32541819002
1005002115535209
10000158183644
1005001291227343
32693791559
1005002270167178
32818129124
1005001615153215
32879637558
4001228612237
4000060000013
1005001324858523
4001258390955
1005002481543099
1005002090767209
4000554768730
32925780302
4000903917360
1005002339267161
1005001731167458
4001313474253
32955722490
1005002275510409
1005001612312442
1005001820182611
1005002282918765
1005002475785799
32506644535
32820018721
4001230017576
1000005173058
1005002472377411
4001227660427
4000706631664
4000682486168
1005002500557159
32917184477
32882406080
1005002167957206
32594552090
1005002242891411
1005002204834139
1005002461806947
1005002402242199
1005002412125732
32433084537
1005001814967945
4000924809367
1005001773681435
33045141798
1005002323155262
32997076412
1005002446557025
33036093674
1005002282538950
4000522105623
32917676714
4000526126875
32984819006
1005002122448632
1005001801038700
1005001493879964
4001332995564
1005002420945919
1005002342432648
4001130090604
32961817825
32977147989
1789131922
1005001882510034
32899006210
1005002235189193
4000120844502
1005002375382976
1005002353102001
1005002134336553
32825494975
4000711817166
32919280104
1005002364019949
32657170755
33014512316
1005002258441479
1005002357990458
1005002318764907
1005001399557167
10000281219768
32932584958
1005002352123138
32958378959
1005001733067961
1005002304990193
1005002007428010
1005001622325346
32984583628
4001307334638
1005002420729291
1005001742582839
32793134615
4000544525945
32864520471
32759098331
1005001954459079
1005001488509894
32902244715
1005002481347859
4000778956207
4001278913358
32922509268
1005002310352342
1005002423957857
1005001469694127
1005001305865273
32974077005
1005002192723009
1005002347557746
4000684430121
1005001688042303
32565611897
1005002221589189
1005002143523377
33044784987
32384205797
32827538883
4000695865035
1005002382892063
1005002209940760
1005001414521405
1005002326725356
1005002316617120
1005002382133433
1005001450897323
1005002312112346
1005001971596850
1005002317537149
1005002375842402
1005001587683153
1005002409267097
4001203154679
1005001393084777
1005002137293973
1005002344941947
1005002314437050
1005002002869387
4000755454982
4001241603026
32876447791
1005002249645972
1005002464972314
1005002234546582
1005001943543703
4000433199204
1005002291827300
4001313814308
10000395917723
1005002220880446
1005002453984282
1005002040723409
1005001846066178
32601481618
4000814468618
1005002484620362
1005002377830068
1005001899985290
32785295949
4001028112620
1005002428446732
32859131074
32976086857
4000690698141
33055520126
32949857640
33034090253
4001306277648
1005002344680232
1005001720413992
1005002367761078
32650620447
1005001280190917
32991588041
33054392429
1005002322048844
4000908317541
1005002229139818
32654117994
1005002214023583
32976090735
1005002236493142
33049907755
32995094161
1005002308639547
1005002291480555
32968209091
1005002431371216
1005002426153700
32875187698
32347352278
1005002357072818
1005001871988767
1005002495063776
1005002301496629
32834986807
1005002375523680
32579002795
4001154702229
32422004290
32817353283
32791155152
4000381996379
1005001688480524
33028392220
33047844021
4000235712419
1005001671462080
1005002425354818
1005002291794910
32981334935
1005002400314311
4000385884231
1005002323989258
33002010341
32998248954
32920685673
33001068584
33023182658
1005001706778189
4000990808612
32828825451
10000404087789
4000570217651
32833351062
1005001287476187
32946177638
32997389667
32793872602
32970990996
1005002354344383
1005002401404518
32911472266
1005002467078480
33007420181
1005002337036467
32603473634
1005002381890290
1005002323654970
4000296937549
32811558325
32756961300
1005002301654631
32838468075
4001195610331
4000281365267
1005002315075128
32298590130
33001618688
32228039246
1005002395950690
1005002312642145
4000058652865
1005002389010663
1005002331852845
1005001898817863
517055533
33010006054
1005001839810696
1005002090482100
1005001893111932
32799288703
32917896979
33029162011
33054889673
1005001843951075
32804644655
4001120665378
1005001626628911
1005002237996505
4000256414168
1005001493432042
1005002233375738
32993980631
4000378449958
1005001940059415
32991308615
1005002137204038
32959727748
1005001499966639
1005001434165374
1005002163232043
32954705375
1005001861388007
1005002278877737
33031239645
1005002470391545
1005001941270685
1005002406040131
4000286432613
1005002080890459
4001312947590
33045251513
1005002439049142
32964183169
32813770327
33019677094
1005002393844125
1005002371928865
1005001994525041
32862482626
33060198742
1005002271397432
1005002364525217
1005002157181945
32826055172
4000128212329
33022444931
32827207519
4001261622049
1005001393052684
1005001901071439
32974476822
33010085829
1005002303206414
1005001780904118
1005002429177207
4000105127748
32902722079
32610087331
1005001425871747
1005001930242954
1005002315161485
1005002288600234
1005001359431812
4000038078948
1005002394760055
10000214782330
4001036550971
32949402728
1005001381015951
4001163388210
1005002450555598
4000857970772
1005002313095664
32863388800
1005001729568196
4000981338823
1005002396736446
32882551200
1005001848014235
1005002426303329
4001273171798
4000562132502
32961114529
4001118996760
4001065535145
1005002414329793
1005002260427034
1005002032689537
4000031059764
1005001873730135
1005001913129877
728982859
1005001571336890
4000231936424
1005002375799931
4000448530084
1005002210104894
1005001515922698
32985537443
4001228557466
1005002341283671
1005002454640587
4000059882147
1005001958791264
4000447082358
32719702104
1005002442009611
1005002272081871
32870578287
1005002378048067
1005002264003516
4000268953858
32920359807
4000427666181
1005001681810407
33012749471
32975735594
32991297140
1005001296300635
1005002441283364
1005002212744154
1005001861384251
1005002316722050
32946192917
1005002315873626
32896507011
1005001846505729
1005002355918781
1005002298740825
1421723553
4001221461538
32901544996
1005002348020811
4001179252312
32496966907
1005002281952097
1005001984386658
32984770736
32966540928
1005002388552690
1005001885410469
4001050543904
1005001812638526
1005001575443198
4000083657400
1005002073354514
32672247963
10000055574318
32995063041
1005002288925613
4001013472167
32348342126
1005002307412203
32824891655
1005002292240831
33060887447
1005002483131879
4000989328267
1005001840539559
1005001993250127
1005001275527967
32966833550
1005002453903869
1005002344975640
32993191024
32890687030
32981744476
1005002289914830
4000210169652
4000954431247
4000132664187
32819801315
1005002052040578
1005001895992094
1005001617146528
33008201270
4000887183486
1005002396025235
1005002434957661
1005002244650728
1005002467995916
1005001803717956
32656204793
32988434360
1005002259835591
1005002205753395
1005001876966292
1005002259644107
4000684551287
32839621545
32962640928
32850485983
1005002477773229
32573496426
32568061192
4000042919658
1005002460873680
1005001349088826
4001063259283
32989575577
4000274990024
1005002213704240
1005001861271094
1005002431226189
1005001721039649
4001275765364
10000328732178
4000752842663
4000926725435
4000626058233
1005002079674961
1005002480763589
4000898286712
4001201487850
33062315503
1005002042021946
1005002467033470
1005001585525493
32919228926
32729634685
1005001670779804
32457529286
1005002345025672
32666767320
4000735915168
1742824999
1005001631576645
1005002276530373
1005001820356695
1005001303720496
32790915433
1005001954969522
4001129587327
32999487201
1005002051102151
1005002443070663
4001248964374
1005001631033232
1005002363013879
1005002316501923
1005002061265299
1005002442614543
1005001369428074
1005002030932526
32979381600
1005001596013215
32908918104
32866015946
32949957939
4000175100393
1005002476564404
1005001963055677
33001526314
4000405009781
4001222596609
1005002279106669
1005001458175734
1005002292109212
4000529634220
4001196348246
1005002180857984
1005002161512493
1005002100271130
1005001392758847
4001225927221
1005002310825024
4000235556899
4000336888522
33029901227
1005002245899601
32855918976
32841793169
1005001359245893
4001252323909
32919822770
4001064859536
4000250201105
1005001993745549
1005002253054903
1005002146989687
1005002259057367
32859174808
1005002198601510
1005002238495305
1005002303638365
1005001692462458
1005001360450843
32918139851
4000628533072
1005001714464922
1005002297740631
1005002311011561
1005002473307693
33022186421
33042879153
4001038907607
4001298832443
1005002358791381
1005002357207144
32965572533
4001316197151
32887002269
1005001963143448
4001270982598
33013465347
1005002007277318
1005002313751528
1005001349945051
4000466027408
4000720197986
33014228385
1005002253121128
1005001488677996
4000693418665
4000270426842
1005002409908027
4000296164536
1005001280652298
32919825509
1005001525467275
32967807051
32981108172
32493126314
1005002324605382
1005001428790997
1005002301403586
4000375078545
33001838718
1005001891079082
1005002314502313
32826979948
4000765811625
1005002412243968
1005002485046728
1005001380172149
32922483518
1005001756408000
1005002303918237
1005002080410992
4000190581362
32809157698
1005001274726744
4001038613886
1005002460151654
32815275215
1005002265209940
32997498431
32958103204
4000297419275
1005001561740097
1005001970550503
32899807916
4000946763571
1005001824399363
1005002407981213
1005002004301061
4000894232525
1005002392998890
4000437867969
1005001731654889
1005001955024125
1005001953332725
1005002316692587
1005002334117709
1005001644270327
1005001411342002
32853215372
33007858114
1005001708423283
4000960978519
1000008549383
32855964040
1005002205732088
1005001308669935
32960145249
32862171281
1005002295002085
1005001440747560
1005001905239340
32959345649
32838534058
1005002372302312
4000378693101
4000026150099
4000728119920
4000602044133
1005001826864608
1005002341359350
1005002388053419
1005002040095889
1005002256405062
32880756002
4000047292181
32945093631
1005002387752989
1005002004788044
32920359753
4000819660841
32994400254
1005002279336956
4000405373479
4001250032249
32978099162
33023662913
1005002224940003
4000562291816
1005001984844159
4001038788084
4001124973591
32912889859
1005001297212558
32839084334
32673088759
1005001307819438
1005002392649051
4001212714459
32894990206
1005002438133836
4001249746921
1005002352098362
1005001848797291
1005002037717124
1005002111920400
1005001506317216
1931157275
1005001670884706
1005002196404046
32968608932
1005002428701835
1005001845321385
1005002469128484
1005002480882650
1005002496133276
1000005843420
1005002294410843
4000526146468
32809460715
32928291694
4000443672038
33041082384
1005001825569248
32985883292
32878525084
32946599432
1005001897275890
1564124819
32521426867
1005002120175750
32855869470
1005001305001266
1005002063990879
1005002400987471
1005001736721361
1005001849305060
32870200792
1005001907100221
32827535762
1005002381248617
1005002290559398
4001287813439
4000630602335
1005001795130078
1005002246627534
1005002233348135
4001284924141
1005002426142817
1005001393030577
4001083992987
4001219158699
1005002454216476
4001026737807
1005002482767686
1005001367579815
1005002281748999
32862648831
1005002443495752
32831439151
1005002264396985
1005002130412092
32915145296
32981850556
10000012916439
33022994492
32953260062
1005002279275746
1005001848979614
32888903193
4000659801763
1005001636657228
33034856084
4001148876695
1005002340264246
32976429337
4000034054593
1005001582808230
1005002021536408
4000335529961
1005001793608768
4000964396136
1000008179941
4000399041234
4000812828380
1005002467756443
4000944523719
1005001936276557
1005002292878803
1005001899131706
1005002287465107
4000730623792
1005001706496333
33025838333
33049666694
1005002453333895
4000262118535
1005001285279105
1005002333029095
32974274421
4000930632536
1005001836341680
32458565550
4000387723832
1005002291546771
1005002264226832
1005002424385868
4001250992647
1005001336403108
1005002318883274
4001227643428
4000379137228
4001090639557
1005002419350130
1005001454180760
1005001530393356
1005002264390306
1005002372298044
1005001324484074
4001272267491
1005002454321624
4000747320304
32962105986
1005002136865063
1005002038413846
1005002341155910
32910174758
1005002397791273
4000130694962
32898676371
1005002229229496
1005001567022111
32813838880
4000219388278
1005002292237937
33040885010
4001242203075
1005001607591540
4000960850890
1005002277710644
1005002282773360
1005001521818968
1005002488868272
1005001858119273
1005001703956648
4000086442768
32512273832
4000357241654
4001264405288