32998266686
1005002314107101
1005002069288410
1005002363457299
32839304782
4001234568916
4001054740122
32903601821
1005001414116407
1005002357730613
1005002243247889
1005001709290206
1005002211019529
1005002454230910
1005002276583677
1005001537808212
32820004793
1005002128616962
32784029386
1005001519038765
1005001286574666
1005001665022594
4000090402268
1005002276596054
1005002361216558
1000008252108
1005002167028678
10000399944702
4000315168697
701850560
32802386137
32830230375
4000023723290
1005002234921981
1005001339864495
33007010028
4000708256342
4000627712552
1005001976945454
4001038791298
1005002265395774
4000926687178
1005002377044999
1005002423512650
4000856306322
4001118985979
4000594522182
32979089603
1005002060839954
1005002364444303
4000756891870
32457007534
1005002439525786
1005002374245974
1005002253015836
4001171646355
4001332416358
4001204706862
4000927752514
10000032102416
1005002473382131
4001247727865
1005001584548988
32709395318
32791535877
4000452347402
1005001652650987
32275063362
32962706451
33013556574
32842081318
32881434813
1005002340203087
4001145162032
1005002311638617
1005002426763528
10000411771509
4000543914085
4001171807765
4000097175260
1005002103650259
1005002387299611
4000580064663
4000009612853
1005002119745555
1005002093833990
1005001885940744
33007183598
1005001329105189
1005001506468903
32658479498
33047198378
4000824394834
1005002446402476
32828194640
1005001687643948
1005001455980316
4001189350156
1005001621666263
33003555344
1005001715513743
1005002258020488
1005002312566578
32492251077
1005002390235820
1005001407682485
1005002488305829
4000069818571
1005001665218633
1005002314002191
1005001361482020
1005002213699076
32920748893
32875414754
1005002313463010
32970709389
4000781127601
10000395911423
4001077281976
1005002128556893
1005001868952974
1005001942218083
32552649620
1005001652527344
4000439173688
1005001344568191
4001280196279
1005001345368089
4001063922665
1005002465774280
1005002292465445
32848264617
4001208774011
32882389417
1005001736789451
4000121083240
4000812560549
1005002058335888
32653374985
1005001619605004
4000683147354
33046316337
1005002253174057
1005002064941135
32882924767
1005001658418090
4000336267712
1005001656794914
4000704184323
1005002467007621
1005002002532654
33045524780
1005002351588108
4000323045099
1005001389141267
4000517367500
4000955390444
32856037404
1005001417026770
1005002207557222
32853091631
1005001348362962
1005001769584692
4000310722751
1005002247196538
1005002364944136
1005002015536699
4000695498292
1005001577109111
1005002153831560
4001138976723
1005001977255412
32839836437
4001027022978
1005002157769013
4001138708476
1005001779866772
1005002367672228
1005002314488938
4000465876798
1005002428965293
1005002239732285
4000001507823
32729919942
32909457928
1005002311622798
4001119719539
1005002377870308
1005002281135689
1005002086004454
1005001890805411
33018615438
1005002007167741
32841639500
32665861953
1005002333448135
32859832576
4001214244519
33032143030
4000305606635
1005001792928927
1005002279195998
32852171394
1005001927641852
1005001640634135
1005002311598772
4001217217318
1005002281658491
1005001441292685
1005002354739915
4000385385278
32816701205
1005002363115730
1005002372894353
4001175475285
4000026693699
1005002080352371
1005002334027474
1005001917869820
1005002233877448
4001037645464
1005001604581994
1005001500581535
1005002275682609
32312175395
1005001552468249
4001327465129
32629624879
1005001599217326
1005002370799033
4001159944704
1005002432265861
32844689157
1005001411788326
32903947502
1999660576
4001286022531
1005001584599559
4000173531924
32410314828
32958194056
1005001773993661
1005002304128627
4001102303267
1005001525424474
4000493142292
1005001862787982
4000443683629
32784433363
1005001648468823
32817898232
32933102751
1005002359820176
1005002334500557
32858574089
4000967542487
4000662556534
1005002460294427
1005002333528009
1005002410832708
1005002485474087
4000893341521
1005001620799636
1005002196782935
32701307329
1005001797105129
32990879837
32987369330
32955238725
1005002253674874
32847577939
4000158366609
4000057308158
1005002313476056
10000029491844
1005002196950899
32957873158
1005001592041121
1005001745124826
1005002490799086
32878813543
32980397246
1005001441219259
4000329487459
32898822145
32916912946
1005001859277894
32976281442
32902510549
4000926783124
1005001856888753
32825543423
1005001393320776
1005002321263920
1005001731193281
32890069339
32830517264
1005002446913904
32855335842
1005002372291013
4000959253390
1005001863677086
1005002330802218
1005001869424285
33025895458
1005002367499040
32928750962
1005002290020164
4000816789767
1005002315858847
1005001425504569
1005002314530483
32998388083
1005001970451235
1005001603619338
1005002113180424
1005002454357176
1005001906288380
4000083587236
32842161591
4000375302055
1005002323269425
1005001605552207
4001302432407
33016638772
1005001994809934
33034207450
32965650415
1005002350418821
33048280800
1005001529486750
1005001305307495
1005002388751976
1005002328411600
32847099941
32962048174
4000492815923
32834639937
4000864569175
32944386381
1005002434873215
32704967643
32820807478
33037781737
32850550793
1005002337038637
1005002485095271
929679689
1005001935877023
4000032380918
32413110986
1005002444273272
33050841849
4001051404807
32445887388
1005002064840328
33026611096
1005002443139207
1005002100773841
33012751432
32788488522
4000803683696
32554259281
33009728737
1005002239679506
4000338685608
32849102980
1005002369061233
32909272015
32973145605
1005002365011882
4000322046143
1005002287454197
1005002167139727
1005001305913174
32836804722
1005002298721928
1005002018040046
1005002491265467
1005001771834619
1005002277499701
1005001474774964
4001081693310
1005001525428579
1005002296720916
4001262492160
32952657948
4000727055320
1005002065401225
4000627436819
1000001850374
4000509969832
32960163596
4000709202251
32954063520
1005002314270963
4001258539892
32344910658
1005002315240418
1005002416868018
1005002450381790
4000629993992
4001014735943
4001111798190
1005001935972066
32847228883
32999104237
1005002232875959
4000028606573
32919859153
1005002378024567
1005002413650456
1005002355865552
1005001361280354
32976279289
1005001816509910
1005002317681765
1005001765288990
32827823303
1005001840840042
32964063849
32427203204
1005002347734726
1005001475775037
1005001391937343
1005002357765553
1005002294481319
4001209147406
4000706676016
1005001683167708
1005002359830411
1005002136465675
32862774079
32901888270
33053427183
4000993473229
1005002481245250
1005001670748928
1005002156551822
1005001954029960
32912978749
1005002128487270
4000960161637
32230259918
4001082486052
1005002374390388
4001187046557
32838814038
4000070658622
1005002395204159
33010508375
1005001694150147
1005001678534588
33019519161
32920867192
32985251016
4001064974975
32886930895
32841348059
1005001810998118
4001296136851
1005002386158304
4001128616242
4001042487823
1005002382410620
1005002439037838
1005001699172028
1005002352071059
1005001871734993
32853847693
1005002421431158
1005001646789381
1005001968704196
1005001712862699
32270664919
1005001462336355
4001190781739
1005001419545870
1005002470190322
32529709993
32958114897
33034910643
4001155744383
1005001804046814
32592753519
4000173051575
32849104484
4000118537644
1005002311797752
32910568410
4001085624372
2046696388
4000458876727
1005001555693878
1005001500071452
32831632500
32909678574
32741581611
1005002350403001
1005001338327377
32866281962
1005001792111976
4000518845258
4000769770665
1005001679962106
4000076250642
1005002230357396
32946385766
1005002046175827
32801720345
32934738179
4000098517865
32804425062
1005002018370472
1005002476244575
1005002406431985
1005002443079746
1005001574523559
1005002099936227
4000089036993
1005002218169289
32820670680
4000755497788
1005001839581283
4000838044456
32915570528
33040827623
4000452677244
4001283976697
1005001632077331
1005001279151205
1005002264089229
4001157505328
1005001850966112
1005002244155891
4001188785438
1005002315854855
4000811100269
1005002339421130
4000564592094
4000514839272
4001263052203
1005002272743733
4000668765767
10000408294612
1005001808626433
4000224116093
32919793495
32908058254
1005001952813117
1005001764669376
32899685391
10000003732233
10000128073089
1752983110
1005002309837485
1005002068754975
1005002421233442
1005002374966497
1005001284988649
32539477959
4001229833019
1005001525537852
4000414266015
32947229719
1000003617206
32980043527
1005001988040789
1005001883383828
4001177927078
1005001863414683
1005001780631755
1005001713149213
4001235382907
1005001967196123
32835908846
1005002399823524
32888669454
4000234465837
32953085244
4000692972644
32468036013
1005001308783040
33052912335
4000583558504
1005001352377916
1005001488603593
1005002315874762
1005002333914503
32792723820
1005002171023455
4001199732970
32711470777
1005002462996057
1005001782245946
33001356783
1005001909848004
32912368639
1005002267912444
1005002431665387
32996656175
32996330159
1005002298341222
1005001510066315
1005002350799469
33009651982
1005001451842456
4000264704654
32998922958
1005002035828400
4000050242927
1005001858682595
4000543465092
33023222421
4000717303534
1005001480232438
1005002342553511
4000373675739
4000600742773
32978707719
1005002305538636
33048316622
4000123164684
4000029162072
1005002049221687
33027808542
32918824448
1005001407696155
1005002368198717
1005001522340268
1005002318821866
1005002314429664
1005002484020799
4000990967994
4001227770650
4000114985044
4000437434592
1005002081081164
32983656648
1005002122287969
33009721830
1005001359463158
1005002211382033
4000516380380
4000216837039
33009745906
32853862505
33039191313
1005002298506124
4000590458159
32789273381
1005001588093855
1005001376280551
32955754489
32979470870
1005002467124077
32406060569
32741751341
1005001488232317
1005001603963932
32883711561
32830379225
4000013606658
4001080705136
4001134631917
1005001291926806
32406534139
1005002358922223
1005002341276352
4001173696759
4000453589461
32823859550
4000192564896
1005001329368544
33057201868
1005001863643539
1005002259344928
32996104778
32817316067
32909007449
32800963044
4001309178640
1005001598452890
4001126443863
1005002252340536
1005002378361288
1005001344506215
33038078860
32999566119
4000627163162
1005001515914797
33044467818
1005001474382612
32789286483
4000299405081
1005001596736159
32864441807
1005002095474602
4001305760337
4001218684984
1005002443077737
1005002260460642
1005002276452130
1005002198808591
1005002229735254
33003744546
1005002314639459
1005001838295946
4000212885333
1005002000022261
32982357741
4001310848333
4001223215410
4001290363891
32790970151
1005002329642011
1005002335202322
1005001676885358
1005001644524927
33027074419
32611064790
1005001918141555
1005002368520033
4000627016008
32921618261
1005002490114198
1005002380860667
1005001504697515
1005002344346924
1005002460575980
1005002453163894
32891034698
33059951362
1005002292641030
1005002289528576
4000197514789
32955088202
1005001417732809
32912881660
1005002279176542
1005001557232825
4000498398973
32966687999
1697368845
4000202159685
32857928181
32789220602
1005002304048027
1005002386762066
1005001803326419
4001027556461
4001252510847
1005002156138405
1005001379483637
32298210509
32852239512
1005002367833794
1005002208449378
1005001295948857
1005002271295336
1005002261382844
718345642
1005002314340132
1005001947329474
1005002333281740
1005002357674950
4001013393497
32796669273
32916726776
4000691018391
32947077903
4001313297101
4001079668809
4000885398069
32799081742
1005001926502079
32868576066
4001235052477
32994018350
33001662550
1005002295433683
32990901360
1005002245134565
1005002325720614
32923571453
32656797424
1005001292007541
1005002336543319
1005002330777192
1005001818042348
1005002402550126
32930455925
1005002103619013
1005001861477739
4000051729032
10000400015528
1005002393130234
1005002035286891
4000743503986
33014765271
4001274989761
4000433716947
1005002161600100
1005002338920595
4001010655488
1005001375264229
32986737189
1005002311418028
1005002469942448
4000730785698
1005002443527003
32303469415
32899871587
1005002434815904
1005002037734109
1005001530285290
1005002357661908
1005001949928748
4000744745246
32383371220
1005001685496006
1005002314223962
1005002199152354
1005001581741134
1005002362433327
1005002497367789
4001062596947
1005001329750833
4001045644059
1748846156
1005002434491950
1005002424116373
1005002220667122
32874450482
32813058340
4000928164500
1005001896636080
4000990899809
1005001525305972
32767624562
32935103966
4000691938913
33027820124
1005002220076016
1005002262139640
1005002072555142
1005001950241397
4001082016041
4000816613764
1005002245671238
1005002236083214
4000508540528
32808113671
10000032357448
1005002295159426
1005002222562946
1005002282750817
33045254508
1005002362949383
1005001264815069
1005002314422592
1005001310855718
1005002354521194
4001274956424
1005002500527199
32772047972
33027030281
32989099223
1005002377634027
1005001403180590
1005001703680806
4001018209649
1005001834727535
4000164557523
1005002428346217
33002979756
32971359340
1005002388182558
4000993814748
1005001562720158
1005002208362449
4001348035359
1005002237750694
32858734659
4000642528767
4000420326056
33025049018
1005002438072164
1005001656809070
1005002314407021
1005002241995336
4000944634721
1005002074952604
1005002341319972
32819831624
1005002333891779
4000865451568
1005001901214651
4000920405470
1950537641
32858696443
32953887904
32971384075
4000384974818
32706482088
1005001666119119
32960993462
1005002418685382
4000682431408
4000988794425
1005001491540113
32995877840
4001320446125
32805883117
4000033054085
1005001860964042
4000850584235
33012355154
1005002350483441
32820479718
1005001838219376
4001240251655
4000862546360
4001265716206
1005002376782379
32877906209
4000318309683
32806188373
32965658705
33027470380
1005002478526015
1005001785255510
1005002137087759
1005002131359170
33054227245
1005001296110114
4000271473057
1000007916174
1005002346472820
4001341282218
1005002396651850
32988232059
4001225167375
1005002468169681
1005001761503712
1005001453042926
4001053871549
32849657093
1005001725545864
1005002405149028
32695088771
1005002324843307
32867954565
33001532288
32839476464
1005002261464178
1005001652951865
1005001567404827
33024249835
1005002175668254
10000286144976
1005001514274662
1005002402377211
1005002333185458
33063711397
1005002309558445
1005002297935850
4000385330189
33003500267
4000522168896
1005002079220209
32895398287
1005002244324688
33036154958
32974786408
32994715423
4000459691526
32905356195
1005002442547000
1005001677609573
4000127594213
1005002362658240
4000819989161
4001302343422
1005002324119295
32747268087
32850342698
4000047882565
4001153359513
32892871125
1005001525260904
1005002313403742
1005002426806575
1005002220866398
1005002334631416
4001061062492
1005002396933249
32831149264
32816952613
1005002379279470