1005001355421684
1005002059178949
32909251527
1005002244778587
32915949303
1005001823917940
1005002280874206
1005002115159866
10000381118032
1005002430869448
1005002103143356
32888094396
4000248665421
4001119645633
1005002299407460
4000138490001
1005002407607428
33005556082
1005002459081068
32271224591
1005001431190636
1005001343778374
1005002235683608
32791547425
32956438074
4000907081148
32784033721
32757610954
1005002429404577
1005001495243306
1005001382245103
32855154222
32725203428
1005002228684412
1005002322557198
1005001933364092
1005002081106438
4001216238436
1005001953636493
4001360150032
1005001783494022
1005002293978457
32854594353
4000244332281
1005002318081683
1005001316037766
4000836448599
1005002338566763
32844734777
1005001815199537
1005002157445795
1005001906916484
4001192290675
32833681082
1005001878618003
1005001902358385
32368758583
4000087277365
32921523695
4000055676949
32951564975
32530206076
32880461815
1005002271579291
1005002414089788
32404763311
4000627433585
1005001680477879
1005002117740545
4001150651345
32857197217
32951172881
1005001329916012
4000379040501
4000969401153
1005001669321997
1005002412444390
1005002241491592
1005001441195943
33058287624
1005002310877645
1005002033408915
4000510594958
4001269393898
1005002452096114
32699122253
1005002038411487
4000044701494
1005002289540651
1814019735
4000986338032
32837857295
4001276022069
4000992818103
32821741112
1005001779661415
4001290445537
1005002277857859
1005002254979085
33020173096
1005001456688334
32917728981
4000414234787
1005002315251137
1005002419083516
1005002342563701
4000064665623
4000546569710
1005001900401937
1005002339531106
1005002388782046
4000857351062
1005002315209646
4000305194817
32876907245
1005002105179401
1005002328913403
4000099964907
4001305994179
1005001487449766
1005001657330269
4000349107563
32986380141
1005001890130113
4000151447332
4001307711688
1005002344507149
4000264095758
1005001511864319
1005001582111471
4000695690106
32860211399
1005001763858439
447511162
32992664828
33003857408
1005001646430368
33014323555
32952697515
1005001598009587
32967065497
1005002435452147
1005002425514074
1005002382840811
32228862808
4000884232417
1005001394024070
4001230129487
32882644050
4000944646138
4001205299669
1005002252345654
1005002494931359
32998220805
1005002414754015
4000397456908
1005001666663800
1005001824740283
1005001599913318
4001054634961
1005001917772791
4001232049089
1005001971645414
10000105443990
1005002466975952
1005002253483860
1005002210220104
1005001812499912
4000905891429
1005002452917310
32842217371
32958738042
1005002412105523
4001167610425
33000839266
4000706651168
1005002474658486
1005002353129652
32382032708
1005001731222508
32926551969
1005002198933715
4001288687151
32973973075
32881183141
1005002357581993
1005001334331202
32733608656
1005002475487846
1005002318998889
1005001367898907
10000000483597
1005001855119918
1005002400528700
1005002232700643
4000382826609
32793105288
4000712717223
1005002302266248
4000174513637
32949045648
1005002204812306
1005001273558423
4001168109240
4001061659499
1005002306395506
4000538981854
1005001393113122
1005002362478903
4001053935908
1005002462843292
1005001360455511
1005001691058497
1005002233261524
4001351894701
32958458483
32834366328
4000512620774
33020980379
1005002443104461
1005002240580247
1005001412839685
1005001581137139
32891723916
1005001835690281
4000102007128
32956320232
1005002430563595
32830861080
1000003562593
1005001865226057
32834950009
1005002338957884
32826523994
1005001839025114
32859699725
4001232727526
4001233936075
4000257860475
1005001495298084
32926343069
1005002243986375
4001293796666
32913878979
4000336123564
32957159746
32780696717
1005002267498300
1005002408980438
32942497840
32844199551
4000750820073
1005001540578862
4001225220609
1005001279190425
1005001570989111
4000090868910
1000008585927
1005001617112527
4001279260262
4000767016355
1005002408819969
4000836922525
4000314696258
1005002102554745
32864792354
1005002323503444
4001278692810
32981956652
4000065028682
1005001670844502
32996433286
1005001889745099
1005002250579327
1869930135
1005002219320762
4000959976741
1005002289755785
1005002254185056
4000150186271
1005001794773773
1005002408603098
4000405056864
32293810910
1005001960454507
1005001977611257
32988817673
1005001386543753
4001170805211
1005001468621402
1005001431875330
1005002283497664
1000008673144
32826317717
1000006202786
4000417345291
1005001831815486
1005001608169322
1005001854946638
1005002454236590
1005001835583073
4000266221161
1005002186019292
4000648111892
4000310943736
1005001299081247
4000528824435
1005001621523904
33014672278
4000169613573
32845330977
32948336351
4001076783950
32903711779
1005002388611394
1005002333980667
1005002468857594
1005001753583859
4001116099525
1000008332875
32486168848
32912375398
4000836151443
1005001687938019
4001055835344
1005001979302837
1005002397664913
32871889696
1005002424981815
1005002107766309
4000959996121
1005002317657728
33017434674
1005002454453099
4000761751619
1005001329697833
4001213691847
4000966667107
4001158837690
4000434869200
1005001348643385
4001062845705
1005001854132887
1005001314465969
4000037513989
1005001790078185
10000395920719
1005001882679464
4000850200821
1005002264336818
1005002395794381
1005001953624227
32947173617
1005002396581689
4001105764574
1005001784332840
4000314277038
33046171686
32810870525
32863265934
4001228572579
1005001506762125
1005002289013157
32972007593
32928734981
1005002328535358
32863103962
4001220625484
4001132929894
4000732545861
33036116400
1005001646074543
1005001722108117
1005002444292468
1005002399399634
1005002374827088
32573393681
1005002401269981
1005001431274960
1005001580827765
4000971705379
4000944611373
32852909898
1005002208423248
32822580870
1005002261507443
1005001859493504
4000691643648
4000991569230
32803310843
10000002394129
1005002315067454
32880735843
32990945356
4000828734971
4001273380044
32554972780
1005002313686715
32306139102
1005002301161633
1005002069276072
4001297572770
32393341569
1005002352498540
4001286678219
4001223980743
1005001671216464
1005001375364030
1005001817130085
1005002313273181
4000727211049
4000909325035
1005001942974504
1005002470851243
4000411451335
1005002466977695
1005002383927564
4001084438554
1005002495119514
1005002357692512
1005002311898535
4000718051372
32825957524
1005001329785862
1005002014592866
4000139733937
32890026168
1005002388869802
4000709119727
1005002220805194
1005001500261049
1005002345570818
4000770053524
4000169056208
4001131098647
1005002292641166
33010227477
4000741658345
1005002287542019
1005001954894494
1005002039568139
4000222114028
1005002301690728
32961295098
4001355926482
1005001999967359
32961151517
32908945407
1005002287545184
1005001597543925
1005001707691614
1005002319228510
1005001483466327
1005001900541994
1005002268129965
32744031713
1005002481260175
1005002238034518
1005002182529309
1005002341061205
4000822186655
1005001771115281
32968245369
32976732357
1005001495964995
32922933119
1005002423507411
1005002312954746
1005002107387789
1005001356379851
1005001855875239
33041332456
1005001901664492
33009253671
1005002356029131
1005001676472525
1005002334215796
4000178317589
4000771366510
4000666725275
32565068590
4001228662415
4001301432985
32858561597
1005002362944310
1005001382447035
4000180972099
1005001325520391
32820821859
1005002315249446
1005002439937151
32838183988
32629864673
1005002230003100
1005002294264487
1005002210116074
33049965932
4001160535497
1005001669526435
33035519258
1005001793819263
4000278579979
32803123848
4000891758968
4000598838665
32964193390
1005002433523862
1005001501054510
32723991363
32947661055
32790958349
4000538887131
32762637595
1005001401676233
1005002387040340
1005001972178906
32800009477
1005002288997107
33047171453
4001135683285
1005002208585519
1005002315616431
32870145136
4001247817084
32972885735
32217669522
4001040252901
4000491686220
1005002470316224
1005002334349638
32964054190
1005001859839896
1005002158971322
32970016341
4000879782193
1005001418644898
1005001993557816
4000863834025
1005001355333036
32880734241
4000641463091
1005001927996431
1005001489713300
32452404889
4001057471764
1005002337169893
1005002387780776
4000971541213
1005001451761894
1005002313239465
32980302133
1005001309156109
33045041201
1005002326338836
1005001379605179
1005001869546880
32912253357
1005002128103871
4001260220037
1005002314047586
1005002098961663
1005002258373993
1005002436116032
1005001289450578
4000469299340
4001316916410
33013578764
1005002275142923
1005002363941162
1005001737570557
4000623698200
4000278209452
32824791733
1005002159545329
1005001960960149
1005002318267028
4001233730043
32922506056
32998499781
4000941364541
4000562725519
32959485946
4000990926749
4000283109246
1005001423109079
32734511289
1005002294835846
1005002352030888
4000966367544
1005002354250081
1005002458017750
32856301249
1005002281907339
32931669627
4000877879583
1005001437670175
1005001334482851
32951640878
32844959363
4001169102276
4000785690240
4001217160754
1005002328652348
1005002375151593
32850306905
1005002255023519
1005001893373437
1005002192133252
32853984927
4001192606507
1005002170773377
32639351944
1005002129406520
1005001657973590
1005002500433384
33044393858
1005001588294321
1005002350774222
4000928697504
1005002120031332
4000223782525
33058412341
4001271054003
1005001560012059
32824282982
1005002480547389
1005002019167038
4000337109583
1005002323302108
1005001329825441
4001248430544
32395938282
4001209447378
1005002500260903
32866274071
1005002213011126
4000600134392
1005001461920175
1005001397482610
32803641974
4001179062957
10000028379754
32896887325
32862642974
4001291817621
32364742854
1005002474174184
1005001585987739
1005002244655166
32977519516
1005002314432826
1005001872449562
1005002347240619
4000296485328
1005001587416035
4001156774182
1005002307859630
1005002275767832
4000991217300
1005002431575077
1005001487143519
33017783292
1005002254049790
4000386807736
4000284044955
1005001328866976
1005001488742065
1005002212785316
1005002255830566
1005002364170768
32820564491
1000007549687
4001110729504
32782509111
1005002023885249
1005001280102301
32737034824
4000780645988
32632523680
4000906589864
33003717009
32918343711
4001035295934
32988871895
4000874720527
4000276715352
32638926003
1005002299673918
1005001525422297
32905341807
4001014152177
1005002386540201
4000447947355
32926191972
4000878842477
1005002374789224
32924411276
4000836300016
1005001555763375
33010122087
32712822633
33003017559
1005002346828153
1005002204039512
32909746973
4000702311678
4000895625609
1005001278500234
1005002259268063
32831897571
32800275009
1005002319035636
32975270325
1005001329790052
1259711583
1005002324774733
1005002433419287
32871658646
4000745354830
1005002358299499
4000987229984
4001296321684
1005001984667144
33027517879
32848387596
1005002284796010
1005002305613029
1005002314523413
4000323001071
32943686418
32959803292
1005001333398658
4001201392958
4000956068169
1005002372591290
4000025615714
1005002470855164
1005001288482532
1005002316737243
1005002338026804
1005002275798633
32951714875
32711055181
1005002318656414
32826376615
32686564112
1005001369670646
1005001326312992
32957966409
1005001652789616
1005001624933875
1005002427217121
1005001627977300
4001064234592
1005002212308610
4000761706064
1005001847633417
1005001844759963
1005002468046508
1005001732054533
4001057324590
32842166611
1005002206689031
1005002347038887
1005002204768628
4000493840331
33009968718
4000218313258
33008573849
4000926751785
1005002297791435
4000336083938
1005002355727265
1005002476794717
32619086821
4001131997149
1005001278213961
4001067946566
4000748082346
4000080787005
1005002168720573
32777911300
1005002282040903
33007523070
1005002288128722
4001037653326
1005001809636372
32899898283
1005002236357591
1005002122601075
1005001387555304
1005002364204244
1005002318243491
4001347444278
1005001297981915
1005002376767460
1005002198550366
1005002474965053
1005002076425244
4001164350415
1005001864231270
1005002420451618
4001183741982
32967416537
1005002380874631
4000319088110
1005001523345449
4000884893830
32550525448
32213747525
33054196751
1005001668289810
1005002381775880
1130772529
4000341322216
33039966213
1005001354861911
32441757234
1005002467254054
4000971227256
4001127924341
4000045993318
33044911684
32728942751
1005001325520580
1005002204270117
33049829815
1005001809201554
32377546212
1005002361856433
1005002421040028
32815933746
4001201328679
4001260573975
1005001529177968
1005002428552939
1005002001998448
4000726174177
1005001941058493
4001361126983
1005002260083234
32799997456
32782011930
32884616787
32897697310
1005002468464702
4001330377542
4000955787553
33004759679
1005001560016541
4000496726715
32787567608
33055144179
922268470
1005001365713011
1005002291457777
32813489516
1005001658268941
1005002248043535
4000830015863
1005002437669971
1005001289939541
760573610
1005001998694987
4001128464163
1005002321075095
1005001344616435
32892834864
32962819314
32792361773
1005001386904230
4000377570926
4000511578385
32817517441
33020698995
32952540649
1005001997164215
1005002304305799
1005002318709764
1005002449815345
32822735605
32823664493
4000730516335
4000114762076
1005002314326344
33009614833
1005002484734147
32853937420
1005001502073419
1005001652672681
1005002295430681
32425411218
1005001466056494
1005001420069190
32998165978
32396329462
4000064927271
4000505277655
1005002439679218
4000317663212
1005002353961229
1005001670754168
32835844673
1005001288712007
1005001651886964
4000277775597
32966147196
32681323711
1005001442883991
1005002461140021
1005001713565017
32728832762
1005002233571832
1850044378
32846701883
32760167309
1005002028218002
32834939190
32920909608
1005002396637957
4001111837036
1005001583159383
1005001394034538
1005002235395706
32700092003
1005002339613636
32906842232
4000416439268
1005002122517238
1005002282878858
4000012292731
1005002007445265
1005002420023638
33012504561
4000458858694
1005001907193226
1005002373851702
1005001694661052
1005002025608770
33044992921
1005002201618172
32908459365
1005002424089850
32837978904
1005002388182957
32998560027
1005001900991590
4000816355975
1005001893177669
1005002317532958
4000935150250
1005002476179431
1005002237596663
1005002365545995
1005002295212941
32854331528
1005001705643533
32874898861
1005002291026296
4000528371651
4000482902965
4000192421200
1005002309997895
1005002336068724
33041110892
1005001846137273
1005002423772358
32863268931
4000384456878
1005002324233909
4000430658052
4000257369861
10000055549464
32884925259
1005002137382551
32922124491
1005001348062325
32982390237
1005002401267165
1005001327667758
4001230306841
4000534602780
1005001677119186
32997397290
1005002368668777
1005002431583228
1005001693644121
32940036520
33007250192
4000975657452
1005002342297588
1005002120706756
32956854786
1005001582080166
1005002365501166
32958935597
1005002434828433
1005001594116349
32849182666
4000866744568