4001118889232
4000975032992
1005002328467155
32763458644
4000308389678
32965191495
33056682340
1005002417906034
33005877565
1005002467026666
4000433421941
1005001976530290
1005002156389296
1005002001527512
1005002220162997
1005002492565727
1005001591406863
32955808547
1005001332617227
32939656696
4001135570761
1005001591526348
1005002498892393
1005002403065033
1005002441663196
33047019231
4000185985140
1005002500394939
4001066131086
32966355280
1005002232708546
1005002348436648
4001054446730
32894348898
32773608075
4000567130861
4000661089940
33044207777
4000300498377
32968855333
1005002497449985
32845335126
1005002372998370
32999233699
33063410061
4000270575099
1005002287912981
4000039454571
1005001389022241
32953686191
1005002349707961
4000968219893
4001256278805
1005002052651148
32969307023
1005002285211906
1005002411964126
1005002478634264
1005001948689886
1005001597799624
1005002223833309
33009593484
4001143539358
4000289193570
4000800220189
1005001781056858
4000626010615
32878991191
1005002252317066
1005002256869066
33059534206
1005001883158250
1005002372228168
1005001922436943
32480781596
1005001749251803
1005002306360615
1005001884492795
1005002310977533
32814259954
1005002271367148
1005002263600026
32859425888
33031700819
32854214154
1005002268836480
32533742918
1005002345549856
1005001814222219
1005002348542751
4001194265497
1005002194782079
1005002260860210
32720902835
1005002288451640
4001321480977
1005001461171246
1005001599946819
32873395987
1005002450530276
4000315855914
1005001714076108
1005002075281682
32962828780
32768963006
1005002173426849
1005002495718039
1005002015489214
32875828701
1005002051764029
1005002469925131
32955251744
1005002260013461
4000982867550
4001115728950
4001129434528
32850610014
4000086629675
1005001525788665
1005001996602478
32591498318
4000777523833
1005001329850288
4001128150171
33039995075
1005001775680694
1005002339237139
4000062622040
1005002298880284
1005001840084737
1005002193080277
32954100825
32918458326
33027513653
1005002402737477
32693735499
32868938701
4000803703379
1005001826987793
1005002064585003
4001248363710
32987821288
32922596812
1005002150806740
32940160592
32851090384
4001001462124
1005002183521907
1005002206136582
1005002359449185
1005002490551023
1005001586264454
32422212394
1005002245241538
1005002375679607
1005002436967241
1005002086209500
4000935452647
1005002348980123
4001121235905
1005002272282061
10000352792455
4000047258426
32826559480
1005002296647565
4000248533470
1005002317176034
1005002002126615
1005001319525743
32472135748
32966188748
1005002334393970
1005001877569138
1005001830227208
1005002362741471
1005002304819617
32782435849
1005001721141271
1005002323719750
33026742885
1005002315062065
4001056678909
1005002115684340
1005002282963820
1005002475014113
1005001839289909
1005002426808063
1005001676621629
1005002350311096
1005001860951034
33002271847
4000405292719
1005001793123503
1005002209978647
32918486830
4000323836901
1005002213836103
1005002286657370
32837668004
1005002315391486
1005001685236962
32832866721
4000693585882
1005002422596350
1005001441004656
4001034580993
4001220878603
4001265683923
32857838087
1005001265109078
1005002331959571
4000481682186
1005001501661863
32890396468
4000039380374
1005002285470670
1005002334868850
32877171606
1005002286196955
1005002345157607
1005001297611476
4001183711869
32996130652
33011626258
4001261417612
32994900934
32951475885
1005001872223913
4001292418005
1005002277007830
1005001335319139
1005002376316172
1005001922820044
1005002182441118
33040273324
32649442141
4000208091272
10000088400677
4000655844828
32905960544
32922867735
33044328625
1005001571619546
32797028320
4000897555956
1005002246955899
1005001900518407
1005001663980753
1005002291154368
1005002395406385
1005001977006031
33005579227
4000708532209
4001276937717
1005002168075731
1005001412809312
4001175229139
1263266156
1005002209997681
4001275656839
32990487547
1005001763991038
33027991244
1005002478399297
1005001488831556
1005002263821634
4000464888434
4000834648833
4001103256119
32988523795
1005001295663851
1005001718700621
1005001333528997
4001289059346
1005002292996990
4000996170395
32780157116
1005001718766989
32955246645
1005001588152868
32829241927
4001091656318
4000090389310
1761061324
32296751547
1005002079365437
4000238809374
1005002500370046
1005001332635944
4000348838999
4000074915670
32929014700
1005002324435844
1005002357396122
4001037486596
32997330321
4001216431064
32959864398
32838014439
1005001634007990
1005001946102781
32985269582
4000222339676
4000067975658
32695313514
1005002345087183
4000505054261
1005002392314542
4001293614086
4000335560488
4000709972066
1005002059857474
32995417973
1005002467768296
1005002388471328
4001165762433
33052182694
1005001800484258
1005002298335173
1005001670046085
1005001621192952
4000207068009
32921555582
33057521198
1005001680625083
4000191006142
4001352590386
1005001591744775
4000987956827
32793647061
4000710493095
1005001797048395
4000718141720
32847035837
32825210526
32983080634
4001273072612
4000203711783
1005001615336205
32697277387
4000075512590
1005001763404822
519473237
32793644574
1005002075119789
32963394136
1005002266615983
1005001779961870
32858856103
4000289060227
1005002327493863
4001313645644
33002448933
32810095397
4000690984115
1005001845271929
32948788568
1005002360585679
1005001840251915
1005002413115923
33039088122
32825106070
1683598646
32795597805
4000090188953
1005002021672513
32834574362
32989936846
1005001993549820
4000195650295
32598013098
1005002276794756
32880537523
1005002265513228
1005001345188545
4001264920893
1005001792042374
4000730831915
1005002375817549
4000938562252
4000946919521
32947208586
1005002220952968
32888735374
1005002238359550
32590172616
32825306170
1005002265852363
32863928194
32879984102
32767705940
32623735918
32871842266
1005001972489446
32842742282
1005001407688140
1005002083701364
4001089304670
1005002391736826
1005002264045502
32820829146
4001036204958
32992197527
1005001490666662
1005001477791897
32626109074
32821112707
4000960475336
4001364943145
4000090360312
32835224675
32972783423
1005001479868470
4001197104530
4000983123335
32860981882
4001034168330
4000891516828
1005002008066612
1005001730762337
1005001575090467
32857139338
33029201742
32853371273
1005002327680410
1005002346056106
1005002345333588
32955242338
32876376028
33043587179
4001219875756
4001115259243
1005002281193022
1005001933678090
1005001382844508
1005001612847959
32862851134
4000365550303
4001181258794
32813951413
4000338332956
4000129335052
1005001579248761
4000803047611
1005001612173308
4000743780001
1005002287278897
1005002395483059
1005002256498745
1005002136054333
32958376383
1005002315769873
4001031566364
1005001993593475
4000955578497
1005001640386907
1005002348353609
4000466137819
1005002367342267
32858056288
4000905599852
1005001309304595
4001043418041
4000626281484
32688159435
32954984349
1005001879859254
1005002323997897
32951231178
1005002482635459
1005002328362436
4000081611136
4000098937712
1005001948597484
1005001586284278
32855174764
32964773827
4000701608093
1005002429273667
1005001387304093
1005002207999346
4001225291273
1005001614290189
1005002325130014
4000842724027
33044406235
1005002253560497
1005001309717050
1005001653538348
32939577020
1005002304402702
1005001646154302
33019672240
32995799344
1005001713813879
1005001775737551
4000058211908
1005002413450639
1005002341415872
1005002335037194
32775739711
1005001689857760
1005002265452222
1005001853730370
4000835394666
4000243054788
1005001510077509
32890202914
32979829589
1005001824939131
1005002488649200
1005001975665602
1689811286
1005002007189811
1005001566153574
4000014254598
1005001835526262
1005002245062653
1005002315080052
1005002281871616
1005001861026902
4001002068473
1005002483457346
32608975155
1005002423983168
32882711225
4000210732391
32829532698
1005001743316429
4000118798777
4001247761955
1005001541170783
1005001553092926
1005002390883829
1005001988291316
33052209493
1005002240567917
32953928021
1005001830633826
1005002468638111
4000308046322
1005002181735011
1005002253204549
4000561176198
32700924426
4000439103326
32856628421
1005002452962157
33001723197
1005001337890623
1005002493897948
4000626041307
1005002244379235
4001207659342
32971804304
1005002206473762
1005002413621543
10000341363754
1005002089344337
1005002132684784
33008539396
4000263453856
1005001806333308
1005002363291724
1005001949175281
1005001629595308
32871090752
32904040150
1005002489820003
1005002405155334
4001136705841
4000098457000
1005001869076104
1005001840800652
1005002137977694
4000557912033
1005002228606687
1005001853779808
1005002372990174
4000578792428
1005002448705397
1005002357436941
1005001629488193
1005002305187550
4000052793047
1005002321014231
1005002367207198
1005001655115979
1005002123688290
33001693345
32910430613
1005001382971747
32610139508
32585342365
1041955974
32703524911
1005002252023866
1561578143
1005001525779582
4000089129041
32840040653
1005002275378186
1005001808983455
1005001625814978
32960106570
32957411701
1005002386778469
1005002066772098
1005001975475404
32973390639
1005001438789737
4000714802066
4001013101604
32945329057
4000743554337
1005001809572052
4000954981524
1005001866898651
1005002351056739
1005002346806280
1005001696057160
1005002365524934
32982057972
1005002281293167
4001184182800
1005001783200837
1005001614582065
32953327542
1005001670824550
32905413502
33033849055
1005002282090197
10000205836635
4000068553932
1005002253324430
1005002264289762
1005002416013252
1005002246517806
10000277140854
4001122535819
1005002089071358
4000855779119
1005002425966127
33045898612
4000368745604
4001005338464
1005001714376460
1005002282121814
4000859874338
32846137470
1005002441870439
32964775353
4000479332510
33026253650
1005001985095125
32386540007
1005001800746364
32849051302
4000231539608
1005002419256910
4000427025122
739096438
1005002320217603
4000028801777
32993984292
1005001677455120
32920117106
4000966672959
1005002087922077
1005001389845919
1005001587594467
4000529046907
1005001939686267
4000815118396
32983236592
4001233987099
1455098686
32880285619
33006167057
1005002014817387
1005002398676049
1005002150814950
1005002340663658
1005002268804567
1005001265991749
1005002466959232
32893117343
1005002468380813
1005002357841376
1005001794040010
1005001319289985
4000080341514
1005001961724275
1005002167914443
1005001734480877
4000159518382
1005001686390810
32863070528
1005002404876871
32839420889
32914024636
4000144439527
1005002254193643
4000200272043
1005002490497599
1005001999550385
1005002375495233
33029642376
1005001459175494
1005002262292958
4000731822220
1005001511648089
1005002442825215
32829286233
32782433184
1005002235070014
1005001706809160
4001175357967
1005001706208033
1005001349775960
1005002124423389
1005001641232241
1005002287350608
32823412510
1005002305999495
32882005431
32361016833
10000059581318
32995031728
4001030945147
32913006367
32826431720
1005002077394886
1005001780350477
33010473125
4001042747719
4000309367879
32696680027
10000395933030
1005002313043622
32940854616
32514020728
32886032753
4001259340421
4001206745362
32436566073
4000751132076
4000857337814
1005002270693879
1005002355507878
1005002193889601
1005001971029165
4001271869344
4001225111602
4001282159158
4000517602563
32873252856
4000690983610
4000193858551
1005002381462865
32983137953
32826153962
33053608640
1005002357010871
1005001688395897
32849052759
1005001853808812
1005002209856852
1005002268569924
32878576226
1005002322159070
32574983366
1005001676694830
4001075231330
4001274861892
4000726610486
4001170656746
32773298133
32757045418
1005001698614278
1005002270341146
1005001383973541
32864023781
4000574124951
1005002341089663
1005001907166048
4001219444399
4001242122098
1005002408612667
1005002219339276
33050277159
4000186172323
4000044565874
1005002449593154
1005002456636753
1005002192809181
1005002446854386
32827561791
33046741523
1005002338964756
32477446334
33011487894
1005001934506419
1005002496330940
33009577209
1005002410928115
1005001498731686
33057052289
4001218835907
1005001926533997
32831811166
1000006650730
4001101423360
32456908651
32771127914
1005001990094719
4001295329830
4001334812019
32881121434
1005002245750437
4000496810521
1005001504143831
1005001369524752
1005002435276500
32975289323
33014620783
4000830093969
4000614950337
1005002347322191
1005001844992718
1005002316550805
4000124267054
33059486582
33018413956
1005002461697755
1005002384797959
1005001784972577
33036064481
1005002207506745
4001030865958
1005001794715735
1005002246134527
1005002259741940
1005001940330246
32896269211
1005002168749896
4000569858654
1005001758362504
4001170778147
1005002086247124
1005002307613289
4000328523568
1005002426624615
1005001957069648
4000057236201
32895516318
1005002453102045
32968830863
4000929313060
1005001482627595
1005002206257246
32888174448
1005002246674406
4001241572745
1005002426996212
4000419556022
1005001412755259
4000212083058
4001089405146
4001061733426
1005002466130618
1005001538102168
1005002381106600
4000643850310
1005001862154545
1005001850736433
1005001344014292
1005001515864840
32949823260
32937290082
4000743170174
1005002433320162
32838601232
1005001688059590
1005002190929567
4001047209125
1005001649459362
1005001525427429
4000098043601
1005002281937148
1005001869433914
1005001808328438
4000195418037
1005002356338107
1005001529957234
10000289760814
4000813011307
4000802143840
4000788537023
1005002254452900
1005002428513698
1005001880519029
1005002002672746
1005001469629609
1005001670743277
4001308922790
1005001620017829
1005002454027049
1005002398449820
33030103273
1683499179
1005002357589175
4000978000293
4000529481565
4001211957224
32393574882
1005002381729250
4001251925794
1005002365720008
1005001940801190
1005001664271628
1005002460881967
1005001800101252
1005002242634675
1005002237656878
33003368102
4000370415901
1005001494019740
4001217297005
1005002435603767
1005001419593056
1005002210857718
1005001804347454
1005002427822717
1005001496483769
4000939021985
1005001638301542
4001175330222
1005001753887655
4001159770386
32848701780
1005002250285040
32811721851
32968685636
1005001660479675
32992426106
1005002280617319
32818910154
1005002388840106
1005001307922135
4000035144793
32819260238
4000723411249
32956050683
1005002475700992
4000549571453
32811361108
1005001814850609
1005002483369205
32946148222
1005002046496005
1005002245577749
4001152143875
1005002167249801
32526779491
4000682654830
1005002370140228
1005002291904859
1005002314736169
32663423543
4000990827389
504134767
32761821330
4001256926832
4001226491766
32904571516
33002889600
1005001335239727
10000015467745
1005002346806035
1005001534692926
32921219946
1005002304602245
32896653459
1005001892245765
4000202569258
1005001877360566
1005001791970838
4001037699442
32918696133
4000608697068
1005001642489194
4001054453081
1005002236027317
32735106926
4000268062924
4000842733673
1005002205717400
1005001907395503
1005002298327485