32951223326
1005002447194870
32599313870
1005001865501603
32891021146
1005002427916006
1005002212323784
1005001560678969
1005001714024884
32628937096
32849600575
1005002255737580
1005001482463654
4000929245423
1005002199915568
4000990885452
1005001774544936
33033535427
4000703681147
32967135267
4001339747682
1005002258230082
1005002293856443
32981628175
1005002310945506
2046859848
32956800426
32950882751
1005002072474492
1005002378726165
1005002273823886
1005001582437879
32580493898
1005002120842061
33008260072
1005002414031284
32827953526
33043042123
1005001824000757
1005002405435749
1005002314311787
32952230902
1005001406222500
32815636345
4000184385846
32866259068
1005002354170372
1005002261144714
1005001666060191
33021796488
1005002265128821
1005001656359209
1005002262277685
4000086409588
4001290167554
1005001749604695
4001227078141
1005002185585928
1005001992585032
33029535095
1005002381949776
4000449154958
4000318445768
32830664432
4001306429622
32859755112
4001121440461
4000042309458
1005001742851718
32851968994
1005001764047187
1005002263966748
4001110507940
1005002440273769
1005002339841568
1005002283156126
4000990297109
4000763408776
32959134959
1005002075140682
4000903365935
1005002221149957
32992986085
1000008372013
4001271458819
32970700814
32887042837
4000844838954
4000112433841
1005002233476922
1005002244979034
1005001482151957
33004790026
4000873990606
1005002338885577
1005002185777323
32847361432
4000825665863
32855471195
1005002459707255
1005001608175752
1005001274279717
1005002295193824
1005002090195669
1005001757070164
4000252205760
32887167246
1005002233004676
1005002334138250
4001223899439
32849117950
1005002221823791
4000789813072
1005002383266148
32804541197
1005001953961511
1005002206157046
4001309533223
1005002372611274
1005002244105366
32871663172
32809514238
1005001743992958
1005002242302969
4000749435712
32756744565
1005002253295892
33023137750
1005002035074937
1005002259106376
32742674611
1005002246382456
32861152448
1005001873422196
1005002308813383
32951609374
32889281538
1005002426074706
33025781139
1005001686070768
4001290468231
1005002272280618
1005001405071784
4000695212283
33023212459
4000931844481
4001056839418
4001285598678
1005002381252407
4001081090380
1005002232849082
32572621937
1005001663957485
4001244167096
32867658602
4001275265016
1005001991996153
4001175207762
1005001808252758
1005001456835148
1005002334905293
32955478058
1005002494513009
32915183458
32820605149
1005002400366968
33047095532
1005001764992712
4001170392926
4001065270922
4001142073306
1005002416464797
4001085930693
32953245253
1005002259885860
1005001793104360
4001165720884
1005002324803691
1005002004334721
4000224058013
4001044522829
33060542227
4000756196258
32980386546
4000725796802
4001255527322
1005002190330690
1005001593141938
4000392894227
1005001519452893
4000971467004
33037133828
1005002382860211
1005002124881148
1005001900456874
1005002341664943
33062442293
4000816770511
1005002196469607
32974024433
1005002059326189
1005002310104170
32893474667
1005001935411898
4001275075129
33029626275
1005001995710223
32996676142
1005001941735323
1005001540976655
1005002344180702
1005002134016148
1005002377763096
4000416180143
1005001581648451
1005001660281561
1005002211283421
4000793251797
1005002258916042
32829220684
4000170673901
4000111670375
1005002443096537
4000203717819
4001174492831
32932906839
4000794221697
1005002340122746
32629633849
4000080487809
1005002461699378
1005001920642271
32974839231
32831283439
4001130925785
1005002077012158
32462927441
4000277452011
33008551301
1005002259732437
1005002426264291
1005002372570172
1005002379126049
4001118262365
1005002443623876
1005002268217655
4001005290042
32938149665
32853315075
32746691966
1005002491594519
32831752308
4001228681497
1005002284679420
32881868703
1005001591611736
32916810738
32819274652
4001355474381
32962352163
32898556509
1005001819266294
33002348470
4000890661213
1005002284523193
4000315714623
32979662569
32904761550
4000191609332
1005002404906579
1005002171334738
1005002296478286
1005002177448787
1005002167195243
1005002230201169
32906745052
32461529804
1005001810580996
33044187941
775844963
4001125650927
4001237811429
32988108514
32849522092
1005002175550794
32726785047
4000510560258
1005002287356658
4000342835095
1005001411282964
4000291001901
32849654974
1005002306317598
4000594957339
1005001603623662
1005001998787265
32586770444
32866195387
1005001981590891
4001041464689
1005002068545254
1005001976221925
1005001852149310
1005002286638723
1005002314477223
1935084261
33052445933
1005002283261775
4000794603376
1005002415217421
4000435671124
4001268328056
32900419316
4001217884055
32962604804
32623481649
1005002166559118
4000370429684
1005002487356463
1005001490538715
1005002345204097
1005001867248730
1005001496332163
1005001592318769
1005001873909418
1005002398031369
1005002416211806
33001862956
1005002467358051
32258438141
32516621714
32636245813
4000118871393
32832412918
33053728070
1005002346390773
32876320353
1005002395641972
32991738687
1005002439907636
32833671860
4001306674240
1005001763306283
1005002219524097
1005002091051374
4000123551329
1005002382306532
1005002496943827
1005002276811831
1005002275535041
1005002325028488
32809351328
32973231435
4001265532531
32952843453
1005001348805979
33029745151
32922597805
32824126703
1005002241861091
4001344697223
1005001529604858
32624374633
1005001771178019
4000016465929
1005002294172251
33013099124
4001264332676
32838376332
1005002252179047
1005002316291287
1005002337451147
4000296966289
4000691150290
1005001419067558
1005001792706509
32977522158
4000034528452
1005002248066305
1005002401307836
4000449572813
1005002066186394
4000860174808
1005002190084295
1005001793099136
1005002462241398
1005001992199362
1005001679209218
32982085357
33047310834
4001280412323
4001043728454
32761843911
32963378529
1005002291927389
1005002114584802
1005001735725813
32808230056
1005002371531954
32842340640
4001153115119
4000941560949
1005002340935067
1005002256973363
4000630875592
1005001603771921
1005001954806849
33055467224
32807704891
1005002361711908
32890545093
1005002284721163
1005002259462642
1005002355093527
32921797375
1005001715275974
1005002357132708
32332657963
1005002309338948
1005001441500251
1005002453450242
4000172586356
1005001972000137
4000695385565
32975196426
1005002204274171
1005001555111420
1005002467458493
33025660174
4000399113322
1005001808589263
1005001937262312
1005002318279865
32869186467
32846190422
1005001470092335
1005001676614036
32801827181
1005002297795235
1005001804392500
1005001349751764
4000052052842
33008180778
4001346152119
4000542611579
1005001570759190
1005002122336817
1005001629045791
1005002319402089
4001095359664
32811770857
32806670074
1005001749198271
32881622859
33027549122
32965706869
1005002276018519
1005002040622048
1005002345524185
4000261915565
32323146654
32961387746
4000113885492
1005002288682052
32868161269
4000005393709
1005002311152698
1005002376243626
1005002354235973
4000696308253
4000492084028
33001820586
1005001821132192
4001178720838
1997272711
4000193539883
32898717121
33050619807
33006513240
1005001329724762
33012698191
33049524787
4000717702254
1005001518290845
32823543925
1005001419913420
4001249450149
4001241104017
1005002052000315
1005001841636972
1005002398858560
1005001736304509
1005001441468505
1005001414785468
32608490140
1005002362970631
32252008310
32908456339
1005002206504586
1005002352277656
32965481947
32857697061
1005002054886919
1005001732763122
32962235694
1005002314551084
4000761904459
4001228769016
1005002301652820
1005001811059866
4000761578351
1005001462391848
1005001901616354
32925031312
1005002349095064
4001175451988
1005002047240490
32913508657
1005002011019571
1005002290847949
4000070235375
4000952834314
4000435452223
4000435209292
4000460935565
33031435376
1005002344464951
1005001966025519
1005002449180165
4001318734393
4000788637495
1005001505008503
1005002434609324
1005001978041688
1005002413124949
32367968086
1005002053884639
32755994846
1005001988020689
1005001269785270
1005002280719018
32975513340
4001101084099
4001045945615
1005002108390285
20000004233624
4000272372869
32944881288
4001156980045
1005001999243138
1005002170661512
4000282088897
1005001316234983
33017763432
4001086744101
4001351630935
1005001658144515
1005002213647223
1005001439701404
1005002254037707
4000026437564
1005001513127517
1005001769997371
32816548162
4000266777428
1005001334165921
1005002477727601
1005001746247943
32273598470
32863811324
1005002375002806
32882942357
1005002388845501
1005001484328438
4000509994645
1005002268622476
1005002332772994
1005001878382840
4001110991091
1005002273743569
4000287682833
1005002291947291
1005002328354147
1005001441304817
1005002313943836
1005002390106468
1005002393320736
4000283224413
1005001420681835
4000166999587
1005001521352731
1005002051125899
1005001321091213
1005002320677654
1005002413324113
32949132189
32858762535
1005002324994464
32862670142
4000018859456
32793659437
1005002266476718
1005001878645235
10000411458470
4000507161195
4000543388298
32955349445
32979183075
32853987316
1005002400707372
1455077258
1005001763183501
32724477635
32297738260
33029303271
4001172847629
1005001396952756
4000393716622
32963584278
1005001337658123
32992636954
1005001986367323
1005002253534701
1005002311920729
32692026691
1005002012397100
1005002317991243
32802277615
1005001958427485
1005002213452894
1005002395212317
1005002347819729
32959343951
32826966662
1005001912377899
1005001731108773
4000031676978
4000028962141
4001294173777
4000963325671
4000960610999
32985571965
1976723346
1005002323215883
1005002065337716
1005001970717539
1005002281953297
1005001285363781
32898758816
1005001737681585
1005001686260117
32756669868
1005002282581033
32845021888
1005001804860669
4000574118201
4000779103116
32958062228
1005002368145616
1005002133484707
32965450278
1005002412678817
32530392429
32764562751
1005001694276599
32787195113
1005001813873567
1005001412559146
1005002314415099
4000217198931
4001005141089
32825831368
1005002210197768
32858478552
1005002357442209
1005001943035038
32919834664
4000177399625
10000397746524
4000967875590
1005001641923301
32909293542
4000546088450
4001265047114
1005001890178480
4001085041588
32630895799
1005001972853371
4000958863886
4001279160573
4000897203494
32959816924
1005001373062825
32787737426
32688930869
1005001311647968
4000589568368
1005002089362627
32705789676
1005001856479811
33001148206
1005002330652875
1005002443527565
4001123011515
1005002317173628
4001050061976
4001175229258
4000143638188
32720866781
32855605127
4001075069846
32845078896
4001157124568
4000710249538
1005002086793060
32608163858
1005002176637322
32924368221
4000627920425
1005001622699972
1005002302989604
32965953917
1005002469111947
32757540582
1005001839972501
1005001926816677
4000360714910
33045098435
4000846639880
33033244576
1005002329171987
32796421203
4001191201227
1005002107009122
1005002198518152
4000939742983
1005001882304769
33000259067
1005002316538954
32810716175
4000224663967
32708551899
1005002388360094
1005002443135443
32882123953
4000291657720
1005002443128385
4001181708618
4001115955424
4000815078092
4000469017191
1005001747217993
1005001456270112
32904964894
1005002390690390
1005001468423416
1005002059734429
1005002333976109
32947876196
4000799988681
32886210249
4000623078586
4001320653874
32809990058
1005002277767797
1005001461926423
4000228776131
1005001334794018
32860195007
1005001304985751
33044765786
1005002087784435
1005001275552767
1207619243
4000999980055
1005002097336129
33031276629
33051321105
32836712421
32919977760
4000277857400
4001197823001
1005001693426530
32935019156
1005001763436771
1005002447621648
4000181641647
1005002316646572
1005002297672455
4000470513737
1005002350025742
33041833993
1005001846296998
1005002267698531
1005002380938594
4001227741217
1005002233391244
4001067970142
33033592851
32531566154
1005002047528040
4000800305475
1005001370152427
1005002480186548
4000993117634
1005001665417137
1005001511980534
32841401495
1005001487011594
4000143537323
1005002451115775
1005002389293566
4000960949574
1005001898800273
1005002443476110
1005002161834831
32970604375
32613817897
32565771452
4000551418826
4000856784410
33055045240
4001268845375
33027533419
32704518695
1005002267579050
1005002439658379
33058676488
4001110711747
1005002389511069
1005002304037101
4001169088921
32843654980
4000235882110
1005002275386575
4000307509128
4000781416985
32916133464
1005002490099192
32816629816
32623461065
1005001913852241
1005002381165450
1005002198249615
1005002425514244
4000925828727
1005002482191731
4001118252843
33032430720
4000694080907
1005002313835556
33046347628
1005001530819845
1005001705565816
32913218863
4001038448236
4001228631509
1005002495321076
4000507137512
1005001445180954
33059355045
33034336441
4001274997888
1005001478915663
4000415815509
32820750314
1005002252994919
1005001491741990
33001090939
32226818526
1005001335956495
32665300601
1005001697666852
4001217401416
1005002244896595
1005002335058206
1005002482890634
32872583755
4001216915307
4000838154457
4001176100874
1005002357247018
1005002293154834
32896032248
1005001743125015
32963368991
1005001583551445
4001110860797
32976160665
4000176810812
4001299318864
1005001933487944
1005002338906884
4001290480241
4001106524379
1005001888042258
1005002291525867
32593239042
1005001286860868
1005001616076346
4001361282496
33012718594
4001230611363
32917805018
32975836667
1005002049001885
32230861160
1005002303980755
33024565838
4001149529849
4000333717887
32586557740
32838730040
1005001992476131
32655931472
32950818838
32902779356
1005002243493348
4000597113730
1005002122449612
1005001491547788
1005001572184755
1005001859098782
33006036655
1005002006503466
32951804890
1005002114873182
4000290737005
1005002101875370
1005002375272954
1005001877589679
1005002408453356
32816654037
1005001458126815
1005001534821945
32838062650
32945787133
32720637990
1005002165762059
1005001506120655
32307984351
4001360396910
32976092209
32813330377
1005002110171010
32858395394
1005001949460814
1005002264980922
1005001373589698
32566425699
4000152406334
32989069394
32830555579
32959609950
32792660122
1005002208036020
1005002483711128
32919540118
1005001604030322
32603525530
1005002054811550
1005001345843582
32948994370
32973634812
1005002223547927
1005002052399952
1005002167439133
1005002248788629
4000509205021
4000420082226
1005001386671717
4000361931584
1005002374744734
1005002359316591
4001175219993
4000866526373
1005002497511903
1005001836803038
32969332318
1005001807855964
1005001665514733
1005002254540753
1005002049544930
1005001397299267
33044202227
1005002388874981
1005002350053952
1005001999504974
1483269230
32970959012
1005001516273015
4001135396963
4000793592985
1005002042444456
1005002346775785
1005002306391885
32834283032
1005002304829977
32794257347
32884261486