4001054404579
4001153795736
1005001966330936
1005001338211411
1005002226614826
32992382800
4000786971430
1005002294488710
1005002284007270
1005002346796297
4001150153993
1005002058763263
1005002425542072
1005002425326164
1005001850577314
1005002314327708
33057762885
1005002317112962
1005002324187135
1005002066206930
1005002250287559
32969559942
1005002429433936
4000305518085
4000696220261
1005001612794974
1005001646168697
1005002115838028
1005002314413188
1005001356174014
1005002320800351
32839760598
32897761807
4001013984663
32721512927
32865223937
1005002233359268
1005001307998181
1005001686017738
4000850765956
32860222162
4001102142060
1005001954956554
4000341349443
32949288468
1005001680564477
32729793659
32995328293
1005002277893435
32516830302
1005001901082178
1005002192629947
32957599541
1005002246382946
1005002351448225
1005002348010160
1005001923012198
1005001737839201
4000269933410
1005002403786089
4000046035253
33016049661
4001058474648
32888334998
1005001692560950
32865038786
4000032252675
33031871037
32825193146
32962989366
1005002262025620
32574359780
4000177020245
1005001982694582
4000177740651
1005002352786556
1005001469434948
1005001896554918
1005002024092275
1005002395690470
1005002304348945
4001160568466
1005002167022351
32830557053
1005002300371076
32959715157
1005002277452499
32956985719
1005002260055122
1005001772419847
4000003653944
1005001821284465
1005002467072272
32970286047
33038274415
32828573236
1005002186075452
4001233303975
4000417122888
4000433547435
1005001335984636
4001002122054
1005001420552045
1005002245028511
1005002267621215
1005001298779280
32989112814
1005002443945160
1005001732112855
4000922046962
4000689124827
1005002346450240
32965217323
4001220771782
4001129837093
4000927492799
32719087444
4000005265680
32724834455
1005002324031306
4000164817845
1005002399026037
33042147437
4000276707853
32991136842
4001332941019
32882739284
1005001725497279
1005002181403679
1005002321809453
4001289361321
1005002372486719
1005001966359713
4000320840497
1005002384276060
1005002413198795
1005002291476230
4001260018175
1000004651093
32536719224
1005002266805546
1005001393861796
1005002352248904
1005001730786204
1005002314438247
1005002337049562
1005001997898158
4000303899311
1005002447469880
1005002298564556
4001151819183
1005002424509510
1005001821333577
1005001621678004
1005001699609656
1005001561473130
1005002346386562
33011657311
4000416474275
1005002399767712
4000062496197
32868063331
4001327706446
32837101023
1005001758502038
1005001756564684
1005001671022636
1005001727843290
4001118647189
1005002473705925
33004120414
4001287408165
4001227926478
4000588612765
4000990990146
1005001278684498
4000159421673
1005001955131740
1005001502338110
4000336954660
1005002401651325
1005002317357802
1005001478686489
32658112691
32883812477
10000377559751
32819460567
1005002211775998
4001259605734
1005001619894849
1005002299986384
32815427422
1005002315950085
1005002469368870
1005001854594537
32992447529
1005002372706334
1005002072576168
1005001627348941
1005002293491948
4000491653938
1005002460924466
32966707600
1005001333486199
32843668764
33031875064
32846250963
1005002072672545
4001066601678
32510581248
1005002337293971
1005002313836802
32820558001
1005002308510788
1005001515814109
1005002060295030
1005002388445776
33048228031
32802558372
4000204481770
1005002385248078
4000188133910
32868511455
32971173336
33043116030
1005002317648637
32868767743
4000849808117
1005002120746410
32971052381
4000247564838
32997315270
4000602803162
32897900405
32812445016
1005001654009105
4001258795520
1005002283903802
1005002008311416
1005001337714164
4001037096469
32910831384
32728030787
4000726535653
1005001626647787
4000208245290
4000074318782
32882316368
1005002214733819
32951495007
4001138685908
4001038924250
1005002352680221
32973535816
32850652321
32375196587
32882435831
4001214258449
1005002425175072
32542680857
1005002233305184
1005002259454968
4001231361401
1005001632424056
2028037654
4000129042240
1005002233551818
1005001942010084
1005002285053060
4000939465057
1005001387791762
1005002470353539
1005002278168480
1005001940673814
4001294055886
1005001763621870
4001003626548
1005002198101001
32640569029
1005002238782904
4000849723716
1005002425520038
1005001888640347
1005002018433732
1005001913490896
32855701931
32880967297
32996638341
1005001723931203
1291382905
1005001750959045
32815902653
1005002439580889
1005001489848861
1005002313739426
1005002223854458
1005002166042291
4001224951233
1005001468049566
4001228652445
32948132896
1005002238973713
32946704606
1005002372318458
4001278960253
4000656428632
1005002497056157
1005002323165941
1005002444480678
32969596591
1005002464604457
32512180838
1005002231755557
1005002308928316
4000231523486
32831031236
1005002089490943
1005001980243558
32848472803
1005001457426526
1005002207995085
1005001965948687
1005001808272008
1005002301646803
32699466369
1005001834584443
32850667959
1005001815396220
4000691165422
1005001991746696
4000147180472
4000249807673
1005002249246301
32858611294
4001147495724
32975439051
1005002284316678
1005001749309467
1005002357413850
1005002332217326
4000397484685
1005001552704525
4001212659127
1005002357213277
32885368915
32980708831
4000630252383
1005001663948354
4000452127964
32900277509
32933418543
1005002307872247
1005001441381260
1005002434412197
4001127539890
4000231434661
33059583124
4000622787128
1005002309551918
1005002292594129
1005002260822167
1005002279112632
33052133405
32620955343
1005002320460898
4000444314738
33043583925
4000717650486
1005001849739784
1005002361814328
4000440003332
1965687614
1005001966835710
1005001899455342
32571845729
32820886790
32853233001
33004288746
1005002322422600
1005002080978244
32860754856
32959863435
4000904177081
32536228802
32975294978
1005001883091627
1005001652709874
1005001720712679
1005001894611567
32864598215
32989926741
4001270964058
1005002104838922
32844623052
1005002143615121
4000375822503
1005002339697218
4000395480922
1005001579444924
4000674609270
1005002210525611
1005001997183586
1005002378873352
4000822804235
33042408556
4000072270088
4001112129185
1005002337002245
1005001792218128
33021095832
4001356822058
10000288018532
1005001386985037
1005002394853208
4000505786320
32588546795
4000655782699
4001165273290
1005002344530669
1005002151660564
1005002399570391
33046081415
1005002359784370
32673991707
32918355821
4000215196133
33014918093
1005001975615417
4001117010792
1005002318737417
1005001893185314
32955901436
1005002307806260
4001230391800
32598182589
4001259971801
4000044838204
32808861513
32918780285
1005002223250946
1005002288273533
33021444167
32349301905
33014139983
1005001877171503
1005002439141571
1005002454382618
4000554841007
1005001732810419
1005002432351079
1005002337478249
32908586511
1005001556929281
1005001876836215
4000483559723
1005001685408196
1005001758101797
32953529919
4001212280037
4001217052413
1005002245268939
4001116704349
32982515892
4000472661951
1000007993490
1005001829507831
33037543993
32858761762
32791850324
33032178594
4001174456291
1005001995693248
1005001304674888
4000823375921
33024266948
32962617624
1005002197129397
1005002489918189
1005001953295602
1005002306036235
1005001636264216
1005001446238949
4001260646527
1005002233035172
32916412748
32606916165
4001115121293
1005002439846016
4000607970019
32951973077
1005002350397931
32997553432
4000011754572
1005001979495299
1005002352489471
1005002253031533
33055614816
4001043621180
32963751156
4000168559938
1005002352262020
1005001530496011
1005002317570577
4000182609902
1005002427988947
33041386885
4000234217477
4000799711225
4001050771476
1005002420254943
4001316405671
32807314768
1005002246838364
4001263444799
4000540950202
33017000437
1005001470972203
1005001849687676
4000849911212
1005002487889923
4001339111970
1005001502075521
32857354869
1005002233555629
1005002425846264
4000847046064
1005002264167845
4000848848456
1005002054968336
1005002306214634
4001146839077
1005002003799880
1005001962850422
1005002314869641
1005001598951525
4000556791789
1005002247186405
1005002434284570
1005001393748148
1005001397283588
32488435472
1005002419316083
4000541266175
1005001541477929
4000112596373
1005002433850166
32955396422
4000132454368
1005002358979434
33054648830
1005002363203364
32983776136
32860094885
1005002432600087
32827731516
4001269522045
33022960969
1005002254598962
10000039328582
1005001889227448
1005001633435004
1005001429019083
1005002366006240
32813302750
33049985637
1005002275415797
33008553779
1005001718016529
1005001309746871
32326894750
1005002255141676
32906542726
1005002340651927
4001225214213
33006865076
32800169574
32922985478
1005002287893990
1005002417929824
4001216389295
1005002331060186
1005002263760439
1005002339066785
1005001680569518
1005001825000118
1005002375667062
1005002330712733
4000410089511
1005002388127506
32645690623
4001302772913
32834072742
1005001793283621
4000286419885
1005002364654435
32979651247
1005001476082146
1005002122470589
4000712718457
33012702680
1005002280869313
32318296479
4000310572483
4001233043912
1005002452256403
4000245299131
1005001519378651
32784962921
1005002260412341
1005001515552558
1005002359626234
32919751775
4000311427332
1005002323558606
33051182234
32603211859
1005002370320701
32357738843
1005002113882379
1005002311841708
1005002294397115
1005001356403833
32965681464
4001358616597
32578352324
1005001757070500
1005002481016514
1000008316461
32993336101
1005001790174140
1005002218253112
1005002375281283
4000032038485
1005001342942788
1005001422788445
1005002206724028
1005001738204779
4001352778283
1005001413296165
1005002394664718
1005002485129880
32960916009
32841300921
4001117251017
1005002319151962
1005002384884999
1005002400070282
1005001507168424
4001323818868
32964005229
1005002285716276
1005001962440769
1005002022670164
32877101129
1005002333492007
1005001717640014
1005001883671970
10000395800988
4001360143751
32852169713
1005002355795917
1005002223745646
32830514343
1005001794383166
1005002275688580
1005001603577832
4001293668798
32966510719
1005002341031145
4000939263209
1005001850599342
1005001731772167
32817526401
1005001499197365
32909357336
1005002010439829
4001031650412
1005001742059845
32863423027
1005002264995052
1005002009362674
1005002332926729
32820153141
4000965432935
1005001592375444
32971175042
4001245401393
32597459535
1005002207608292
32883108417
32858746781
1005001820518079
1005001286093424
32997084009
1005001577838211
10000358982314
1005001763367638
4000971257438
32969881642
1005002449674000
10000022379742
32959870791
4000763554556
1005001478272138
33040864211
1005002305451128
32882931599
32966964354
32958868278
10000025126293
1005001642561496
1005002285091357
32905705995
1005002059742506
32881907976
32961971120
4001006646237
1005001848070681
4001143017549
4000358385060
4001131660514
1005002342620291
1005001515368694
32992774104
1005001754649715
4000484289563
1005001556738917
1005001708395369
4000334811383
4000546613843
1005002315305112
4000311849456
32903132698
32872403703
1005002346224311
32620694981
1005002434735995
1005002339896613
1005001496098067
1005001432343178
1005002413022416
1005002402075517
32854331512
1005002288276352
4000989066371
1005002205114083
1005002014568637
1005001915346128
1005001677491325
32809651152
32655420460
1005001367240665
32997440739
1005002454386003
1005002107858557
32622815150
1005001321667970
1005002378804434
10000027642117
1005001590604230
1005002046739765
1005001998723794
32989798380
4000555012193
32858667630
1005001657900013
33010524219
4000206834482
32976100795
1005001726819496
4000255792247
1005002298712834
1005002454350704
1005002499510557
1005001332231786
32971181963
1005001611418972
4001001430713
4001242205557
1005001525393556
4000657189651
33001385771
32969156734
4001205438279
1005002388432170
1005002351320716
1005002339283036
1005002384103196
1005002336417792
1005001695403507
32998955815
1005001557000418
4000695609989
32981703356
1005002449784626
1005002353521475
4001289845253
4001153352411
32924004843
1005002481627597
32656746027
32969501224
1005002277668792
32669327105
1005002368908369
4000038371915
1005002278398158
4001020077809
32722426680
1005001499915138
32918441765
33030783326
1005001289433559
1005001893303206
1005002167108968
32865799004
1005002443542164
1005002336388493
1005002326737748
1005002382083597
1005001611574849
32822205347
32870027329
1005002485616010
1005001942853021
1005002243101310
32954511440
1005001482644273
1005001557786045
1005002112203417
4000386329365
32853787018
1005001572411864
1005002311997866
32915528916
4000110871289
32926378871
1005002352011835
4000593562737
4000689550070
1005002454305134
1005002074792422
1005001487613224
1005002095003109
4000543711533
1000008709268
4000715700977
1005001953719047
33027816756
32842301197
1005001397087875
1005001882340706
1005001506603903
33035642259
4000627209474
1005002103262530
1005002259093942
1005001874286890
1005001847273666
1005002299161737
1005002317087947
4000856348450
1005002423588085
1005002350828364
32834547863
33005769121
1005002321388827
4000094068365
1005001487490140
1005002097446025
33007410573
1005002298393595
1005001626777518
4000831228445
1005002272829707
1005001525514183
1005002428133357
1698189837
32870153668
4000688523073
1005002393929293
4001288628831
1005002255292906
4000080340340
33024735382
4000794093400
4000979725277
32948176260
10000197541450
1005001841730744
4001189644560
4001113087686
4000960843871
4000391539581
1005001452616213
32406211773
32882302063
1005002425959888
1005002146966895
4001089198161
32968582890
4001159948001
4000240200718
1005001954744965
4001180719592
33000758189
1005002198629000
1005001976059026
1005002340948143
1005001525441535
1005002122381840
4000130538648
1005001567449754
1005001314864197
4000321889528
1005002275522991
1005002334063552
1005002319167077
32773191941
1005002428364079
32952794275
4000009183473
1005001942382395
4000375040342
1005001877819798
1005002416879027
32793617195
1005002347344454
1005002387237900
1005002058697464
1005002341127909
4000663719056
4001230122359
1005002480216224
4001253412587
32863642836
1005001716965071
4001090409382
4000318820447
1005002465632593
1005002359797642
1005001404956323
1005001836359096
1005001517348362
4000110513061
1005001793602189
4001085590196
1005002248149379
1005002273952252
32914371440
4001061580917
1005002307204338
1005002345620902
1005002468039673
4000764745248
32792829968
32995951954
1548530851
32989388282
1005001297968405
32709085334
1005002265450688
32857884961
1005002331670897
4000463901909
4000939706836
33009101472
1005002480037371
1005001680278982
4001228446679
1005001889436364
1005002080918337
1005002322267002
32789352439
32356105286
4001168031192
10000027905563
32907330805
1005002314208698
1005001506771282
4001140432310
1005002412395001
1005002369873777
1005002402345772
1005002339459849
1005001666671939
1005002488802834
32904482458
1005001629001645
1005001437012725
4000182607330
1005001854018582
1005001893363596
4001188649181
1005002313190711
1005002366996531
32563632955
32897084708
32957296991
1005001694451135