32952037208
4001246926469
4000843543730
1005001356219705
32625466042
1005001381994657
1005002351076343
1005002346931086
32848753188
1005002339563445
32882616314
4001239198245
1005001629504097
4000267043970
1005002443159228
1005002298986115
4001227533097
4001278674294
32588401250
33010335916
1005001357374894
1005002342825996
4000426775543
32276401822
4001209428303
1005002043395786
1005002074115314
1005002063548156
1005001664592308
1005002494522177
33022853498
32870889819
4000262472888
4001131158986
4000268996204
33014604395
1005002413297387
1005002374811439
1005001871974431
1005002492817361
1005001333743780
10000246057872
32907197928
1005002122413490
1005001709190809
1005001698312349
4001315099594
4000933331035
33049973834
1005001918916258
4000699077162
1000004506081
1005002309020257
1005001996851563
1005001657625859
1005002100469617
1005002232194937
4001039250855
33051376228
4001200459315
4001160504718
1005001869503109
1005001879435752
4000899596654
10000190152773
1005001333561972
4001343903272
32906590900
32384361990
1005001894403473
1005002267559479
4000181469286
1005001456682215
1005002235105457
1005002399844556
1005001867274332
1005002254113741
4001252454711
1005001792258822
32914578501
32988168709
10000423729907
4000686804758
1005002290105681
1005002288135216
1005002043120835
32977256156
1005001759236478
32816082383
32900192849
1005002035179510
1005002289806822
4001365761435
1005002346384866
4000621516977
1005002296851858
4000173925179
4001204720132
1005002049580978
4000713133991
1005001447590269
1005002032697124
1005002297524505
1005001924442211
1005002180856598
32791920935
33027493796
4000811206745
4001198470679
32871579838
4000818117082
32804107374
1005002425861230
1005002377951232
1005002367683029
1005002467545720
1005001862772020
32830452835
4000750829411
1005001579012378
1005002447336340
1005001505339765
1005002454241707
32513740455
1005001334501635
1005001447469741
32814799952
1005001890011809
1005002454436151
1005002340261502
4001123688312
1005002346702230
1005002314056894
4000299043644
32854267016
1005002229775314
1748768428
4001343967768
32960124693
32961558449
32611451139
1005001327353232
32915125713
32775513635
4000734665072
33048790583
1005002342396101
33022245659
4001227525557
4000315076107
32957977145
1005002392561679
32960625811
4000847905211
1005001822354189
1005001494829942
1005002326829926
4000834058539
32922960904
1005001860528990
4000249001173
4000903760865
32858907454
4000848368127
33053988891
32857208802
32956567345
4000430152930
1005001980615362
1005002070074364
1005002343501052
1005001483219989
4000190148271
1005001493514962
4000251542426
1005001860074653
1005002279114416
32911249745
32993352475
4000695448366
1005002076249683
1005001298873234
1005001567336456
1005001333119166
32885133670
1005002336955607
1005002166717495
32856036466
1005001819221175
1005001630702795
1005002428902123
32995593137
32974338663
32888731583
33031867536
1005001764281442
1005001887906670
32998201497
33028422866
4001031640946
1005002357454945
32967329913
4000857002836
1005002392643877
4000842372197
1005001505261803
1005002198655974
1005002220716214
1005002447923953
4000127774155
1005002442833540
1005002264047372
4000111499106
1005001543624064
32954004659
32903949728
33031123561
4000926799746
1005002408061773
4000259054216
1005001856768261
1005002313977753
1005002224791127
1005002312966915
1005002142883076
32973700902
1005002056454267
4001102468214
4000270072608
32836962017
4000365076293
32955663261
1005001987788144
4000314290040
32957923843
1005002084030721
4001204355444
4001193238937
1005001889370900
4001170549497
1005002454399186
1005002286349852
1005002388409113
1005002383080911
32963872532
1005001807480415
4001217271008
32989751948
1005001436522744
4000843857927
1005001609223854
32925907778
1005001864687655
1005002334616710
4001275454697
1005002298103764
1005001287328262
32304990577
32850940655
1005002378370314
32849374254
4000748317827
32949439386
1005002394505753
4000154878518
4000342692413
1005001315588897
902607758
4001228798136
32964845049
32994041347
1005001484422463
4001270570260
1005002333425216
32859223432
32978865064
1005002327404895
1005001850641521
4001275909807
1005002235103611
1005002496339048
32963507991
32994699639
32948562671
1005002068199197
32864645828
10000395806963
1005002098436940
4000792970421
1005002313709722
1005002290927611
4000990752659
1005001304878386
4000963926898
1005002260595106
4001271364092
1005001803124239
4000014575791
1005002344886083
33043290632
1005002070572339
4000234859212
1005002170637922
32908227661
4000253134995
32813482807
4000533854242
1005002324656454
1005002289605774
32949339523
1005001605003082
1005001304790342
1005001936593691
1005002073946347
4000691223354
32781284364
1005001391690552
1005001817504346
32952838037
4001100948415
1005002314521176
32999957829
33005558287
1005002012223113
32954494114
1005002323770463
32462383311
1005002358620478
1005001541229212
1005002413609356
4000693314359
32948795563
1005002324070649
32882632738
4000640977075
1005001976292066
1005002305866209
32681211000
1005002467307276
1005002003340151
1005001388905712
1005002297017787
4001149853251
4001204485940
509230608
4000465288156
1005001792719699
32695895176
4000114387219
1005002423467218
4000463482676
33017048659
1005001711191722
1005001667645228
4000218859700
4000015695880
4000098251217
1005001868909696
4000912284487
1005002122042848
33047552324
1005002368416871
1005002319256413
4000120712067
4000273118565
1005001972262470
4001003423559
1005002370267142
33003509895
1005002323318507
1005002316547698
1005001723921996
4001146198337
32880907980
33001921273
1005002312971224
1005002291276550
1005002483230280
1005001966207978
1005001280534656
4001232182109
4000510630280
1005002312735236
32537534156
4001142758132
32967864665
1005002461270981
1005002387272041
1005001481483494
32872070555
1005001456565989
4000987161261
1005001437402032
4001090630294
32944077401
1005001435821515
4001164890504
4000304709754
1005001571556038
1005002283347127
1005002388950423
1005001560568888
1005001273936599
1005001947027758
1005002464953123
32817464001
1005002375184388
1005001629257141
1005002068396019
1005002482539649
32918889459
4001314409799
32882421898
1005001348861333
32913492789
1005001314444946
32962209940
1005002338208004
32869599922
33030083588
1005001975928473
1005002057932952
1005002282706937
1005002246575509
4000363680484
4000773780208
4001223856857
1005002268536056
33039633486
1005001354382210
32914144509
1005001884675240
4001326030676
4001228747154
4000960537678
1005002391151313
1005002268454453
4000439321109
4000960310093
1005002325506147
32820878824
1005001881984814
10000343645809
1005001860578379
32853368186
32787394730
1005001697735866
1005001708118880
4001214180843
32757242890
1005002310523427
32871446240
1005001847448925
1005002276858965
33053612014
1005001473604143
4001023138088
32949810215
1005002467459250
4001118237692
1005001860065720
1005001771992030
1005001670527786
32864735352
1005001431380910
1005001670719766
33023847370
1005002012327519
1005002327758855
4001143337106
33048081500
1005002145823533
4000054724434
4000365330938
4000323279193
32957157739
1005001863191987
1005002393591240
1005001505995762
1005002252838318
32997811537
32839552150
32881943442
1005001762509158
1005001633890507
4000306600916
4001120126589
4000484535759
32817472383
1005001885187067
4000868420558
32759711037
1005001890273535
32925179411
4000494182412
1005002485578727
4000641239011
4000707666711
32861448352
1005002229858534
1005001812076748
32859685703
4000109839554
4001053093954
32582847067
32866509893
4000191860986
4000778085773
4001222994130
4001351224535
1005002179723126
32933648798
1005002342559458
4001228612281
1005001930744879
33058061097
1005001761878986
1005002467114029
32828252655
1005001317811983
10000156734493
1005001632353151
1005001288291259
4001237583146
32930498879
4001272192089
32846339512
32940831333
4000318478499
4001041018964
32998244471
1005001720461419
32456059727
1005002239998116
4000274089347
1005001513264321
4000116764646
1005002222986995
4001133810948
1005002357643245
1005002454308467
4001331378729
32948850419
1005001980311145
1005001816868381
1005002322651388
1005002478076169
1005001710974835
1005001355199900
1005002315840781
1005001465994483
1005001973053609
32365489555
1005001401872431
4000397550314
4000842631707
4001007214580
33016731420
32213920285
1005002099168452
4001013164285
32948048031
32836037336
1005001913687515
1005001595908207
1005001563386699
4001149250887
1005001659220797
2006332482
32950094199
4001235984961
1005002387631489
1005002315672946
33001900982
32831104020
4000712584447
1005002089502563
1005001830363276
32961412901
4001155530057
32965950003
32974864620
33020104202
32989017873
32934155701
1005002286588619
32915577805
1005002063322174
1005002236088730
1005001865559022
1005002010604049
1005002362836609
1005002346347421
1005001597630209
1005001633265836
1005002425258743
1005002314320158
1005001338951563
1005002233353570
1005002426641959
32769800748
4000040587068
1005001975444686
33010703588
1005002221400733
32903750093
1005002433433907
1005001431958306
1005002279497391
1005001540251471
4001324170294
1005001863023159
4001132245960
10000089184203
4000467981781
4001107689174
1005002279587663
32867075047
32984755467
1005001803872901
10000395880204
1005002258504823
4000944614011
1005002166407092
32950560793
1005002282178048
1005002323003868
1005002490463162
4001327528935
1005002440775190
4001273346624
1005002013108469
1005001975566763
1005002319637215
1005001942616054
1005001424775411
1005001946478419
4001060441795
1005001271226177
1005002425179817
32842834942
33038985261
1005002122465094
1005001441245386
1005002305991432
1005002314665574
1005001699445159
1005002186912554
4000295457976
1005001471967147
4000033589675
1005001843816136
4000398021648
32803962251
1005001834979895
10000203689814
4000416756332
1005001357269234
1005002275079164
33051859274
32896869037
4000362219168
1916373397
1005001393635331
32907836852
1005002429374552
33002795483
32795051413
1005002363862025
33036131781
10000155548122
32921210816
1005001426001065
1005002239118980
32671861670
1005002242648241
1005001602685385
1005002307663909
32967939093
4000524183798
4000310616513
32836182974
1005002314343400
4001118204874
1005001950670105
1005002412966778
4000848817483
4001228646242
1005002263678126
4001154106134
1005002271852224
10000028395468
1005002224390074
4001197047751
4000285010832
1005002085573007
32861432225
1005001633303280
32946599546
1005001423764730
32813127382
1005001362221740
32809902654
32849515648
32489591607
1005002310939599
1005002305260394
4000326196544
32895939187
1005002375693239
1005002177348963
1005001585181759
1005002401852905
32946225090
1005002265383188
1005002054399058
4001136344559
4001322585696
1005002276997882
32556355692
32602861636
1005002314244702
32951495576
1005001898611197
4001042009457
32699417005
10000397742899
33053019279
32863689823
4000909786871
33042750382
4000857129832
32698637110
4001194396715
4000854359825
1005002231916338
33038878874
32967845177
32442017470
1005001693642751
1005001992230970
1005002219833458
1005001988141673
1005002283242531
1005002124703513
33028754670
4001293892894
32895496170
1774646664
1005002033467386
1005002226444079
1005002338684260
4001324133144
1005002116633823
4000768307481
4000318737435
1005002442746347
1005002121200603
32815681964
1005001865406792
1005002034312471
4000038094161
1005002287874071
4000199574750
1005002393874637
32859400488
1005002428575261
32951263665
1005001617193244
1005002305045270
1005001849293689
4001082811857
4001020198349
4000966140613
4000764821776
4000397564171
32992301131
1005001704024778
4001092261394
1005002363063515
1005002465334272
32573199804
4000466668470
1005002233103408
32944188453
1005002009097794
1005002419041047
32989528476
1005002418288338
1005002038817070
4001365045969
1005002168341247
1005002390275747
1005002416929603
1005002287341448
4000858616013
1005002462377572
32867558429
32806833064
1005002181422153
1005002304035976
32963435672
1005002383142419
4000777193918
32763490778
1005001926248785
4001204472737
1005001332501656
32819927165
1005002314460474
1005001458476758
32923231499
1005002322107786
1005001692831979
1005002388007712
4000959753100
32839308950
1005002428200040
4000284890654
4000222416225
1005002255104354
32730719578
1005001803894209
1005002388956261
32625438854
1005002475472069
33018044918
33026481962
4000406188706
32806671493
10000397709961
1005002312363766
1005002125082245
1005001829968645
4001178157104
1005001690786998
1005002494289104
4000832385617
1005001864533638
4000385057344
1005001669743142
1005002323092882
33008719683
1005002310592420
1005001876744979
4000776366916
1005002460038806
4000274837627
32830788295
1005001368873883
1005002413432761
1005001411517856
32882215313
1005002427283131
32991514017
1005001799287040
1005002258604665
1005001525276915
33050658664
1005002398468568
32989950460
1005002313363535
1005002298252389
1005002364319704
4000539200529
1005002119170047
32998083686
4000927137972
1005002238805422
4001062955295
4001085701789
32866548298
4000967051307
33040273393
1005002033795416
1005002324048310
4000241499382
4001349637210
1005002119875041
33041719902
1005002308769354
1005002239536694
4000162169841
4000271719127
1005002277436466
1005002371384948
33008970179
1005002400559768
1005002322861667
32617977408
1005001890518831
1005001743387436
1005001929113881
1005001335205945
4000035158036
1005002368403527
33040079730
1005001737345290
1005001468034564
4000277313322
32966051374
4000507407777
1005001894164822
1005002418843755
33017356450
4000046267207
1005002252581163
1005001850415043
1005002285312220
4001161031426
1005001620208633
1005002314566234
1005002384712810
32895145251
1005001914251142
4000110274951
1005001708695985
4000228187204
1005002314155709
32816610932
1005002339524038
32949000038
1005001936233429
1005001322862898
4000756243691
32848920089
32398341429
1005002242101330
4001127579038
1005001773807683
4001196499319
1005002282179530
4000033246578
32975017811
32808151270
1005001631249616
1005002396602378
1005002309816311
1005001620622384
1005002095391115
4000199492888
10000325285615
33040029081
1005002326684429
1005002382702449
32855264693
1005001622310138
32570107198
1005002180530326
4001214219625
32925727522
32352920620
32832881845
1005002220128976
32961134655
33004678366
4001210914260
32963929016
1005001882588568
1005001779054635
1005001656879732
1005002312346188
1005002342160583
4000986292578
4001165946378
1005002332723694
1005002464288608
1005002369397693
4000837868219
1005002369568504
32950270445
32747687974
1005002139784405
32977826223
4000231952403
4000336158901
4000835412159
4000204042888
1005002427454212
1005002281587252
32842069533
32551270103
1005001738493294
4000990907225
1005002265055151
32893706686
32796209670
32997013886
1005002408436292
32850487123
1005001407134574
1005001574953269
4001190649069
4000985208471
1005002345106737
1005001552352040
4000136019247
4000267977634
32805684032
1005001389411200