4000327171012
1005002332488915
1005001383049831
4001198075545
4000237700815
1005002279626606
1005001590974314
1005001521683619
4001079058744
32731329840
1005002288624312
1005001900476056
1005002110695341
1005001565635910
32887398773
32812893412
32874570668
1005002107046998
1005002469691509
1005001968952131
4000396211317
33011074502
1005001427486616
32986143043
33051296954
4000623895598
32825480792
4000942005501
4001244904848
32922804890
1005001502187463
1005002256805080
4000804168985
32950628058
4000714882980
1005002262503237
4000685185521
1005001528919088
1005002210071889
32997568633
32807099233
1005001854481815
4001050396276
4000712541776
4001094016829
1005001718780494
1005002297860654
4001233790890
4001301989643
4000211073227
1005001853289928
32888462893
1005002082561829
1005001334252231
1005001733287793
1005002347933214
4000202391517
1005001890138402
1005002450080733
1005002034136752
32457581642
33057409894
4000856789312
32855998289
32854179530
1005001622167634
1005002333446815
1005002280948543
1005002022303792
1005002319114417
1005002105111187
1005002060889657
1005001586490001
1005002072942541
32955894643
1005001848751071
4001277896347
1005002282437058
1005002346472171
1005001854924168
4001080571545
4001038473018
1005001334505528
32896351777
1005001546880109
4000082465227
1005001686251230
1005002420863292
1005002355682071
33056197515
32961286721
1005002119890204
1005002244379419
1455076548
1005002314013170
33035583394
1005002336512088
4000822404407
4001027461067
4001044955935
32831381068
1005001573432411
1005002224540565
32971242155
32790701351
32886842153
32835271227
4000640396161
32822505126
1005001351816241
1005001889799975
1005002341040173
1005002332469962
1005002313990368
32843316934
32959317637
1005002073569024
1005001840241276
4000096306618
1005001525468551
1005002284132660
33059317025
33042829201
33038073009
1005002159436412
1005002085422263
1005002333822974
32810423829
32949684583
1005002267556824
32580426997
1005002276024567
1005002488939166
4000421790936
1005002394781436
1005001579094977
4000389268635
32878748523
4000723098379
1005001376033567
4000333103470
1617408472
32986499443
32855077546
32863384879
10000034370723
1005002200989907
4001178154663
1005001931388474
1005002304552063
4001358550667
1005002149113940
4000809361348
32919677639
33013949551
1005001708984937
1005002363096252
1005002315339687
1005001337810026
4000689207774
4000453914322
10000390853259
1005001430522191
1005002416014431
1005001961644768
32977923953
32968183063
1005001936731382
32919993496
4000900499532
1005002262410492
32977811711
1005002350748682
1005002103104615
1005001640164589
4001037302798
4000299944195
33027092995
4000991449869
1005001584967685
4001041934900
4000170240222
1005002232457308
33064447845
1005002309234963
1005002426593676
1005002383193571
1005001888222179
32971617990
33024486464
1005002219572757
4000301456388
1005002475880801
1005002265783791
1005001699386157
4000314535537
32837364293
1005001474025199
32865965928
1005002293849182
1005002315733477
1005001758063776
1005002409986863
1005001586248714
4000996371269
1005001489508716
1005002277990249
1005001627449153
4000963960587
1005002162098283
4000073304105
32838423187
1005002334102274
1005002490103326
32852933871
32555554563
4000631939976
1005002402580104
32920395487
32963951206
32960905791
1005001538689399
1195616080
4000458520751
4001243416146
4000768749082
4000814774695
33030486125
32879836693
10000386628318
1005002104965871
1005002324925268
4001061689525
32896979038
1005002304068794
1005001520589077
1005002230194470
1005002346802551
32924126015
33044412078
32875090843
32958207641
1005002064251091
1005002292662779
4001278794994
32893348781
1005001933578644
1005002481798799
1005001898740653
32853087723
4000699539222
32954884567
1005001896127062
1005001501437364
1005001290246012
32779542816
4001214262393
4000182699067
32931609506
1005001750813491
32877359695
1005002468505308
33027689759
32987916030
1005002085178036
1005002281610032
4000374375158
4001163343747
1005002394326020
1005002277672723
1005002421309569
1005002233654511
32835418810
1005001656752105
32880136336
1005002261120765
32876359271
33012333289
1005002381264749
1005001320505182
33059040543
4000261572904
1005002369170043
1005002420419193
1005001694313031
4000890088876
4000238606076
1005002483960923
4001282158208
32899300108
1005002262638003
1005002283375072
1005002480420843
1005002166014716
32969678620
1005002306425354
1005001902155536
4001260841585
1005002334988413
1005002428303210
32364264230
1005001588333064
1005001765193676
1005001608257408
1005002498915120
1005002046765051
32805381235
1005002285581929
1005002495911975
4001144059030
1005001515085756
32836146908
32590196317
4001306632246
1005002345722477
32866693965
1005002376949864
1005002476568462
33033206288
4000636267958
32998329834
1005002314941258
32964070629
1005002305030288
1005002388353283
32828668742
1005002190797918
1005001766992191
1005001855237447
1005001853833550
1005002499104068
1005001776885618
4000326770694
4000277644811
32848546130
1005001882377785
4001304579895
1005002475579213
1005001637775912
4000050404507
32983822341
1005001886157423
1005002007223883
1005002058016774
32923291060
1005001958767508
1005002363576005
1005002064388407
1005001345032743
1005001552562642
1005002467949653
1758568231
32581090565
4000060888891
33054413260
1005001790118440
1005002338987090
4000574734814
32983616046
1005002239306239
32973520411
1005001968921042
1005002378983470
4000931139463
32856436986
32844741967
1005001345384386
4000221777346
1005001881985294
4000603242532
32873592933
4001235121167
1005002245819012
4001332352920
1005002492299941
32885210168
32857656836
1005002394616129
1005001617790789
32972311728
32985291506
33038479466
1005001382428176
1005002234287383
1005001953897152
32959786661
1005001466372970
4000814744674
32843917348
4000900409365
1005001920677711
1005002385130662
4000359136368
1005001870763338
32584768266
10000038301028
902564896
1005001627974750
1005001941492590
33057727679
4001186485019
1005002082311792
32792037322
1005002306849847
33005391744
1005002277779402
32510766150
1005001698094350
1005001541564768
32947475291
1005002260939034
4001039707343
4001247650052
32920230625
1005001727983147
33035889922
1005001930658191
32606505451
1005002315994129
32974845144
1005001722067669
1005001984876518
1005002122525063
4001049395314
4001291825300
1005002476957733
4001133930447
1005001570548316
32565527563
1005002422205066
1005001987815763
33011389736
4000505840749
32856706379
1005002210038821
1005002312125507
4001018220689
1005002136703359
1005002459213192
1005002358668623
1005002316054460
1005002432203238
1005001302195203
1005001317126869
1005002261095491
1005001792552029
1005002206252685
4000991353905
32922243568
32996116921
1005002268955043
32834196833
1005002413184023
33002703771
1005001646088979
1005002257700423
1005001495498040
32972208349
1005002362025364
1005002339241308
32823319576
1005002219265113
1005002370155196
32700398763
1005002331248261
32933027257
4001297701578
4000419619309
1005002339388803
1005002264432556
1005002399022485
32638627646
1005001313105454
1005001475864528
4001153379025
32898199322
1005002293345617
1005001797443678
1005001656709953
32856040535
1005002245368013
1005001437414579
1005001839425297
1005001500670951
1005001619774444
1005002358729678
4000479539013
32811125342
4001365254607
4000832846669
4000553846240
32830930602
1005001285002552
4000357695179
33002192581
1005002226590241
1005001425499745
4000007710307
1005002271081502
1005002340796931
33019522627
32298466019
32961575033
32876426243
1005001407981413
1005001835559037
1005002317392450
1005001664885264
1005002500077814
1005002353674906
1005001645426531
4001259932571
32997436739
1005002365362220
1005002310720075
33027699167
1005001776991504
4000065212627
1005001966311050
1005002388570154
4000814831652
1005002219607054
4001135267701
1005001918958243
32808424233
4000717450982
1005001458233640
4001196732459
1005002107585797
1005002426123944
4000898105935
32870594624
1005001264823896
1005002167803570
1005001596123660
1005002354423095
1005001506972801
1005001458694904
33024793739
1005002253475657
4001199443773
32719505040
33035401352
1005001321154490
4000635956926
4001146858700
32831676324
1005002363976817
1005001810844134
1005002347413757
4000349764148
32394984619
4000084804801
1005002259599455
1005002334250014
1005002315360506
1005002340173454
4001157584493
33063263003
4001024908828
1005001804214252
1543025858
1005002280503463
1005002432246027
32893895257
1005002482911578
32907147181
1005002487402266
4000135869408
1005002396644593
1005001446434506
33002516544
4001230383370
1005002108176006
1005001381241170
4000237572877
1005002125211447
1005002357326685
1005002373864734
1005002262388824
33017825340
1005002364783143
1005002314417672
1005002407574948
1005002303405255
1005001625754648
4000672643898
32965255378
1005002443304089
4000025129167
32817049986
1005001617990499
32911430795
4000383300787
1005001442279239
1005002233235256
4001225296125
32918583946
1005001381573345
4000866830185
1005002317853387
4000512208144
1005001752445359
964904432
1005001605659581
10000022827648
1005001621335912
1005002376703948
32852312588
1005002252449614
1005002513151176
1005001779932079
1005001597958278
1005002234061462
32963413734
1005002035211187
1005002387697295
4000192599913
1005001954871506
10000399960071
4001278438056
1005001797147236
4000463725811
1005002112555563
1005002467152760
1005001962153534
1005002318830513
4000136758768
1005001706670706
1005002288970374
1005001946691246
32883060937
1908041558
33021238790
32849254055
4000711371761
1005001338024280
33054916809
1005002390816700
4000774959261
4001290291500
1005001906268522
1005002393623310
32857925279
4001079932526
4000850539866
1005001771315106
1005002399081174
1005001906665104
1005002487050941
1005001623022605
1005002001478815
1005002212899913
32886192220
1005002247715881
32918759871
4000748956166
4000857465482
4000024172449
1005002311659286
1005001431837820
1005002206623170
1005002337292904
4000983589429
1005002086456058
32819895472
1005001346056677
1005002262457332
4000979024775
4000259350691
1005001337643827
1005001350208910
33015963542
4000810816315
32890041653
1005001918984741
1005002347810291
1005002068428128
32954460013
1005002097360129
1005002339919358
32983310206
32537544518
4000553072169
4000636334976
32839663581
32756847754
4001003804569
33007719040
1005002388470074
33004771774
4000988175541
4000010115317
4001010600725
902564957
1005001972880064
1005002333745241
1005001994337440
10000397745184
32911127620
32987241941
1005001764847948
4001151387152
1005001496166936
1005001653501595
4000747696962
1494008623
1005001829326782
32848313715
32933618172
32765752440
1005002283297649
4001038274928
1005002267573085
4001021652983
1005002389843080
1005001617962740
4000523622470
1005002262108596
1005002294050677
1005001891282269
4001033726949
4001351232788
4000626187658
32992498841
1005001469268391
4000389257050
1005001930878484
1005002287862288
1005001525443605
32907350498
32998461916
1005002467002498
32672155551
4001138288916
1005002271549028
4000043635969
1005002352366802
1005002192208241
1005002450387738
1005002304345679
32788996257
4001093181976
32954205959
1005001670120388
1005001849899700
1005002081433057
1005001681952893
1005002349649830
4000096459659
32898799751
4001001273911
1005001968370641
1005002168089017
4001218125588
1569502969
1005001921061280
1005002478540607
1005001656956357
33042530895
1005001493562221
1005002310513831
1005001334478597
4000491524836
1005002352414496
1005002435057810
33058105283
1005001961409021
1005002391024129
1005001744520123
32834380493
32724094822
1005002166682745
32839572211
1000008480011
4000250153183
1005001801204474
4000755914610
4000876859571
4000782557364
1005002144410724
1005001310554205
32786633584
1005001952904285
4000323882103
1005002316366865
1005002389602415
32866561411
4000251679399
1005002124178919
32848013128
4001038448960
32971638514
4001140283739
32763185124
1005001279516937
32869748814
1005002389644247
32904342115
1005002019483067
1005001619433841
4000453075701
33054541590
1005002473392968
1005002308056812
4000182257136
1005001680164424
1005002258287089
4001198644387
1005001444614970
32916366488
1005001591842264
4000584987278
4000453469025
1005002232689426
1005002392790705
4000297195944
1005002474152004
1005002167691662
1005001334528435
1005002409567256
1005002239586781
4001251774749
4000907329123
32919418177
32870314178
4001127129224
1005002337729805
4001097178584
1005002318111358
1005001290488413
1005002377933468
32964220273
1005001965153869
1005001479582170
32723872830
1005002355849774
1005002262200101
32974383909
32989961950
33039791191
1005002276999957
32989870118
32406247565
4001288334050
1005002426021389
10000306563304
1005001482753183
33008362660
4000699498491
32794139812
1005001966226950
1005002187686803
1005002258073870
32783199249
1005002352720921
1005002265181535
4001283149470
1005002041786645
1005001413822395
4001287821603
1005002052962925
33003940896
1005002393884513
32825005417
1005002221296548
32625203057
32666409728
32981231712
1005002377193940
32851602919
1005001453964298
1005002325026885
1005001571135880
4000429592145
32297699570
1005002318419217
1005001676741023
1005001722688457
1005001370738508
1005002186160492
1750494978
4000334123862
32929613719
1005001670926182
32816845821
1005001671369269
1005001620801880
1005001320111952
1005002264910259
32372433244
4000399136593
4000655865598
4001126174513
32873446589
1005002323462356
1005001713737912
4000192669534
4000997077207
32855835928
4000876525623
32894174000
1005002333021617
1005001675433037
32822735235
32809162150
1005002443523407
1005002306168135
1005002346351965
4000337025114
33036029639
1005002198808055
1005002337865647
33005097535
4000840744009
1005002337231311
4001282523990
1005001348642434
1005002493716503
1005002032921730
4001170594309
1005002271788451
1005002330660892
33055603641
33007498593
32793369143
4000220851612
1005002210941098
1005002314367328
1005001623459470
1005002023254925
4001037713301
4001247041113
32954444240
1005002347274502
4000166866981
4001189053694
4000983588237
4001175797441
32922290622
4001346708630
32772798022
4001084361537
32891156576
1005001894549741
1005002268235543
1005002095044772
1005002277973933
1005002347447367
4000362385095
1005001999647079
32946722222
1005001952023324
1005001785115581
32975568217
32931358577
1005002273987170
1005002316805742
1005002357602324
1005001690807606
1005002385031399
32981074897
1005001677396907
1005001592785544
4000335570375
1005002243582244
1005002311591759
4001295808810
4001220373460
32513830600
1005001518303721
32964455626
32535019497
4001263906760
1005001671039541
32827723580
32987086976
4000129415222
32925992844
1005002454403407
4000347798885
4000176766564
1005002352761458
1005001666562191
1005002386946189
4000793507011
1005001764164755
4000166595362
4001014484850
10000423013862
4000130102538
4001096225142
4000052502365
1005002393506969
32969619671
4000825934131
1005002314485117
1005002313997339
32931630435
32956739012