33031863440
1005002225372061
32928279046
32975961212
4000773009923
1005002332543945
4000089413222
32617610961
4000112208256
1005002420179345
1005001918182627
4000868302205
1005002085578014
32809679078
4001233479280
1005001465265046
4000828567369
1005002363608456
1005001853969947
4000986115872
32802248085
4000212641006
1005002369589965
4001104725908
1005001562036111
1005002418773239
32930046683
1005001656840355
1005002242102552
1005002481558378
32725952822
1005002170923835
1005001763740761
33011416126
4000801587755
1005002435086855
33032334784
1005001953953606
1005001997084471
4000960605875
4000168698858
4001147729562
4001137955561
32837824755
32862612623
1005002461492866
1005002140132079
4000416019155
1005001641449104
32958899442
1005001754389080
33002495624
1005001785826901
33037978905
1005002262089660
1005001490142692
1005002346056680
1005001889008380
1005002372633783
32997701709
1005002146198506
1005002413711331
1005001559812955
1005002065153377
1005002348715198
1005002102298116
1005001394633798
1005001625379618
1005002000285436
1005002465473143
32988572519
32823398293
4000546023739
4001286145763
4000972007429
32868147392
4000955145786
1005001733868279
1005002357523719
1005001598733943
1005002484839717
1005002314808909
1005002333913040
1005001844254965
4001297528414
32956678693
32841603409
32877834712
1005002365690509
1005001470236667
32966672251
32635627787
33004810740
1005002342049395
1005001643607255
32852800462
32961840452
1005001917725797
32816303275
1005001987352771
32981351732
32877881625
1005001417846847
1005002314775393
33034494263
32864714139
32860774018
4000309473209
32984955832
32850455074
32784291554
10000422993929
4000376182198
1005001718191295
1005002224882371
1005001908261860
33047366769
10000399955210
1005001386334753
1005002316378888
859893886
1005002025008664
4001198025453
32957813827
1005002208282783
1005002270165819
1005001476026473
1005001934405055
4000375661877
32608956666
4001220183984
32803967972
1005002332908246
32838626477
32917872139
4001351560429
1005002459790021
1005002474223064
1005001334050173
33017787616
33004271672
1005002058371569
1005002317614778
1005001580765732
1005002490470183
32283947863
1005002378705122
4000238112632
4000751810221
1005001694155956
32849191081
1005002475265443
1005001757459464
1005001326778581
1005001362103346
1005002078782458
1005002213319739
1005002248875085
1005001781343038
1005001971776357
4001262718944
1005002287573350
4000906880377
10000125382697
1005002457694686
1005002447761698
1005002453324325
1005002289108550
1005001877560899
1005001625769608
33013788444
4000069156741
1005001906539234
4001275068315
1005001475669720
1690207473
1005001568164559
4000221983666
1005002316728668
33014401246
1005002277238622
33027501903
4000840218110
1005001278980125
33046231329
33014021671
1005002346703637
1005002367583518
1005002490521063
32922909396
4000585220094
4000937297777
1005001818042114
32988890829
1005002357636316
1005002294106079
32820376672
1005002319372761
1005002056275393
1005002231273767
1005002320397579
1005001632961380
4000333371109
4000554329565
4001124023372
4000959480995
4000588082627
32983702419
1005001279318768
1005001993226179
4000751996311
1005002421620246
32918496410
33000265993
1005001470243630
4000041237200
4001256023526
32519478441
1005001817335808
4001257961800
1005002317588737
1005001304573263
32869526678
4001275984212
32969748631
1005002375596631
1005001269805703
32861984477
1000008299303
4000083032714
1005001890519668
1005002331772877
32834595146
32870383299
1005002388334617
32896470077
4000202762645
4000277405200
1028754789
1005002475676912
1005001381488540
1005002191386181
1005002389620017
1005002247011399
32687900350
32858110491
4001005149974
32968718277
1005001585375672
1005001349820660
1005002385795525
1005002344027994
4001263048068
1005002394474434
1005002480035636
1005002412245167
33034509210
1005002478030307
4000917391372
4000210402650
1005001752583746
645466890
1005002022104449
1005002287254274
1005001287905014
33019405471
32790874893
4001192496722
32976144845
1005002480776162
4000537504170
33044899611
32774224902
1005001463538130
1005001663957439
4000548294889
1005001870726854
4001231702727
1005002399648759
1005002240082827
1005001788511035
1005001863513352
4000859411508
1005001633525365
1005001736712616
32806623019
32789897929
32974172499
1005001808826950
1005001381100010
1005002198503900
4000992819428
4000290626466
1005002389826366
32518491709
4000251507945
33059864891
1005001659691050
1005002468924673
4000509730921
32632471649
1005002454418266
4000983048906
32397348916
501230344
32956586283
1005002241920947
1005001466659654
4000915575564
1005001571866211
33059456543
1005002423405501
4000937972883
1005002500552679
32445626615
1005001657881132
1005002323546519
1000008201249
1005002363362637
1005001727425832
1005002388200191
32865654000
4001220785808
1005002049256519
1005002304319009
1005001774242800
32967305736
32667563465
1005001587667672
1005001784739569
4000090101856
1005002319031240
1005002232565336
33042697985
33001454515
33021663487
32903761094
4001174703979
1005001707682910
32997219664
32954273166
4001218946263
4000895582359
32979381573
4000575811453
4000599022632
1005002307346382
1005001450668326
1005001592206529
1005002419497081
32793557909
32779936377
1005002365146315
32496983753
1005002270561339
32917798807
1005002469130101
1005001829784184
4000005443555
1005002281467334
4000742182393
1005002042340024
32994637271
1005002264398133
1005002405334343
1005002372983445
1005002430081415
1005002337225451
1005002420828330
4001228509780
1005002314264844
4000469119049
1005001321557989
1005002275701087
1005001518696293
1005002393333153
4000429867229
4001307256629
1005002320314693
1005001457267518
32682032207
1005001621233294
32880448756
1005001447205570
1005001953743699
32956578444
1005002225047902
32802531191
1005002348641475
32650366639
1005001524900833
1005001361209367
1005002443078731
1005001816996347
1005002167667850
1005002289039630
1005001598373496
1005002455276176
1005001928587094
1005002371897818
4000295748363
4001280726666
32966014092
1005002313345905
32336428924
1005001444946071
1005002298806781
32808694794
32861529220
4001103937039
1005001767898234
1005002146494952
32816152453
1005001988832910
32962646554
1005002023216980
1005002337226917
4000594206697
1005002447901437
1005002408398464
32958676595
1005001705185066
1005002264952485
1005001954877426
1005002490687068
32818886151
4000960950123
32858249440
1005001324702976
1005002281484297
1005001505541634
1005002302704962
1005001581010911
4001232930213
1005002068936510
1005001531129523
1005002491038050
4000860785303
1005002418634002
32913027629
1005002395152342
4001131098124
32844251493
32888165069
1005002212966743
1005001710348856
1005002224739303
1005001334196794
32790573923
1005002400616560
4001264402082
1005002319165886
1005001575952359
1005002021915366
33059049879
4001270973353
1005002442948244
4001261862883
32881806240
32434431789
1005002122382552
1005001611917643
1005001557929044
33051896468
32979916994
4000113985847
1005002413839578
32905510796
1005002228550531
32830070570
32882572198
32850203883
1005002319862477
4000991890100
4000230886712
32977022296
1005002364625904
1005001468433386
1005001640011759
4000687590273
33003931727
32823908058
1005001737839924
32963128568
1005001476703755
32843825968
4001062429905
1005001726839478
32428456959
4001198531919
4000505767402
32973396792
32949433856
1005001350726556
1005002273792150
4001031715917
4000042310369
1005001362057721
1005002414160151
1005002065356585
1005002357643325
4000991212394
32703001523
4001225258337
4000092641290
4001278082913
33016658874
1005001977364802
1005001909815129
32849210659
1005001877728579
4001104137897
1005002322304821
1005002329486861
1005002466965955
32770856189
4001085159993
4000063384919
33027238288
4000493015161
4000262465129
1005002359699316
1005001621055362
32595682067
4001261182108
32986913420
1005002459176968
32685677285
33045833189
1005002269094006
1005002219472296
1005002390113532
1005001493482506
1005001627065014
1005002383116656
1005001487258530
32912746118
32953200389
1005002427960729
1005001905569823
1005002300073984
1005001946224798
1005002435340110
1005001987484299
1005002315341787
1005001534209439
33051955079
1005001665640345
1005002334317233
1005002017339765
1005002350833218
4001037294287
4000038223163
4001257772759
1005002246766342
1005002390017989
32864552054
32801766148
1005002318976027
1005002465421013
4001038806360
1005001618306049
1005002345413381
1005001607017413
1005002460305373
4000063873084
4001254768907
32893597053
1005002311720523
1005001497349837
1005001815474179
1005002253580602
32977892921
1005002358168300
4000131484337
1005002428893674
1005002271218459
32905318118
4000289975815
4001352599867
32975980695
33021652565
4000527988817
1005001687491309
32772288782
33054255719
1005001639653593
32864194052
1005002263568691
32824515403
32838958131
32909555923
33014814590
1005002253982429
1005002190372216
32993952015
1005002282257524
1005001615489494
1005002120131264
1005001496743309
33014410364
33018766172
4001268863971
4001288259060
32902839826
1005001989631183
1005001413871440
1005001483451507
4001060503888
1005001524107167
1005001672508489
32854480374
1005001922064279
4000397607205
1005002272578319
32408356115
1005002002808865
4000207330172
1005002111158789
32840458540
1005002430134950
32631512563
4000795194641
1005001971743343
1005002267351559
1005002341412635
32957649370
1005002432584840
4001176060244
1005001780889039
1005002373259822
32803327595
4001090493421
32911788904
1005001519915367
32853846818
4001317484671
4000223679481
1005002377926374
1005002363900076
4001112592852
1005001853929705
32965167653
1005001402072246
1005001580648232
4001235215806
4000638255756
1005002387911460
32991251328
4001360594646
1005002419722578
1005001731196400
1005002297605146
1005002204579786
4000890569709
32912717634
1005001605053093
1005002430814729
33033767916
1000006804496
32795755002
1005001988118673
1005002368993248
4001084257680
1005002018928846
1005002425238540
4000850223402
1005002034531771
1005002478922297
4000918720674
32986229162
1005002344919889
33055890047
1005001357275250
1005001602229488
1005001361437033
32983592063
4000917477203
1005001705525982
1005002357102407
1005001555437882
1005002359075455
1005002345038058
1005001587683832
1005001914211635
4000648225977
33044977126
4001061003094
1005002443179090
4000257565695
1005002378228025
4001316662982
4000966665399
1005002399013141
4000252385752
32847834923
32964332200
32916008084
1005002241610308
32848448271
32572141452
1005001749011543
4001304503884
1005001973170462
1005002310708267
32858012795
32959371908
4001222507301
4000879433457
32846744864
1005002352434290
4000562128350
33012757175
1005002121029850
4001227188552
1005001525480114
1005002059806895
4000570271760
4000547562710
1005001722071622
1005002406243536
4001201450356
32973914959
10000088311808
1005002343987715
1005002345840700
4000174160821
32820537951
4001023716349
1005002431558061
1005001858578590
32376000870
4001051198454
4000109016745
4001090791649
1005002327838673
33024752606
32840887255
1005002345493133
32512534812
1005001356144609
1005002098865183
1005002125361699
32928764779
1005002394759726
4001248512816
32857476117
1005002232963110
1005002370652036
4001185502091
4001042008416
4001208486781
32549915138
4001191842927
1005002443672600
1005002185910168
1005002314645080
1005002399220248
1005002080589988
1005001557827637
32846079307
1005002304788108
1005002430340366
1005002322849390
1005002021306053
1005002314896151
33063598507
1005002023498242
4001247448093
32507597419
32732448947
4001294141492
32963360119
4000895078139
32826148119
32897866307
1005002346248822
1005002166984463
32843958320
4001094295290
1005002166832258
1005002253631125
4000097838453
1005001671078027
4000130987646
1005002358186737
1005002315648312
4000212341763
1005001763374609
1005002269015255
1005001789779373
1005002496661804
4000084681218
1005001838814411
1005002365892467
32907627948
1000005884817
4001112027877
1005002425776411
1005002291394685
4000261937194
1005002319450015
4000811415298
1005002491242891
32595520914
1005002335075348
32890113846
4001076565335
1005002133422463
4001181404530
1005001362214148
4000745252852
4000208520151
1005001730242673
1005001998276253
4001271518176
4000286791944
33042776137
1005002285540724
10000182051487
32817515441
33055297473
1005001807266475
32847934473
1005001381343148
1005001598896020
32931597783
1005002194566526
32784968949
1005002398467310
4000910626149
1005002206651065
32959959981
1005002315702739
4001238869460
4001272105206
4000252681006
1005001374868310
4001321372449
4000128410523
4001142798477
1005002316767694
1005002285823059
32917980599
32870433233
1005002030564147
1005002325212096
1005002233024811
4000128480792
1005002318987998
1005002398607723
4001119271862
32833887122
4000820050047
1005001882402308
1005001518810748
1005002465035115
32839970826
1005002320256665
32710191117
1005001501369479
1005001692738668
33001843575
1005001997791513
1005001793221212
1005002259619406
32994058206
1005002468053093
1005002317146945
1005002477061785
1005002260235692
32820652923
1005002232909948
1005002277924296
1005002277765441
1005002167912156
1005002340712810
1005002389106762
4000735551562
32863168507
1005001749496422
1005002214071204
1005002038211734
32853101107
1005002427815837
4000044794822
1005002276594678
4000102351280
1005001909894235
32882999658
4000360024201
32983224344
1005002358692318
1005001672423521
32985775921
1005001634982266
4000742614190
1005001807780564
32368766968
1005002176190203
1005002395096773
4001124985989
1005002446529314
1005002382536528
1005001820877279
4001107041448
1005001803375170
1005002382864112
1005001419296343
1005001864776349
4000010026891
4001162177039
4001015802565
1005002280990987
32969568147
1005001957364798
1370884660
33013626317
1000007030819
1005002238765204
33059439624
33028115764
1712349339
1005002378766716
1005001597681865
4001037949376
32833127111
4000354474120
1005002414288480
1005001798318946
1005001779382438
1005002467550935
4001128011308
1005002050361846
32749342619
33008270771
1005002467662553
1005002069261645
1005001838416267
32300629217
33007964485
1005001890025833
1005002397815724
1005001639145320
33039628102
4000077561987
1005001314633411
4000913335671
1005002454427266
1005002313568557
1005002321524236
1005001393144735
1005002318038200
33040634313
1005001271259956
1005001965539678
32878538830
4001192260879
4001297611418
32818578614
1005002238171029
32989204003
1005002124462927
4001017196336
32999639909
1005001287233145
32848317785
1005001412886749
1005001510522630
32889864324
32959349590
32963725669
4000080411528
32992934830
32992531157
1005002299176811
1005002425897217
1005002260349543
1005001813595835
1005002238673723
1005002246871609
10000391362276
4001266804016
4000641027461
1005002316796001
1005001687773124
1005002414480814
1005002122374403
1005001808796679
32797282435
4000599169888
4001292630488
32795497417
4000357030314
4000626643355
4000499070839
1005001275980098
32994552143
10000294667563
1005002157221496