1005002282831106
1005002357669866
1005001717670760
1005002277796965
1005002373531742
4000955178228
4000991048347
1005002167891362
1005002227790783
1005001731261407
4001178477382
1005002398439515
32687119825
32790118504
1005002226556276
1005002254753625
1005002318911112
32954127068
4000206786294
32831026537
1005002273310219
32804370155
4001053944795
1005002309712052
32852373288
1005002234512168
32956766725
1005001865655281
1005002177006084
4000761383618
2028433231
4000182249082
1005002137507900
1005001505587807
32789592415
32822502745
32792600809
1005002398764912
1005001655351207
32999893097
1005002125016070
32845124932
32778794774
32751879262
32890063489
1005002466788112
1005001776284037
4001212010791
1005002306762483
1005002409954756
1005002477206880
1000007450779
1005002369155407
33046104106
1005002368349384
4001164153551
1005001610726896
4001362036637
1005002258620688
1005001779772818
32868208472
1005001488288942
33046918769
1005001694775333
1005002388614177
4000865393481
1005002454509032
1005001590902873
4001211558744
4001248990198
1005001907412728
1005002314677348
33046955252
4001269201667
4001237400993
32949671605
32694833500
1005002283081675
32326527576
4000546563307
4000626105495
4000849809366
4000636024372
1005001781402439
1005002460558189
32797472327
4000383443432
1005002200771621
1005001523724804
1005002266033559
32802460359
4001061695896
4001039263203
1005002270271774
32970393230
1005002290935561
4000751406396
1005002378056532
4001047762854
1005001830506232
4000780947458
32881151518
1005001519525847
1005002379231529
1005001895926690
32569003768
1005001733170648
32908963832
1005001857836640
4000944451874
1005002319193209
4000426480433
32865090798
1005001487426125
1005001468240280
1005001880187092
1005002243055114
32893659289
33008373059
4000480207589
32716297739
4000698997226
4000611179235
1005002465750288
1005002496830652
32897816212
1005002245241995
4000377000734
1005001863729550
32968525411
33045949715
1005002314277529
4001255738167
1005002378641466
4000349661798
1005002122548242
1005001789941620
1005001561307791
32813053520
32840684492
4000838353224
1005002315281843
1005002318673200
4001130768252
4000244122622
1005002180049357
33008877872
1005001670725934
1005002258483936
4001207097628
1005001713053568
32838265505
4000960658004
1005002000446373
32853475053
1005002238703536
32797991247
32665427764
32972935265
4000283331278
1005001679391248
1005002281177526
1005002288983954
32970905279
33049177134
1005001726500594
4000767890268
1005002382589110
1005001560523783
32895066054
1005001949344066
4000437596245
1005001438803730
32891374029
1005002392084387
1005001334221160
1005001901877589
32884153769
1005002011319412
32749687215
4001025365521
1005001573372072
4000816407239
32964572680
4001221307665
4001205283042
1005002278040954
32976643631
4000979501652
4000776154960
1005002401424610
1005001577069531
1005001331646654
1005002076857897
1005001582693189
1005002420564007
1005001863375332
1005001468523907
1005002161905779
4000240840822
4000708965059
32795119319
32947873401
1005002315323319
4001221849322
1005002213536730
1005001694941910
1005001489131290
4001247243407
1005002278680470
32348645754
32845234592
1005002337167300
32966662586
4001281040225
32864790020
4000133822181
4000151563454
1821698718
4001272810469
1005001946232101
1005002331916331
1005001912607066
1005001808743916
4001294161747
1005001329878076
32959817067
1005002371661983
1005002283527311
1005001354923530
32923855788
1005001356338069
32918271743
1005002042824937
1005001611458635
32950490751
4000272207266
4001148080997
4000934825640
32859483544
4000557120306
4001235363870
33059451993
4001288075645
4000960574625
1005002257729787
10000171765887
1005002465492697
1005002231759013
1005002277281841
1005002346383707
4001215023995
4001333554502
1869975277
1005001514344526
4000960576533
1005001958464640
4001026529079
1005001779858665
32896784178
4000470236610
1005002367619800
1005002372839810
1005001823163291
4000237805895
1005002442786384
1005002468262611
1005002293859168
4001300776208
1005001985042091
1005002282781993
1005002398880616
10000395828517
1005001741811478
1005002283432043
1005002420328580
32867650044
32707582119
4000021896459
32969282702
1005001882376829
4001151740970
1005001399112134
1005002384513816
1005001630485594
33019817642
1005002363394227
4000926554553
1005002376770921
32966887931
32917615836
33010086086
32917159197
1005002396455110
1005001393851016
1005002329650255
1005002400747355
32975055666
32786706506
4001204848486
33046961886
1005002238012484
4001109304598
4001046032094
1005002067422983
32988394843
33042311448
1005002400954034
1005002350826017
1005002263651175
32832714355
4001113684154
4001033671077
1005002172110987
1005001846435179
4001043593031
1005002312076193
32979562797
1005002210860550
1005002323237325
32967615903
1005001841856098
4001042430897
1005002362684400
1005002371421416
1005001337722284
1005001557521901
4001057550866
32962745844
1005001572053126
4000915573672
4000232392892
4000834016022
1005002043067134
32849714052
32970924613
1005002237952128
1005002342903090
1005002466121974
4001273467102
32380640568
4001159568327
4000038871212
32652739662
4001356880653
1005002122002241
4001002747620
1005002308696586
4001037908326
1005002276947723
1005002401848186
33019653353
1005002466767044
1005001579284365
1005002011842253
1005002392954150
4001018771503
33044133101
1005001726308436
1005002103183262
1005002358952646
33040435009
4000587237238
32813472839
1005001933037955
1005002172386004
1005002283693456
1005002279338031
32874112417
1005002259820978
1005002238807808
1005001418546465
1005001474150971
1005002212533642
4000742906941
32846689465
1005001285093596
4001355693464
32904211983
1005001355255721
1005002128870273
4000275860043
4000239049540
1005002011744081
1978813769
4000123315670
32977602224
32967513408
1005002372461088
4000435674457
1005001787277136
32852035784
1005002317005138
32884409029
1005002345192608
1005002212227356
32810941236
1005002489997589
1005002363204932
32880526196
4000686995644
1005002246374218
1005002003358604
4001170780675
32296647113
4001294080979
4001029063782
1005002286831976
1005002321052007
4000784547318
1005001525973115
4000638622224
4001195549490
1005002339119062
1005002139282164
32960737678
4000087568455
1005001730648210
1005001859704277
1005001708639795
1005002085424777
1005002333766880
10000397721410
1005001361841209
32829499725
1005002272156172
32787103016
4000960489738
32798870064
32921042847
1005002461031852
1000007397996
1005001304387732
33011588383
4000466623867
1005001418157430
4001191638962
1005002346670808
32957890119
32897580428
32971450311
32910166230
4000174681434
1005002283398304
1005002123814603
4000207400270
4000528762001
1005001491209689
32869242607
1005002240364356
4000727893465
1005002226170397
4001124639626
32652894287
4000546578197
1005002255601816
4000619693709
1005001867174866
1005002490463436
1005002301636782
4000715504072
4000877952345
32870162229
32897367505
32954808722
1005001614613911
10000384299427
1005002310577468
4001207418089
1005002296774810
1005001413625882
4001142779919
1005001287055961
32756943340
32682098479
33014854416
32893370873
4001044166975
32749418063
32952929528
1005002247558632
2036590176
32919242404
1005001698854093
4001230437896
32908948977
32635840013
1005002355460852
4000931051491
1005002268566996
4001014452473
32805809138
1005001626865902
32991377023
1005002335657306
1005001984683046
4000657066831
4001247461973
1005001808964423
4000076444577
4000961963804
32922646513
1005001404792930
1005001321305550
1005001926513863
1005001523330866
4001015104398
1005002116538842
4000481212877
1005001928191734
32941742552
1005002205977966
1005002469057555
1005001918224517
32804885938
4001246018659
4000735621397
1005002260136933
1005001838379685
1005002341584526
1005001915613561
32626416446
1005002324087923
1005001717230786
1005002323521854
4001149560580
1005002287289963
4000779288038
4001116069830
33029630968
4001262948869
1005002378051062
32952115325
4001079437544
1005001626433081
33049951200
1005002396534738
1005002341823969
1005001963249798
1005002281953152
4001029527525
1005001831643366
32853398514
32975405888
32999482356
33024762330
32966077640
1005001479586429
32993446547
1005002461949831
32883499506
4001176772106
4000077440994
4001133777077
33025857478
4000318728139
1005002245493755
32855163483
4001014148473
33001543589
1005002314783021
1005001721704471
1005002443165055
32804768143
1005001447340657
32631764535
1005001493317688
1005002246054460
4000269269845
33049709533
32651630035
1005001671811672
1005001556149872
1005001726767000
1005002347225711
1005001978182120
1005002483147072
4000270548800
4001267706133
1005002211675788
32969581365
4000553266106
32998841492
4000415652586
1005001817283994
1005001284556185
4000542763809
1005002306263399
32974598853
1005001622694666
4001153670959
1005001624650178
32824450697
33008619147
4001205023611
4000801254380
33002106412
1005001648175204
1005002474036675
1005002280796224
32931607292
32824931277
1005002346185818
33062454347
1005001888493058
1005001593405327
1005002090065514
1005001814285491
1005001826390007
32883889985
1005001996515638
1005002412805523
4001139211384
1005002283942079
1005002358232290
1005002074226225
1005002371965462
1005002295265141
4000385151887
1005002073324485
32885841589
4000960264683
1005001838166405
32580080545
1005002160268900
32989175832
1005002320010646
1005002221628480
1005002440497493
1005002224013663
1005002380437437
32922682244
1005001863903892
1005001990496306
4001229249649
1005002326045614
1005002138352609
1005001758484659
1005001621249239
1005002455243712
4000235855430
1005002460303975
32849957949
32986016633
1005001585728052
1005002304348611
1005001675188807
1005002448359127
4001007389100
1005002368147019
1005001501148221
4000382200234
1005001888050621
1005001507582143
10000021873625
1005002350852544
1005001656537933
4001035948100
32870891240
1005001679583045
32976848540
32950944548
1005002427831343
1005002253778262
32794724408
10000383051925
1005002310833351
1005002120844396
32822784545
4001119846050
1005001861230815
1005002325376682
32962489083
1005001834450171
1005001631714861
4001014185459
4000240487932
1005001795569549
4000319362428
1005002271028346
1005001764139149
1005002299360585
1005002312761119
32957138051
33017611011
1005002434041489
1005002313359743
32976795214
1005001907457881
32969648487
4001030188100
32832115007
1005002325984486
1005002484806207
1005001366133843
33028144571
1005002433920460
4000459096884
1005002481871882
4001300316653
1005001564560679
33000603542
32968820744
32972200319
1005002284925064
32982875438
1005002323725693
1005001880373255
32954086486
32626108512
1005002238589168
32945649561
1005002381318541
32806105769
1005001297538967
4000427479507
1005002264032694
32863663123
1005002260393834
32858950119
1005002295357405
1005002337520565
1005001275530175
1005002024321215
4000862680320
33003509934
33027072854
1005002321755834
32825193085
32851562496
1005001857934070
4001350439595
32530318417
4000521295900
1005002361706312
1005002363736286
1005002408476317
1005001905700703
1005002208335094
4000393374005
1005002254685521
1005002241896738
1005002443112450
1005002295456603
1005001992287274
33020787578
32929645524
1005001715094015
4000444505504
1005002034231753
1005002371705698
1005002281804845
4000726618379
4001088788660
32795061930
1005002285891663
32835167399
32947660465
33019676022
4000230356260
4000025714699
32824267412
4000163137496
1005001796996285
4000202697901
32983161081
32915253762
4001013476839
33034399140
4001272105131
1000007901462
1005002326472835
1005001993238750
1005001988205214
32922490450
4000857799209
32869706474
4001174536601
1005001824537209
1005001619344936
1005001867763248
1005001552223549
1005002100201440
1005002366032770
1005001437673859
1005001419956679
33009341844
32774846307
4000706268592
32891209897
33025857231
1005001878982335
32664047450
1005001949929682
4001143207846
1005001836810350
32892915735
4001178899575
1005002322955898
1005002369653563
1005002315702649
4000097813143
4001041100359
1005002490773235
4000735880171
1005002340872642
1005002228572809
4000689134967
4000273868262
1005002266065326
4000955602791
1005002446891174
32854010361
33007343487
4001134502433
33010959897
1005001446597367
1005002384883500
1005001978893156
4001006640706
4000831118829
1005002253074908
33012747432
32721260978
4001009406682
33040918440
4000437815804
4000253222223
1005002343280254
1005002328342669
1005002239998526
4001240027080
33003213040
32864730478
4000542849864
1005001718844428
1005002074247271
32297387692
1005001333487179
32915884586
1005002293995469
1005002449451064
1005002086050286
1005001702567755
1005002312897563
33003602120
1005002452550921
1000005528352
587819373
1005002288731963
33031140597
1005001953416910
1005002377449688
32888150157
4000698921034
1005002255712685
32970666302
32996274676
1005002430917809
4000760788412
1005002295000174
4001326082506
4000734848530
10000393529406
4000404611319
33033906292
32964299394
1005002351987240
1005002257637801
4000972664498
1005002358468400
1005001736609654
4001332506646
1005002203811899
1005002369690462
4000116971383
1005001627904566
1005002365620752
32894304952
33041280029
1005001411584978
32907515172
4000357759415
1005001808364346
32964204496
1005002280699863
1005002329884393
4001178803524
4000025790124
1005002153663322
1005002305043870
1005002490468221
1005002357444109
10000000217168
1005002475230492
33034286365
32299107296
1005001572092400
4001204946641
1005002155816237
1005002340955050
4000310975370
1005002240989982
1005002072593137
1005001704237463
4000312527182
32769653783
1005001949345093
4001102692298
1005002132954467
4001237667664
33003119166
4001075853686
4000974733724
4000386744754
32816702528
4001041101231
1005002134494582
4001289905211
33029008819
32618651677
1005002232045830
32947473476
1005002313756085
4000666082744
1005001966451405
33008348042
4000155985619
4000875319722
1005001498908618
1005001459437619
4000921488843
32889174164
1005001459448301
1005001594916315
4001088801138
1005002427917740
1005002409609942
32371534144
1005001524850769
1005002111108098
4000445845393
1005002103058661
33018578672
1005002376829161
1005002421054882
1005001567364225
1005001941671186
33008696640
32593262510
1005002417788952
1005001530119018
4000662697562
32283760713
32847388410
33011915716
32859687214
4000026389816
1005002250617084
4000266596824
4000842606935
32952875209
4001177092301
4000424048725
32842556661
32572358822
1005002347364221
1005002401931397
32981830240
1005002309745735
32953169802
1005002269088615
1005001841583796
1005002326636868
32674933728
4000280133996
32685338209
4001284271407
1005002484669818
4000546603221
4000983469230
1005002065715227
4000203311602
1005002218851315
1005001473581681
4000503648555
4000593734837
4001283096026
33029874236
1005001920355754
1005001341132149
4000570383891
1005001284875604
32955756264
4000180057707
1005001756399970
1005001975637083
1005002468064811
1005002383297369
33013801271