32916076323
1005002348131258
1005002262595612
32946998710
32954185350
1005002189979797
1005001942394201
4001227090115
1005001533214835
4001134282645
1005002278146030
4000691299220
32779966394
1005002491140904
1005001289876345
4001169711410
4001124062828
1005001826046798
1005001627175469
1005001530810742
32850865281
1005001630860215
4000865331974
32959299834
4000085708079
1005002347049945
32981693613
32960169252
1005001563408015
33014359230
4000399115328
1005002394729228
1005002346878820
1005002459640533
1005002220048596
4000369980521
4001271550839
1005002287517267
32890556482
1005001710880467
1005001792054777
4000116823348
4000939888600
32952218861
1005001265401997
32645605025
1005002440986551
1005002464746276
33003670374
4000283485037
1005002345123076
4000977279728
1005001497081306
1005002095361798
1005002463022699
4000910298209
1005001591831463
1005001505238031
4001272531050
1005001867416978
1005002219274522
1005002362588055
32821592870
1005001351614677
4000134651566
1005002069844097
1005002347921311
32996252230
32863003108
1005002314606643
1005001424051267
1005001793997799
1005001479801380
1005001896493832
4000592442160
4000340944319
4001334742325
1005002319125325
1005002280719567
32907410768
1005002443735186
32845679979
32827311323
32799504096
1005002372176806
32922669721
4000830231735
1005002228618839
32605569307
1005002268018797
10000059418602
4001193485849
1005002244029021
4000217491296
1005001967695468
32802565997
32780309851
32826320090
1005002335867043
1005001463717651
4001217882521
1005002339078034
1005001287625995
32958583705
1005002350254998
1005002492047756
32892662312
32929400032
1005002033561297
1005002343142846
1005002232010572
4001232271203
4001272091276
1005002428207004
1005001418491399
1005001308513166
1005002268757229
4001285031707
32791960506
4001065266153
4001201229699
4000910221061
1005001670922405
1005001666603400
32762361891
1005001632639265
1005002306413881
32859109906
1005002310922692
1005001906539181
4000147422359
32833374431
32994549723
1005002065898848
4000170386652
1005002114309552
1005002443111296
1005001871940601
1005002452831957
1005002122092113
33003486830
4000523607208
1005002232769826
1005002312286604
4000977373129
32864220756
1005002453448682
33004751193
1005001759141302
33008864260
1005002331877008
32362822170
32982460308
4000913262878
4000386493376
1005002317858610
4000989035788
1005002363266489
4001126700465
4000945134799
32992873831
1005001447697402
4001193053632
1005002346817017
1005002368429535
1005002454339065
32979355950
1005001697819359
1005002319028991
1005002329647407
1005002497571465
1005001590513287
1005001942939177
33035321663
1005001559293962
4000311712695
4001218885634
1005002477480415
4001228640192
1005002314062517
4000858943056
4001235996465
1005002069031463
4001128306406
1005002468695852
4000662457609
1005002241927026
4000269074519
1005002436605494
1005002448999548
32864245194
4001130645023
1005002265716026
4001314935939
32802738452
1005002462125106
32975543360
1005002307710031
4000539327591
1005002372238390
4000711759088
1005001550753756
1005001928269261
1005002262517093
32886019882
1005002310982896
1005002319159456
1005002314424331
1005002372266735
1005002331957047
1005001863489282
1005002459895848
1005002359241956
1005002293655143
32978499744
32962092109
32923955692
4000236050278
1005002073329025
1005002346482404
1005001444173492
4000964837914
1005001471060331
1005002387192923
4000642075489
1005001446786931
32820402313
1005001480705222
1005001851398180
1005002333340286
1007999691
4000787893914
1005002132364746
1005002134747711
4000164086431
4000859338179
1005002323515563
1005002314457031
4000666596015
4000148868364
32875448684
32952698143
1005001900002385
4001248380255
32663435556
1005002377615305
4000288585859
32774910266
32882572412
1005002400179811
1005001934941392
1005001752796691
1005001626770715
1005001984863685
32881508847
1005001813549465
32909603005
1005001779853933
1005001360397107
32952397579
4000262213898
32791421296
4001124629678
1005002249495332
1005002278831729
1005002080953650
32789337702
1005002240734787
1005002475355673
1005002164986646
1005002224858247
1005002225186194
1005002374518750
1005001425898419
4001036081253
32992102838
1501775552
4001101843560
33004791887
33023595009
1005002230253777
32849549750
32811095475
4001252969534
1005002496144936
1005001868672810
1005002260370312
1005001514841828
32967020925
1005001699033162
1005002240438490
1005002292271542
1005002450899778
1005001520665425
1005002378208545
1005002300310376
32794950434
4001241843580
1005001371123507
1005002277155683
1005002319121783
1005001525261865
1005002389647346
1005002239531651
32949705767
1005001757755897
32911227947
32954284749
33042117049
10000369654799
1005002409075810
32947026831
32848526842
1005002330669858
32888498130
4001265152819
1005002344405365
1005002213309483
4001175126278
1948894129
32513718519
1005001821384016
32817155529
1005002492651997
4001167680714
1005001700275226
1005001861197685
1005002386508669
32919516996
4001320550903
4001341041898
1005002187775981
1005002085842390
1005002115070909
33032258354
32942984611
4001176013723
4000602961179
1005001763404143
33052341949
32994883013
1005002442448599
1005001368993570
1005002330624051
1005002313764673
4000860404437
32824435959
33005279529
1005002328259253
32793847350
32836108430
4000533616547
33008741636
1005001408749182
1005002124802064
32841497810
1005002079433840
1005002358062650
1005002423922458
32867586553
4000203312330
1005001989286163
1000007021223
32811962857
1005002297112788
32735061084
1000008521669
1005002304335408
1005001632741437
4000154025974
1005002339251351
32360335800
1005001683168550
32983423020
4001146202121
1005002322248573
1005002364654049
4001267387043
1005002314229822
32853326155
1005002378082776
4000644347497
4000699838907
4000981935108
4000959197108
1005002486128226
32774269274
32820326981
4000381593265
32856985426
32893978162
1005002422143058
1005002364857397
4001178860522
32589920308
1005002467707253
4000743886226
1005002224569129
716683169
1005001602786792
4001264471451
32905842309
4001194040959
1005001810014176
4001224403206
1005002306187138
1005002108312729
1005002460284655
4000203452618
1005001711470687
32999119222
1005002007698906
32842403422
32869949536
4000055318329
4000941043985
1005002297040846
1005001419506571
32831252119
1005001794961032
4001047820204
32782478185
1005002164272409
32910419529
32909043744
1005002277354466
32723658241
32965594209
1005001930887589
1005002253136985
4000780513000
4001182678930
4000594773113
1005002044688170
1005002322206707
32912369247
32747071883
1005001665818828
1005002357937552
1005001525386680
1005001441482754
4001217578738
1005002295944949
4000081704146
1005001274046336
1005001871150327
1005001317154577
1005002281306512
1005002395046997
1005002491003416
1005001968572002
1005002318913595
4000850217128
32802317188
33001901571
32805498925
1005002066554896
32885388248
1005002327608831
1005001609582159
33017855040
1005001346793285
1005002387565675
4000166705897
1005002382902820
4001345883128
32835691319
32837968398
1005001355105301
1005001855033903
1005001763846296
32841681580
1005002259214818
4000186646265
4000079575288
1005001407414317
4001274812705
32997820325
4001007440299
33010432826
33009061324
1005001774469316
1005002285799706
32892091711
1005002258654371
4000316997768
32954385638
1005002315138809
32763685864
4000865768225
32870878879
32970137375
1005002287562134
32266381945
1005002316704837
4000554811381
33039800894
4000449373266
1005002425538420
1005002372611380
1005002085394541
33058005665
1005001875303937
32793559839
1005002288229533
1005001308178534
1005002402138280
32951155882
32303299814
32908682887
32967728736
1005002337838857
1005002429069079
4000570630856
33020012026
33014572918
32779025877
32857490646
32972855560
4000453186246
1005001970853595
1005001383640698
1005001900507553
4000546049897
4000943636941
4000333958078
1005002125015377
32978041070
1005002181675267
32888115746
1005001946136202
32815630900
1005002240133892
32706890828
32989611201
1005001265506630
32909292056
4000484308138
32765774221
1005002221645460
4000888675863
1005001731912856
1005001270162585
1005001412757126
1005002443909170
32960168012
4000805201669
1005002069099958
1005001567425309
1005001670341077
4001118810982
4000078265397
1005002421480627
1005002196839016
32980089137
1005002052175392
33055304708
1005002246631924
4000013629199
1005002121858804
1005002400239877
1005001779081101
1005002439928720
1005001482702637
1005002277734252
1005001699905873
1005001859422006
4000860443936
32996994491
1005001271445779
32828779835
1005002265264364
1005002411412168
1005001380426833
1005001632398714
4001275646809
32831433310
4001321689480
1005002309971291
4000670163369
1005001764654441
1005002351622418
4000246340943
32902384067
1005001966355742
1005002217804539
33006449962
1005001843669278
1005001265640248
32863173342
32963659334
32929609940
32963350547
1005002376409619
4001225228665
1005002305713350
32891060858
4001290021315
1005002342483874
32800445183
4000253883961
4001108956330
4001138847523
4000850606109
1005001623177947
1005001878216567
1005001590889732
1005001475987875
1005002311971732
33026411845
1005001303581943
1005001649298111
32819821154
1005001632348135
1005001556052805
10000422993660
1005001785087271
4000397914813
4000437959452
1005002358651036
4000195981545
1005002377809107
32826860929
1005002277320478
1005001954801962
1005001717350601
1005002341993463
4000001835329
1005002277290119
1005002318578297
32864847702
4001200193172
10000122463590
1005001397223606
1005001485512393
1005002220703226
33010068630
1005002311320426
1005002051975614
4000971799918
1005001993947532
1005002198732807
1005002267666620
33051365613
32911839169
4000218688828
1005001698209045
1005002341138488
32834243385
1005002091477627
1005001693930644
4000925352117
32948217354
1005002488574584
32930672274
32333836933
4000843019259
1005001525461207
1005001889184619
1005002166922681
4000291843472
4000384852142
4001160919311
1005002116315817
32802370459
1005001299026696
1005002252530716
32524019774
1005002254371162
1005002443096525
1005001882608618
1005001884324331
1005001622687359
4000098768371
4001275691302
1005002398869804
1005002086126883
1005001795047533
32859832801
1005002254581557
1005001736543676
4001237910567
1005002056518278
1005002369946298
1005002320018349
32868528277
4001021966304
4001053984600
32987973325
4001010285137
32367470079
32701031302
32956325766
4000889723789
1465291393
1005001843304976
32643842509
1005001927769791
1005002393606765
1005001767613734
1005002329677859
1005002473671264
1005002413386378
4000822877777
32908473528
4000853384655
10000127478642
32918952506
1005002301502345
1005002491429353
1005001397370470
32888480528
1005001617558143
32923171107
1005001525290470
1005002337748629
1005001270513984
1005001417310104
1005002302365108
1005002006401188
1005002318848119
32904212869
4000822557393
32919676215
1005002474858959
10000246952659
1005001954280974
32857134183
1005002368881898
1005002476403495
4000971568808
1005002001999222
1005002488923595
4000930900829
4001275142650
1005002091904818
32602677499
1005001571593316
32815289123
1005002312822330
1005001324637227
1005002468329201
1005001362899821
1005001481998818
32825459721
32963160894
1005001351484226
4000691170267
1005001753967850
32995624647
32910657408
1005001942187837
4000857296172
1005001818424601
1005001794381837
1005002219379631
1005002394704168
1005002200495553
4000979595431
1005002332005498
4001227505956
1005002321024353
32656667629
32954881176
1005002298900019
1005002311985015
32804936776
1005001930987561
32910658642
32726117506
10000377969630
32857661839
32882823910
1005002302452084
4000441972703
4000032010622
1005002167357655
1005002382760660
32853068077
32830847502
1005002050451548
4001044964819
4000325194044
1005001912688826
1005001579164540
32922004882
1005002387458626
1005001693813656
1005001709873899
32832273002
4000148550657
32855584929
32974170539
1005002021671895
1005002313646217
446590465
1005001914887055
4001233925061
1005002441084720
1005001677420785
4000873751657
1005001732210644
32592579302
1005001402044709
4000030490958
4001345417992
32846816133
1005001750588718
32734160235
1005002378511050
32918061993
4001187761869
1005002288957663
1005001614061918
1005002346276215
1005001408773443
1005001762315827
4000912902259
10000350956032
1005001275535836
4000677285736
1005002427878251
4000144674264
1005002323478412
32978332645
1005001853968751
1005002350761950
1005002245055215
1005002116149367
4000989925798
1005002416725826
1005001824281157
32996248159
1005002022796034
4000265158865
32917392595
32608691397
4001161723415
689110230
1005002288675914
32976254016
1005001664992726
33055512187
32520897467
1005002100150257
1005002448630759
4001260368292
32957518746
1005001722117258
32973655214
4001037550350
32960829929
4001321492550
1005002107879057
4001346190098
1005001429136534
4000392888710
4001022638925
4000189793118
1005001286362108
4001296356416
32901958181
1005002378025022
1005001665020599
1005002356732006
1005001625451136
1005002314341441
1005002350778729
4001100112387
1005002241106184
1005001339803555
4000456156797
1005002370001969
1005002260119654
4001322071078
32703797653
1005001338905622
32786814552
1005001967125479
32583400897
32915687037
1005002387676828
1005002323102442
32822409913
33049836149
4001364148902
1005002480876668
1005001698427641
33030006636
1005001350264781
32536052217
32347540363
1005002377177118
32820346396
1005002341306478
33036205856
1005002483831242
1005002467607259
1005002313262299
32995162782
4001214685088
32781900470
4001213875017
1005001955028723
1005002413185844
1005001375481713
1005002020159324
1005001850162996
4000994105058
1005001419526566
4000702301273
32831856751
1005002016919926
1005002316379222
4000832196049
4001317795140
33004887635
32892932942
1005001914608417
4000434235017
1005001867225650
4000256782980
1005001830325827
4000287308950
32881096690
4001139141255
33024040954
4000411110151
32858221945
32564926185
32833705589
32974204983
1005001327981477
1005002480115751
4001043011778
32826470119
1005001386272493
1005002125681942
1005001744427411
32654438804
1005002319172314
1005001585992384
4000315842151
32949225935
32989598601
1005002318529522
1005002411315519
32845590218
1005002348483342
4000165556508
32982011390
4000970039293
1005001455961969
1005001581333190
1005002427797959
4000761225223
10000395940089
1005001373487548
1005002340146462
32994601169
4000497874437
1005002362475053
4001162051301
1005002320575960
33000550874
1005002408398644
1005001515863562
1005002104700312
1005002323199242
33037044068
1005001725746237
1005002460102170
1005001437774149
1005002315510972
1005002362769529
4001275337435
1005002038893724
1005002406530089
1005002232050078
32923493642
1005001558149490
32958081848
1005002199065872
1005001951859951
32948481066
1005001865361279
4001118699764
1005002362240558
33002311395
1005002390737801
1005001693407316
1005002380898748
32871599596
1005001364005538
4000063675313
1005002187564810
1005002134982155
32893601315
4000743525543
1005001716110287