32922889533
1005002143535940
1005002438257192
1005002388752010
32922937374
1005002389781594
4000147434185
1005002352439316
32907603261
4000533551604
1005002488025138
1005001287589899
1005002298102482
4001316448486
1005002258297884
1005002432585856
1005002413016323
33002441100
4000424385870
32884864584
32911635780
1005002413242740
4000535343704
32594182524
4001360851404
1005002425415160
32893236148
33053587015
1005002452786662
4000236553614
1005001518211558
1005001448602405
1005002475002352
1005002022084891
32843030442
1005002442467236
1005001888267793
4000607795545
33055500558
1005001854661599
4000542730113
1005001986017654
32996691759
32767400720
1005001354294323
2005939966
1005002289972140
32905183468
1005002323387573
1005002253420794
4000926812418
1005002380803724
4000083482565
32910223879
4000976278077
4000124373040
4001295810820
1005001854824056
1005002483424330
1005001856305717
4000880310952
1005001902961703
4000034947304
4000234209145
1005001858393223
32894590874
1005002382621295
32976234375
4000666940921
33006138491
10000031869520
1005002347683363
4000631534598
1005002333836247
32646652405
4000695784237
1005001627013041
32862986622
4001242515338
4000465900651
4000631146146
1005002220811311
32809671470
1005002288033977
1005002270299656
32823045328
32835837081
4000689691441
4001114372544
32993496930
4000709099000
4001164109526
4001327648412
4001204675618
1005002353643112
1005002278043945
1005002427915633
1005001786646233
1005002264995181
4001291569923
1005001374444748
1697266646
1005001934716480
1005002229450342
32898474174
4001204246774
4000911337759
1005001520766453
32982507151
32837425573
1005002219886889
1005001507449695
1005001927572885
1005001612017908
4000109778025
1005002271411945
1005001406079183
1005002477547166
1005002382755841
1005001868793794
1005001462216669
1005002190602223
32975273292
1005001695175188
1005001344661123
1005002091359528
32882766070
4000332927264
1005001768570861
1005002273813981
1005001406764441
1005001747133136
32891916050
1005002013305324
32845937441
4001219429009
1005001671306583
32994632887
1005001933223870
4001122241557
1005001465341705
4000340865530
1005002105136086
4000843015192
4001139068822
1005001488974813
4000975481039
1005002365411925
1005002259170257
4000192386116
4000427908491
1005002240517289
1005002318309572
1005002467422097
4001180514629
2033296101
4001043494512
4000930271673
32953572226
1005002288147770
4000704798089
1005001781721142
1005001282083222
32989422526
1005002352691144
4000983284696
33032482015
33002984037
1005002383929309
1005001928556690
32951008822
1005001895380718
4001228500732
1005001572512649
1005002287482141
1005002353656266
4001271535642
32957293581
32962472834
4001244433454
4000031589750
32979307100
32908717576
32882648189
1005002282105166
1005001310493103
32977719199
4000493863907
4000781574915
32862931413
4000049325818
32978989419
1005001500833102
1005002332164181
4001122503906
33052003397
4000155439916
1005001417316080
1005002382638157
1005002401029748
32835527750
32911123188
1005002259013322
1005001997976219
1005002453951366
32634948518
1005002272925754
33021499775
1005001367931792
1005002074293452
4001061348538
1005002292745197
10000194201369
4001027658157
32910058964
4001043692547
1005001441512013
1005002398576501
1005002038121978
1005002482939628
32997736174
1005002235565728
4001207801957
1005002436114804
1005002282001722
4000121186886
4001199772960
32798390073
32807563365
4001362567600
1005001386990477
1005001630639575
4000314127261
1005002426348797
1005002346683231
32912205337
1005001978169141
32473339263
1005001616315605
1005001824341803
1740145947
1005002281262872
1005001813485620
4001077197735
1005002367412144
32953270175
1005002033565785
1005002208632461
10000004742903
4001320396323
1005002435333385
1005002338407506
1005001351842889
33009593125
32838190461
1005002373053784
32358110937
1005001992213234
32836116468
33005392055
4001214243504
1005001645057909
1005001383855283
1005002247527790
1005002384357318
4000263480906
1005002347171197
1005002291091871
4001078912659
32961889819
1005001670950078
32254564363
1005001525339941
4001274400961
10000013565602
1005001360342727
4000747946788
4001116645163
1005002382822815
32805627336
4001244933501
4001278895205
4000959838157
4000335055720
32958691292
4000990900301
1005002208152559
1005002252715520
32907024739
1005001893302700
4001252065518
1005002375231637
4001112693017
1005001710157842
1005001539671643
4000849823315
1005002315631973
4000081296410
4000775918946
1005001458241757
1005001660205246
1005002359051528
32975410336
33000662244
1005002053910169
1005001466041875
4000219803313
1005001921898605
1005002199891789
1005002233702122
32817745713
32903815954
32962056039
32829923418
4001355870272
1005001469581209
33042965668
1005001326082382
1005001309403360
1005001482402180
32216730709
32956186264
4001248112344
1005002309878310
32976952161
32903448733
1005001507022746
1005001482888878
1005002318952551
797928127
4000296035730
32952861695
1005002223362318
1005002453261957
32961227676
4000124532529
1005001367985448
4000497338647
32318620198
4000717119361
1005001511197496
1005001571009822
1005001966858683
4001255533476
1005001799763682
32798820882
1005002189736363
4001300363334
1005002304063005
1005001732468238
1005002378222821
1005001494969810
32802637238
32787189078
4001136057281
1005001586843612
1005001286654636
1005001763610582
1005002294909534
1005002042610808
32813211489
32858041282
33023592005
1005002128460519
10000397728970
4001040709917
1005002257841698
1005001804424822
1005001849070110
1005002191379983
1005002371714029
1005001526199182
1005002345385329
1005002213944477
1005002402506659
32869170987
1005002388253542
4001294079604
4000421062844
1005002280293904
1005002385124479
1005001935127269
1005001452325581
32883385378
4000484450205
1005002302185909
1005002469038203
33032339113
1005001441335708
1005002281855650
1005002358992214
1005002398939786
1005002259472332
1005002358058310
1005002390285895
4000031334066
4000715383737
32967523358
1005002356409159
4001021549756
1005001996737334
1005001947887141
4001204387590
4000910834003
32886216736
32895448280
1005001680359867
1005002233245734
1005001874670537
4001300520439
1005002362172510
32880188929
32890097365
32746741584
1005002105056411
33014162529
1005001686254205
1005001381345634
4000565870010
4000111146019
32842790378
32905633182
1005002447662195
32879672713
1005002118987329
32968966412
4000511923122
1005002323981575
1005001692746039
1005001451400224
1005002396390038
32988210800
4001010245493
4000086052995
32362993830
4001270369305
4000854089091
32816081930
32990271714
1005002333694756
10000414015099
4001135392532
32751890446
4001192356609
4001283527740
1005002192025565
1005001568189023
1005002288718300
1005001975295228
4001006450345
4000428686811
1005001914171244
1005002404775951
1005001492984659
1005002370290990
1005002085139085
32886910911
32901557438
32844493678
32697757773
33019589007
1005002388281966
1005002238815982
1005001396920856
32716027628
32806303804
4000700987555
10000404283124
4001189346428
1005002170628879
1005002460240552
4001124928570
32859391547
1005002090472341
1005002462558578
32980097630
32854359578
1005001575418519
4000185346698
1005002343136049
1005002059548765
4001276912114
1005002191427399
33030651391
1005001298469329
1005002123526761
4000970979943
32982331059
4000990176982
4001044387846
4000315214590
32742739453
4001121944143
1005002416492168
1005001888823628
1005001525431431
1005002383520791
1005002395959534
1005002347806714
1005002351761823
1005001579375278
33046312536
32706531553
1005001627656090
32922714634
32872363325
4000409318048
1005002294653527
4001345583936
32792423555
32827123695
4001160494691
1005002197440736
4001253642165
4001065054212
4001352080573
33003151299
4000366090992
32889292403
1005002434812328
1005001671471691
32999062321
1005002270094726
32921766661
4001286364341
32800313276
1005002015613228
1005001487130649
1005001722709158
1005002168108807
4000516822353
33051025947
1005001876756350
1005002176654984
4000226576366
4001291993361
32882730382
32902410179
32938253082
32293614590
4000489571095
4001071347137
1005001860660202
1005001683715306
1005002133378670
1005001708794000
4001015181141
1005001276207932
33044732511
32853578536
1005002318514711
1005002301525151
4001040887517
1005002309347949
4000012351476
4001108995620
1005002483010347
4001082811915
10000399727570
32908790581
1005001349809545
32987479152
4001203814385
1005001639405079
32842344690
1005001364591901
1005001538500913
1005002431438946
4001163274907
4000546050068
1005002035518465
32843001605
4001305901134
1005002423454484
4000523318554
1005001997414880
1005001759613532
1005001865337261
1005001785400804
1005002463384997
1005002311317558
1005001732527833
32838013305
1005002224172816
1005002310325441
1005002197789661
1005001834644449
1005002492562388
32956088300
32880321277
1005002357715350
4001205725296
1005002393985765
32299783836
4000480840766
1005001381055624
1005002398068280
1005002390950581
32888689217
1005001718725255
1005002309683194
1005001470361860
4001145368866
4000861686210
4000971812125
4001134374505
33005337250
1005002399811752
1005002278701197
1005001923159603
32840110078
32898007924
1005002075302936
32948218048
1005002397761135
1005001464592608
1005001588775443
1005002332400283
4000791111837
32848592277
1005002074314923
4000768943809
4001215542561
32855323948
32946109609
1005001699637461
1005001593751383
1005001651813158
1005002100854888
1005002282312627
1005002362265440
4000258045409
1005002365245728
4000682900648
1005001834525695
1005002011239143
32956129346
33016103930
1005002310994144
32806398039
32866440475
32572778231
1005002205707090
1005001465479064
32978851127
32905345517
1005002246319927
1005002197013190
4001103451366
1005002289118619
1005001768126627
4001226192756
1005002146670836
1005001869694668
4000488814157
4001094223556
32530108043
4000816618866
33014486018
32950319482
1005002468278760
4001069857059
32846057567
1005001715538841
1005002314307820
1005002443498863
1005001611630273
32983112940
1005002008135379
1005001713648321
4000404625779
1005002329854951
1005001484244452
4000007907723
1005001873525885
32946178809
4001339850901
1005001814891299
1005001832174651
1005002476724208
1005002122269621
1005001500533513
4001163178725
32787722865
1005002270626550
1005002443896213
1005002264373162
1005002314350262
32937162678
1005002476766870
32844754924
1005001580812817
1005002443313138
33021608590
1005001725655854
4001343987277
33005572151
33001173127
1005001977954778
32828353238
1005002315115296
1005001856020549
32945672914
1005002100558896
1005001678752438
1005002413408340
1005002310637061
32952235708
1005001845016078
4001292447931
1005001966375817
1005002388459590
32952221151
1005002281577855
1005002327922411
1005001577379899
1005002337015584
32925487611
1005002444332695
1005001613405294
1005001393516295
33057112424
1005002364243590
4000148448935
32980886398
1005001315089695
32827595173
32903803705
1005001638489239
33018194130
1005001515478697
4000710055087
32838292465
1005001514625511
1005001908525583
4000345340532
1005002288814878
1005002318960578
4000844926086
1005002454242641
32975233205
32959679186
32604951766
33027715136
32808789410
1005002423655487
1005001836580805
1005002307991182
1005002147939913
1005002238935078
32975645225
1005001698982865
32967551678
1005002283269692
1005002385274651
4001179749784
1005002393447049
1005001425014946
1005001525037950
1005001697731299
1494122377
1005002278982906
1005002088953200
4001135154435
32962977755
32902618275
1005001266514741
4000242041841
1005001886004030
32438468103
32965019602
4001043145104
33027850723
4000801436791
1005001391971922
32947929008
33014399616
32925219019
32795040283
1005001798384103
4000244009580
1005002110849243
32915794145
33001838245
1005002467009454
4001117817843
1005002185885308
4001175476490
1005001764206050
4000209940591
1005001494562087
1005001365252021
33035762658
32985719806
1005001717922434
10000334257539
1005001295693003
1005002374969525
32588818549
1005001763113253
1005002316213514
33055446200
33041755635
1005001640501378
4000971173028
1005002461665327
1005001584560711
32867744682
1005002337727220
32565769991
4000955895532
1005002205648537
4000777773462
4000873164930
1005002394343344
4000314879811
1005001985647000
32962761348
32842655229
4000019573804
1005001933401491
1005002428546806
32735012231
32683204888
32885877500
1005002487523975
4000169980596
1005002412658906
1005001632392277
1005002259440135
1005002297634222
32407168520
32581677730
32863836581
1005002485299486
10000366958873
4000087984420
32959595948
1005001727923959
1005001985466144
1005001989400565
1005002301081343
32846473315
4001235563928
1005001971936505
1005001736739804
1005001776061086
1005002100192658
1005002237738751
4000532130158
4001042498478
1005001630594218
4001038895257
1005001904064777
4000119399721
1005002332476252
1005002137378152
1005002439728696
1005001388815276
1005001429026756
4000637980396
32999469233
1005002237719431
32944848079
1005002223968564
1005002399847070
32946600068
32827827003
32801590790
1005001447319922
32900509898
4001290668430
1005001914609831
4001116041435
32662352373
1005002378681443
33000968590
1005002344986567
4000622871236
1005001566013177
32624323061
10000411893246
1005002431494503
1005001417704867
1005002489488068
4000816247478
4001166479040
1005002332376189
1005002353641949
32981414208
1005002417148709
1005002181748639
1005001882286930
1005001875046458
32907796674
1005002076340798
1005002341321569
1005002314569087
4001149654349
4000706564848
4000523630344
32667800350
1005001487525965
33024439065
1005002399918503
1005002335270248
32963856700
1005001794016914
32953099030
1005002440318065
4000590346921
1005001865408685
32848272214
1005002116261928
1005002157306784
1005002342902453
32758367151
1005002487597952
1005002402153638
1005002390002636
32846436032
1005002170828303
1005002354249608
33055236497
1005001519442343
32547688969
1005002254122927
4000594751854
1005002279101469
1005002352504866
4001038338316
1005002460085770
1005002212866201
1005002346276252
1005001997547129
4001000484317
32919101964
1005001989060433
1005001852430639
4001256018292
1005002488404671
1005001498902916
1005001544168199
1005002265273191
4000278094574
32985049407
4001054486246
1005002157698239
1005002359657604
33004506805
1005001762965341
1005002175037549
1005002387470578
4000907154333
4001230718998
32829555285
32856934316
32965814353
32842755582
32975255700
32840347856
1005002414557351
4001219405853
32970291368
1005002355659912
4001119334510
4000353320427
1005002413266807
1005001884655983
1005001810329250
4000438034080
1005002321007483
1005002396429087
4001171077309
32842789462
1005001830169028
33019884717
32657613097
4001180132252
33023300548
4000944358507
1005001709356195
33005787261
4000974978084
4000019968268
1005002346688491
1005001567909920
1005001880477246
4000558966940
4000047255213
32977322269
32368343494
1005001440841221
4001317682929
32878656398
4000200321577
1005002277851146
1005002314309446
4001149516007
32869298001