1005002498709679
4000960237058
4001295991107
1005001736688470
1005002246756070
33031869642
32462547094
1448396681
1005002333466352
1005001952896917
32709423498
1005002212179945
32762916136
1005001559825719
33054409992
1005001518005212
10000106678522
4000108775495
32914181449
1005001440957934
1005001858634819
4000238280182
33050878023
4000828105582
1005002381246128
1005002132961237
1005002326822323
1005002438602593
1005002167834632
4001022411433
1005002051450968
32903059861
32980944273
1005002080309923
33055389315
1005002114329923
1005001380535781
1005001813324920
32829400755
32959445338
1005001501440026
1005001879641932
32821753274
32378814650
32983674926
32827808616
1005002334726885
1005001411630813
4000369087115
1005002239379599
1005001764067197
1005002270408198
1005001452542403
1005002443490851
4000711130117
32391220732
1005002477642404
32846029334
4000076813901
1005002368062032
4000406062565
32917270157
32848593836
1005002064664136
1005001894510762
32874950398
32392538156
4001212208558
1005002469676981
4000478654254
32703325520
4000442311798
1005001472819765
1005002400242549
4000082896712
33045153083
33049134202
4001030057092
4001066434718
1005001704345457
4000243234515
1005002275631632
4000459934345
1005001693981083
4000161071030
32704144992
4000985291400
4000972063411
33015444312
4000966507718
32917361467
1005002463253299
33011925312
32609685826
1005001453387279
1005002305039800
1005002252435629
1005001304093087
4000121782149
4000266796443
1005001900228693
1005001933701350
1005002431094523
32866610093
4000268144500
4001089537880
1005002168917795
1005002169335555
1005001666082569
33040700384
1005002313775754
32991203084
1005001781041149
32526659614
4000219532933
1005002316176690
1005002467837215
32870242156
1935912752
1005001670998141
1005002015356889
1005002314260902
1005002103253963
1005002374436109
1005002460581383
1005002288111891
32824237518
32840015956
1005001831336156
33004321923
32923119356
1005001570876512
1005001385552979
1005002272798878
32860942359
1005002361086573
1005002361612456
4001032156534
10000395842184
1005002320048306
1005002277448978
32956548933
1005001859962035
4001320831234
4001202148296
33010305527
1005001814291587
1005002408035672
32835840729
4000131651828
4000917879679
32407576967
1005001403399162
4000054642363
4000001721056
32958896000
4000200183154
1005001727757376
1005001736611992
1005002314615777
1005002108083428
4001014963927
32967523559
32831393195
1005001835690796
32826321200
4000959609899
4001205607787
4000859816396
1005001874051200
1005002125112227
33039877858
32869329105
1005002441564597
4000972712034
32980875275
4001144292908
1005001584905602
1005001271464260
1005001779240293
1005002340961977
1005002442822328
1005001350012424
32945163237
4000287357544
1005002359761901
1005001827158714
1005001699161271
1005002406152517
1005002038882812
1005001370633418
1005002086194677
1005001685443597
4000595782782
4000982844752
1005001290040462
32814586457
32956608849
1005002072793013
32363458311
1005001640391631
1005002352324163
1005002300160216
33025180268
32783771692
32827768950
32931677855
32859692988
1005002181257693
1005001834466967
32281426014
32806175818
1005001994950103
1005002454299325
32811793687
1005001879094633
1005001564842132
32982793671
1005002341637729
1005002105212208
4000714460352
4000570469024
4000202897254
33006027773
1005001926169766
4001309146897
1005002270886359
33010190995
4001218853778
1005001417091698
4001290623215
1005001411160369
1005001997042456
1005002315866785
1005002405345482
1005001793069561
1005002378344992
32803155735
32910592274
4001078257652
1005002496039423
1005002330227702
32303875143
4000219743207
1005001641103847
4000601365950
32949016803
4001341766694
1005001504468304
1005002365458421
4000336971240
32905495104
1005001907327240
32864628607
32892382219
1005001868454832
1005001309950671
1005001980448253
33019404888
1005002319109847
4000175809150
1005002275421878
4000677865765
32814870341
1005002314340539
4000129609268
1005002311514230
1000006202309
1005001689343013
1005002336971876
32892197771
1005002388415002
1005001869320703
32728192876
1005001510348789
32804714787
1005002342433859
1005002280847421
1005002497478659
32953924421
32555047303
32923062842
4000785037896
32904218320
1005002370342424
1005001379836377
1005002291235481
1005002363054052
32386825573
1005001749943096
1005002279292182
1005002011605338
1005002252911804
4000107022559
1005001329807771
1005002395377859
32252019757
1005002490422697
32916376387
32817050211
1005002172696067
32824087919
32978334311
32625764494
4000296103660
32963135085
1005002243318044
1005002211092076
1005002011064122
1005002305693058
1005001451643394
1005002364319031
1005002471266962
32988233312
4000803696491
4000804505966
33035709439
1005002333566073
1005002317113350
4000205431013
4001272923086
1005002432094082
32910342313
4001041953248
1005002236687617
1005002292004112
33021278737
4000035610676
4001184378926
1005002213785447
4000744827245
4000988245054
1005002294074242
1005002109781780
32968467106
32897421323
1005002398081183
1005002265221212
1005002347766398
4000191689628
1005001721711706
1005002466983423
1005001957822894
32644614462
1005001942855567
1005002167766499
1005001421128053
2026130048
4001076411823
32942947769
32975439070
1005001413057907
4000440101703
1005002467799378
4001244012477
32504190609
1005002334375653
1005002292906314
1005001458880752
4001276231458
4000216137752
1005002065491129
1327815564
32863328670
1005002315089995
32822991591
1005001507874947
1005002377510409
1005002491111066
1005001447262276
4001050760775
32867798762
1005001930358870
4001062359799
4001285350914
4000083906617
4000207423643
4001122345530
1005002310037470
33005987411
4000712665223
1005001670979795
10000112700672
4000127492590
1005001290972125
32723773200
1005002157758335
32861437290
1005002313789007
4000230893709
32980086261
33050473345
33032452040
32960018408
4000402197385
32967701859
32978171618
1005002307519625
32952743378
1005001582441901
32439859855
1005002254042707
1005001268168144
1005002341606923
4000222112698
1005001397805188
1005001966295397
32949778806
4000671997934
1005002304291880
1005002062963309
1005001970418015
1005001816741766
32911635679
4000894783508
1005002206601948
1005002304648051
32835300511
32901102895
1005002039258380
4001260367402
4000271972495
4001290415691
1005002312486843
33008051772
1005001947411584
4001068691078
32810513677
1005002317706766
4000200482837
32963303454
4001320481482
32832491932
1005002357688474
1005001339828925
1005002384740969
1005001648015233
1005001804400302
1005001286169052
33011166914
33013590995
32822583793
33013890846
10000031940173
1005002310517854
32967805071
1005001338791867
1005002006057308
4000349810823
1005001998387544
1005002310097487
4000105891102
4001067373366
32851303437
1005002462032544
4000182948861
1005002475421822
4000740952611
4001205345875
1005002258815973
32789664356
4000749453473
1005002318075866
1005002453620170
1005002369423915
33003366056
32473350020
4001270759656
4001054281742
1005001664007545
1005002357675121
1005002367948615
32384354635
1005002201669799
1005002324018802
32803307073
1005002221980223
1005001943423793
4000830571385
1005001296261080
1005002250472255
4001087569647
1005002352312984
32854325198
4000010593800
32887073587
1005002490346622
1005001726122069
1005002377951834
1005002327030586
1005002453629458
1005002198238353
32881300492
4000138845738
1005002044153667
1005001422967134
32813425687
32807927982
1005001834853283
1005002171125014
4001291648304
32967586498
32983523399
4001339718639
32895776180
1005001452861451
4000544147818
1005002266262073
32820358151
32213958854
1005001500492914
1005002377335275
4001326487744
1005001966444074
1005002224071131
32977815674
32903305606
32866548771
33030969617
1005001820206348
1005002090735374
2045299955
4000735586103
32243242212
1005002233591048
1005001617703247
1005002117856160
1005002014620577
4000211729593
4001275870174
32837598737
32852303161
32961688216
4001327541232
32278238326
4000034494010
32806374759
32839184853
1005002456872138
1005002167743750
1005002308482706
1005002434351714
4000157074643
1005001424934615
4001309378369
4000193020276
4001084915628
1005002310088010
1005001761808734
1005002365887861
4000962362553
1005002378068057
4000041086700
4001133953268
1005001505596225
1005002491571794
1005002370459206
1005002295004809
1005002117309238
32787118222
1005002277656592
32844812598
1005002319260531
1005001620358814
1005002205780136
1005001423976764
32699409027
4001053072914
32973461303
4000041199842
32992088599
1005002474965044
32762917499
1005002039029886
4001286932604
33027800893
1005001525744754
1005001908015904
32666799763
4001271165642
1005001526799704
1005001947544807
1005002281598399
4000287208573
32875803022
4000937315492
32993357251
1005001873002073
4000862322445
4000017030944
1005001348607216
1005002046784284
1005002104743581
4000693458372
1005002192408516
1005002372801030
1005002489398696
32915807439
4000494351201
1005001545879672
10000004015266
1005002340962557
4000359964854
1005002250007392
4000245221544
32971986361
32971523195
4000846838104
4000960331355
1005001693161198
4000260615206
4001071262857
1005001656441725
32955308167
4000817449375
32905905402
1005002452770268
1005001395214858
32829786402
4001054324474
1005001779812774
32949444168
32921112665
32391590315
1005001631105506
1005002340357029
32970538871
4001287068926
4000247324706
32867832520
32999214185
32669581229
32993874163
32972000327
4000084857176
4001294237783
33025021525
4000458918778
1005002394260886
1005002310948302
32994648741
1005001285291167
1005001658148107
1005002086528479
4001180078368
4000954450030
1005001721670395
33045881169
1005002283515859
1005001813451468
32593172804
1005001463492890
1005001928752746
1005001441375181
1005001705691231
4001005168953
4000672992222
32842345602
32822712566
1005002321376765
1005002478672322
32973000932
1005001985449087
1005002311767988
32831262520
1005001356631836
1005002500240720
33009797465
32919574823
32963755970
10000320617898
1005002293708629
1005002469069754
1005002182373794
1005002387866312
4000269022624
1005001987669621
32750136711
4000764696728
1005001679444770
32594453303
32794994754
1005002252091996
32960202277
1005002022519240
32925687441
1005002447077385
32837989665
1005002276598324
1005002347314932
1005001785402236
4000160797493
4000869214201
32952657946
33014867512
1005001957567239
1005002483441659
1005001650908895
4000811925604
4000187346370
32901829736
32942355066
32857289492
1005002293328579
32998062993
32999420266
4000639867990
1005002319027853
1005002445031265
1005001489476169
32897897943
4001229357946
1005001313434641
1005002427601585
1005001465558479
4000399708312
1005001335075391
4000910095785
1005002331917423
1005001382389934
1005002255609577
1005002417696895
32813302891
1005001687428701
1005001714114846
1005001482713360
32983496034
1005001429097984
32832521535
1005001726296172
4000865272478
1005002327923493
1005002083742712
1005002349874123
32904593963
4000945555526
32821947355
4000117203251
1950345225
1005002423516228
1005001873838691
32800898816
1005002069512614
4000694023729
32857275681
4001206910979
32910976544
4001345854026
4000750735462
1005001330888630
1005002294524827
4000226851925
1005001547718689
1005002277926754
1005001583193152
1005001656760881
1005002481737414
4000342588154
33017540633
4000077860227
4001046477679
1005002198019718
1005002356260663
4001242515963
1005002383459121
1654296671
1005001688777850
1005002377615134
4000258972197
4001098558366
1005002470862594
1005002314983402
1005002324069344
4000151856631
4000262751955
1005002286649520
32951129282
1005002417086085
1005002315775437
4000017112855
1005002005129123
4000381051325
1005001634855870
1005001831600249
1005001406431077
4001228643922
1005001479576022
4001264789831
1005002150199622
1005001779951071
32869613426
1005002128988737
1005002001385756
4000762335124
1005002245776792
32976841011
32970070434
32786250262
4000055711186
4000548155836
1005001623049077
4000116521947
1005001899367375
1005002198490100
4000689807936
33010226431
1005001551657890
1005002301126055
33032147859
32635028147
4000709048930
32964090891
1005002277863075
1005002314886278
1005002238704332
4001247352929
32859455484
33039448123
1005002304277485
1005002154281816
1005001515953426
32881116871
4000925457527
1005001525349874
1005002289248027
4000057542432
4001272169548
1005002336358261
1005001382761780
1005001851282058
10000399991889
4000712034651
32962714721
4001159854673
4000926102423
33054030228
1005002223816082
1005001876953647
4001138209717
1005002228450771
33033713194
1005002487209701
1005001671191066
4000095339506
32438930675
4000384436657
32862049232
1005002377000929
1005002281772536
32995138157
32528448589
1005002342478799
4000803179842
4001068341939
4001244355892
4000326361428
1005001328857465
1005001424010821
1005002339872196
1005002313685787
1005002259159656
32845545141
32899389697
32803303589
1005001587434216
4001153325259
1005002275546358
32852399908
4000081739242
4001207226065
32976942762
33003066118
32848240509
4001345196707
4001145135610
4001295907154
1005002499238210
32916108687
1005001729778506
1005001570396835
4000106002312
1005002430924069
32996625759
4000778937456
1446491086
32837313368
1005002122418380
32860318205
4000473533355
1005001555306987
4001315161844
32942947274
32832271658
32992522712
1005002265495678
4000355607039
4000207773514
32914451694
1005002265292692
4000243093920
32827680781
4000906243921
1005001805325167
32983135505
1005001580794220
32988242763
1005001402921452
4001168005281
32895159011
4000150918484
1005002314310020
1005002407793256
1005001851508307
1005001910337821
1005002241558040
32882691790
1005002454185824
1005002481692495
1005002370676004
4001038624203
4000842684203
4000599024540
32982987125
1005002262527112
32844560609
4000300008338
1005001607430632
1005002034564230
33032859077
1005001430038009
1005002314381535
4001309547460
1005002264446294
1005002054388510
32741262660
1005001373474193
32853516201
4001069046996
4001267683593
1005002447008717
32854908847
32961128282
4000224177465
1005001448844056
4000220759303
1005001731901103
4001230313796
1005002346467928
4000400692165
1005002314287828
1005002240319075
1005002339973211
1005001447348257
32848787443
32801495848
4001135402216
32850889664
1005002192323645
32819524448
1005001953931586
4001246255985
32322779316
4001220029136
10000018230391
1005002297936937
1005002438515042
1005001491293451
32895282804
1005002073996375
32994004387
1005002288331278
32674614199
1005002240498285
1005002289751134
33014651194
4000330378980
1005001940237188
1005002425419418
32954193931
4000057134613
1005002316713867
32889501297
32918141137
1005002033950300
4000897966705
1005002381799222
32904601851
1005002369315007
1005002447666595
4000465996328
1005001309494901
4000055612435
4000953174272
4001187111669
1005001762992257
4000289058118
33038550386
1005002337466902
1005002284605711
1005002513513866