1005002382807830
4000774825367
32631578827
4000037818898
4000967595339
32854218298
33055392688
1005001744506917
1005002329491278
1005002347752642
4000849881041
4000157116167
4001056988446
1005001695291158
32986453455
1005001744428765
1005001611634566
4000019254822
4000375724297
2032526598
1005001704511601
4001220307712
1005002323317950
1005002460428187
32816477546
4000312435458
1005002203926036
32898810023
4000325119130
1005002050561010
32861779515
4000194839225
1005002276189193
32630539561
1005002418399618
32832574462
1005001296881046
4000894272135
1005002089959699
32967668077
33051825901
4000255342361
1005001462670400
32811601387
1005002234350460
4000663937009
32780788779
1005002475180714
1005002329880336
1005002339494240
4000588245443
4000735746551
1005001469607623
1005002271339047
32908979913
32839101456
32909728163
32994400290
1005002466004450
1005002432387632
32931137244
1005002448704398
1005001750149503
4001170510857
32854103331
1005001797258943
32817667403
1005002271706623
1005001736419102
32890983548
32855356541
1005002314511964
1005002348915346
1005002235121090
32950014488
1005002356172367
32753747991
4000495263110
1005002443184393
1005002481170004
4001159664704
33002709008
1005002412198238
1005001580640945
33044784864
32907122208
1005002330560218
4000480016061
4000722063821
33023264904
1005002102149742
4000834032631
4000616410376
4001039137752
1005002282851309
4000170654456
33008161915
1005002085870374
1005001688123303
4001125567179
1005002160609087
4000147939140
1005002327847585
1005001579313681
4001308607178
4000374124095
32851008963
32779448637
10000205223220
1005001834355442
1005002311346697
1005001954290886
32622170872
1005002277761087
1005001972175496
1005002413666244
1005001498973384
32966177296
32992564139
32658498314
1005002179188649
1005002390640037
32663043059
1005001556933453
1005002362377924
32833245198
4000052538590
4000182664935
32878268475
1005002388303458
1005002337649401
1005002304074613
1684067134
1005002399023579
1725197405
1005001511110105
4000216250123
1005001805408565
1005002028009290
1005002258575595
4000764057857
1005001406997660
1005002253829342
1005001419605470
1005002293485351
1005002288451370
1005002394840972
4000832010631
33041808997
4000953780724
32506315099
1005002307201776
32689539890
1005002370090629
1005002134415202
4000429539580
33024767257
4000808090691
1005002352852488
32697883292
1005001379333754
33061998156
1005001770910715
1005002254367148
1005001779871033
1005002187741590
33057392970
32922187022
1005002264555175
4000609561688
1005001835861827
4000850703180
1005002291735096
1005002289519612
33027733271
4000832918586
4001218024856
4000768665052
33043476974
1005001409677761
1005002388979381
32811506745
4001282614453
4001153758591
32790113584
32816174072
1005001956666113
4001133649372
1005002383232346
33007331572
1005001388806420
1005002259954720
1005001701442626
32975808776
32917109616
32966206554
1005001705541799
1005002288376862
4000582375758
4001127631008
4001195355314
4000849085058
1005001831019942
10000000983010
1005002164704262
1005002342241464
2032147050
32593543866
1005001830222189
32789954901
32895886112
1005002307799010
1005001958753515
1005001395258033
4000320156594
1005001640074801
33029347514
1005002509875342
1005002278791549
1005002420104264
33029498423
4001221482497
32668913950
4001230296941
10000395923819
32900276148
1005002280739912
33015489140
4000711598908
1005001450111678
4000234809884
33040248815
1005001465134029
4000133754248
32988492747
1005001836181658
32952680422
32916325579
1005001493410155
4001046041594
1005001648840921
1005002259045513
32860202578
1005001877468626
4000111332412
1005002057844850
4000987697836
1005002196291923
4000322315615
1005002419281166
1005002332229060
1005001883204541
1005001907283771
4000583084372
1005002408184245
1005001791810447
33006238551
4000046851772
1005002187040439
4000804240751
1005002442938795
33015281137
1005002416450917
1005002259947067
4000440462388
4000680067667
4001272810569
1005002051694255
4001196573783
32798390678
4000382209990
10000004864443
32842218549
1005002370616061
1005001894669442
1005001954917171
1005002368889777
32968498201
4000430647593
32951203643
1005001543948464
4001273182544
1005001615032365
1005002233485156
1005001725402268
33036583763
1005002283898671
1005002357627700
32842305869
32455717634
1005002242969946
4000111401709
1005002220303462
1005002489915091
1005002254495127
1005002347375250
4001337721586
1005001627104353
4000689616874
1005002335996405
1005002285749647
4001252575248
32828930258
1005002122025336
4000161577824
1005001525253276
1005001515250676
33060858138
4000991018086
33037100405
32843859572
1005001339118220
32953886264
4001225230046
32864378546
1005002327712487
1005002027831750
1005002306669304
4001100357533
1005002488555724
1005002499266095
1005002313321874
1005002307703665
33019800852
1005001501377875
1005002192072576
32891719507
1005002364872976
1005002107493595
1005002312812135
1005002278311427
32802050127
1005002400703869
1005002314830805
32937665154
1005001441007682
4000986429213
33022018565
1005002276693634
32973945447
1005001762991628
1005001274179338
32801918242
32909496433
1005001923036668
1005002331784257
32728440773
32758163296
32634023077
1005002485784012
32967359574
1005002288341055
4000221474938
32952931223
1005002239964984
1005001272762388
4000607717947
33025256358
1005002443045981
1005001837004139
33047645551
1005001708160109
1005002038035658
32983710979
1005002320673660
1005002449750410
1005001397264153
1005002388240303
1005002330760930
1005001626037176
32993388173
32845831460
4001203181172
1005002055669450
1005002369510219
32877199698
4001218158984
32819359423
1005001333320724
1005001556461405
1005002255974709
1005002256753256
1005001926498447
1005001446883190
1005002409749556
1005002234349110
4000816265426
1005002352382788
4001170516229
1005002348638551
32972941258
1005001556598937
4001068516583
1005002394529600
4000324909945
1005002309550126
1005001525377761
1005002363750747
1005002466190189
4001139095588
1005002381069150
1005002099737760
4001230547569
1005002487781673
1005001670916061
4001130890686
32856533549
1005002448126321
4001349720186
32950001121
1005002347281670
4000982454883
1005002250416812
1005002359226166
1005002271637535
4001068796879
33000667996
1005002374947975
4001133079779
4001154516857
1005001298635533
1005002277844345
4000983571653
1005002454762199
4000240545392
10000011389363
32385985410
1005002327314397
32911116307
1566784217
32763158849
32827243699
1005002413576669
4000844191098
32883750280
1005002298849160
1005001565440320
1005002367957267
4001267636444
32671319975
1005002297872080
32836064603
32931585363
32916828387
1005002394789771
32857225054
4000068305494
4000709594680
1005002254383116
32837312048
32913112844
1005001900396845
1005002254214205
1000007635085
32794312501
1005002290039364
1005001525569015
1005001585193605
4000694497474
1005002289783305
1005002276717069
1005001627456541
1005002242782537
1005002308003180
4001276905123
32811101622
1005002367870228
1005001501198617
1005002100338666
4000640987407
32684727772
1005002350118327
1005002249264248
33003694029
4000291607181
4001218627306
32321776997
1005001993087289
4000627531065
1005002490843385
4000849665194
1005001797908899
32904234218
1005002420501697
1005001354343152
1005001425043485
4000726460548
32921729314
32923271515
1005002332517612
1005001296723742
1005002269057075
33023464767
1005001901589124
1005002298297036
1005001825990717
4001230374506
1005002239672584
1005002221678323
4001333968582
1005002432606057
1005002435191935
32966250129
32932505298
1005001499756821
1005001921444365
1005002139061542
1005001983161446
1005002305114829
32867885810
1005002344776722
1005002389757007
1005002413196976
4000185703181
4000198003548
1005002314029775
1005002316958465
4000032821361
1005001843304779
1005001665877469
4000927588024
33041065968
1005001917192880
1005001934595543
1005001930764804
1005002348648187
32973415249
1005002465634183
1005001704601853
4001266677292
4001249191171
4000257813518
4000410285563
1005002265404133
32860531810
1005002110682440
1005001429548718
1005001489431033
32720454315
32805830177
1005002246982250
1005001338953875
1005002343277544
4000777086876
1005002336844035
1005002318319330
1005001965069787
1005002338463804
1005002371432893
32318567905
4000791174377
1005002447323564
4001048960389
1005002313823121
1005002338557002
33002892684
1005001709869432
1005002466937821
1005001518529717
32915777930
4001243725256
4000934112341
4000323979130
1005001879826167
32673390154
1005002017851746
1005002496866603
1005002100766648
1005001941073476
32847464277
1005002268041091
1005001439114564
32962793169
32643363139
1005001284697948
4001225368648
1005002499978439
1005002319857479
4001062697018
1005002265581319
32629646132
4000803532463
4000176732793
1005002314426048
1005002314400796
33027505984
32910345050
32627162254
4001099592568
1005002173239715
1005002290118183
4000666586057
32973645573
4001028264755
32763037936
32636463044
32846157383
32951745419
1005002421630226
1005001826942275
4000087107867
1005001560826648
1005002347693543
4001089580010
1005002328104863
1005002387657166
1005002428840602
1005002310035819
1005001657086196
4000096162084
4000592465446
1005002277699619
1005002132677851
1005002233618275
33048075242
1005001304887413
4000505882187
1005001890434269
1005002412875392
1000007119003
1005002393913798
1005002003727786
1005001694668835
32908117924
4000809845551
33010069244
32734829622
4001209099308
1005001788693684
1005001560888866
1005002471521278
32772807449
4000199107870
4000987415760
1005002207658937
4000910666107
1005002219281957
1005002436452618
4000577192884
1005001611973886
4000044760063
1005001381287834
2012462947
1005001599458057
33033357348
32958395077
33043436554
4001304693972
4001176326831
4000705934027
1005001818385775
1005002036821775
1005001432389699
1005002314221839
32808086908
1005002428466786
4000410810060
4000257071151
1005001973718459
1005001775839123
1005002423779124
32996244481
1005001516869329
4000697169417
1005002297123861
1005002312481108
33041338210
4000543848676
1005001698462236
1005001689252060
1005002481308367
33035176338
1005002075274596
32809976131
4000850494872
32618791708
1005001621996324
1005002454298859
4001190002892
32985187309
4000349206878
4001241802940
1005002413668633
32892295486
1005002297988689
1005001937148427
1005002072853979
1005001704474845
1005002070231659
1005001525270941
4000101114483
1005002319279698
1005002276099505
1005002121319501
4000089348264
1005002264761755
1005001525467186
4000988998486
32918189034
1005001393462181
1005002286680332
32865070944
32787190357
1005002454255517
1005001853578393
32957801297
1005002457398775
4000278114091
4001157830154
1005001965390435
33000149611
4001141930401
1005001670806689
32736177115
1005002268479651
4000979048795
1005002234798582
1005002467532610
32830196902
32836333212
490774280
4000823674222
1005001462999821
32977156106
32811781146
1005002414007551
1005002240573507
1005002357731629
33038151910
32888101437
4000617217414
1005002434793075
32826010117
32969768051
1005002245713251
4000695707430
4000248376139
32923095472
1005001587816638
4001291065756
32256037861
1005002426541289
4000876904507
32966510507
4000623179904
1005001954873434
1005002388104379
1005002208301170
1005001566480610
1005002307652224
1005002310140588
4001313179894
4001240963026
1005001852957255
1005001469275851
33059349762
4000088185166
33005894362
32958130450
32970546866
4000709913428
1005002327799828
32691188481
1005001560831312
33025114012
1005001652494650
4000990855798
32872327231
1005002205753429
4000467630679
4000891289550
1005001837114382
4000900125058
1005002460223461
1005002442863451
1005001732688595
4000037449672
4000933514596
1005001823668777
1005002254981761
1005001587921711
1005002347373539
1005002085192131
4000506450511
1005001851165914
32855492045
1005002362479500
1005001315295308
1005001768469435
1005002266089297
32951945644
32802000482
32663273202
4000317947772
1005001300948847
1005002389064369
32983015402
1005002302701645
4001282397559
32934978547
1005002314884978
32568625683
4000308720545
33017953385
1005001501031139
1005001547554809
1005002233384374
4000113585309
1005001406503674
4001203731995
1005002289031862
32960982351
1005002360001550
1005002464801279
32992366548
4001140284767
32785814645
1005001658697546
4000636175802
32592057697
1005001911065052
4000570797453
1005001579405285
1005001525213369
4000958811339
33060350817
4000159551965
1005002363122790
4001339821996
1005001412310170
4000708903297
4000098635057
1005002330725345
32810589804
2038267143
32815167400
1005001562672475
32734438579
33012488636
1005002256577626
32965813353
33051711244
4001216588161
1005002008852790
1005002266295941
32814071611
4000100187498
33030363408
4001127394148
1005002114272549
1005002204954292
1005002302771168
1005002335878880
1005002172434507
10000323525990
4000931908392
4000451141937
32839755567
4001066291806
32845338800
1005001913430050
1005001478666274
32844199886
32824908729
32891769865
4000047112060
32979396050
4000402838947
1005001323082491
4000321518572
1005001843968114
1005002313732617
32750228315
1005001714788711
4000979634519
1005001683052124
4001018759114
32907023762
4001339640225
1005001590934606
33002923265
1005002273662154
1005001703380458
1000007846276
1005001863388617
1005002149167381
4000145679784
1005002297999969
32909196706
1005002467607003
32695941312
1005001982346457
1005002387506310
1005001939429584
1005001679067162
32808865340
1005002328366794
4001104197162
1005002167811297
4000166073558
32980464744
1005002304182058
4001153462571
33018522571
1005001273214882
32959510902
1005001736779616
1005002432000800
1005002288419361
1005002413369930
1005002492667021
1005001511006696
1617089593
1005001351888490
1005001616204538
1005002359297386
1005002305620735
1005001737185578
1005001909526656
4000786757968
1005001514965960
1005002167627946
4000755256361
32728072439
1005002351722449
4001275479781
4001254394845
32246921476
1005001364835265
4000515125229
32883088745
32347749664
4001027546266
33015501515
1005001523599995
1005002327543980
1005001687172367
1005002404302778
4000192741798
32790908072
32406159603
1005002400797363
1005001457097268
4000351925951
4001044458339
1005002037366520
1005001463808235
4000109072422
1005001513310061
32807523885
4000327727412
1005001884836552
32920892017
4000429194174
32830722589
1005001281636833
1005002128596210
1005001779784869
32854431329
32824065171
32898478584
32705518289
4000943284377
1005002371951758
1005002372263231
4001085238065
32861828744
4001122055904
1005002059755840
4001261221972
1000004476062
1005002254326196
1005002191512857
4001064655695
1005001773590958
32834448673
1005002083934590
1005001716919156
1005002350382503
10000343730144
1005002399259730
4001248605831
4000748518309
4001010557048
32812165928
1005002314452175
32910452036
4000571713283
1005001330952861
4000680959251
1005001899966066
1005002346825072
1005001870538699
1005001689035458
4000355501429
32806508710
1005002409293886
1005002397745916
33010069066
1005002298941133