1005002467139991
4001318638103
1005002156274117
1005001813585492
32813156827
1005002287958886
1005001720669418
33025274483
1005001957469309
32766227877
1005001899291522
4000626162335
1005002254995937
33000117054
1005002365066701
4000960586922
1005001578644217
4000537352085
1005002328108696
4000680933776
4000773512972
4000044493723
760571741
32737551446
4001227438422
1005001670772286
1005002252632400
1005001952822062
1005001556285608
33012626350
1005002293933782
1005001635657935
1005001471025631
32917728293
1005002434976368
1005001670927447
1005001955209270
1005002440009199
4000756709737
4001064497512
32954219179
1005002357144498
33035964805
1005001515322980
4000061693792
1005002070018659
1005001483752131
1005001516701246
32958669862
32905279688
1005002393013893
1005002388340442
4000083298668
32867729871
32473358738
1005002243857792
4001087019048
32852714314
1005002280932814
4000123699920
4000302103062
1005001493420504
1005001769881264
4001047445298
4000182651348
1005002475687802
4001264926013
1005002122496068
32917171262
1005002294192912
1005001708625217
4001157545794
1005002334058460
32813351148
1005001960199288
32695999779
32803214226
1000006508503
1005002238931408
1005002244015290
4001106094378
1005002212115888
4001254828066
4001220787052
1005002347841656
1005001501934037
1005002263783596
32861313497
1005002252285397
1005002318554325
4000781035547
32876305036
1005002306015582
1005002302214620
33047190598
32811414990
32667512792
1005001382327655
32853128979
1005002241135703
1005001355033098
1005001855168935
4000944815319
4000735799814
1005002165585562
32825497508
32986573781
1005002100357241
4000444795232
32786631615
32863720060
4000245287880
32849332721
4000515965515
32776360755
32929034557
33040542179
33055486957
32723597517
32900831105
1005002291589380
1005001942747994
32897241634
1005001901131756
1005002428402084
1005002433265446
1005001530918014
4001157544270
1005002304314707
1005001888035479
1005002379048069
1005001625821000
1005001565980361
4000764486123
1005002453442402
1005002384177828
1005001763103465
33051838187
1005002253108278
33040664399
4000846037976
1005001971259276
1005001357593948
1005002450366194
4000632982558
32948998952
32416301224
4001226603649
1005001677920590
33055500852
1005002490393872
1005002380635757
1005002270137591
32613104368
4000607063647
33005956892
33000953682
1005002309429450
32888480725
4000577770220
4000389176010
1005001965814884
4000667181439
4001158424880
1005002384174570
4001116043542
1005002237991621
4000772296562
32799121305
1005002355249034
4000546043559
4001066420443
1005002293092643
1005001557868702
4000843010146
4000708983996
4001114138799
32908968346
4001051200698
1005002341209744
1005002252478403
4000337326245
4000670360388
4000908524771
4000429536517
1005001694408796
32229737843
4001168883291
1005001631816147
1005002435420352
569825974
1005002304474866
4001038338243
1005002388552212
4000760593980
4000261757480
32924959977
32830784411
1005001374525125
1005001413849140
1005002064206079
1005001591579822
32921283327
1005002453374019
32964268271
1005002170791017
1005002297576788
4001345754511
32987597934
32956044370
4000111371422
1005002426645558
4000113999128
4000732768583
32706761345
32949035231
1005002365293828
1005002258424622
1005001350983946
1005001885497943
1005001397528622
1005001654315163
4000155069988
32978372717
32897567229
4000604259818
1005002122431290
1005002311099399
1005001999441602
33025213542
4000623226220
1005001860330471
32795883361
4000890997219
4000108054948
1005001721934519
1005002494679318
1005001447284270
32978987471
32920988950
1005002278897158
4000118821281
1005001808680592
33045131412
4001157370466
1005001271590864
4000546658914
4000672772212
32929320916
32949299892
1005001867289903
1005001695481349
1005001426312316
1005002359414955
1005002269005194
1005001839465993
1005002255027665
4000736121205
4001113086438
1005002291001824
32811380193
1005001809171385
1005002473722176
1005001992311687
1005001457050332
1005001546467769
33040711793
1005002323600790
4000927021286
32874661571
4000447108641
4000224922980
4000172848169
1005002193923222
32787642641
32974404026
32812101879
4001143209673
4000850425494
1005002314133634
1005002448535650
1005001325005889
1005001670583451
1005002456489692
1005001795445260
1005002037520481
1005001364662747
4001142093928
4000934543260
1005001471928726
4000140645767
32850375736
1005001917277261
1005002315819785
1005002259180643
32845945126
1005002141573097
1005001913188263
1005002372036816
32991502161
32803139799
1005002121776530
32846793090
4001327446230
4001120176579
1005002397753585
1005002381927452
1005002389134856
32973604794
1005002442836608
4000447654540
1005002110071378
1005001859723242
1005001544033047
33022148229
1005002272575904
1005001789098984
33033472788
1005002435657896
4000310779623
4001208526351
1005002497009389
1005002302376835
1005001447957915
1005002213614470
1005002333109672
4000464466706
1005002314526603
33021103154
32649513097
1005001681946965
32894856968
4000384684514
1005002271603180
1005002292034503
4001218955103
1005001858611935
32857209542
1005002288673281
4000448266576
32901561480
1005001564977263
32892228042
1005002452998425
1005002233323835
4000715500395
32828531094
33046139669
1005001730732441
32992203031
1005002381601971
1005002146487359
1005002460116806
4001360592848
1005001915406172
4000045773754
32998477105
1005002357034761
32719142040
32562654609
33055524658
1005001495318449
33043134593
1005001454255571
1005002030143010
1005002345153721
1005001679130103
1005002440744844
1005002394035707
1005002278648381
1005001374926052
1005002080338658
1005002432817430
1005002433957963
4000708974439
1005001561311557
1005001834428659
1005001657041395
1005002258126139
1005002454236665
1005002219786040
32682297895
1005002288528004
32951510155
1005001758300867
32737921576
4000930704211
1005002205991288
1005002394730760
1005002166746041
4001032195262
32981170113
1005002337588161
32845009306
1005002312525079
4001069226598
4000426862612
32986100132
1005001731152720
4001079067718
4001080244667
4001294153999
4001163132595
1005001502492491
1005001953044907
32303308680
4000586370589
1005001293556049
4000602633970
1005001525398490
32825479389
32963154033
4001321249817
33022920513
1005002409619638
1005002426583397
1005001438762839
1005001873459636
1005002090946075
4000144771979
1005002384339657
1005001808756267
32848299645
4001250906651
1492601945
1005002197838911
32822409043
32990419250
4000271343015
1005002003429466
1005002091553041
1005001411554819
1005001424085473
1005001893130875
1005002495226472
4000297591056
4000764124405
33004099815
1005002317987594
1005001939854498
1005001748448446
33000184098
1005001821502048
4000640306972
4000778708471
1005001800301529
33057807915
4001005137637
1005002253725278
4001093967499
4000165261689
1005002314604728
32954970934
1005002247520220
4000616168823
32968965385
1005001817910037
1005002394332965
1005002314856951
1005001883855613
1005002467174187
1005001953934207
32987340841
4000838220243
32816986861
33015016212
33015538877
1005002297156831
32608118579
32904540057
4000444175212
1005002007328052
32648252571
1005002363204329
1005002258783908
4000987266355
1005001764650291
1005001269523713
4000336720661
1005002063250384
1005002316827608
32701455405
4000668056960
1005001640587545
1005001727533642
32826128739
1000007976303
1005001670883471
1005001522228003
32889744698
4000960660034
4000133117919
32819403369
4001014953923
1005002335209269
1005001631987260
1005002314528729
1005002395112367
1005002378819295
4000224451383
1005001530127359
1005002363171234
32906115358
32705299737
32710648151
32850596708
32795760240
1005001859938898
32855809631
4001000696392
32905670944
1005001329751484
32809982143
4000478431034
1005002230359856
1005002287368056
1005002012265344
1005002217276574
1005002306291093
1005002124081014
1005002439279028
4001178862484
1005001606149555
1005002097192246
4001189074560
1005001862680965
1005002345042144
4000085836070
1005001438858340
1005001471782767
4001305784884
1005001822313853
32988974227
1005001428751605
32900072824
1005002328712920
1005002342372049
1005002245897824
32978443727
1005002292906271
1005002377427161
32973808409
4001282166829
32892651915
32847556556
32888891103
32974162882
32854641834
1005002320742246
1005002012212695
4001314636949
32440699429
32983544558
4001077139318
1005002225356572
1005002168210520
32899856256
32730306901
1005001618256257
33047745484
4000985302334
32949697340
32682979998
1005001941044820
33053961728
32918918094
10000408200931
32353950678
33015635031
10000328911669
1005001833337510
33029148165
1005001793506416
32956541226
33046979938
1005002441146932
1005002265588533
1005001536648335
4000849862073
1005001265305235
1005002025793075
1005001629197069
1005002289135747
902607766
4000739060205
4000627533005
4001344062489
32330809466
32557883924
32847852845
4001316407418
902607785
32813351256
32798287770
4001120136007
1005002477859670
32920403430
32919971069
32856101375
1005001488333919
32878771761
32990480855
1005002263912928
1005002293697644
32853853399
4001183952226
32960335919
4000123447650
1005001808663099
33054558202
32507950563
1005001304503197
4001038739692
1005002421478363
4000267009074
32978363409
4000100409791
1005001732201004
4000159570758
4000326688240
1005001429789491
33053711443
10000000692174
4000604324442
1005001495116384
32808749789
33031588661
32716892670
1005001393946442
1005001702786587
1005002433807462
1005001490030149
1005001727105060
1005001450487550
32622100808
4000696825182
1005001804461531
1005001623547619
33019276345
4000417521468
4000227449370
1005002009295702
1005001963604931
1005002376836405
4000537300386
33031808615
32960973798
4001310849394
32982230206
4001200291272
1005002442890733
32888353738
1005001656894264
32960221834
1005001998595340
32835625236
1005002260716242
4001122483715
1005002425368720
4000642482614
1005002244760872
1703333446
4001040820007
1005002068431258
4001234343670
32996805523
32387872561
1005002165991184
4001070803465
1005002253788279
644374754
4001221917394
1005002321246428
32955291711
1005002329687041
32944525507
4001253412263
1005002375189222
4000600057059
32880756758
1005001961389608
1005002315537592
4000365579331
4001190021397
1005001571267401
1005002450537124
32826838865
32376538720
1005001555757532
4001066091044
1005002275514640
4001251617668
1005002332490075
1005001495121720
32407977310
1005001351198934
4001223870083
32902780256
1005001297410034
1005002318464742
1005001972480728
4000718437085
1005002089455420
4000285983743
1005001993583562
4001282123089
1005002399256541
33027513762
4000780615478
4001288980931
1005002443278601
32857761371
33048067703
1005002400840292
32957425784
32973871708
4000089645536
1005001621046270
32608201608
1005002473026427
32819057768
1005002364727335
4001308861502
1005002276061406
33015965102
33014074765
1005002362381458
1005001843244516
1005002314408277
1005001918577134
1005002468982525
1005002100368887
1005002473826426
1005002467406846
4000247620343
1005002279973202
4001331644123
1005002291010395
1005002363661678
32803072414
32970834292
32616503733
4000865352902
32815084502
4000971860211
33047265530
1005001612693276
1005002275449771
32960643697
1005002145701940
4001329161515
4000853152360
4000059723638
4001112695134
32954225481
4000699764192
1005001871033858
1005001370651847
4000794663723
32975473646
32877189035
1005002454301342
4000842681228
4000244902186
1005002399477694
32802386267
1005002177358990
1005001709079390
1005001915621922
1005002275662915
32994047035
32537482918
4001157171167
1005001368697168
32844118924
1005001682178467
4000641981523
4000725742846
1005001371113354
32823187640
1005001708284673
4000554971087
1005002080613946
1005001439076643
33010851418
1005002314172988
1005002462540174
4000106629779
4001053764547
1005001954828637
4000885039651
4001209261325
32803677289
1005002470481944
1005001736691388
1005002425971692
4000905443553
33033427076
33008897408
1005002334455602
1005001956632584
1005002488728916
4000002751384
1005002412593507
1005002307663220
1005002484445968
1005002421168144
32919995820
4000602829365
32767109324
4000825872968
4001100969889
4000360506734
1005001671067400
1005001776230258
10000325624073
1005002381745607
1005002090550309
1005002298785719
1005001679033711
1005002092590340
33011692947
32862244798
1005001719063246
1005002327041555
1005001643860064
1005002305451477
1005001729200188
1005002264545593
32844939759
4001251936050
1005002248792798
1005002217383040
4001108328200
4001337851179
1005001829137554
1005002382772158
1005001843840642
1005002488133712
33016514482
32995890839
32345055880
1005002313828098
1005002252418567
32879845866
1005002431495251
32828056033
4001135713329
33033555236
4001226738578
32976126158
1005001462169656
32734900132
1005002315425099
4000538549633
1005002430995513
1005001817235427
4001088942963
1005002287069419
32325041166
1005002393129735
32853591928
4000548804360
1005001798573045
1005002405054957
1005002297127343
1005002387737829
1005002423730159
1005002114092905
4000786079287
1005001645883196
4000626083848
4000189433842
1005002342520681
32981236636
4001275605387
4001144316286
1005001470058612
1005002311059928
32981916894
32994284210
4000022813844
1005001392239128
32924478809
1005002362409841
32958567241
1005002246927017
1005001949226672
1005002199055028
1005001644469217
4000268916780
1005001372877091
1005002389608548
1005001334015088
4000338684285
1005002377581715
4000616070641
1005001597593118
1005002291866123
4001284971162
32848311761
4000973380073
1005002434197454
4000903424901
4000983465254
1005002007377504
1005001969982337
1005002260220877
1005002419609764
1005002314462006
1005002082471442
1005001474058246
850274904
32903608129
32833602158
32824685042
1005001908260610
32948270083
1005002290143086
4001326057863
4001021404830
1005001809242485
32948922915
32828422932
1005001657882052
33029862946
1005001844498321
1005002238238711
1005002265567844
4000811338606
1005002268371189
32842180817
4001128541825
1005002234125376
32989099387
1005001930891801
1005001926666936
32713312687
32954658101
1005002428780491
1005002016501098
4001036074731
1005002114734681
1005002449215613
1005002418127945
1005001645272007
1005001871636510
4000086212243
1005001821578686
1005002443751401
1005002122249990
4001013047752
32536554114
1005002377020913
1005002219322541
4001232073673
1005001315692481
4000550169764
1005001987267484
1005001353798397
1005002382183355
1005002178103358
4000543706632
1005001439233899
4001270723583
4001025831877
4001122626536
1895569128
1005002272307123
1005002460415194
1005002323966081
33021980581
32986580103
1005001483442474
33028824301
4000168879542
1005001572492565
1005002377239950
1005002333351197
1005001485410562
1005002389852707
1005002346118089
32859432163
1005002311440527
4001063818547
4001021380127
32818342993
1005001278009346
32889833493
32918600394
1005001591903504
1005002339523295
32672397509
4001083215698
1005002253708922
4001106772313
1005002492361272
33051349450
4001132710338
1005001664452317