1005001780201924
32951086608
1005002452755669
1005002264724458
1005002203683117
33055481029
1005002443660612
1005001603603872
1005002306973534
1005002256873463
1005001993904352
1005001561683950
4000528829388
32859052374
32715418414
1005001954914481
32272424692
1005002431725121
1005002477925710
10000161447891
1005002314216971
1005001670434080
32867074869
33006140180
1005001728305971
1005002342475366
1005002364845005
1005002284357484
1005001434053008
1005001708284762
1005002448954871
4001236993045
4000284731907
32959148908
32869987170
32909931527
4001086351718
1005002362003237
1005002329257612
1005001980130636
1005002348626956
32846468643
1005001571211732
32963600992
1005001559840440
1005002254907470
1005001359653519
1005001698617390
1005001617615225
4001248313471
32825371946
1000006646748
32852791685
32921326566
33008334182
1005002458332799
32947231970
1005002235132801
1005002111096479
1005002409713201
1005002357909994
32985143647
4000110911671
4001173842545
1005002140305172
1005002408844260
1005002247611281
1005002235857757
2049044363
1005001567564649
4000491838498
1005002175849821
4001276449471
1595442054
1005001278520962
4000447257334
1000008165765
4001247200448
1005001407412084
1005001703509963
1005002056251645
1005001793135566
1005001875475814
32874316354
4001035920946
1005001872855485
32843944865
32868638873
1005001858632023
1005002394876036
32558976348
1005001914262843
32947360179
1005001980257117
1005001855226208
1685359436
32856644073
32818430577
4000047581963
33033863543
4001241022355
32638851785
1005002216516861
1005001980581142
1005002282554997
1005002180211913
4001294148747
1005001941010756
1005002255894288
4000251559813
1005001640076027
1005002364122982
32709932302
1005002392477184
1005001941371451
1005002338900585
1005002084621192
1005002259392246
4000785652167
32841236524
1005002086465679
4000221867969
1005002082182814
1005001412586150
1005001862728444
32796410190
4000781282649
1005002314501898
32810447197
4001344962736
4000473461728
32845389766
1005001545107766
32862638092
4000478426830
4001285142245
1005002467428112
1005002282405929
1005002451153316
4000266540846
1005002122248961
1005001887946214
32857036277
1005002291193307
1005002191712810
1005002359113877
32864774455
32289022281
1005001865574001
1005001773991203
32990838509
4001035145380
33038302849
32921716016
4001244433031
4000772192102
1005002280238969
32530344353
1005002466082782
4000575761795
1005002376461882
33031600678
4000820082081
4001208455306
1005002304478735
1005002439974622
1005001622484931
1005002433635899
1005002457917792
1005002301768600
1005002304322697
32868834834
32854367591
4001211920578
4000074737146
1005001325264775
4000822760875
32844201877
1005002410917224
1005002357972597
4001214744279
32899178098
33041751014
32960940062
1005002304837140
1005001630442794
1005002256739221
1005001593687489
1005001825507495
33031867457
1005002314249704
1005002259758351
4000498597693
1005002341618249
1005002444115987
1005002292555312
1005002273133095
1005002276939270
1005002408045414
4000996305629
1005001579232427
1005002295103691
1005002341284113
1005001789961946
1005001953833017
4000375618118
1005002476142527
1005002500538068
4000712187990
1005001300035154
1005002150620679
32917996938
32864369565
4001219520570
1005002238906815
1005002107626170
1005001808559255
1005002378264317
1005001458931843
32678234124
1005001899305081
1005002357451776
1005002310520420
1005002423637057
4001110181964
1005002309777488
1005002337349615
32897902125
4001039298653
1005002398872724
1005002481135437
1005002159184291
1005002058624227
4000640478070
4000688808635
33026311384
33043558148
33002729400
32309606683
1005002318736791
1005001566934676
1005001483885507
1005001786410700
1005001953584249
1005001510207416
32892522261
32847758163
4001045300114
1005002011558915
32910452067
1005002179667616
1005001629076429
1005002323037648
1005002244852481
4000983547656
32706451805
1005001985789617
4001215217100
4000327592009
32878719586
4000931541067
4000158213708
1005002342726688
1005002291097161
32756151723
1005002205560055
1005002286097598
32952212564
4000825761114
4000842621633
1005002435057951
1005002325283686
1005001763904174
4001107809235
32797293099
4000255454885
1005002494339892
4000081474393
4000875016871
1005002341224374
1005001985274227
4001365318325
1005002454268965
4000720641462
4000147464724
1005001483963694
4000425155539
4000116089448
1005002283522724
33005520402
1005002465150291
1005002454351244
4001066553985
32977543568
4001322341057
1005002176351021
1005001914684318
33012538850
1005001874889250
1005002283064636
32855793572
32994966242
1005001732676446
1005001824202924
1005001839576787
32793107680
32915207666
1005002463049716
1005001816936956
32777381749
33014265523
32847631680
1005001516850114
4001114865430
1005001975928998
4001286523690
1005002325066530
1005002256399660
32885660923
1005002353607483
1005001526325100
4000129879934
1005002351987466
1005001880124900
4001148096501
4001124807443
32857281438
4000306530683
1005002277132721
32982642143
1005002363183885
1005002258972436
32961042812
1005001687906962
1005001505293929
33007210715
32985067371
4000867043645
32970634185
4001207949352
1005001468612477
32820264732
4000032657046
1005002361891360
1005002337658880
1005002058011911
1005002313487906
4000434031959
32858855547
4001145019866
1005002467462878
1869936627
1005002490683126
32619292966
1005002293877926
1005002166280360
1005001679239568
32803836571
1005001994457500
4000358544784
32646112436
32938656465
1005002091991110
32863655069
32985617769
4001120870449
4001125083939
1005001620213033
4001274637808
1005001612551902
1005002319569188
1005002395811563
1005001952727540
32595490544
1005002498524090
1005002450557690
1005001526228497
1005002314241687
1005001493190581
4001142905377
4001240238289
4000170254813
1005001950072313
1005001499202639
4001262784552
4001006449096
1005002317729621
32995170667
1005001602517116
4001260887927
33048747183
4000262962229
4001149346463
32442898057
1005002443687507
1005002176127202
1005002296952036
1005001288790190
32453949623
4000132554476
1005002413241852
4000196723971
32911787387
4001210675900
33027470272
1005001313835729
4000965701654
32862033399
32342350076
4000143963405
32785165950
4001275537269
1005002467877802
1005001411641185
1005002340992185
1005002292814974
4000665959494
1005002268290812
1005002015332025
4000340177252
4000575554308
1005002431913077
4001178016922
1005002422950171
1758118719
32801004941
1005002342187933
1005001961300008
1005002336152306
1005002293224969
1005002428357308
1005001453097956
1005001943351379
1005001976576658
1005002484466074
1005002122517366
4001117951438
4001147777330
4000304549013
1005002107403163
33025765787
1005002120884782
1005002331135708
4001214306095
1005002333770573
1005002054818946
32725050900
1005001348667405
1005001590840430
1005002219838558
4001058096190
32808734089
4000804142947
32873400870
1005002378233336
1005002467146389
1005001843684346
4000064671913
1005002396707328
1005002393798099
4000682731124
1005002397772463
4000448483207
1005001962267433
1005002271473604
1005001825689875
32830268375
1005002363947351
1005001856265650
4000239094746
32484198044
32501187061
1005002323232067
1005002394852294
1005002378749169
4000088661054
4000895470576
1005002001875929
32889146056
4001146375808
33034762706
4000395460559
32825107676
4001330820844
4000002727982
1005002313740044
4000956236950
1005002382388752
4001219487422
32715437315
1005002405057494
1005001478156754
33011162663
4001220007511
1005001302426381
32882990763
1005001517493530
4000260877453
4000035755509
1005001640408918
32875646572
4000674617854
32847649878
32781802590
32996618404
1005002332511405
1005002350805761
4000796583451
1005001915328284
4000181174290
4000602743700
1005002110342597
1005002033062317
32838077187
32996040904
1005001665712685
1005002052554640
1005001908193636
1005002265360977
32695949397
4000625741406
32848445651
1005002483341267
33051426494
32915457755
32847563457
4000857297381
1005001723701893
33006375727
33007775569
1005002417061831
10000395837264
32679045962
4000834875689
1005001830180492
4001226534193
32974560020
1005002346147285
32464714762
4000696341077
4000941109684
32773395689
33058240288
1005001971502907
4000748672721
1005002404205717
32886510130
1005001379210768
1005002184824599
1005002215354665
4001270327266
1005002358272279
1005002143252993
1005002263868975
1005001355296922
1005001315115879
1005001668087024
32802353881
32788720443
1005001768980490
33007655218
32848520559
32867559208
1005001936990413
32865979888
32582285255
4001315598099
32960253472
4000993772538
32922095905
1005002075168738
1005002379827268
4000366085196
1005002426343396
1005002210904700
1005001468019591
32998037163
1005001656839781
4000826366656
4000189226886
1005001817468922
32491259923
32977781733
32861621950
4000465109190
1005001361270352
1005002281229401
4001052881790
32967319192
1005001889425021
1005001657180230
4001249671008
1483251194
1005001417406226
1005001874631437
32792210381
32909845159
1005002339342815
32916731036
1005002046681039
32815085964
1005002433046796
4000297435104
33054607353
1005002229030084
1005001834569969
1005001572091405
1005001699622655
1005002349990631
32990263622
32960426895
33028270930
4000047427935
4001028294420
1005002104225426
1005001921989266
4000419110115
1005001977949961
1005002243616538
33031843954
1005001642764462
1005002238015914
32848163958
1494892291
1005001770645721
32893664937
4000707312198
1005002423821323
1005001510044781
1005002361212618
1005002483182545
1005001552444642
4000019592455
4001010746852
4000462778479
1005002065779873
32794269897
32893062544
32959788840
32853653956
1005001678206679
32834250978
32960928940
4000940417583
32951297359
4000197167009
1005001348005720
1005002349691606
1005001930899702
32812424884
4000287777710
1005001834702518
32844062908
32866844216
4001294147999
1005001525236984
1005002292784721
1005002071237012
1005002314549500
1005001849213239
1005002315113266
1005002353935351
1005001786641150
4001106894162
4000415772020
1005001863876057
1005002397044327
1005002476574387
4001314741072
33035819587
1005001879890242
1005002396665207
32830245377
1005001992046406
4001237604576
1005001355917518
32951274485
1005002436336889
4001235150805
1005002319714957
32842916772
10000089155931
1005002486929874
1005001286883267
1005002246341771
10000253964947
1005001775644667
1005001877078340
1005001929176462
1005002339894550
4000209330526
32951185029
1005001570512599
4000562096867
1005001923299431
32462383346
1005002089854034
1005001491963543
4000027033787
1005002332890740
1005002416565582
1005001974929351
1005001695500383
32754769123
1005002446790009
1005002418078719
4000090131235
4000925714771
1005002192248717
32897631749
32888956435
1005001515359465
1005002467218822
4001269700548
32993884855
1005002481780174
1005002254340278
1005001835477347
1005001785817383
4001129455409
32834653737
1005002275622487
32970188439
1005002495139789
32917107227
1005002408364475
1005001418529553
4000637236615
1005001850155202
1005002318313069
32904639898
1005002053238503
1005001935057864
4000850694054
1005002319182266
32870184880
1005002363210011
32735581787
1005002495264672
4000104411525
4000800453080
4000204694576
1005001877483287
4000189403070
4000364721650
1005002352233202
1005002446712310
1005001836669405
1005002275661652
1005002176316776
1005001638649876
4001101526685
1005002430049962
33001462437
1005001599717150
1005002306956996
1005002083722789
1005001838120293
4000940651469
1005002276676348
1005001416441142
4000844909597
32988299344
1005002461508071
1005002432446456
1005002353843833
1005002298924493
1005002195891822
32948674988
1005001335282103
1005001524921701
32878143153
32890521297
1005001575362212
32837789444
32858577702
33023135699
1005002382575033
1005001763667439
1005002336422359
1005002416269831
4000752235134
4000352377639
4000249599590
4001223351679
1005001861908150
1005002259952581
1005002386611593
1005002406599136
1005002058278680
4000626266025
1005001704453649
4000137601196
1005002373366634
4001263843536
4001313211703
1005002317643912
4000863691157
4001276471673
1005001311303186
4000461602257
32505208920
32699369653
1005001441718249
1005002499820189
33003859603
1005001720493376
1005001499660202
4000268245187
4000990913899
1005001281249698
33044183939
32888668532
4000326563559
4001125125069
33018255310
32813575012
32901043670
32897619165
32918240782
1005001484116819
4000063383349
1005002320322924
1005002475452458
1005002397745878
32861624414
4000149253229
1005002468531713
1005002284350049
4000929557007
4000280613539
32919745809
1005002389055208
4000601845674
4001271965013
898298697
1005002347934433
4000912843811
1005002301828038
32665263895
1005002233711067
1005002495987929
1005002279218522
1005001865539232
4000989179678
1005002425925266
1005002305624300
1005001525463389
4000955784312
1005002450595876
4000960458574
4000981523610
32948068335
4000351876729
1005001985386505
1005001333797609
1005001505170728
1005002390852949
4001220052392
1005002394919721
32938189327
32965754424
4001116967901
4000004968380
1005002352067624
32911124247
10000012907665
1005001786452368
4000837579305
33009037426
1005002314454017
1005002302402169
2016929897
1005002418117963
1005002409545128
1005001849029901
4001128444957
4000197418155
1005001783243128
32792376858
32875182117
32480234123
4000329582319
4000259299451
32747652297
1005002081891361
10000149900720
33027816709
1005002050288847
4000324392779
1005002331832424
32552437551
4000435683988
4000236216690
4001079238471
32662808875
32346142517
1005002485177380
1005001809041239
32650736183
1005002466226372
1005001286718445
1424558447
1005002443614960
32814560256
1005002015040247
1005002423690793
1005002389147684
1005002365498819
1005002228919648
32674949317
1005002323539518
1005002339161639
1005001551217306
32867566359
1005001405742841
32868213142
1005002007342031
4000963739058
4001196123814
1005001279922926
1005002206693309
598051234
1005002314362359
4000926240289
32828636476
1005002394144104
1005001409028070
32852053920
1005001967313660
32920679831
33021081680
1580004799
32924146428
32718414876
33014268784
1005001373420991
1005002355952697
1005001817332447
1005002340909932
4001232881553
1005001315092398
1005001307917914
1005002321276248
1005002210076288
4000223996345
4000324410103
1005002467636241
32803948726
1005002038567531
4001346736531
1005001303709990
4000117521336
32809332150
4000670194871
4000554761777
1005002139331596
1005002388251402
1005002271892250
1005002206283194
4001320854458
1005001940864791
1005002346357746
1005002465590109
4000083395167
1005002302629353
1005001880597043
32956853728
1005002398640296
32275233493
1005002271946497
1005001736194811
32789535850
1005002307493807
4000877933719
1005001534221343
1005002276190907
4000288818685
1005001355091536
4001174547417
4001219642136
4001009169853
4000529337310
1005001785225535
1005002377099379
1005002484000394
1005002394000454
1005002385067687
1005002459585701
1005002404366510
32928235818
4001302217150
20000003866490
33023980062
32674609233
4001218114424
1005001779467356
4001063042562
1005001303852907
32847027361