32620836298
4000064170217
1005002387803368
32989964500
32890387179
1005002341879698
4000890639481
1005001692480902
4000522456725
4001064183857
32816975956
4001200716503
32855885048
1005002460088555
4000556814473
1005001657126150
1005001531992788
32954693310
4000743493231
1005002032270013
33049696439
4000167792038
1005001559800350
32862670467
1005002266201364
4001228325284
32971151139
1005002313669872
33005302611
33021182316
1005001714959918
32956068820
4001038896036
1005002243458200
1005001470353685
1005002336955626
1005002420181368
33045278372
1005001334378417
1005001617197918
32932897859
1005001817859870
1005002283188089
32962994411
1005002107741760
1005002318899700
33056500666
4000757627174
32834622474
1005001874585697
1005002253845379
1005002305142058
1005001771356869
1005001488204835
32824144125
4000537381867
4000497524190
1005002285910280
32965178708
32972359633
4001138885147
4000089670576
1005001807305635
1851026823
1005002315243478
4000927942210
1005002341981970
4001250769925
1005002122468181
4000772817409
4001228729202
1005002408572984
32955075865
1005001329793162
32685539071
1005001676762850
32837304959
1005001355571044
1005002431116062
1000007167248
1005001940603523
32797402597
1005002234501701
1005001836428183
1005002012872334
1005001897610582
1005002495268934
32863544155
4001275170381
4000442141200
1005002298787231
1005002292603947
4001160965176
4000035943261
4001018417897
4001156304735
33006742184
33000662624
1005002356185243
4000174813616
1005002056802829
1005001392949722
1005002490528702
1005002265738681
1005002315075436
1005001406866643
1005002277442711
32973552800
4000824105787
4000155214925
1005002400860596
4001302208296
32990919195
32776557203
1005002295258831
33058594321
1005001425474200
1005002154260821
32906137115
32870886943
1005002402805971
32321094531
1005002328592509
1005001726626534
4000588410635
1005001474685008
4000982807943
1005002282473849
1005002069632429
1005002090912892
1005002224138435
1005001381526323
1005002074537505
1005001864902495
4001272146472
4000627216998
32968227717
1005002459667834
32890584299
1005002276160448
1005002063266551
1005002315868393
32869306325
32796730487
32949997027
1005001493142710
1005002286966006
1005001689218849
32917893792
1005002059733597
1005001586115412
1005001910576459
1005002454182109
32856487952
1005002314393541
32865431941
1005002341172313
1005001593778061
32897769767
1005002256135979
1005001806017721
1005001515961381
33054386801
32647996071
1005002298035561
4000570929734
1005002333480761
1005001793060697
1005002281886548
1005002360228334
32642301158
4000018773789
1005002038977079
4000239302650
4000739858843
1005001930816188
1005001501779413
1005002443494497
4001257953154
33032456273
33053640366
4000893506553
1005001385160625
4000990059398
32956848213
32997025660
32982624849
32818876795
1005002447993877
4001191516849
1958186104
32951502847
1005002118955464
1005002404769904
32787466952
1005002394113731
32914753882
4001130839230
4000261644064
1005002306262401
4001360440793
1005002294350650
4000251957740
32838403144
33047879802
1005002310012479
32681677204
4001248530944
1005002175634790
4000688602252
1005001849122191
30000002551376
4001299128569
32867543227
32870271101
32975485534
32880061801
4001240095006
1005001638303002
1005002490438754
32986189921
1005002364902705
1005001976650766
32997490987
4000907400120
33003955387
1005001472894046
1005002316496994
32751391823
4000680080108
32833611916
1005002349908089
1005001608462564
32800385281
4001293385176
1005002090078504
32952789361
33004682513
1005001683818939
1005002047133863
1005001284279986
32869816556
1005002204585028
1005001943085148
4000100446671
4000938880362
1005002395573951
4001174313278
32995054968
32787878375
1005001723979984
1005002370607276
1005002247837458
4000990182137
32983964550
4001102276584
1005002034345430
1005001486648559
4001255008578
1005002223951585
32887253930
32872293953
1005002354288877
4000560669806
4001015044907
1005002425285277
1005002323245241
33000818020
32742220278
32789215258
32861896580
4000983189722
1005002224069629
1005001798433903
32800708025
1005002398306754
32774958016
1005001309116554
1005002261454348
1005001934072708
1005002310093826
1005002313001309
32830558918
1005002321021406
1005002365167369
32870086451
1005002454038187
1005002316853205
4000113227591
1005002357594574
4000829599943
4001138618598
1005002363928198
1005002263187027
1005002365287519
4001027446133
1005002132022204
1005002326508145
32869876793
1005001693563375
1005002462830233
4000693729791
32837661477
1005002264257960
32969762896
32731341090
1005002177452568
32801411125
10000339727667
32887600776
32973736234
1005002438886638
32819468523
32858135390
1005001808849306
1005002367794832
32794594499
4001150246702
32816864533
1005002043961963
1005002383055084
4000848936706
32790887117
10000127463555
1005001888193994
4001272751368
1005002192344776
1005001844589495
1005002300973521
4000593610009
32653515006
4001351267753
1005002355547701
1005002330538399
1005002322190816
1005001439173122
4000483796283
32750666261
32878220247
33017993164
4001294280300
32982166747
32990975268
1005002063079251
1005002166164354
1005002264734990
4001150480191
4000901960495
1005002085378074
1005002365500795
32970734452
33037846388
4000963590733
4001291781508
33050844665
1005002002194200
1005002469040836
4000125993523
33004300146
4001112625609
32793119443
1005002272611205
32781114928
4000348343717
1005002000437384
1005001950444127
1005001868669835
32848083766
32996037082
1005002044570198
1005002028785741
1005002292054492
1005002367590191
1005001320525152
1005001867993528
4001278846780
32982044633
1005001851462189
4000558984766
1005001639837545
32964911309
32833123660
33001880024
4001338208382
1005002279128483
33014841135
10000395954349
1005001269691598
4000717317153
32947275763
33009775389
4001261411785
32790536721
32858157705
1005002333730504
1005002448095204
1005001611958141
1005002340551286
1005001556312348
1005002319530090
1005002344996153
32916603700
1005002278711711
4000272722739
33062442003
32965115156
1005002011784406
1005002482574061
33010221933
1005001265172419
1005002495546066
32834873310
1005002254430773
32796462511
32964505614
4000587018370
1005002490387622
1005002040203684
1005002357618328
1005002338590134
1005002322913892
1005002301180349
1005002318400607
4000209825933
32844055799
1005001585960060
33013716013
32817766451
4001267555162
32955636532
4001038429853
1005001963897034
4000930990771
1005001579327308
1005001985526512
4001186081755
4000010184863
1005002281764843
4001201934131
1005002347375590
1005002384628760
32916855597
1005001868640186
4000144829376
4000369148784
1005001896846102
1005002399894084
1005002291972261
33050169934
1005001913873972
4000497872371
1005002394867326
32852242299
1005002454415398
1005001727088101
1005002047084962
32774144634
1005001347071349
32858756373
32965496817
1005002279338347
4000695031720
1005002438906722
32809484136
4000302493664
1005002430522147
1005002443206074
32945609758
32789308895
1005002003873371
4000844902030
1005001474656113
1005002301474623
1005002469455857
1005002350511468
1005002299630928
32857676677
4000983051784
1005001552522761
1005002355651607
4001255174261
1005002317385898
1005001326229619
1005002376841193
1005001763423211
32779910204
32900872592
4000266441964
1005002254744081
1005002296690158
1005002097148807
1005001483418068
1005002168754356
1005002176975360
32966484058
1005001693053114
1005002283168600
1005002459543587
1005002027222339
1005002232887001
4001286855805
1005002246230583
4000038856478
1005001593223184
33027517840
32304525377
32648031419
1005002388320702
4001161165606
1005002053226832
1005001845504518
1005002339699102
32564506362
1005002259459661
1005001700992444
1005002324183174
32974852007
1005001510975288
1005001304139470
1005002389954019
4000272304734
4000927824177
4000284299269
1005002334078194
32887663717
33030733905
32874829080
1005001980829660
1005002495533735
1005002381373193
1005002319404138
32961277062
1005002434625925
32908043166
1005001582445589
4000118853924
4000023155045
1005002351580419
1005002483640733
4001228618683
1005001354652819
32392309157
1005001928230220
1005002396359391
32351643001
33028397221
32829792704
1005002314221886
1005002373797628
1005001428829919
33001963911
1005002142580808
4000726800196
33044750570
33019703318
1005002295270012
1005001493303676
1005001714689828
32843147204
33005781586
32678939644
1005002305199117
4000519533648
1005001589907946
32920343801
1005001863040328
32830941531
4001272262728
33045451634
32969897545
32703410717
1005001949569047
1005002413626519
32930452928
32822210857
1005001841163839
1000001545888
1005002213036331
32946696098
1005002142992323
32886479099
1005002395273967
33025826653
1005002167377200
1005002387972781
4000522464349
32296790115
1005001580467649
1005002255359475
1005001273914778
4000062842353
32854580651
1005002314244932
32554231782
33012956404
1005002382900957
1005002481961198
32985675874
1005002490082890
32974146095
1005001438617360
32267417498
1005001307862277
4000960562661
32968182854
1005001602834244
1005001689248232
32892771954
1005001279736378
32575105419
1005002368875151
1005001796848682
4001205410008
1005002332687334
1005001946586735
32882875954
4000071380442
33000409305
4001289293686
33008397453
4000597660762
1005001891138304
1005002342508903
1005002206677340
4001168909609
4001158576824
4001209243357
32830337069
1005001777186685
4000362056642
4001060823933
4000725788084
1005002292470756
1005001942904057
32920190627
1005001539920424
4001064445839
4000475052311
4001276348627
10000385007175
4000990201163
33000389026
32310292420
33001794078
1005002401229929
1005002102331713
32890086687
1005001452374221
32982553311
1005001695560274
1005001640603413
1005001525323796
1005002260363565
1005001308524836
32963477179
4000121721603
1005002419691475
1005001361343416
1005002224269543
4000539766791
4000989044728
33014223318
1005001922085784
4000095397178
4000838650593
4001040029154
1005001891275521
32617088578
32759891525
1005001678628570
4000608305555
32934895956
32778599665
1005002409885056
1005001520571835
33063278287
1005002256040490
1005001726476368
32974848439
1005001645281206
1005002012000373
32859806917
4000619233220
1005002358809130
4000641013003
33057061401
1005001731025864
1005002347165323
1005002315689726
32897775158
32439351124
32797316832
1005002153768106
1005001525550209
1005002346543684
1005002424924631
1005002400957431
4001264374218
32365501074
1005002320595107
32968836297
1005001849253372
1005002327913920
1005001688385449
32893132867
1005001394213100
33022483303
4000058403696
4000750819115
32986131785
32669434972
32505510396
1005002273203814
1005002413394607
32909375159
1005002369130635
1005001341246648
1005001985935527
1005001934476102
32816927480
1005002384790801
4001365087373
1005001660179115
1005002482890531
4000944329282
1005001586572471
1005001425158595
32917601070
1005001845907581
4001026717491
1005002001126502
4001128048479
1005001305303248
4001233490993
33038409668
1005002330045804
1005002287664568
1005002339614331
1005002491173073
1005002219443409
1005002468146261
1005001279416448
1005002330722737
4000014218457
4001350851127
4000296713130
4000704091692
4000350981128
4001046193785
4001143281866
32973591556
4001270974201
4000092094751
1005002289472084
1005002363926644
1005001406994602
4001245801824
33049062736
4000640440338
1005002465371950
10000088385241
1005002322987773
1005002488877486
1005001929772561
33003567967
1005002368911612
1005002471815586
4000124344028
32912811682
1005002381536004
1005002235541577
32724701449
1005001671706983
32759962262
1005001615295651
1005001583429851
4000598200417
4000393426141
1005001816910408
1005002402033234
32807432189
1005002197055572
4001089015059
1005001870601055
1005002315786143
32901047209
1005002242322594
4001132030449
1005002255184877
32859335064
32920375214
1005002315857734
33027005180
32851302218
4000379811742
1005002314094420
33032609910
4000802222460
1005002351447867
1005001664016744
1005002450264916
4001102479618
32910184287
1005001851470378
1005002252551275
32918811044
1005002388729886
1005001616417499
32505531515
32618804969
1005002086678355
1005001748634321
743459399
32892479383
1005002492300534
32855948823
32835197357
1005001997797100
32981189548
4000929425179
4000111898631
4000670611780
33056297574
1005002319211040
1005001905623338
1005001751986601
10000011709489
1005002233923047
1005001632929498
4001031755250
1005001468916948
1005002482195946
1005001585883290
4000969624156
1005001841799250
1005002386961778
4000173818600
32960716232
33062682314
33024221765
1005002343035186
1005001900199701
4001260246120
1005001793237259
1005002362433299
32704044097
4000089430619
32815559476
1005002288332429
1005001664091129
1005002377882100
1005001930377345
1005002475494249
4001297250018
33052375490
1005002180168493
1005001591125243
1005002180075772
4000835201594
32608691540
32970360233
32904739316
4001255373986
4000599045226
1005001461118180
32947234371
1005002364219048
33006309378
4001198540719
4000398534594
1005002333698788
33054226505
1005001934757199
32945576685
1005001586595431
32948486851
32974171379
1005002359705255
1005002263320817
4000641932684
32829831918
1005001438819638
33064367604
10000038330423
1005002392933646
32898875578
32983439219
10000306519270
1005001515819658
4001178444520
1005002334373955
4001332786345
1005002321341730
4000245646010
1005001452811099
1005001329565763
4001217802731
32831863934
1005002338874928
1005002138472464
32864154488
1005002439566514
32616391042
4000100728052
1005001313501250
32873779395
33010221139
4000550022214
1005002395548815
1005002319019310
4000034953234
32953388128
32471741079
4000607824028
32833400126
4000537160812
1005002413529943
1005002448225376
4001136351485
1005001852110349
32996509357
32812031509
33054355471
32852850273
32905840182
4000130990075
32697878278
32834185580
1005002353567603
1005002289542488
32719646468
1005002223714164
1005002401113802
1005001367573572
1005001264823001
1005001912449682
1005001878773671
4000148100871
4000096597603
33055627148
32792835475
1005001816981170
32687379851
4000837194903
4000084260943
1005001264701348
1005002416755228
4000106227271
1005002310297939
1005001608684493
1005001821052718
4000849735862
4001231098993
1005001500024773
1005002310999144
33029442296
32888644144
32945160690
33001393740
1005001491180745
32461308322
4000960999205
32847625796
32964307968
4000841622058
1005002289755203
4001214856012
1005002356904652
4001172664856
4000219144956
1005002396562569
4001270339222
1005002409523050
33048522690
4000071284940
33044210990
33013676218
4000751748482
1005001741197613
1005001344222998
1005002450380206
32869726306
4001189138393
1005001954891409
32832054145
1005002014560223
4000730574091
4001288165959
4000154159390
32953741126
4000251565187
1005001590961957
1005002334922949
1005002115664019
1005002318066124
1367832035
33040942074
1005001465169837
1513924955
1005001500137895