1005002081416445
1005002244103374
1005001632817674
4000316982049
4000846892024
1005002273525679
1005002394100757
1005002272276538
4000900611005
1005001848935963
1005001763364724
1005002232318152
4001227857387
1005001286505261
1005002361775446
1005001863291317
1747651262
1005001304834863
32849735416
1005001496336302
1005002082470929
4000550243125
32968616269
1005001632046168
32870987310
32620499172
1005002208208810
4000140470194
4000333190153
1005002428904518
1005001862438068
1005001997990106
4001307508358
1005002277144079
32937154286
32828682815
32785554721
1005002289196170
1005002332383474
1005002377435716
1005001333055020
1005002109704241
4001111958434
1005002358790089
32985825182
1005002342555683
32907349849
1005002412504566
32965299512
4000709599554
33036238999
32986411789
32834927977
33049017569
1005002260273739
33021956345
1005002284349503
1005001884835068
4001248670412
32801227019
1005002434809123
32839903986
32386596934
4001345411269
33057980467
1005001918249018
10000295591966
4000024964901
32992927182
4001218212866
32902697959
32730063410
1005002367581199
1005001697876215
32923896499
32999479376
1005001931150616
32888989737
1005001556573478
32966108740
1005002100330102
1005002318985063
32958969929
1005001874071484
1005002443672625
1005002495916557
4000467298138
10000032033534
4001081934050
32825634918
1005002454201964
1005002494379621
1005002488044095
33010090498
33038094522
32807035237
1005002383993914
1005001882426306
1005002350149167
1005002335221129
1005002292470257
4000026580240
32809436121
1005001810996446
1005001952387924
1005002336450248
32844367727
32807372979
4000176831735
4000359708459
1005002061323901
4000498990434
32851258743
1005002454010494
4001294197508
32972103243
32882244689
1005001679581041
1005002292308845
32981970752
32629768387
32392441657
1005002400577585
32664231712
1005001936109384
32959832935
1005002405297139
1005002137046716
32951501757
4000095448880
32824270842
4000055063767
1005001930823759
4000377156894
1005002482324184
32616624362
1005002256234746
33047739979
1005002318047701
33032209753
4001085242037
10000417632616
33039203305
1005002298961354
4000912886565
32959310865
1005002442976908
4000197905969
1005001525559153
32798786108
1005002377514434
1005002281804803
1005002367813573
1005001692807433
4001118329233
1005002270587676
1005002313016861
32954639713
1005001708102481
4000450133368
1005001736340385
33016848648
4000199529683
1005002466098641
4001005014425
33018359570
33053047084
1005002091367869
1005002454356649
1005002116223349
4001332729000
1005002148192113
4000033110996
1005002289667736
1005002192520134
32644065258
1005002267324791
4000261903535
32420089303
32802294867
1005002468499855
1005002352570850
1005001670681211
1005002306687131
4001006839074
1005002237535928
4001334124918
1005001511769500
32950423471
1005002470090678
1005002306212845
1005002322783705
32756183692
1005002351378323
4000626134380
32724572750
1005002320007531
1005002091058180
1005002495428981
32805130888
32833942923
1005001805548668
1005002233855643
1005001998361506
1005001433145801
1005002431572481
4001287767275
1005002395616502
33009923226
1005002371802653
4000532339015
1005002375314969
1005001885863670
4001237413563
1005002440263399
1005002358891304
32888323981
1005001338590652
32962587630
4001049360627
1005002301656192
4001189129329
4000370765381
32877169341
32698994139
1005001870020341
4001334356253
1005001402700541
4000051527142
1005001398795396
32989218249
1005001796724537
4000253160723
4000545951671
4001010423136
33023818485
1005002260527219
1005001868969207
4000087092131
4000025864441
1005002167853990
32554592142
32794896897
1005002168002360
32975305553
32398581823
1005002266963462
1005002470000445
1005001773358698
4001266776919
4000280523324
1005002192562653
32970196721
4001186741565
1005002072504608
1005002352861935
1005001524164739
33042867313
1005001553384313
1005001982972486
1005002038344357
1005002438395769
1005002467798938
4001241572045
1005001568896298
32976868900
1005002259645517
1005001710317978
1005002319552757
1005002122439301
4000318127155
32739902193
1005001658890508
1005001603591553
4001077017056
4001271012819
33044464819
4001170438044
4001143344107
1005001848214281
1005002257778704
33043130519
4000396940988
32870290781
1005002181961606
1005001882162332
33001885552
1005001950230449
1005001388383069
1005001279496458
4001123917290
1005002358723574
32859233098
1005002306617903
1005001757342690
32816596498
1005002447500865
4000544661025
4000039669830
4000155897791
32316684446
1005001521812568
1005002260567772
32903884597
1005002129742237
33010230691
4000097438030
32926427100
32658804179
10000395943465
32843943992
1005001653212203
1005002318678111
1005002282287131
1005001543143656
32827523500
4000958414923
1005002191565011
1005001441359505
1005002438989385
4001036597889
33041074645
1005001479757310
4000801088068
32979226533
4001141518305
1005002398032083
1005002441851318
1005002382532025
32982309487
1000006646763
1005002428559101
4001265608571
32931682554
1005001577500055
1005001636621363
1005002460775486
32390081901
33013844393
32827781557
4001144239652
914789583
33045314809
4000097810973
1005002381544597
1005002271775919
32853991281
4001117718907
4000792963275
1005002264894363
1005002402428699
4000940598616
32749131269
1005002312895093
1005001458948443
1005002447751781
1005002020684045
1005001478418717
4000071161889
1005002167810877
4000441753406
1005002190549095
4000923043935
4001040818652
32975425140
32985131757
1005002304338508
1005002290943888
4000928506835
4001278802915
33059513904
1005002453800988
1005002315787718
32966666923
4000460910955
32862427936
1005002458970108
32953727038
1005002409606622
4000470099908
32974460925
1005002205230700
4000323034319
32948777702
32978028099
1005001511157042
4000150450105
1005002264613454
4001294267370
4001267302073
1005001652634659
1336381238
1005001942478327
1005001370556693
1005002283855182
1005002328566712
32914284088
1005002168849185
32999495851
1005002467025120
1005001886416595
1005001998372801
1005002367729434
4000386885415
1005001325363770
32991311541
1005002443075855
33009452343
1005002386425051
1005002260044395
1005002447065046
4001223140375
33023721192
1005002115574054
1005002388585844
1005001834148268
4000460416088
4000718360442
944650813
32996745939
4000034915072
1005002321948657
1005001337528643
1005001615445094
32988489894
32802355132
4001219500538
1005002267941526
1005002330659905
1005002384616264
32974119497
1005002390847046
32893069255
4000976097990
4001264624234
33007452916
4000091526557
32824458078
4001251477769
1005002311293129
1005001714671128
4000771258897
1005002033459678
1005002413210907
32917870428
32572085166
1005001856882842
1005002244036475
32898806382
4000994189004
1005001587602904
1005002431417558
32931605558
4001280197633
1005001278855655
32971163872
1005001582428850
4000833747993
1005002029601744
1005002322395471
32881245488
4001025907794
1005001453399279
32922478642
1005002332260948
32883609664
1005002232941201
1005001513130821
4001062287006
33039675236
1005002418789509
1005002333179622
1005001834696457
1005002094123689
32885193295
1005001773227263
1005002305057491
4000303020434
4000070660163
1005002023686991
1005001974893338
1005002330536597
4000808196722
32848008393
1005002337301588
32608783626
4000132868964
33052187477
1005001731884760
32855802696
1005001645054835
4001061433075
4001298055356
1005002468050760
4000575543795
32902968529
4000987098564
1005001592477850
1005001861326369
1005001610311421
32969706630
1005001380619730
1005002368217474
32851052396
4001187880840
4001119251846
4000947440128
1005001849572929
1005001581041745
1005002238755553
1005002270235288
33005289437
32804511842
10000328911479
1005001762987508
33029589394
1774127989
32890987853
32894962344
1005002347329040
33015511297
4000406076338
1005001364724682
4000579318149
1005002437896257
4000274931588
1005002333368728
1005002332503159
4001059780784
1005002417903793
32910152587
1005002369916339
1005002338849798
32801223689
33003068494
32849809251
1005001588475966
4000069239353
1005001824676767
1005002432499231
1005002477578488
4001208294966
1005002428199092
33060363885
1005001656847532
4001164050831
1005002205539013
4001268498468
1005001666012025
4000817937523
1005002265103938
1005002397922145
32983658920
1005002312067847
4000666091618
32328565726
1005002289169680
1005001526200117
4000621687435
33004128776
1005002210866381
1005001682254818
1005002413503061
32962533258
32862770280
4000313228602
32911970263
1005001652289484
1005001484349174
32974587062
4000738325167
4001060091894
32637709040
1005001810882431
4000444706271
32456440530
32848958534
10000395808612
1005002065267925
1005002025331536
4001278476652
4000989065574
1005001493032338
32899175599
1005002389675867
1005002489774872
1005002491612513
1005002298218010
4000534352948
1005001527172128
1005001635695669
1005001813233334
1005002160242424
4001313103998
1005001867635884
4001114483910
1005002372492165
32955647970
1005001334510027
1005002280884212
32979143359
32891479035
1005001388126213
1005001622061631
1005002314088434
33009430397
32827189609
1005001616450740
32979622567
4001196817575
4000891981457
4000625384970
32662395929
4000083712546
1005001356071781
1005002371981234
1005002089553411
33027447613
33041122448
32811951682
1005002344978421
1005002322926549
4000414682669
1005002323509606
1005002085022941
1005002304784033
4001049983986
1005001714141686
32955493667
4001138088116
1005002419993918
1005002435089874
1005001610431096
1005002205176044
32957298051
1005002363518568
4001344825535
1005001858692425
1005001945563812
1005001411839391
32249616989
4000214103390
4000143218143
1005002386452958
1005002186093057
33055648037
4000550837975
1005002454709592
33004661649
33036879049
1005002317632446
1005002324983141
1005002358302630
4000216448530
4000404807012
32950733895
33019041275
32821786317
4001016196089
4001282060601
1005002080562279
1005001463983390
33027569206
1005001424844273
4001069964280
4001267822879
1005002074101126
1005002317213469
32996462936
1005002424835793
32954276479
1005001594470711
1005001731249941
32807073950
32915638457
4001360984822
1497013241
1005002257921191
32868730765
4000385122820
4000850694065
4000115998869
32915768754
1005001580878781
4001104745097
4000581342783
1005002334753943
1005002258760336
1005002457496987
1005002051977483
1005001526061081
1005002394420071
32985993121
32636782843
4000085897469
1005001645354829
1005002435109170
4000587011416
4000993149212
1005002052541423
32843135519
4001152570115
1005002408396231
32836134897
4000670660220
4001192108582
4001359827292
1005002258825587
33022317345
1005001354998055
32995591595
1005001506672518
1005001906748964
1005002232800995
1005001456056833
1005001579235874
1005001639748721
1005002296875749
1005002328500438
1005002319114837
4000464008227
1005002241394768
1005002473061956
1005001944302560
32704096270
1005002267837390
4000829871189
1005002029436973
33028904398
4001078736245
1005002337297022
33053495116
4000810766610
4001231152066
1005002323216697
4000978937467
4000377859157
1005001651757776
4000695838163
1005002310061735
32595472494
1005002384294177
4001360467345
1005001835483974
32640533440
4001264819543
32842062429
1005002446330876
1005002023379024
4000641372972
1005001565164561
1005001446172157
4000097398357
32855173265
1005002279902300
1005002119088630
32922826723
1005001967364085
1005002318037710
32842134850
1005002345353258
1984778499
32843176967
1005002125308290
1005001572686605
32805150587
32985218026
1005001515193785
32951260922
1005002310158275
1005002207727861
1005002500475414
1005002434686790
32621919371
1005002434296952
1005001624840193
1005002291884353
4001351531327
33049212084
4001187922828
4000921996225
1005002431191594
1005001418132134
32848998045
32967957223
1005002323764130
1005002366593820
4001005409264
32837146136
1005001813303208
1005001919462106
1005002477663263
1005002192475707
32884446210
1005002109839642
32881213366
1005002442386084
1005002263211307
1005002454334067
1005002306539681
33027133106
32708583140
32971907213
1005001930831661
32944637562
1005001904261521
4000660310275
4000071410117
4001275060148
4001301671838
1005002471051684
1005002473717522
4000068718384
1005002324203950
32983591342
1005002328664169
1005002435522817
1424501470
1005002233669154
32522360666
1005002306429314
1005002246710742
1005002456984626
1005001809422220
4000029272115
1005002427902229
4001304352765
32999033601
4000879313750
1005001596476137
1005002355854623
32814596218
32895752926
4001219026717
32974884239
1005002057067195
4000176640591
4000113896918
1005002388683743
4000666114395
32784760554
1005002061771754
1005002383243440
1005001860893306
1005002182478111
1005001424072016
1005001504679734
1005001704246091
32959871542
1005002270845670
4000226096739
1005002275511350
1005001587757196
4000730639692
1005002267998339
32841291489
1005001270658153
1005001644170425
1005002342594062
1005001567460753
4000569954794
1005001824734252
4000666073918
4001316623388
1005001659201131
32870309873
1005002395184107
4000794807810
1005002079336448
4001193516196
1005001551525908
1005001928080741
1005002023118914
4000437331110
32870090703
32847726455
1005001638270909
32897352866
1005002247414521
32748129781
1005001803158232
4001275738117
1005001847947126
4000101625666
32656428000
4000330264916
1005001405159324
1005002475209316
4000990902278
1005002375112785
1492718451
1005002305312703
32949928147
4001345940484
1005002329203975
4000197481729
32539773412
1005001682703088
1005001445625444
1005001265502102
32617602181
32809838479
1005001864491770
1005002330350159
1005002419602031
32617808585
4001090821280
1005002297439117
4000811883687
4001235096191
1005002329836655
1005001826909351
10000395856105
1005001866810683
32800301840
1407540657
1005002252425311
4000117922319
32988637989
1005002388800442
33006472771
1005001872102814
4001098565388
4000108875657
4000214470611
1005002314298391
32843181267
1005001837022053
1005002380849200
1005001520795226
1005002234732291
1005002372026880
32463771896
32958784930
32869947194
10000011270037
4000272540941
1005001621581486
4000108116607
1005001617973657
1005002337712253
1005001840483316
1005002194685488
4000262233752
32846716889
4001340235092
1005001835316944
4000864940776
1005001297141444
1005001695085954
4001042496377
4001078429871
4001344666268
33040316232
32682465101
1005001633571073
33035589302
1005002454455523
1005002198312079
1005002033674225
1005002277634638
1005002458139849
4001347542786
1005001987558036
4000223929422
1005002364320345
10000198124270
32791924322
1005001401743699
33023531683
1005002336500606
32948134354
32959689047
4000807591921
1005002266104677
1005002319266280
1005002280963807
32876022832
1005001698402617
4001157094277
1005001923114196
32985843982
1005001819016739
4000905533381
1005002480133161
1005001623329858
1005001808545793
1005001834591403
4001240198454
1005001836905831
1005002317327158
1005002278903009
1005001762923996
4001002126838
1005002265634223
1005002318264056
1005002233043630
4001346082407
1005002180535729
1005002412861255