1005002340252722
1005001351700875
1005002357533589
1005001291906343
1005001972229602
4000307468254
4000695494702
1005002420891691
1005001454010503
1005002312559654
1005002206369845
4001225227022
1005002314232873
1005002114944693
1005002416987540
4000912873140
1005001802725674
10000383840463
1005002462594570
10000126748281
4001040170617
1005002116511542
4000546619036
4000954386551
1005002412385767
33001248561
1005001844049803
1005001699849321
1005002337130953
4001272848955
1005002476325817
32846570940
4001058093920
1005001604369956
1005002120447372
4000551491327
1005002356945693
32979007557
1005002297068872
1005001609752333
1005001524961775
2022312578
4000414156475
1005002300489947
4001076465028
1005002296879054
1005001658098023
1005002137569621
1005001870939973
32819183317
4000382485102
1005002090006709
32958590377
1005002280583045
32865411459
1005002277210139
1005001350327794
4000250165968
32921448496
32957670995
4001298553301
1005002328936554
1005002354614105
4000127030589
4001040955454
4000028861511
1005002454791118
1005002111872985
32848151897
32928071088
1005001624994197
10000395803980
1005002107312253
4000709867288
1005001793013558
1005002369668526
32959843783
1005001520288789
1005002412281327
1005001946689085
1005001500571132
32954980093
32842299125
1005002336744777
1005001525460476
33030010228
4000291537299
32856746368
32971684653
1005002395765820
32999055108
1005001609765295
32820884051
1005002489677934
1005001374785688
1005001870051742
32865384730
4000932599321
1005002434246634
1005001407475877
1005001678479357
4000099323889
4001068462769
4001102330634
4001095922803
1005002364086735
32977138080
1005001456246945
1005002069196247
1005001612666557
4000956022590
1005002269578011
1005002325126908
1005002171025535
1005002384850855
1005002172368173
1005002370579231
32542657542
4001220973472
4001115088565
1005002320823352
1005002362401318
4000077760952
4001154326517
1005002404384684
1005002333922334
4001271838457
2051585987
1005002328635116
4000492992056
1005001541699559
1005001840933657
4000229695655
1005001841534610
1005002059817216
1005001921317598
1005002329494031
1005002224606605
1005002173337551
32864130036
4000112703280
32692434638
1005002413407353
32524235247
1005001553228559
1005002282481883
1005002242229152
32803268518
32213533669
4001064849629
1005001556316312
1005001559830766
33050868898
32894336534
1005002167570145
4000865403599
33001044496
4001269621097
1005002111302863
1005001922770136
4001277495519
1005002276722363
1005001652487603
4000823462937
1005002277849561
1005002353507829
4001022717273
1005002452970996
1005002469438321
32831419223
32948578301
1005002348280920
1005002418634573
4000667766726
1005001639794848
1005002246313393
1005002284300761
4001053929761
1005002316407377
1005002273806102
32852662999
32776410193
1005002325311300
33021398584
33040268572
4000264487570
4000466644693
32697733718
1005002304798284
1005001580641297
4000782383201
32954933819
32971655833
33003713384
32845541988
1005001966218937
1005002171433163
1005002372502216
1005002314565010
1005001368660900
32968672892
1005002356465941
32902220225
4000808453289
4000748603047
1005001583007864
4000933714337
1005001670565965
1005001343084922
1005001860373704
32622195422
4001205457261
32860509213
1005002027075524
1005002286482410
4001047653274
32984262834
1005001379688244
4001107910628
32808431998
1005001750354262
4000190993147
1005002211317483
4001134803302
32329723765
1005002271127368
1005002033208999
1005001863247862
1005001407275511
4000703882899
1005002263752558
1005001906568531
1005002074212175
1005001552783267
10000081692744
32719576076
1005002211753970
1005001424221518
4001010691353
33012825288
4000552837172
1405719206
1005001314424203
1005002340418109
4000299905092
4000350124808
1005002232328335
1005002443474609
1005001782531792
4000742384702
1005002483313339
1005002268283017
4000784313444
32391555407
32918751995
1005002323496095
1005002479703634
4000286725459
4000092628709
1005002393062050
32869967447
4001316067769
1005002460757194
1005002041714147
32968823770
1005002431404157
4000539040863
1005001829076458
32848083012
1005002383178623
1005002478845845
1005002080795488
4001225177324
1005002471682268
33054608428
4001283234325
1005002454814357
1005002335589777
32734900300
32999929682
902564768
32948082812
4001361712100
1005002416852296
1005001790532438
1005002317307596
32565014565
4001148161640
32638441814
32917383073
1005002367142419
1005001813880076
32919017766
1005002403808343
1005001494453026
1005002475080946
1005002270471008
1005001872796800
1005001423109803
32845845405
33017923740
1005001591835245
32839354884
4000510957713
1005001458806354
1005001954864019
1005002488019147
32888863816
1005002226011488
4001274030634
33035320648
1005002394817312
1005001780193179
1005001785097160
4001095206388
1005002384128066
4001360018302
1005001841022197
1005002180687309
4000919883355
1005001796757764
1005002467606364
32923275539
4001348099342
1005001273711720
33051577166
1005002298496431
1005001629153771
1005001286834594
4000420374221
1005002319269363
33042177212
32329062451
32236596576
1005002120604191
4001235970391
1005001710367741
1005001274735930
1005001397327343
4000832981189
4001075432629
1005002337882385
1005001868319768
33034058465
4000711262971
1005001543770785
4000742429823
32848193541
1005001526329289
32701444629
4000889809335
32972096859
33006374137
32842921282
4001025253362
32921372778
1005001670930333
1005001687598814
1005002430762995
1005001880512379
1005001612166328
1005001530854630
32820041399
1005002329495442
4000714411176
4001039230326
32830007266
4000144835671
1005002180890368
32999424121
1005002362515798
1005002423786894
32775075449
1005002291245432
32883563580
4001255062892
1005001913272867
33044736520
4000527578431
4000946675934
1005001482653617
4001172416271
1005001626768087
1005001447159685
4000394097334
1005002205977583
1005002148203438
4000124397289
1005002258443230
1005002347272584
4000211723412
1005002427970092
1005001515227614
4000032812309
1005001636561300
1005001731957772
4001276066337
4000394462035
32948951945
4000914806497
4001275685842
1005001971307803
32838453094
32975994087
32884628444
1005001844376411
33008570445
1005001878803604
1005002500278787
32987913387
1005001289843583
32580461610
33025652184
4000335607044
1005001849093605
1005001982741966
1005002439987167
33059844360
1005001354002727
4000016412608
4001138479889
1005001570477305
32900273422
1005001981950542
1005002314339241
33052154644
4000841784171
32907403828
32971795929
32760356962
1005002314249887
1005001525311903
1005002114948135
1005002418626633
32980053696
32809373764
4001287041960
1005002007824324
32987324487
1005001884349721
1005001471082299
1005002166619184
32765216914
1005001890059502
32948277969
4001320816151
33027792915
1005001698755723
4001147420158
32632939023
32957722632
32858754092
4000375755054
4001321862948
32957819136
33055181855
1005001340320796
1005002184925659
1005002499335932
1005002008143042
1005002368034304
1005001621154164
1005002388902053
32503960299
1005001888355360
10000127319539
1005002226337108
1005002247174424
1005001475799423
1005002365420533
1005001627133278
32325258931
1005002314593467
4001306533444
1005002268005849
32809843815
4001125048505
1005002417362687
32918754951
4000033529142
4001138939228
4000943125914
4000195267508
32976387296
1005002483333983
4000190013533
4000293926955
32894982258
32961547371
1005001741511725
32841471347
1005002290882850
4000031599824
1005002454363571
4001277451453
1005001545439374
4001167873449
33031502979
4001138191861
1005001834455747
1005002305152222
4000210219944
1005002270093854
4000238632512
1005002416806634
32967284173
33013821159
32270241597
4001211958711
32857592508
1005001798791991
4001216983798
4001326532174
4000256594752
32358955566
1005001987701463
1005002328758954
32662109405
32971414163
4000534595394
4000144481069
4000955458902
1005001330819721
1005002150879703
1005002339475582
4000320000494
1005001968000489
4000075519432
1005001455877724
4000580103629
4000979562348
4000117720506
1005001985877222
1005002323752777
1005002302505842
1005001995226784
4000168641459
1005002154910582
4000200425952
32947743033
4001245236524
1005002314264099
4000831256693
1005002292515460
1005001394501503
1005002378229665
1005002346712888
32992133247
4000199182954
1005002241147250
4001302367691
1005002055354875
1005002294155085
1005001949899519
1005002068760069
32858970222
4000353061812
1005001387833345
1005001818059306
1005002392965795
1005002378788304
1005002249467730
1000001438038
4000180382411
1005001709224811
10000160131165
4000184719002
1005002339542193
1005001908600634
4000861634263
1005001438809700
1005002333367160
4000688708921
1005002089534606
32960412467
1005002060626341
32981886589
32856179427
33013833825
4001317228439
4000848982498
1005002393797160
1005001350416362
1005001935015459
32248009533
1005001886012071
4001036981866
1005001803573150
1005001915650498
4001267393532
32713682272
32905154696
4000373053551
4001223826967
4001132937660
4000344664307
1005002347224740
1005001728639714
1005002329749332
32448372934
1005001466997117
4000847566773
33036698198
1005002313471052
32886886230
32675909352
1005002423717786
33023182257
32973466935
32980009176
1005002385712220
1005002398842351
32707141768
4001349863932
1005002293305906
1005001511247179
1005002333859600
4001259020492
1005001605542445
1005002254363407
1005002351676379
1005002343930070
1005001652646695
4000726613803
10000060560902
1005001487409624
1005002346647657
1005002424048265
4000798595550
32993650997
4000410819652
1005001627292814
4001177153806
1005001569107128
1005002355308469
1005002337274129
1005001917222590
4000410347715
32827862873
4001218877664
32962495715
32894958785
4000574852642
1778898330
1005002304462437
1005002382415326
1005001987961608
1005002333463596
1005001985683179
32876904311
32807073984
1005002344907599
32597735567
1005001835520615
4000766968964
4000013713155
1005002043509843
32804701920
4001039435347
1005002333223713
4001204775569
1005002434055960
4000333554597
1005001551108299
4000515093937
1005002006072134
1005002321519607
32705890396
1005001897761212
32787555490
1005002254190452
32989308508
1005002277824787
1005001269369801
4000130489704
1005001552522639
4000035506413
1005002351763020
33057347830
32996101583
1005002211437573
1005001499069232
1005001326169544
1005001497427768
4001339408709
1005002165194560
32849318701
1005001840380343
4000598370509
4000528499192
1005001493626238
1005002318581996
1005002341288163
1005002311188133
4000064705430
1005002231550231
4000758802869
1005002329787983
1005002424935937
32829874516
1005002292571574
4000677593953
32844254739
1005002349909546
32922075677
1005002280461283
1005001845537197
1005001289969091
4001081100399
1005002409854204
1005002291610749
1005002242950171
33057690667
4000012309587
1005001489038641
32957884139
32949491509
33004714353
32971020401
32991744739
1005002051191693
1005002311961586
1005001857161773
33050350434
4000089797678
32822155469
1005002307532956
1005002253963082
4001051341249
1005001288054856
1005002003036168
1005002197896742
1005001874054788
4001122379830
1005001656747822
1005001800658167
1005002033707212
1005002119818836
1005002052528414
4001268967553
1005002081486337
1005002011593441
1005002214793343
1005002373448169
32975798651
32668432265
4001233838688
4001066846027
1005001870606724
1005002382263714
1005001966246225
4000038546109
4001035447795
4000558479754
4001114841518
1005002132843586
1005002333877298
4000234643354
32552368213
1005001558648633
1005002337089026
1005002165919427
1005002042141730
1005002314392102
32855452776
4000905533368
1005002314500125
32991881324
1005001648826720
1005001894622298
1005002291625661
32864633659
1005001965902213
32964539429
1005001966558276
32855312943
4000793838276
33035615156
1005001632961031
1005002313668184
32956164128
1005002074044479
32847591531
4001245221605
1005001797672878
32949219792
1005002198987728
4000672241404
4001307507606
4000738679377
1005002371602729
1005002418963218
1005002363289907
4000315187929
32992732491
4000120476903
2019983875
1005001841149340
4001168968934
4000383104613
1005002430419815
33043090919
33020885000
1005002275158766
32969229695
4000628735002
1005002317605170
4001262676807
4001157355347
1005002258639375
1005002347329215
32867119696
4000944247388
1005002271797227
33030010612
10000291605943
4001208506795
4000918276007
1005002468318946
4000737871969
1005002228997521
1713246436
4000183594207
4001294023770
4001210829959
32918701907
1005002033785925
32838614634
1005002333485307
4000510681653
32589661359
32917556459
4000268984547
1005001731726756
1005002240710270
1005002321848079
1005002359867769
32977345814
1005002238836758
32919956976
1005002302527058
32964161101
1005001694538938
1005002028066890
1005002439050375
4000398432423
1005001603229050
33047206002
1005001572566486
4000538025550
4000447779727
32839904358
32948655831
1005002319151093
32898551570
32851372271
32837068967
1005001679711036
1005002378697635
1887444124
1005002214832495
1005001670978770
1005002338720889
1005001940983802
32857066929
1005002315138578
1005002038456340
32870750282
1005002277150589
1005001450637323
1005001451881066
1005002402219076
1005002409299567
1005002495791675
1005002404038537
4000236247889
4001015871617
4001204992947
32804078791
1005001656809879
4001049659190
1005002317069217
4000807682480
4001169836418
4000781625068
1005001781299622
1005002361689263
32285608685
4000023256438
1005002382112356
4000464255938
32974987054
1005002417011815
1005002220844083
1005002220678310
1005002314869904
1005001444772149
33048164571
32921610024
1005002389030625
1005001780682305
1005002314496443
32842801426
32436037891
1005001858829339
1005001466347588
1005001444238779
1005002394492977
32986821289
1005001324964979
1005001644018717
4001053070358
33006147398
1005002454359424
32955053647
32870846081
32630223686
1005002364496530
1005001659014997
1005002394969375
32457064995
1005002339417841
1005002224476541
32861288172
10000332278937
4000255429187
4000286980097
4001028426142
4000117935108
1005001948789499
1005001966220732
1005001966994236
32432765941
1005002084064275
33058104891
1005001966864333
4001035510757
32850782425
32798871002
4001366063862
1005002029285949
1005002287160941
1005002428419056
1005001445079822
33004497216
32919750654
4000116022344
1005002388267529
1748986786
1005001482718099
4000007113867
4000131047047
4000440742782
1005002289683539
1005001561334451
1005002500514383
1005002220959235
32827644201
32875780643
1005002207730597
32945813194
1005001985497508
1005002274544427
1005002466858364
32986260588
4000101567687
1005002368875720
4000073813319
1005001840074877
1005002018366098
32855390301
1005002034608276
32881463018
1005002357668960
4000426221568
1005001882905492
4001315401493
32817159438
1005002324169059
1005002160287291
1005001921520845
4000799880673
4001365648455
4000008822192
4000630789343
4001140885028
4000563031520
1005001869434658
4000994065383
32715581507
1005002226343126
4000874913853
4000011291190
32835723345
1005001867459280
32894679623
4000546532961
32820614893
4001214563265
1005001640743220