1005001671377403
4001355557026
4000588945588
1005002152940535
33010556109
4000131689637
1005002327793001
4001286987531
1005001924761687
1005002348493066
1005002362388909
32971473739
1005002393901493
1005001429250222
1005002029375357
1005002314752683
4001118048285
1005002289296034
32970996289
1005002426553520
32949197381
4000445101521
1005001332986930
32828883412
4000035576736
1005001958784319
4001289760556
33042820465
1005002454393140
4000726636779
4000511592729
1005002253159181
33016809847
32893105275
1005002196407738
4001176238374
10000027051344
1005001873355579
1005002129522177
33039466423
1005002434470523
4000113342210
4000850471064
4001098594069
32796567065
1005002499161454
32909184206
1005001319840799
1005001588354123
1005002080944230
32948862935
32747992480
1005001897944946
1005001348602680
4000782792931
4000038624772
1005001464041148
1005001813483715
32879398017
1005002023588595
33047593504
1005001958474893
1005002272679253
4001144985605
4001133886118
1005002089349871
32813615682
32758762003
1005002244997606
1005001948766207
525325130
32931570957
1005002245788155
1005001825472936
4001315441871
1005001948345221
32856135835
1005001997057951
1816861970
4000031703186
4000666129255
32738026156
32805422582
4001262570638
1005001839418965
32844589468
4000732719782
33034692948
32963085395
1005002288938568
4001212945024
1005001698096081
1005002046915888
32896393354
1005002289631880
1005001473347956
32855986408
1005002000123607
1005002321752279
1005002453133325
4000099899395
1005001652680345
1005001689369197
1005002386842522
1005001850205382
32329182870
1005001269356899
1005002439156034
1005002000388045
1005002206330724
1005001976568163
1005002240761202
4000250312891
1005002399723347
4001255070355
32918596199
1005002322921348
1005001319840072
1005001923014649
1005001980022708
1005002318516405
1005001587665228
4000505915671
1005002446833393
4001208404275
4000171390683
1005001672591488
1005002313649843
4000640914462
32847755178
1005002406330543
4000877694322
1005001276142492
32826163493
1005002307305379
1005002105888022
4001128578094
1005002033733193
32973457072
1005002310657540
1005001953701006
32862635118
1005001282015261
32887606215
1005001733203482
32847064810
32861554384
1005002461924592
32710792279
4000529108189
32813534549
32883706864
4001081074386
1005002465956933
1005002124769750
32464780946
4001155990862
33051927038
1005001509258648
1005002244089095
1005002389462875
10000395285864
32932889189
32857333722
32829805549
4000927971681
33003555359
32953110646
1005002359707243
1904081996
4000708804705
4001130981454
32770467956
10000402432287
1005002167622995
1005002313419649
1005002100670725
1005002323969216
1005001313968309
32296818826
32980970503
1005002283066713
1005001680435868
4001041111812
1005001977150830
1005002406576371
1005001867316482
1005001823012009
1005002400631995
1005002351187618
1005002357464565
32949508610
32987885370
4001188597206
1005002345569457
1005002211877438
32515081240
1005001839523642
1005002065767171
4000938616310
1005001626738835
32760859739
1005001670793639
1005002434774120
1005001364582974
1005002398307402
1005001515924377
4000238744586
1005001639052605
1005001522841324
1005002412498908
1005002022939888
1005001273272101
4000778694025
1005001733668332
4000909681719
1005001340113102
1005002330468807
4000720598149
32984815093
1005001470706334
1005002278384310
32845752508
4001111318928
32943299794
32961228064
1005002347328702
1005002310465661
4000079909939
4000712732967
1005002072364903
32890908529
1005002377242123
33016663588
1005002388337095
4001259318430
4000843376703
1005002073302404
1005002492209125
32838088817
1005002065274764
4001140002354
1005001864615333
4001204213487
1005001567933557
1005002318764722
4000015815232
32916910852
32898628723
4000043356045
32842536935
1005002412822958
1005002292197390
1005002365207578
4001193133902
1005001710190990
32988536101
32845093856
32836470583
4001030314463
32675123926
1005002247653839
1005002292312278
32863462420
4000393327833
32967396427
4000902802263
4000325165140
1005002011650590
32889658014
33014239617
1005002462153413
1005001968416627
4000385634999
1005002323990403
1005001446835139
1005002314488490
32850868984
1005001520713488
1005002388796652
1005001619950954
32976006242
1005001865506548
1005002297749092
1005001632848943
1005001466280609
32837445327
4000056677973
32920053419
32828839541
32755932813
32853141054
1005001950176656
32666741584
1005001498812897
1005001297834629
1005001929393019
4001078721875
4001225109807
1005002312918995
32960236930
1005002485787138
1005002271823309
32607380772
32861064719
32752435088
32770268551
32974411570
4000672706810
32957002541
1005001365850643
1005002499740358
1005001777329456
1005001560035893
1005001662883914
32827973652
1945017960
1005001419559579
32971294440
33028241250
1005002307176549
33005710018
1005001867378234
33029514620
33034967143
1005001618950648
1005002213142638
1005002122575199
1005001888127973
1005001670682850
1005002317645149
1005001970553148
32954082333
32955336137
32868305651
4001259578145
32893344110
32917963455
1005002351497511
1005001270082176
32853171311
1005002344913931
4000234887773
33054216513
1005002265210493
1005001988269581
1005002361996422
1005001529792659
33007152253
1005001839984117
32953540594
1005002418556575
4000199838456
4000192150886
1005001845691155
1005002350768695
1005001487385220
4000822143011
862992703
621433934
1005002305161580
1005002133358462
4000220881434
1005001927672522
4000117506812
1005002406696849
4000138427652
32848420412
1005001326452750
1005002371871415
1005002390884358
1005002179820244
1005001787183456
1005001424334985
4000256001013
32948630109
1005001632426493
1005002353610912
32814390943
32902256391
1005001298832376
32427205473
1005002095439324
1005001834567452
1005002288846231
32874788506
1005002288675790
1005001977014690
4001031391220
1005002341899475
4000856593505
32888407035
4001039220769
1005001649122644
32356102994
4001340240047
32959161663
1005002294771467
32916062085
1005002104899942
1005002360121273
1005002409156131
1005002449325244
1005001598691536
33010154744
1005001579307015
33064315374
1005002377715337
4001229087955
4000903754784
32856078467
1005001438915271
1005002297526799
4001305388628
1005001520488296
4001173650769
10000002718981
32843739789
1005002167825501
1005002389583433
1005001398834392
1005001726794324
32835821390
4000374084138
1005002394220931
4000585068567
4000062783734
1005001792786708
1005001901046044
4000362649662
32825525816
32970454016
1005001612811035
32976583818
32827039127
1005001858724602
32983467578
4001178316007
1005001269668061
1005002061612111
32840319320
4000900532822
33039340115
4000067616391
1005002219446019
1005002047267080
1005001840054915
1005001982712660
4001181358303
32908419607
1005002175878834
1005002394386729
32831892337
1005001921928485
1005002224775681
4000098306685
1005002323333752
4001331958006
32721121513
1005002386909083
4000320622149
33046854046
33038563551
1005001378634644
1005002252724234
32919478575
4001044981627
32967009863
1005002122395475
4000341249022
1005001380142196
1005002119015782
1005002171568254
32908666931
1005001515259238
1005002234786910
1005001381301266
4000667061151
1005001633506487
1005001488435991
1005001329764000
32992154641
1005002240331971
32808980453
1005002129590360
32781064570
1005002381625002
1005001813270665
1005001979779582
1005002143204543
4001272706235
4001221801587
4000510151057
1005002018762521
1005002294546355
32612947607
4001132423002
1005001876379981
32991141560
32945352253
4000626086790
1005002226693089
4001062002660
1005002239684093
32668785681
4001120298575
1005002063828448
1005001960093349
32967300920
4001138148365
1005002350077866
1005002291909874
32294132350
4000607453738
1005001529391230
1005001632758030
10000343953157
1005001952352804
4000477205857
1005002238569926
4001049381137
32922414521
32997355035
32382339535
32358252577
4000725288020
1005002357139921
1582704662
1005001682381933
1005001454695555
4000040354884
4000940669404
1005002433798459
1005002256767317
4001077412551
32997241855
4000661095429
4000414801699
1005002280932315
1005001641074882
1005002347778882
4000666003546
1005002488226651
1005001652943138
33034259741
1005002110718342
4000842668566
1005001701074271
4000792527126
1005002121540306
1005001513202481
4000784520176
32578871557
4001010575470
1005002450437880
1005002122564250
4001249142150
1005002191252130
32820859255
32975890373
4001278873403
4000201826944
32812634882
4001236594019
4000386973568
4000717193511
1005002107386329
1005002258590867
32919417213
1005002405619678
1005002211797603
1005001731035914
4000192116698
4001100283628
4000064153795
1005002312212451
1005002390381901
1005002281809189
1005002315213318
4000351447897
32892705296
32834476057
1005002350397813
2008959172
4001218484005
4000170810893
1005001802628817
1005001759730064
32923354291
4001281887971
1005002376733592
32842912941
4000977850201
32966081719
32974523116
4001326023580
1005002342469757
1005002282301082
4000967008998
4000135492111
1005002334706304
4000937723194
1005002450067671
1005002268981233
1005002427276697
32962125025
4001038781783
1005002314457093
1005002384282828
1005002235773103
33008514666
1005001626534090
32919904982
1005001695908815
1005002254641626
1005002293222561
4000402057206
1005002380865505
32922278977
32968007003
1005001809198418
1005001354199178
4000698827985
1005001989157491
4000052263316
32852368729
1945019424
33009040912
1005001348166739
1005002305075830
4001334832502
4000576897322
33006386499
32829939373
33028000423
4000228821390
1005002396059997
4001174228544
360409323
4001094143161
1005001813084822
1005002481890505
32799346854
1005002321171670
1005001890216136
4001188588780
4000883531155
32810049003
4001352902047
4000857437030
4000189880010
4000308516642
32251932428
1005002352190437
1005002212058903
4001135656064
1005002253851580
4000334908436
1005002383840895
32955494438
1005002341515154
1005002121555169
4001005243098
4000061515139
1005002264669852
4000955968255
1005002011413938
32978695794
1005002334926586
4001029436557
4001050271130
1005002265753165
32859849003
4000057916053
32944693633
33035924661
4001018015951
1005001836484530
4000214676217
32793673487
1005002275669898
32889027697
33046112276
1005002271647928
4001061118444
33031017012
1005002283600631
1005002394402065
32840587182
33009865586
4001282995236
4000921086550
33040532055
4000263118169
32914485034
1005002178228688
32882636173
1005002287495216
1005002485584935
32809180852
32780279101
33026310219
1005001419054484
1005001585080974
1005002211940486
1005002460155295
4001255252863
4000674518024
1005001866831579
1005001837789041
1005002254581259
1005002192218475
1005002373083273
1005002039118399
32540769266
32833028335
32887318066
1005001704005528
1005002089412189
4000322324627
4001061274690
4001228741124
1005001736508714
4000804428459
1005002334249997
32847757659
4001177890269
1005002446669308
1005001962535150
1005002037568799
1005001826162193
1005001700272955
1005001537891104
1005001445343161
33011681073
4000248532936
1005001479954978
4001053174127
1005002030739092
1005002362524633
33007331890
4001132003458
4001086489665
1005001570842394
32812398298
33039986677
33004292941
4001236158888
32917364372
1005001350045718
33049180639
4000661169064
1005002294079751
1005002341072002
1005001982898499
32961662794
32719259731
4001069597801
4001233005641
4000035867591
1005001835601185
1005001832152534
4000905582149
4001274484056
1005002450640108
1005001405512134
1005001856160173
1005002085226978
1005002244147646
32969049411
1005001942426734
1005002362964137
1005002432800219
1005002005310427
33009271876
1005002252475516
4001053257306
1005002442105166
1005002009480287
4001224219754
1005002212259170
1005002302910846
1005002354013072
1005002050216349
1005001484672566
32785432556
1005002271478049
4001222790859
4000626492423
32365697345
4001208318893
1005001707888978
4000685385106
1005002492306107
1005002172268361
1005002467829326
1005001431357850
1005001985021227
1005001849003778
1005002297456262
4001032834273
32623702041
1005001573633270
1005001775525106
1005001849268679
32797231333
32330864472
1005002416139415
1005002468456363
1005002103389498
1005002129066629
1005002006162466
4001228542864
1005002312177432
1005001329844045
1005002192009457
1005002303106373
33026617637
1005002385257353
32957854062
1005002480409411
32852088885
32885928298
1005001600761003
1005001657004264
4001299047619
1005001493044175
4001267953449
1005002164920177
32887775892
32831591023
1005001458766047
4001344013863
1005001554820987
1005002420479756
32922686360
1005001446838684
1005001706591391
33009601584
4001160899380
32864310681
1005002351585196
32867954739
1005002003025893
32922419294
1005002167762480
4000478622774
1005001340516852
4000905685485
4001244895665
1005001900541503
1005002111447612
33046777306
4000510360415
1005002355214249
1005002324111332
1005002220851887
4000025114026
20000001066095
32881430907
1005002247163458
1005002369639175
1005002498994454
1005002272129276
1005002417749790
4000133032190
32856906392
32866940333
32949887612
32992732201
32992972393
1005002136640121
1005001682975603
1005002453154483
33046153636
32980788522
1005002413291336
4000227736354
32956067185
1005002240251514
1005002001414672
32845619912
1005002441758798
1005002166321087
1005001671641189
1005002454845140
1005002342807587
4001054438501
1005002243415236
32881969164
4000781376054
4001230322821
1005001962008512
1005002327298425
32918053308
1005002313342779
33055488975
32905832464
4000063929128
4001332749390
4000413600878
4001214221654
4000891455379
1005001621944478
4000773826065
1005001636365776
1005002252772315
32847794529
1005002321117102
32837553174
4001159787786
4000415844747
1005001872653449
32901335727
1005002120067752
1005001901548205
1005002048993824
32909283127
1005002264593768
32800259269
4001144889727
1005002132683856
1005002310761679
4000249725523
4001351857669
1005001321804441
32854131452
4000080331134
1005001516102002
1005002205975308
4000911140351
1005001792671726
32826454873
33003494540
4001317616733
32963693260
1005002328390905
1005002342603155
32996560355
4000280706004
1005002326562531
4000796203702
4000369955018
1005001763019481
32952692344
1005002346854693
32995808648
1005002480747393
4000538133803
1005002332470737
1005001773071767
1005002049622647
1005002362420188
1005001831559365
4000916891670
1005001757174341
1005001446638624
1005001339460038
1005002292351069
4000958529610
4000109813859
32863005396
4001217933193
32930836813
4000691431131
32764104204
1005001781565214
1005001599684312
32608230032
32911207052
32949223780
1005002260837023
32930269060
4000264614296
4001119267305
1005002049674239
32978308371
4001299171994
32658249547
4001332302337
33035931373
32706947238
32832916548
1005001815513357
1005001286083426
1005002264904397
1005002476051783
4000072217188
1005001779779736
4001305465423
1005002095817985
4000913541335
32585128933
4001264674624
1005002273146221
1005002314377679
33025245184
1005001846287158
1005001966533282
1005002212570963