4001106911182
1005001572401675
1005002393999648
4001273898424
4001271119340
32610727448
32788513454
1005001792372971
1005002079879847
4000777558856
1005002252982709
1005001733115965
32855248809
1005002187056497
4000434014165
1982668089
1005002367541243
1005002283390885
1005001586316110
4000040293798
1005002359225210
32842712228
1005002441096791
1005001660372469
32810197368
32975039317
1005002322420294
4001214473068
4001163273185
33026869591
1005001603573320
32880777637
32924094601
32833819706
1005001802627470
1005001955120268
1005002489197346
1005002318363697
32841212170
32996316085
1005001773268535
1005002387002062
1005001626446243
32963941459
33030602697
1005002341034004
1005002469080895
1005001912762808
4000600113450
33003744066
32948790929
32467541076
32961796547
1005001423428332
4001118126378
1005002367841058
4001245352264
1005002257556679
1005001670842506
1005002364473970
4001062365310
1005002376380570
4000804549847
32866231095
32848471023
1005001660879352
10000147931265
4000169440851
32986632256
32950324443
1005002162790094
1005002301814567
4000764769690
4001103663527
1005002051762231
4001356650237
4000258617365
32972461154
32824731295
33019948080
1005001429925958
32912791802
4000282465990
4001220038301
32966935332
1005002313932913
1005002400488001
4001103694054
1005001572377186
1005002272168079
1005002247380945
1005002340714022
4001270425141
1005002314262800
4000407197503
32960720257
32919759866
1005002388323645
1005002322801103
1005002306655819
33023150099
1005002359233221
4000972644921
4000196482266
10000025588280
33057799452
1005002444350923
4000333204797
1005002035249949
4000011768297
1005001504731833
4000857369241
1005002347839274
1005001703683808
1005001439150557
4000936455145
4000464215555
1005001731875247
1005002342617881
1005002379472846
1005002476943771
1005001474983659
1005001424277354
1005002439811442
1005001952423647
1005002490508406
1005002120257331
1005001428851506
32897793409
33031757267
32858858134
1005002365877218
32691685107
1005001869968131
1005001366115691
4000093161074
1005001756178220
32786698386
1005001380834179
1005002312959548
32931169629
1005002439005288
4000294568068
1005001541908176
32914232639
1005002262099592
1005002211966628
1005002466189007
4001102595105
4000156490853
1005001597729439
4000701343877
1005001615320675
4000080993504
1005002423449472
4001307872804
1005001500080871
32812913211
1005001681513349
4001136827810
1005002449111342
1005002004202902
32811568531
1005002304079345
1005001873933484
4000604281041
4000460799686
1005001645201449
33000669486
4001278726388
32825678017
32793629630
4000324645323
4000010147384
1005002244628578
4001218045502
4000943562300
4000928217711
4000154154138
4000096631296
1005002342058835
1005002363165012
32839185769
4000706888877
1005002060199214
4000357500119
1005001966699973
32974834728
1005001327868961
4000535040131
32531460095
32869500671
32956760563
1005002301875498
4000254047038
32868763828
33057962847
32840059316
1005001791795532
1005002413167966
1005002060142603
1005002334569550
32419238592
1005001352864082
1005001588269516
32949431873
1005001656952356
32922207463
1005002339383536
4001324396038
32995198877
1005002305250927
33027525614
1005002347426659
32978306430
1005001278139069
10000134886170
33047596951
1005001502509851
4000620200022
4001243756905
32960803908
1005002381247155
1005001831619557
1005002340896695
32908589479
1005001671125661
1005001768920919
4000237848105
1005002095119110
4000898628592
32849293413
1005001421031453
1005001413457951
32936359016
1005002265582524
32794972345
1005001800441031
1005001860357046
32853360706
1005002207447006
1005002431183087
4000772803804
32889152025
1005002032059432
32586448213
1005002296473524
1005001510335724
32953988549
4001276446587
1005002367362780
1005002314524377
1005002365500008
1005001926471064
1005002023116050
1005002364358013
1005002252376497
1005002440675520
1005001607581304
1005002256453736
1005001725654538
32969653456
32975253863
1005002448412709
4000960101875
32840249559
1005002244404477
1005002319608146
32817313575
4000990271733
33012841095
4001223666162
1005002092519820
1005001432158605
1005001864715541
1005002375196411
32970726219
1005001868580455
1005002416455768
33048694643
1005002339647058
10000022145464
32847743637
32701322284
4001125979705
33032799395
1005001351498531
1005002448208151
1005001615290369
1005001515331459
1005001450587129
33029400685
1005001498577574
1005002394077145
1118943437
4000377207007
32949309411
4000253216171
4001058423331
1005002283207018
32859197192
4000854742745
1005002372173129
33007233431
1005001679157106
1071967382
32982799117
1005002459666113
32966294847
32876756187
32963209274
1005002500514244
1005001552641215
1005001878680199
1005002433789738
32922305972
33022393607
1005002238312403
1005001483129261
1005002454349444
32871902889
1005002251246559
32998933213
32966181178
32949774835
4000778033408
1005002304049657
32845003305
1005001571243536
1005002434419290
32757634717
4001065093201
1005002339602075
813269108
1005001688207141
1005002231522366
1005002111304347
4000212372482
1005002306511074
1005002378079938
4000616445966
1005002329524801
1005002278969047
32810273135
1005002047609263
32854694376
32891804782
1005001665979280
1005001298079852
32864902777
1005002168758351
1005001987049401
1005002292709746
32898757249
1005002350967752
1005002304218120
32888779469
1005001476570992
1005001970563642
32993774557
32862581897
1005001571379933
1005002014881987
1005002300729684
4000956188698
32995558223
4000005665736
32807109748
4001103368200
32811271314
1005002418824430
1005001499972466
4000726176515
32791854075
1005002292924452
32809378192
1005002028524981
1005002295727909
1005002480989743
32950960969
1005002381735682
4001080261978
1005001508796649
32919242389
4001127714938
1005002353741191
1005001284533589
1005002313955565
33014005125
1005002374998817
1005001555140799
32731218280
4000888857059
1005001982835577
4000865112986
1005001287624265
1005002377044962
32918366653
1005002413237807
1000007842697
4000168892064
1005001391655939
1005001939527194
1005002284430090
1005002027171755
1005002296720276
1005001473721787
1005002454445054
33011865860
4000156482050
1005001930765766
4001321998369
4000100156673
1005002288236767
1005001731272374
32791175298
1005001652475270
4000586449992
1005001813896223
1005002363430976
1005001392942506
1005002233168225
4000055497943
1005002076387667
1005001621744072
32969526265
33025969798
4000114161446
32964514753
32910171533
4000303039157
32716845490
1005001914758125
1005001362682402
1005002392035184
32952555049
4000917759889
33010653356
33053166518
1005002369016123
32793954390
1005002217844327
32798157096
1005002314412418
33008426272
32504331283
33054249078
1005001993668265
1005002337001147
33024346919
4001006842892
32961465275
32244444586
4000843348660
1005002206198678
1005001723970637
4000010586136
1005002167825314
1005002318997185
1000005322783
33012762536
33012796337
32856980867
32993683984
33055365034
4001111326033
1005001990042946
32961448338
32980118398
4001302872383
636484466
4001112223313
1005001478016940
1005001682607440
1005002264365597
32939213126
1005002399572208
4000899615288
1005002337044448
1005001505737399
1005002286395632
1005001516513408
1005002436908764
33036740874
1005002319005002
1005001996935611
4000835187058
4000727132648
1005001382052850
4000825989523
32912611534
1005001580803298
1005001921096085
1005001724121083
1005002389890655
4000058726366
4001041546910
4000844940442
1005002365656230
4000978893911
1005001798626842
1005002254392412
32873231768
32906057803
32846316228
1005002497282392
1005002253455092
4001316967001
1005002319021101
1005002145254361
1005002254918993
32803505875
32626731088
1005002376806128
4000911748643
4001069536911
4000174093845
1005001518492130
4001131800445
4000587207009
32825733037
4001271924855
32972903788
1005001975270231
4000579583366
4000930512165
32951876184
1005001275395274
32890731304
1005002317324444
1005001540770543
4000054468480
1005002112385846
32868815650
4000283169219
4000495967730
1005002447995839
1005001386217509
4001218446908
32916022945
1005001320091825
1005002478531929
1005002428615845
1005001653669641
33049051839
1005002430834629
32737221006
1005001676721964
1005002318865706
4001029460794
1005002305717717
4000298491415
1005002337902305
1005002287504662
32888945438
1005002323603362
32965611921
32888094994
4000411143942
1005001622651997
32956071722
1005001648828807
1005002122437166
1005001966627298
1005002310225563
1005002001156611
1005002282849518
1005002383562450
1005001740077714
33048549836
32792688592
1005002454721062
32852073944
32709968006
32768935075
4001170630283
1005001680468549
32914481231
32650888613
33017245946
32959856857
1005002149281472
1005002421472372
4001035842561
1005002329855469
1005002318263059
32909699209
32952604512
32881885967
1005002382861401
32792436196
1005002363211156
1005002402497460
32544674133
32963902413
4000292533445
1005002297368479
32933206559
33024186526
1005002388720845
32865155801
32827895282
1005002340330647
1005001860913194
32954911981
1005002287989998
4000045549036
33059026232
1005002390239607
1005002360086485
1005002210003647
32869494550
1005001905798065
1005001621964822
33020123073
1005002477605442
1005001442112638
1954255256
1005001507500968
1005001848434532
1005002244081455
32611942385
1005002457650662
32864054150
1005001510364802
4001163344970
32958166319
1005002432274594
32864800972
4000742426724
1005001571904693
32973255294
1005002498140235
32923910860
32536226974
1005002291308322
32966014178
32903048161
33008020710
1005002368512459
1005001708867316
32840489363
33035158519
1005002170775608
1005001658045625
33044918481
4001248099884
1005002355731556
1005002395240234
1005002255219414
1005001700057342
4000048499343
1005001617354031
32553794410
1005002330462245
4000833995725
1005001320743766
32918121232
1000005075914
1005001942269880
32976711398
32959811912
1005002006398543
1005001803993720
1005001615857242
4000348871871
1005002245471961
1005002280739752
1005002008104471
475487799
1005001967144900
4000116425645
32705160137
1005001489361731
1005001608339626
32985397516
4000528664128
4000849778328
32973387561
1005002115544322
1005002314424811
32824857043
1005001354817853
1005002288498371
1005002389780239
1005002213580373
4000672623054
4000717700183
4000271624606
1005002484314206
32850318751
1005002363505511
32919664378
1005001798948785
1005001931052064
1005001820439768
33027533392
1005002352098863
10000422998949
1005002317713838
4000985933439
1005002393211945
4000168851776
32618242346
4000699321717
32936053194
4000505678414
32898341590
32948267810
1005002363124303
1005002101897665
4001306495538
1005001931514096
32954799524
4000423772340
1005002315840787
1005001284486680
1005002200035464
4001215760547
1005002310529910
4000663545671
1005002260498986
4000970359889
1005002353435657
32998296935
1005002046760301
4000010307843
4000280468253
1005001654076824
1005002028086585
32341061474
1005002377232438
1005001865756272
4001254384636
4000279078408
4000521926035
1005001575259953
1005001844759441
1005001586903199
32974338770
4000841803817
32824416453
1005001410955033
32946089925
1005002239373732
4000542874808
1005002126058455
32953935859
1005001757013387
616981559
32266000149
1005001934445852
1005002073548930
1005002317862636
1005001581216717
32297060310
32673427427
33010251490
32885318650
32849953560
4000351552093
1005002319308520
32298993678
1005002347492718
1005002450386391
1005001334373694
1005001278010181
1005002392885527
1005002344883484
32720077549
1005002027862086
32790415754
1005002434921343
1005001529580257
33001427981
1005001530580627
32949464579
1005002292806101
33052728313
32882559041
1005002021919174
32828897581
32789346638
1005001842049190
32428083995
1005002436468313
4001211636446
1005001966476649
1005001471835655
4000836572114
1005001841560469
4001245268473
1005001446861979
1005001878852808
32860057287
32672812785
32262958203
32951810738
1005001695108077
1005002473826900
4000418390105
32327190838
1005002263084486
1005002136813084
1005001692223364
1005002043504834
1005002363360184
1005002351343199
4001345457272
1005002255083365
4001252018974
32823999624
32965725169
4001321826672
1005002475287704
1005002117705134
32870317359
1005002168110821
4001042190653
32855484596
1000007639464
4001153578889
33027101714
32964948103
1005002122633485
1005001525285868
1005002348782882
32826601613
32646878469
1005001561399371
1005002461126462
1005001556663806
1005002419580782
1005002239908433
32817756213
10000384977874
4000991027029
4000245923563
4001047384896
1005001275157356
32407998611
4000711645639
1005002206536002
1005002277710841
32966528133
1005002356023456
1005002335121843
1005002128972962
1005001334013205
1005001906704757
1005001648791523
1005002253975792
32842489658
4001057662679
33008458794
1005001891039218
1005002038824005
1005001618234144
1005001521928084
1005001483420072
1005002156714427
1005001915294110
4000336659186
1005001981663285
32328585469
1005002284624337
4000137195567
32991878422
32956371763
4000120933164
4001187541483
1005002346107419
33054302332
1005002353579721
1005002357208600
1005001575237409
1005001352151846
4001082666876
4000315281148
33021528214
1005002291048137
4000261122672
4000544579580
4000771422501
1326493416
1005001355539392
1005001324920684
1005002179837439
1005002195944489
1005002145581036
4000878741930
1005001471897498
1005002341988214
1005002490088696
1005002466126701
1005002424595936
1005001468605596
1005001631488054
1005002354179215
1005002381727298
1005002245167779
4001091701189
1005002414393932
1005002377017695
4000091606382
1005001515796739
33014239572
4001001286507
1005002304018521
1005002389208120
33057793956
32724292690
1005002048751995
1005001438833770
32926153897
1005002443389501
1005002347069237
32999611023
32986039509
1005002323040591
33031063295
1005002259466548
4001331231794
1005002055800262
1005001491423329
33031413937
1005002435643048
4001224851822
1005002023245363
1005001942917275
32915297104
1005001838980496
1005002248995144
1005001793796132
1005002460033603
1005002314286654
1005002455521802
32833953798
1005002167130860
1005002344773515
1005001580287842
1005002319467092
4001269342205
1005002118651764
4000691780628
1005001868576744
32904105273
32879615095
32964777134
4000782035057
32858100972
4001183467888
1005001695436827
32806165997
32946340411
1005002454090221
32524974704
4000775863820
32849379046
4000243402129
1005002049424457
4000197680884
32883435279
4000741315644
32987590916
1852233842
32989903766
32947160601
4000213066324
1005002431879616
1005001456201784
1005001657801772
33000300601
4000154956128
1005002419056233
1005001621205077
32973599155
1005001569030381
4000466019001
1005001581654431
4000388381535
1005001919311157
1005001971900069
1005002452371861
1405717322
32855046287
1005002376879143
4001346003988
4000956227730
1005001493369782
4000766768557
1005002277574668
32887762635
1005001884856331
1005002330766524
1005002206481276
1005002219865847
4001018129085
1005002386457155
4000857240114