4001248822749
4000148265599
1005002306417604
32997105653
1005002008038192
4001022522027
33003949034
4000227945388
1005002338512686
1005001269639228
1005002309550643
4000068088021
32787133840
4000930330715
32650403390
1005001941259583
1005001470049488
1005002066941149
1005001798142744
32729004215
1005001470636925
32817770075
4000107062084
32366281972
4000197354903
1005001612838104
33055481675
1005002347305142
32825111714
1005001994011349
4000750712412
4001227560875
1005002288149686
1005002441151883
4000323989616
4000874701346
1005001786304328
4001253575746
32526602821
1005002038999714
1005001624574552
1005002265780561
32756617760
10000152679365
1005002156937331
4001128281276
1005002336855956
32895310337
32793474931
1005002330328998
4000630507069
1005002359015839
10000323804020
1005002298407861
1005002345228536
1005001286087535
1005002460572757
1005002351661806
4000988131416
1005001793573693
4000396626948
4001100831065
4000678219050
1005002398978137
1005002415354186
1005002304090203
1005002211461719
32965847391
4000279880143
1005002408545801
32923700254
32967225278
32906115784
1005002361939608
1005001417239299
1005002382692368
1005002298167000
33039249518
32666051164
1005001343966253
1005001946196982
1005001900990908
1005001627137229
32971854435
4000419723843
32947961704
4000060632560
32948774781
1005001927943954
4001095490880
1005002313321860
32994843450
1005002275940488
10000300648844
1005002302218699
4001001101844
32804905717
4000157225261
10000384997161
4001031423944
4001232105909
1005002214192156
4001054176403
1005002400340052
32750347594
1005002341085634
1005002336034641
1005002416778072
1005001468522176
33032660705
1005001290234589
33040294516
1005001644595294
4000943122376
1005001848194794
32947165138
1005001749799406
1005001333055832
32667360675
1005002361541909
1005002033196551
32821251321
4001127782543
32857309631
4000112066934
4000770264624
1005002490432487
32673300439
32848988602
1000001639624
4001235582761
4000341341744
4000197930942
4000135683241
1005002217416868
4000170494920
1005001663069279
32910198123
32920262677
1005001368710492
4001335824273
2037405398
1005002423790239
1005002354256726
4000022640869
4000984229746
1005002393144191
1005002026860826
4000905654921
32978307352
4000765392205
1005001518045543
32962783845
1005001286370430
1005002439092718
1005002459674385
4001163453759
1005002076807278
32916757928
32876309157
1005001290234295
1005001585275417
32946666043
1005002051619838
4000460222069
4000205862754
1005002443818928
4001004340827
32951884989
4000836368539
32966037987
1005002314378008
1005002284828082
33047722021
1005002462582184
1005002477890028
4001048836630
1005002101058031
1005002297683970
1005001763460079
1005002317736626
1005002273044167
1005002273357587
1005002197208523
4000927283374
32894519916
32847829606
1005002459992503
32903082955
4001332441444
4000450052358
32870230053
4000923204775
32844845420
1005002277963196
32951227907
32964452752
1005002007576953
1005002408392389
1005001324281715
1005002317937582
1005001890753854
32805308288
1005001638333646
1005001448304020
1005001831985793
4000865417007
32867960895
32826514610
4001275358676
1005002309091861
1005001894935266
1005002351648731
1005002297502242
1005001927823666
32865718972
32802120022
1005002238172591
32790325753
4000900505596
4000322154707
32954091367
1005001323162751
32970864138
1005002317808034
4001157130280
1005001429824132
1005002384267335
32780722230
32398299952
32980904238
1005002355894668
1000007488168
1005002064439718
1005001441310598
4000203320158
1005001973378439
1005001867725661
32971179634
32642819504
4001078290586
1005002173921739
1005002308665217
32969124113
1005001847952304
1005001972197629
4000586130878
1005002323383339
1005002294571722
1005002424607109
1005002172965990
4001211868519
1005001336954884
1005002294928067
1005002307023099
1005001824810476
1005002375001091
4001264001505
4001244115454
32832283732
1005001966660626
4001287268468
1005001961596894
4001058085760
4000588632135
32974327910
1005002315084575
32824692282
1005002499726402
4000028012559
1005002424685870
1005002240536278
32918714498
33058289035
1005002270593409
4001225201328
4000552250766
4001307325663
1005001393073778
1005001644080883
1005002336939256
32792411661
4000546527663
1005002404087107
1005002467690572
1005001581122164
1005001813400206
32922897572
1005001722884811
32741167765
33006970663
1005002411137187
4001315633860
32977056538
1005001826238937
1005001594993756
4001264276530
32956275136
1005002311889105
1005001850710819
32706662277
1005002490401363
1005002443133298
1005001860225964
850198219
1005002289620092
32812895258
1005002292698893
4000410796400
1005002302172592
1005002007407731
1005002260287044
1005002463465341
32848349992
32832374710
4000861582683
1005002298632733
4000212243082
1005001353641947
1005002023433620
32886184436
4001246872925
4001178771269
4000789459942
1005001758287421
32727629389
32832944137
33012922508
4000752530111
32820483851
4001217211974
1005001970296579
1005002372155478
10000418575554
1005001913194341
33030527000
4001259002087
1005001683264255
1005002339244476
4000882838104
1005001270036594
1005002235138496
690867672
1427467828
4001256534623
4000440586320
4001188787699
1005002106970161
1005001982949443
4000778158764
32873339321
10000395861913
1005002298693553
1005001705243491
4000084599816
1005001616026076
1005001565579009
4000007853477
1005002424190645
32853929645
32859329087
1005002314274734
1005002376038679
4001132101825
33054413283
1005002434225089
1005002314293489
32996789428
32872845928
1005002291030226
1005001779882230
4001221502243
1005002289131683
32917698023
1005002305418788
32906840403
33039473133
1005002269666944
33031768451
32888688417
4001143321999
32694023877
1005002012107273
32845300179
1005002228974122
1005002332219878
32624391274
1005002387879649
1005001406795969
1005002224204368
1005002426418384
4000793890680
1005002350117640
4001297939035
1005002332596481
1005002306213537
1005002314415353
4000739091728
1005001269872601
32902990447
32670667277
1005001507543264
1005002304216582
1005001580251411
32668309821
1005001354742329
1005002287603662
32963511089
4000706580750
32979325093
1005002299606199
1005002435310450
4000766951555
1257866731
1005002355559579
32840470725
4000762156850
1005001541700132
1005001602820645
4001100285491
1005002357753447
4001035475953
1005001742449468
1005002309976753
1005001786353140
4000803190708
4001146740234
1005001555873401
4000926471882
1005002384099926
32904640967
1005002378318461
1005002467546795
4000087398141
1005002192947021
33049698782
1005002168051051
1005002324871554
1005001531362276
32662448506
32831676168
1005002310924651
32907703595
1005002424223370
1005001959945287
1005001867741949
1005002439979498
32896112912
4001044213834
1005002069340781
32904450926
33027328577
10000384191879
32839590385
33025349147
4000004550073
1005002433032092
1005002307664085
4001214175034
1005001680481507
32851257486
1005001957272866
1005002484385084
32849704223
32820674124
4001191537667
4000148041705
32874305206
1005001834873811
1005002359771133
1005001525441510
32481571249
4001264172333
1005001792106156
1005002301527099
32993393163
1005001615800247
4001270476506
4000206145643
4000940437165
33011788321
4001279050470
1005002421552816
1005002388227210
1005001438895067
1005002425313512
4000114627758
32613396749
1005001525318668
33013297433
32920158814
4001257853810
1005002409511114
32858522431
32881879724
1005002228395304
1005002364999231
1005001849145523
4001243806130
4001217238988
1005002205587534
1005001665592823
4000600143849
1005001862717924
4001152835714
4000854450824
1005002009102887
4001119635886
2023843623
4001143190251
4000032028148
4000305440258
32884641335
1005002290884778
4000229030842
32857701358
1005001585141419
1005001626812896
1005002447636786
32711540162
33050417314
1005001762227262
1005002346739461
1005002315500254
1005001809605352
1005001758682007
32458736854
1005001364830506
32989819041
1005002468786180
1005002388714941
32555705395
32600517775
1005001933229983
32996330956
1005001935259522
1005002428576098
1005002255670711
4000708522005
1005002291158840
32826841156
1005002276892968
32840617146
4001224855365
33028882100
1005002468089783
33046332229
32974147873
1005001485285703
1005002469888151
1005002022965448
1005001724278650
4001156127905
1005001487373658
32663487987
4000036807083
1005001513002068
32960791039
1005001764712937
1005001882930196
4001212272632
1005002456580876
4000244357808
1005001425891296
1005002006082829
32811651703
1005002315623167
1005002401489626
32295985028
32930716171
10000157050392
1005002298055265
32954328557
1005001736788893
32849295660
1005002363832552
1005001299031401
4000310904080
1005002112008706
32981173077
1005002388415182
1005002213556630
1005002416392927
4000280615740
4000827902324
32954513779
4001080583414
4000123095762
4000071803905
32814117627
4000727422830
32782873860
1005002243959492
4000737734930
32902208251
4001038344216
1005002350895971
32816154151
1005002344992400
4001044804717
1005001329725712
4001014420465
4001076897337
1005001860838482
1005002397857374
4001028657310
1005001825265051
4000426695339
4000734287445
1005002307055391
32884663658
33035032371
33002991392
4000686990897
1005002344245691
1005001633570000
32808589125
1005001681827301
1005002282964480
4001054259808
32812224543
4000550422710
4000818227722
1005001559689510
1005001670701979
32961091532
32932656672
1005002254092162
32900292398
1005002257916795
4001365746881
4000052128227
1005002302273287
4001085281739
1005001802690010
33012950437
1005002429331171
1005002384536251
4000227636414
1005002413229808
1005001646126165
4000404174990
1005001957323785
1005002311114435
1005001519443899
1005002282590567
1005002399053009
4000672635143
32631213604
1005002318598303
1005002204700110
1005002319018874
32804897953
32804756399
1005002400961094
4000381060334
4001225219014
1005002029006626
33048221568
4000255630800
1005001708153978
1005002357702547
1005001799139163
32697795227
1005002434339143
32305734647
4001179393253
4000032235877
4000113166501
1447549853
1005002429415372
1005002234079628
33039876451
4000544081111
4001260231459
4000751892747
1005002276634826
1005001808619407
1005002433921579
4000677202979
4000642242887
4001006404576
4000714706518
1005002282555920
1005002086936249
1005002443961322
32810837933
32858287770
4001028001207
1005001714884097
1005001525562033
33024769443
1005001577129098
4000771068964
33029929284
32854423922
1005002069267801
32293257163
4001164104987
1005001586906273
1005001461810606
1005001849957751
1005002423453255
1005001870703688
1005001631586439
1005002204725850
1005002324608938
32918562872
32956277088
1005002264401161
4000680176383
4001063466300
4000231909708
1005002420811064
1005001337906972
32882540462
33051193375
1005002341270473
4000244290949
1005002258095353
32836303698
33024901459
1005001862728448
4001229278243
1005001615374970
32912180479
1005001939978788
4000830362828
4000068989875
1005001422800177
1005001422796454
32832885832
1005002309909833
32957474236
4001162620664
32882207126
1005002287223796
1005001614969596
1005001896112555
4000248229363
1005001869361109
1005001688008247
33046235185
1005002426244717
1005002307357140
1005002392743197
1005001869565504
1005002281449952
32912969921
4000714520102
1005002199504260
1005001334686912
4001032296591
1005002330583711
4000235401160
4001052054342
1005002417608680
1005002181039550
1005001320699530
4001261553321
1005002271984233
10000112695046
32843399008
1005001774534233
1005001600450605
32960637519
32828453456
1005002011810622
4001089169450
4000888775111
32852445154
4001076107591
1005001855385549
4000989318101
1005001430505839
32646964746
1005001555713003
1005002371963320
4000986417908
4000891509384
32378224587
10000151096708
32989839919
10000395864085
1005002258776283
4000768820663
1005002038750695
10000395835444
32751999516
4001117751450
32908444332
4001170331919
32997722441
32788037348
1005001928323373
1005002270445690
1005001350945048
4000684670756
4000302878008
1005002465948896
1005002099553251
4000874600605
1005002272035973
32850809275
32852471590
1917717078
32846442055
1005002364770857
1005002375533379
4001231894226
32851635366
1005002467269107
4000603743758
4001332114727
4000253887398
1005001576664096
1005002072376873
4001216450593
1005002315396128
1005001587308873
1005001830316279
32858503056
1005002320304002
32887426884
4001039314773
33057524287
1005002484737878
32866315341
4001196398879
1005001688841879
1005002382194875
1005002464834137
32822914266
1005001461769798
32379571241
1005001814486672
1005002026612647
4000996659543
4000115691473
1005002259072342
1005002378859435
1005002426516347
4000981498141
1005002315545722
32850071059
1005002297630402
1005002130204344
1005002198609257
4000138948264
1005002357164645
1005001768114250
1005001867643308
1005001438118325
1005001465834038
32750622479
4000789054537
4001249571587
32972215360
32886655271
32805819613
1005002260267193
1005002317012615
1005002317091711
1005001705730490
32608824344
4001057982410
1005002489496417
33057594280
32969612445
4000310078309
10000289572772
32956317755
4001028129122
1005001618356123
32950490827
10000088991281
1005002167786483
1005002314372596
1005001933295929
1005002427835883
1005002318032294
1005002418719107
1005002242960202
4001211046669
4000684564192
1005002319037238
4001225090915
1005002213544722
4000817643979
1005001845582456
32974569872
4000258137791
1005001429024199
33009903296
32829590730
4001029130418
4000709490937
1005002319125280
1005001973857716
1005002012145634
1005002350703090
1005002491889770
1005001950133769
1005002037268879
32856987155
1005001825726235
32833501635
1005002459451679
4001143507643
4000912286369
33038096719
1005002448174445
1005001728865973
1005002473974664
1005002342511665
32531800100
1005001840518717
1005002336613612
1005002313697884
32827273992
1005002293456501
4000513306034
4001013644670
1005001797575286
1005002434236698
1005002339922722
1005002314961320
4001132718893
1005002385729297
4001228463624
1005002315021052
4000928325491
4001228109616
32973872006
1005001356725514
4000418753003
1005002263706691
32964648179
1005002092743671
4000570920605
1005001419106336
4000696329393
4001047003779
4001066643289
1005001769427181
33030083878
1005002311872023
32839248369
1005002318867667
1005001354269827
1005001626844541
1005002061545495
4000467534382
1005002427520449
4000258022078
1005002253892940
4001222559445
32969264549
1005001386201693
32410319279
4001231313262
32925045377
1005002281178298
1005002413408988
4001283785903
1005002406453794
32921769572
33058840841
1005002357400542
1005002380744065
32847759672
4000761791246
1005002307914572
4000960563892
4001144038769
32851376511
33027521834
32966583823
1005001622274479
4000392461720
1005002324022695
4001010345254
4001237101043
1005002500445759
32980504584
1005001853577635
4000075060471
10000004064689
4001286554881
1005002398752954
4000333410471
1005002485260897
10000405923069
1005002394880078
4001179095620
4000920379458
32753758181
1005001676699980
32819613068
1005002134347757