32965490736
4001005216027
1005001621726319
1005001695458424
1005001954558295
1005002431243587
1005001725951662
1005002314695651
1005002438547225
32669827988
1005001359418743
1005002293986106
1005002318866902
1005002467250187
1005002382769895
1005002425648324
1005002489500564
1005002346074076
1005002184565530
1005002157725202
33053743893
1005001499188335
4000084667709
1005002233863131
32347152793
1005002467268479
32968738040
4000956031502
1005002393804869
1005002447667373
4001169029594
10000055566390
1005002121967775
4001009252801
1005002372085395
4001096520350
10000384985445
1005001686125423
4000930683262
33042687693
1005001338325435
32352709982
1005001727261185
4000208286814
1005002014562539
1005002199582182
1005002406534924
4001273340758
4001080239881
1005001324820630
4000850673620
1005001281423530
20000004289201
1005001307764286
32695626306
617735669
4000465969244
32902879238
1005002332949337
4000791118967
1005002402248473
4000230980518
4000515310832
1005002124653928
1005002406895476
1005001500878899
4000669437372
1005002213285038
32920759370
1005001573459634
32891479570
1483283594
4000843512210
32978269229
1005002367369723
1005002317896518
32995252419
32462551475
32958521176
4000410374705
1005002461624578
1005001360273009
1005002430974396
4000931197186
4000857177302
33026754861
1005002280522775
4000070657770
1005002259854074
1005002287585535
32994257708
1005002404012040
4000909368956
32581903796
1005002245739204
32943281217
1005002277122172
1005002481150129
1005002314715936
1005002096870691
32480567855
1005001369154420
4000762168344
1005001849185445
33016338534
1005002450380425
1000007445782
1005002030824672
32894990437
4000641061195
4000500222340
1005002313373348
32909029009
32970545542
4000469841025
1005002418126932
1005001986936792
4000794686386
4000398216261
1005001694942084
4000542350402
1005001731098614
4000995192422
1005001731074748
1005001834856873
1005001652202681
4001280345690
1005001669311085
1005001657091552
1005001364969418
1005002009583112
32763732500
32885611501
4000792866511
1005001961249730
1005002073948264
1005002219602344
1005002285535474
1005002490101234
1005002371597080
1005002382770921
1005001268661858
32949768493
1005002358995019
32858683455
1005002330825260
4000065549136
1005002052147038
1005002375742268
32887600553
32832000890
1005002147009018
1005002122480668
32947543444
1005001375028522
4000001190735
33034271259
4000384817108
32319015347
4000794449505
33041940159
1005002255097975
32812211739
32856523636
1005002026654070
1005002090024982
32283515587
4001178089549
1005002381866828
1005001848975296
4000258770332
1005002111652444
1005002262107148
32794055753
32963960386
1005001899058933
32971972358
1005001364791624
1005002134858560
4000516359293
4000523597791
4001057212054
1005002003604894
4000717347882
1005002316287361
4001260753947
4000181200819
33014578696
1005002310555985
4001045457132
1005001629391886
1005001511313474
1005002482785039
1005001673154050
4000994442318
4000135635579
1005001519989290
4000451155422
1005001992842479
1005001499506571
32965874105
32725150085
32844217847
1005001873244458
33051508382
1005002304313709
1005001281633838
1005002377005552
1005002296867733
32914152507
4001028251476
1005002444134837
1005002279112553
1005002237709206
4000075137349
1005001872413628
1005001939399467
10000397732762
4001036221399
32937467137
1005002051347638
1005001333634694
33012498347
4000463564333
1005002238932058
1005002418716067
1005002112073338
4000545053833
1005002381189084
32979147575
32652154761
1005002352901501
1005001913315197
1005001952950574
1005002430577726
1005002329520038
1005002387985345
32860063810
4001290054435
1005001860547650
1005001670768786
32922195845
32280795440
32887520791
32855293989
10000088357594
32855182008
4000377827926
32857922758
1005001670945417
32939117256
4000092772411
1005002394235762
32808505822
1005002292692293
32887442359
1005002380668774
1005001509679904
4000575422510
1005002177955600
4000805281104
32790280426
1005002270902649
1005001780781015
1005001834970194
4001009528154
4001316333256
32858222825
32986573064
1005002327841103
4000303231775
4000987327512
4001248467011
32975172605
1005002318344745
1005002265604969
1005001525317936
1005001423143005
1005002403665903
1005002151635475
1005002177973172
32651042067
1005001792149666
32564781921
1005001584265600
1005002489435287
32920444414
1005002224027198
1005001705232832
33002702382
4000153820574
10000138261470
32567636465
32953683379
1005001584420670
33063102247
4000113255231
33025684232
4000793321131
32969171330
4000593557557
1005002278807515
1005001705588657
1005001491310563
4000857344624
1005001795136416
4000199370121
32858691129
4000960491540
1005002249569839
1005001352618219
32887634589
1005002028113350
1005002508967928
1005001525441405
4000145940145
32988106564
4001163175830
4000941122004
33008263706
1005002299985796
1005001946208222
4000693321860
1005001784772562
1005002287727878
1005001810350249
1005001526198577
1005002376017167
1005002270384502
4001115774610
1005001425171791
1005001365905154
1005002404371003
1005002389453398
4001178922969
4000937454367
1005002129702442
4001236696435
4001153415656
1005001551626893
1005002253298484
4000927842206
1005002478144152
4001361116353
32893479638
1005001591141342
4000763439631
33008850713
1005001637941789
1005002253955411
4000307130081
4000605116625
1005002297686810
1005002219651214
1005001322009269
33058593230
1005001561023828
1005002350754144
4000833622989
4001065543647
32902866949
1005002007133422
4000114736017
1005001288046397
4000161156249
1005002032780339
33058506255
32495282171
4000841830607
1005002433144665
1005002426105663
10000356807441
1005001997697757
32900166482
1005002309020076
4000027881730
1005002459558424
1005001275869729
4001176719289
1005002345342329
1005002416970358
1005002375987357
32891304087
32245646776
1005002424202799
4001153116660
4001228501795
33046532906
32936158602
33026988795
1005002348521626
32819273572
32818711822
1005002072262496
32879730030
1005002450411835
1005001501493623
32860773179
32831337400
4001191762905
1005001397467881
1005002084537066
1005002332999346
32756175380
1005002166211334
1005001619390297
4000538692686
32625047488
4001260261816
1005001429107835
1005002406460100
4000994298788
4001057722565
1005002432748029
32978273562
32945989347
10000371670234
1005002068113500
10000047734965
1005002315291099
1005001423770314
1005001854821084
1005001685678234
1005002280728756
1005002327556102
32953619055
1005002187460507
4000682613802
1005002466105994
4000860471206
33007537954
1005002370385361
1005001441380968
4000978774520
4000872896020
32960966374
4000608075828
4000797998717
32883944914
4000877823189
1005002309213070
1005002418331616
1005001772064849
1005002236411306
1005002447292932
1005002377543295
1005001525499325
1005002483896818
32855876601
32964363129
1005001288163831
32947118115
4001303045108
4001286936079
33039337620
1005002260290479
1005002456609290
1005002073774775
1005002264549196
4000192827101
32920946758
1005001650682992
32915330656
33031679062
32813792961
4000232919281
1005002442429415
32789232453
4000497976537
1005001922607167
4000080493553
1005002333189345
32697786704
1005002234591996
4000582940831
33014351394
4001234323089
32846638516
1005002376838760
1005001509958933
32536422657
4000373581622
1005002305065135
1005001848872446
4000101054689
1005002307651642
1005002437766761
32971359717
32970314746
1005001850929180
32954692478
1005002384985040
1005001612497131
1005002317584157
32995723542
1005002368911754
1005001614227415
1005002247210343
4001271594412
32822637814
2021779334
4001081364088
4000001868826
32960998873
1005001362001761
32876975590
1005002387236403
4000505201658
1005001836901894
1005002333755238
4000320119748
1005001999163020
1005001853398655
1005002384056157
1005002286518376
32645861969
4000903446396
1005001620095274
1005001579576806
1005002114266705
4000233608780
4000001687439
32836529419
1005002174931633
1005001385848702
32841769711
1005002019227753
1005002281011094
1005002041982618
1005001375752784
1005002454370820
1005001314116088
32887868380
1005001359589698
1005001500925778
1005002500528617
1005002408694524
1005002144278270
1005002283991533
33030897253
1005002234245601
32838082951
32474612903
4000185510699
1005002063685630
32845743933
1005002249558066
1005001587651857
32812690482
4000690888741
33011602841
4000844669745
1005002369357420
4001260422005
1005001298501587
1005001846365628
1005001603019853
1005002206303129
1005002193920614
4000715079258
1005002258533747
32857234250
4000935368712
1005001360787821
1005002315280684
33030796219
1005001586774742
33047665609
32775417583
4001061803982
1005001990842231
1005002441952474
1005001420062603
32983154177
32246551605
32833088654
1005002254945747
1005001967663149
4001339404498
32837297985
4000834995202
32855839282
4000041291156
4001201143698
1005001914916084
1005001311070280
4000076541507
32888059413
32909998983
4000185509425
32818857323
1005002282943305
32692212302
1005001848104411
33031879884
1005001709964843
1005002053755363
32493018430
1005002371876893
4001317601141
1005002329743866
1005002315558705
1005001982336931
33058739324
32968308854
1005002464855121
32934343160
4001212748491
1005002383544428
1005002454346006
4000333832649
1005001397992084
4000983855254
1005001425262830
1005002130606889
1005002168119855
4000378918243
1005002446591656
32950531738
4001294672526
4000515532320
32839785658
32776445797
32861560683
1005002352198223
32978680205
33013248183
4000715605028
1005001811048216
1005002252557338
1005002434737277
32966171710
10000261869879
1005001872474629
4000181280075
1005001844298961
1005002079689347
1005002396161858
32560525747
33058486565
4000451925981
32860992240
1005002301127048
4001061098766
32321622734
4001266654646
1005002245644812
4000715614738
4001064333439
4000955903626
1005002475890703
1005002192125740
1005002453930959
902607708
1005002475007661
1005002419103628
4000990858832
1005002375852827
1005001841926069
1005002100679637
4000880448546
1005002305246297
1005002491854193
4001021701008
1005002453325384
1005002220143462
1005001506012787
1005002316985182
4000019817278
4001105946566
1005002378222701
1005002268038139
4000220088038
4000023398329
1005002159608020
1005002398662011
1005001515840792
4001257300401
1005002319151043
4000015573699
1005001567420005
1005001475654217
1005002314290621
1005001487126831
1005001833693855
33006526110
4000960686113
32995680463
32740228538
1005002317445986
1005002388377212
1005002320408759
32700357554
1005002245182646
1005002475863989
1005002264086048
32898077980
1005001937161318
4000917207233
32662835014
1005002271799804
4001251997423
1005002207324465
32976291590
32742264907
32920723179
32789012245
4000990590167
1005002314209969
1005002295993333
32682134630
1005002238382287
33009048203
4000035164281
32739176849
1005002370588257
4000114099291
4000150978589
32325705857
1005002438770600
4000626072042
1005002136961231
1005002382930783
1005001705130731
4000062578544
1005002268867486
4000783090351
4000945138790
32983478508
33007873662
32654243186
1005002442869622
1005001308850899
32854512938
1005001869073890
1005001266844363
32840676556
1005001582997667
1005001334856683
1005001792911710
4000479733977
1005001663915285
32794470780
1005001457564072
4001294341323
32752695052
1005001821887399
4000580654768
32949320269
1005002336716116
1005002492319811
1005002241365211
33032493902
1005002252867954
1005001417484131
32964591226
33027328203
1005001421729043
1005001799380542
1005001417954670
32887944632
4001139246650
4000921441835
1005001264845137
4000357968992
4000279913719
1005002440182386
32887231715
33043281141
32826218691
33048851371
1005002440818720
33035743588
4001287032469
4000021350758
32919978870
32916001737
4000313119437
1005001987706958
1005001996493692
1005002351503666
1005001882134084
1005002422045943
1005002418075244
4000291543461
4000816834353
33031871262
1005002258213559
1005002390375605
32637694104
1005002052686399
32851857859
33038763053
32627985621
1005001975015008
1005002198651828
1005002427859520
1005001658272607
32666190564
1005002458822466
32985579665
1005002443399420
1005002055210575
1005001922458071
4000842601886
1005001361439619
1005001413743462
32949608391
1005002342749651
1005002150029716
1005002362774722
1005002321081552
1005002310937608
32671082727
32614256223
32580108715
33005863246
4000708799985
1005002306216645
4000638399603
32704902946
32891244311
32966164150
4000693179333
4000739235688
1005001951860915
1005001308693717
1005002498856980
4000970891883
1005002434618768
1005002366261262
1005001834662693
33034176399
1005002175069598
32926895696
1005002415214589
1005002033505589
1005002298242522
4001084261675
1005002314328054
1005002089259540
1005001615736993
1005002263725174
32801791978
33031863627
32608887598
1005002395753210
32856344631
1005002315711199
1005001369464541
4000297191794
32859124413
1005002380479824
32856074810
32681185090
32974068191
1005002357307468
32916687318
32955460756
4001030985005
1005002428909656
1005002431266877
32941098991
1005002442726462
1005001536757705
32631844158
1005001854953208
32968319054
1005001570295813
1005002433947835
1005001648296654
32994483916
1005001504975519
32867506691
1005001671270875
32912373106
1005002443062906
32854772016
32480342143
1005002413231815
1005001433112011
1005002442941020
4000202546889
32830295058
32916780029
4000981984077
32992968823
1005002356642846
4000392550263
1005002309103683
4000039423161
4000064266940
32878113307
32858270285
1005001524662479
1005002461682516
1005002185215856
1005001586325464
33000338645
4000170920658
1005002353287409
1005001694700418
32805326930
1005002103587082
1005001867307525
4000195652111
4000833895736
1005001743131925
4000409994884
1005002345374015
32829317897
32841982412
4000961325794
1005002269170879
4001255395650
1005001901799899
4001066478577
32799182640
10000198024490
1005002438957147
4000849901117
4000889586917
1005002280720263
1784337795
4001205024167
1005002221832347
1005002358186145
1005001942930503
4001054788678
1753187484
4000955205370
1005002085261979
1005001891613007
1005001737039680
4000809237429
1005001572130048
32954856579
1005002346881986
32888797272
32607553555
4000280417538
32992456924
1005001505334223
1005002301424605
1005002332574027
1005002167123364
4001127730651
1005002313176085
4001153452256
4001252759358
1005002433342551
4001347551669
4000090446254
32798519331
32813460900
4001011082424
32319057140
4000032720560
1005002272240169
1005002312419763
1005002317996562
1005001847686014
4000472307410
32957688702
32982275416
4000235840573
1005001490605437
32808148669
4000903543641
1005001900778276
32989974583
33053892268
4000780963337
1005002319313073
1005002265936057
32841000135
33010430168
1005001860051082
4001320729934
32987244611
32758064980
33012451753
4000571383337
4000130098231
1005002475298270
33025435896
4001090368280
32846572016
1005001873598380
32790930754
4000029005357
1005001670785713
1005002388713121
1005001933139956
1005002266320332
1005002317611891
1005001427565875
1005002269544156
33050345618
1005001580373216