32849343493
4000259036469
1005001530512286
4000129138957
4001284022667
1005001727906776
4000477424750
1005001834023730
4000290234333
32975050271
1005001670740562
4000271289063
1005001896261018
1005002342576095
32634544480
33043337777
1005002268833333
1005001273210361
1005002469229443
33030849345
1005001286046086
1005002170480833
1005001279123458
1005002315002181
1005002181119517
32967091336
1005001570114945
1005001302767650
32845174620
1005002496224735
33002704883
1005002418520341
32997252115
4000966399306
1005001343220073
1005002258686467
4001365552552
1005002370047776
1005002182536379
4001009066569
10000141706992
4001038793049
1005002330488123
1005002314344849
4001015107317
4001085594800
1005002340176557
1005001541336236
32973355528
1005002146534546
1005002124373234
4000546624387
1005002131167118
1005002004076499
1005002248984749
1005001907638402
1005002266204200
32836374210
1005002272219546
33044472848
1005001523991235
1005002314430148
4000481097348
1005002302255316
1005001768224576
32984379319
32984194695
33012327520
1005002190072242
1005002353814610
1005001350117903
32961592359
33043526640
1005002104245514
32983464623
1005002359862007
1005001484298459
32807761193
32810417695
1005002308953064
32861008779
1005001525494195
4000679721670
1005002295230826
4001138502880
1005001780662399
1005002256639302
1005002480806062
32681346345
32977806387
1005002418059718
4000265411144
1005002166653924
10000015515054
1005001845425733
32858208807
1005002310721365
32917814075
4001270880296
4000448071199
4000065317645
1005001819075234
1005002210924245
1005002009541534
33025721358
1005002428321954
1005002400574406
4000602967934
1005002450571774
1005002246990902
1005002022214178
4000233724158
4001119718015
32950009708
32883650700
32992199826
4001267210607
1005002469225300
1005002454281485
1005002346073390
33010524298
32795292625
1005001411349847
4000905667616
4000308487051
1005002475579994
32827744694
1005001381818203
1005002340981365
1005002167113593
4000954041940
1005002416574559
1005001431331086
1005001878488772
4000341506488
32322240898
1005002326719714
1005001770032722
33004121361
1005002443094650
32976024452
1005002381353836
1005002318981213
1005002291819442
1005002198872125
32810941369
1005002217215773
32879616603
32920144034
1005002409080554
4000483676397
1005001610240087
32868036168
32792659780
1005002039953309
1005001465723112
4001100816352
1005001452600851
1005002263957599
1005002288489162
32958664879
32934655315
32934151952
4000622304373
1005002213282933
1005002082320629
4000048486247
33031606490
4001360861598
1005002342911995
33013087975
1005001645964389
4000832106719
1005001982559801
1005002467735248
4000747655871
1005001566923886
1005002315140843
1005001504324193
4001297380907
1005002161613215
4001294176838
1005001551526404
1005001748152758
1005002247312047
32985227887
33063451352
1005002397835502
1005002393378346
4001038458123
4000629011683
32869190700
1005002424025028
1005001417725662
1005002363895969
1005002399776547
1005001455936932
4000706437446
1005001763699261
1005001317302413
4000036161748
32592812046
32881127115
1005002352429276
1005001664950351
32848808939
1005001584627207
32906977837
1005002394191248
1005001681488445
32922723644
32739016128
1005002260997777
1005002321257472
1005002120673773
1005001417817780
1005002022848963
4000049651420
4001138866537
33013804397
4001184277156
1005001664245200
4000021578361
4001274087998
1005002463205901
10000033481696
1005002240828273
1005001971340531
32606956533
1005001591532826
1005001640473026
1005002276453137
1005002283229326
1005002332385048
1005001779643650
4000850925776
1005002412899890
4001333729645
1005002272655533
4000938923596
4000867312728
1005002283973392
32725964144
1005002324631120
1005002329822322
1005002428947738
4000036385198
4001170872574
1005002486035223
32902410939
32905780660
4000558632415
1005002207630198
1005002363092269
1005002373252254
1005001942130448
4001229298273
1005001858645412
1005001817674934
4001294139490
4000804773244
32634449868
32946707990
4001256231777
32606498289
1005002484270325
1005001388482852
1005001596414920
1005001726114568
1005002353182491
1005002259918433
32997482636
1005001621448201
32828162271
1005001354924387
32908737450
4000415570633
32921372977
4000967559081
1005001459910096
32916914870
1005002286222132
1005001758261755
4001240478904
4000479999651
1005002303712639
1005001633270298
1005002291896899
1005002041960376
1005001602452748
1005001768403019
1005002362393883
32878570555
1005002456845441
1005002247171686
4000807384063
4000207398393
1005002207879698
32861767164
1005002378834209
1005001691121577
4000868567806
1005001669175886
1005001325359158
4001268823274
32975797951
1005001292499078
1005002323131234
1005001695478583
4001360244609
4001082030307
4001088302462
4000309729731
1005001329340675
1005001388031160
4000311843007
4000447652073
33016178067
4000920288248
32757168921
4001064820029
1005001779296522
1005001429513113
10000049266643
1005002332461969
1005001877835638
1005001468153934
1005002454507031
1005001385720090
1005002454203893
1005002314388734
1005002494646490
32899252628
33027513679
4000544339753
1005001403907564
10000001505444
1005002204341456
1005002260075225
32977510984
4000929623639
1005002378520757
1005002185662582
1005002492790777
1005002086359118
1005002494290037
1005002314324313
33051349221
1005002224974083
1005002018931499
1005002275735185
1005001308366849
32673206441
32240725542
4001143059481
1005001333466663
32775384122
32854645161
4001275170662
4001293506764
1005002193778570
4000337500204
1005002260076188
1005001326729307
32919423750
32690477155
1005002176533479
32757666701
4000324977371
4000995133758
4000023005390
1005002340943430
4001252657839
1005002264402502
4001269027351
4001294346754
1005002059999184
1005002280428713
1005001315442586
1005002474286727
4000931308078
1005002412186402
4001066659039
1005002272388075
1005002015478390
1005001709838413
33053912230
1005002371448613
32981651488
4000318216485
1005001273225952
32862703105
32870264879
1005001529107174
1005001907942446
4001095653449
1005001485294491
32913572546
4000194233154
32637401279
32915431563
1005002348317859
1005002413394576
33047012728
4000704448204
1005002407655372
1005001603192645
1005001838545768
1005002359672856
4000907421289
1005002347367470
1005002096186160
4000113005053
32279015488
4001252744090
1005002354110511
33027183282
1005002358950720
1005001629575254
32975772950
32838318177
1005002038605881
1005001869669561
32332371223
1005001515379829
1005002319037535
1005002354182017
4001037915776
32772675236
32966106654
1005002386295515
32953737398
1005002471405385
32833173201
1005002024044218
1005001286994204
1005002467533786
1005001907564308
33023604584
1005002473623152
1005002098746089
1005002356184390
1005001960317850
32861262061
1005002175518900
4001174997940
4001191969744
1005002116091742
10000339361583
1005002047723037
32703650005
1005001780412698
1005002124313829
1005002330382149
1005001480053912
32819737927
1005002454432187
4001254921182
1005002284671681
1005001971795322
32655043069
1005002258350546
4001148449929
1005002314354781
4000739758790
2054856467
4000134125599
1005001682618017
1005002328093708
1005001353844349
1005001805123138
32965989920
1005001709164742
1005002426676865
1005001788661666
1005002277668749
1005002420531083
32464334394
1005002341055552
33038583810
32819743050
1005001831271927
32889434690
4000852932450
32949567811
32851149012
1005002330595587
4000983941449
32832118349
4000466613942
1005002420439038
33016440970
33027816267
1000008720661
4001286341738
1005001614552690
1005002283368293
33018919843
4000599189402
1005001549157151
1005001873281865
1005002282725954
32994175046
32768362603
1005002233996771
32668629060
1005002348370070
32823997013
4000589249075
1005002337323490
1005002404178862
4001054100754
1005002019049397
32838823910
1005001759150890
32903705519
33043631685
4001085187111
4000387342515
1005002339993954
1005002078768165
1005002413338787
1005002377285701
1005001416879825
1005001765151864
1005001947257578
4000592718459
4000943172008
32625450013
1005002357892250
32878140188
1005001483157372
1005001952122462
32803398107
1005001922009102
1005002395722138
1005002377664295
1005001530852655
1005002122295529
32812664009
32988062769
1005001731254259
1005002306363835
1005002358093720
1005001980207425
1005002072512342
4001300151025
1005002475641845
1005001956508380
32907965235
32950697623
32832189157
32831001433
1000007639945
1005002329387182
1005001891536003
32955929509
4000615658574
4000027538619
1005002333324505
4001216450480
1005002405079711
4000823548789
4000991221135
1005001612489753
1005002433772836
4001055088593
1005002086375760
33005562418
1005002334081921
1005001551860163
32793317786
1005001988248213
33010955706
902607617
4000284059380
1005001949819464
4000641026028
1005002413335086
1005001893558749
1005002035150623
1005001829816176
4000980358376
32988825537
4001039305801
1005001848672779
32863306292
32823031602
1005001484986188
33000037487
4000129969884
32838992512
4001031921165
1005002298894485
4001231860949
1005002264547915
4001025130599
1005002247203983
1005002327104822
33002209064
4001320738613
1005002490282306
1005001619741795
32972166231
1005001561212206
32776227045
1005001379793294
32993446709
1005002279037879
1005001518326273
1005001939816271
32995786754
32977883112
4000061810085
10000395923663
4001228687160
1005002205913768
1005002212240704
1005001922674793
1005002382710670
4001276976185
1005002395316008
1005001910155495
1005001645209716
4000331961624
32821888780
4000270912719
1005002265320259
33033752810
1005002038175235
1005001841371772
4000268144793
32887957629
1005002492351045
4000073961360
4001142646648
1005001342994060
1005002124780025
1005002180859874
1005002446959792
1005001451647613
1005001503994984
1005001514278513
4000990207803
1005002351139184
32972047267
1005001803418573
32849854021
32966062230
4001036009440
1005002213128367
32905540087
1005002314015348
1005002021557537
4001207571968
32895055746
1005001612220215
4001127834605
32847104599
4000587199413
4000282395460
32969133240
10000395825482
4000704024593
1005001918215476
32741317867
32922711742
1005002444273948
4001249150692
32622329562
32966968824
1005002079839739
1005001400800308
4001038888673
1005002313704408
33020192846
1005001393333238
1005001678636094
1005001969106001
32972650122
1005001798908108
32825517862
4000808421245
4001286462667
32911770427
1005001723322716
4001321999033
33048074659
4000966165008
1005002442471527
32957235888
33014789248
1005001491427218
32978663090
1005002191335726
4001279114481
1005001688481905
4001235899750
1005001454231022
1005002312560552
33014984065
1005002450257031
32976290518
1005002500287043
32868967596
4001227694221
4001107926829
32809752749
1005002368427989
32973516590
1005001994022538
1005002424908877
32947783133
4000794271656
32744832202
32855098168
1005001286061772
4001230383239
32699471106
1005001502580706
32376842559
1005001411872493
32971176661
1005002271931218
4000599020159
1005001900500593
1005002314867283
1005002034382598
32928396132
4000435134234
1005002359333341
1005002265095211
4001020279826
1005002075058327
4001282810111
32953075665
4000775937403
1005001905508970
1005001672079658
33047648137
1005002315466007
1005001612616654
1005001826599720
4000905803488
1698266172
1005002327556312
1005001835028848
32350449394
1005001349417053
1005001329740389
1005001937418912
4000818400493
1005002190371813
1005002198781629
32823809034
1005001450288551
1005001789255791
1005001525285705
1005002313387492
32872596760
32800055499
32717938195
32892231855
1005002252896799
4000061985311
4000986943363
1005001584270912
4000609507628
1005001709405955
4000237348112
32626533278
1005002327650671
1005001599628858
1005002205599882
1005001656693854
1005002233622187
774990812
4001297549569
33047920387
1005002177004153
1005001431163650
1005001555812107
1005001380985188
32983252872
4001160140444
1005002376736184
1005002281300563
4000317150247
32581570547
32808099070
32891958764
4001061650407
32450907427
1005001593880189
1005002299722158
4000217099961
32947550202
32855738171
1005002268921459
1005001447361358
32921267596
32958249867
1005002252692054
4001261389785
1005002321007152
4001279920927
1005002340619056
1005001536726456
1005002065191798
1005002425297795
1005002385071414
1005001348304044
4001244872008
4001127695087
1005001688865504
33019883195
1005001290781444
1005002356472778
4000267826052
1005001577030853
1005002355660238
10000384993841
1005002447875457
1005002483065437
32827247588
1005002430663545
1005002047007179
4001163208298
4001066999906
1005001451667672
4000336533424
1005002470860200
32703590923
4001359195076
32792771945
32657333593
32978103117
1005002205589370
4001215657233
32783525217
4001360693279
1005001688588801
1079694928
1005002162179317
1005002016903346
4000340110411
4000696066806
32913556959
1005002431869491
1005002486133703
1005001552411298
1392041048
1005001839286515
1005002240506929
4001190754736
4000165572482
1005001429938249
4001190121146
2012264448
1005002177779137
1005002138351123
1005002378013481
1005001670860493
4000850493776
4001240292441
32800580212
4000842948953
1005002454259494
4000332695289
1005002282515232
1005001463484725
4000561791397
32764431590
1005002341363678
1005002451138083
4000046152049
4001150860378
4000175119597
1005002230093625
1005001404775724
1005002276333424
1005001407336846
1005002264529937
1005001927061316
1005001812090614
1005002346260689
1005002447836926
4000141277886
1005002371701476
32878509820
1005002426407422
10000170013479
1005002234004467
33051787295
1005002253234388
1005002314334536
1005001319323768
1005001854971666
33003556016
1005002302335967
1005002417845128
32960687850
1005002367777556
4001160878389
1005002108450219
1005002447009832
1005002428046193
1005002114538581
32959124884
4001341844110
1005002108574677
1005002104966629
4000400329315
4001029829708
32968213293
32465027482
1005001604366640
4000024177028
32825868311
1005001371041548
1005001386217438
1005002316143803
32826544954
32833962273
32922439060
4001186127570
1005002482988193
1005001422927082
1005002109866847
4001308240914
1005001553093201
4000474166871
1005002111986252
4000892216994
4001130823804
1005002213445910
1005002453403285
1005002305516370
1005002258481993
1005001817018546
1005001956453189
32869671854
32807815747
1005002313772636
1005001482544087
32949423615
1005002281372408
32924299142
33028307265
1005002224400256
1005001895591767
1005002277995082
32665377695
1184693865
4001108771115
1005002453098533
4001153575767
1005002235726993
1005002300282719
4000662434628
32844467741
1005002337350240
33027840459
1005002490546580
32962715671
1005002337661126
4001315766568
1005002287948211
1005001710870691
32989770585
4000095638496
1005002449373006
1005001849916632
1005002361618892
32979816802
1005001883791139
4001036982807
1005002110766571
1005002235285207
32662510515
1005002387817715
1005001686193107
1005002035699381
1005002442217888
4000962053915
32960337397
1005002353669030
1005002205565080
32964400376
4001176889281
1005002024908291
1005001581099494
1005002467881780
33003368067
1005002328416243
1005001506299067
1005001297582797
4001332810603
1005002289081480
1005001779851329