1005002305331609
33047067665
33020617004
33002747207
1005002262293459
32954489776
1005001371757149
32745688554
33012443945
1005002322705078
1005002289003017
1005002499690220
1005001555068293
4000097495168
33008324024
1005002295381786
4001230466714
1005001516038002
1005002376718394
1005002301781596
1005002094990831
1005001665820762
1005001727087901
1005002319314059
1895387093
1391650219
4000842969740
1005002423227274
1005002312077764
4000831923635
32888811526
33044682539
4001008065318
32352823923
1005002212453833
1005001946336099
1005001998348457
1005001679543032
32969010724
32719405651
4001228608342
32860374177
1005002123855526
1005002376496362
32717405089
4000808539465
32829580679
32917457032
1005001495785519
32869009572
32427741657
1005002292297336
1005001960371444
4000582338029
1005001957539854
1005001501342577
4000150208469
32968867916
1005002149208855
4001237762470
4001164128144
32816781967
32984062293
10000355120117
4000997017888
1005001865121077
1005002052737225
1005001518492238
1005001576740562
32873451572
1005002124252673
4000493018337
1005001899997719
32945976770
32952408145
1005001834537561
32850239455
4001055226189
1005002287667030
33046340419
4001182467375
10000395846050
33004553888
4000182571742
1005002179640931
32971870316
1005001376365298
4001133957785
32901268862
32976042805
32793620042
1005001415746673
1005002143864599
1005002305016079
1971701286
32977599320
32756629189
1005001927668793
1005002235648517
4001085476066
4001206782533
4000317185844
1005002396288305
1005001382062683
1005002375463457
4000823491721
10000026899062
33030005000
32909866835
1005001821453043
32787923599
4000850417834
1005001368619979
1005001559304372
1005002104379897
4000028648288
1005002305010756
32413812587
4000258544355
4000589440433
1005001731140580
32948170457
1005001603773121
4000909500574
1005002224629268
4000899281327
1005001405068540
1005002314246122
1005001851095694
33001882984
4001270392380
1005002311057791
1005002329031369
4000199785433
32859377504
10000395932242
1995416768
32956200642
1005002317141452
32908671964
1005001626045423
1005001793175435
1005002482264633
4000781346510
32945651681
4000306752630
1005001446813543
1005002064726112
1005001845680215
4000404792428
32826683270
1005002295532192
1005002258105029
32818768747
1005002294302340
32995473638
32953579846
4001213255031
32637568701
1005002051278326
1391662552
4000017776273
1005002166437801
1005002274309278
32762231896
32835546668
1005001598070757
32840131258
32959995089
1005001869478759
4000203386165
32983806640
1005002312975830
1005002222746566
1005002105453965
4000519868696
4001093398554
1005002359335504
32861924091
1005001892304009
32957887747
32787359174
32850963928
1005002254044681
4000542640817
1005002392483460
4001257637126
4001297702551
4000178196640
32947776807
32957639490
32768349711
4001253078336
32330666906
1005001469357623
10000198984173
32967852066
4001226158070
1005001354253470
1005002369545164
4000283648319
32832422110
1005002431086564
1005002400317347
33012503624
32995430982
32604681262
4000910748234
1005002288603275
1005002398908406
1005001530075833
1005002228143032
1005001961490805
1005001419136909
1005002360550673
4000850636825
1005001670848514
1005002474987258
1005002313605080
1005001332601563
4000384873863
1005002301831969
4000960610435
1005002283436391
32924078744
1005002283293980
32606862588
1005001765931910
1005002478412742
32987529953
1005001686001460
1005002054726452
32934269475
1005002314405558
1005002356461133
1005001510739751
1005002376247386
33035869879
1005001810964728
1005002293398499
1005002253879779
32917088574
4001228688566
1005002228184673
1005002386751583
4001327775281
4000237880730
32683641931
32854206604
4000831206161
1005002225863529
4000698584080
4001286857630
1005001844388442
32897859833
4001189534598
1005002270264747
10000335693143
1005001518870045
32956049092
1005001496319743
1005002275625857
32489900034
1005002318559015
32915978707
32975705273
4000460741398
1005002028764180
1005001795345456
1005001923984586
1005002091691724
4000901945749
1005002401743791
1005001797802452
1005002281888353
4000766680804
32970306249
33023238786
32482628723
4001115951184
32250945692
32847689065
1005001763429612
32884959698
1005001971646320
32697767049
1005002280606048
1005001340275901
32850628501
32461765408
32997442977
1005002320012488
1005002488699503
4001199807605
4001113359573
1005002314307598
1005001953772057
1005001685260742
32887655184
1005002292214941
1005002465844733
33006134543
1005002313813658
33000432072
1005002264918777
1005002367514189
33019585648
1005002317670024
33035863491
1005002116064478
1005002253009571
4000785144759
4000099480886
1005001864800148
33015079680
1005002174655861
4001262549268
1005002335213085
32933602561
4001041511309
1005002386894839
32815420494
32910667898
1005002084642408
4001228699230
1005001774635570
1005002226080327
32928359848
4000346140940
4001335369586
4000047805001
32919921937
1005002243952480
32852516119
4000879129424
1005001677704143
1005002092278540
1005001962091772
1005002133435230
4000162708274
1005002390670832
4000832045932
4000275121166
32837663787
1005002213320179
1005001671083501
4000717391447
1005002314575886
4000498208813
4000387334044
1005002384797974
1005002185889760
1005001923091282
1005002483807544
32386942662
32745113044
1005002434815002
4000362725758
4001124775961
1005001286532623
32996025248
1005002333327884
4000626954992
32813822777
1005002307628986
32818810056
4001262970015
1005002263298241
1005001930531226
1005002085638367
1005002239233342
1005002392811682
33052867550
1005002315748526
32984138226
32919070356
1005002314490045
32450555103
1005001725892466
1005001431571653
1005002273514117
32366275949
1005001880020635
32909724240
1005002447545229
4000483672725
1005002400332652
4001023187329
32901608353
1005002386108252
32677635199
32299437933
1005002233385152
4001227258447
1005001599164101
32958407663
1005002438634858
1005001739345920
1005001816552534
33012226809
1005001763735304
32846776536
4000039679332
4000794365810
32772451217
1005002413350798
33049639054
1005001862665768
32952126848
1005001333118258
1005002023916518
2013219732
1005001444648823
1005002427985464
1005002370089195
1005001380125316
32796380064
4001276346436
32876051004
4001251994312
33055616263
32732648822
1005001326267082
1005001530300461
1005002347203503
4001226080914
1005002375307637
10000333256335
33048486625
10000420581871
1005001939333020
4001269706108
1005002326126244
1005001340029134
4000076931615
1005002494698142
1005001431567980
32670111854
33042892254
1005002367318738
4000540558114
1005002286320319
32941462605
1005002432977691
4000850479942
1005002301514906
1005001999395831
4000627534599
1005001444473743
32920185844
1005001525013761
1005002370433336
1005002454446888
1005001822401241
1005001413306121
4001145883189
1005001656847470
1005001645507571
4001320537747
4001102769159
4001365008810
4001077269827
1005002513599295
1005001405158341
33004260351
1005001485595837
1005001430723815
1005001736194889
1005001808112192
1005001510075626
1005002483773079
1005001324853026
1005002323061813
1005002399238233
33021396979
1005002049950437
32931417312
1005001789172824
1005001441380026
1005002146588058
33007086132
32897184606
4000927179403
1005002200702821
10000149128687
1005002193932783
1005001501225698
1005002305000629
1005002470892038
1977534624
1005001604862343
1005002270581963
32588986258
1005002448939715
1005002086210987
4000960559730
1005002381099862
32856709502
4000121330294
4000927823646
4000401272573
4000796420629
1005002485020692
1005002340855819
1005002074613378
4000076997737
1005002360051022
1005002336447874
1005002347955802
1005002394826902
4001175618268
1005002393129049
1005002279198137
1005002364663857
1005001984463788
10000089270793
1005001607813323
1005002275543407
32830845922
4000096208826
1005002319663061
1005002362858993
4001102955561
4000938680539
1005002310996290
32805467608
32852514668
1005001451365971
32856218106
1005002316849397
1005002157141969
1005002314450391
1005002073683911
32950190399
1005002448712913
32904130230
1005001445988821
1005002304243578
1763776454
1005001321003617
1005001935230727
1005002129381418
33028555310
32609785525
1005002410011863
33034607808
1005001355301932
4000231556708
32822883119
1005002275093809
1005001425403330
4000781783119
32989677373
1005002239503220
4000462723108
4000916898162
4000426276746
4000551688933
1005002191055462
4000429536994
1005001792145577
1005001418540971
4001259812875
4000630464855
1005002402510623
4001031709985
4001177214199
32942133588
1005002377475327
4000204789993
1005001398557632
1005001341121819
32813270976
1005002267545168
1005002318406715
32849836437
1005002358526034
32986200842
1005002375023159
1005002108636347
32889672076
32841776339
4000846824807
1005001797072602
10000414029015
4001236945051
1005002449038617
4000711894844
4000768415667
32389373859
4000122116371
1005001984351621
32859412545
4001311111720
4000696294788
1005002383705050
1005001519386034
1005002359271439
1005002266424965
1005001821050825
4000941518053
4001326655052
4000959301129
1005002132413908
32688354698
1005002282689583
10000001310591
32938264585
1005001844635265
32967613744
32997466427
32997425776
1005002311674476
1005002416495050
4001338155636
1005001758588540
4000731005530
1005002259782560
1005001349026136
1005002314306545
4000783841662
32964259420
32953077186
1005001473778343
32369063535
1005001860837546
1005002466207001
1005002065947939
1005002423306484
1005001901363856
4000289778093
32803327074
32955072910
4000243615212
1005002413793552
1005002065502576
1005002330775429
1005001444915884
1005002268799426
1005001705044383
1005001751898809
4000546161072
1005002344014911
32830854242
1005002310951269
4000429607569
1005002314322516
1005002231839163
4001090439770
1005002342761427
1005001630732660
32800051003
1005002341365107
4000317435403
1005002212099845
4000865469303
32811870306
32966483552
1005001931132996
32960772558
4001005589222
1005002401997002
1005002377216227
4001275936250
32957254117
1005001441210961
32973876691
32850083139
4000232393091
32859032245
1005001351586010
32852162925
1005001611392182
4000626603604
4001322181034
1005001411808328
1005001638284561
1005002363337523
1005002458997278
1005002488978428
1005002388882400
1005001458328549
32960687439
4001076620978
32891180085
1005002324964406
1005002359017663
4000693494846
4001313862289
1005002432638931
4000547931879
1005002321231423
1005001573633645
1005002167749920
4001344856787
1005002180898543
1005001575589309
4000898689003
1005002314351455
33058509963
32982257201
1005001998104460
32819740227
1005002227702918
1005001959763820
10000354548965
4000340166333
32892659583
4001305517060
4001184837974
1005001292229596
32826373289
4000060808217
4000345225797
4001178531558
32950989601
32989530199
32859382566
32845447261
4001103934474
1005002353253315
32993457326
1005001438909370
4001066145940
1005001689523537
1000007838924
1005002019147235
1005001922949180
32970098610
4000267617720
4000253731568
1506292428
32862447335
1005002244183457
1005002322036526
32987134455
1005002288714457
4000333438914
32970565227
1005002146330683
4000203671847
1005001441466486
32897019178
1005002375517613
4001130965382
4000400524178
32813431241
32846563576
4000842958847
32919615099
33002803667
1005001795496631
1005002484506163
1005001826843554
1005001627356568
32407156350
4001062035947
1005001702677480
1005002312531791
4000324774339
1005002318899147
4001176372839
4000686849282
32745665635
10000395829335
32824196268
4000419927132
32948984333
1005001562647898
1005001680475752
1005002338024801
1005001638523826
1005001594779937
1005002410073359
32984043225
1005001602530594
1005001888811319
4000121190523
1005002327748256
32969408370
1005002328503511
32911887138
32976966779
1005002307322038
1005001993258649
4001096031815
1005001380913759
1005002098674342
32994326800
1005002224553305
33040397275
1005002201981251
1005001869251484
1005001474721032
4000692134208
32799673142
4001174753934
4000480056958
4000186340674
1005001920698976
1005002460782399
1005002258579792
1005002183583726
1005002460993130
32996749660
4000257589402
1005002398819971
1005001701165504
4000661090267
1005002281791889
1005002099086792
1005001863911321
1005002388376861
32995445961
32888754481
32854005631
33056986482
1005001730812100
1005002311861420
1005002262295532
32843347740
4001200579772
4000874581350
1005001419302051
1005002004953453
1005002034691796
1005001774072047
32848125810
4000814931980
1005001597166811
32836409981
1005002347094795
1005002480734835
1005002304611897
4001010645148
1005002304438430
1005002401809450
1005002428364822
1005002206184755
1005001293418044
1005002116274478
1005001489085379
1005002023723092
1005001676430682
1005002366543189
4001178931992
4000911848302
33011915136
32966229394
1005002378904385
4000899387116
4001290211843
32909424283
33009598192
1005002393706934
32881883240
1005002281328513
32869535060
1005002390130352
1005001466017146
1005002409681956
1005002277875679
2035870566
4000332447973
32846189441
1005001834837726
1005002017587013
1005001321014406
1005002389707347
1005002227899410
32983161653
4000217023281
32809939427
1005002051528167
1005002368916733
32945028188
4001174582669
4000861396926
1005002436494050
4000322314594
1005002394113045
1005002309328567
1005002260613507
1005001994623008
32957633040
1005001953787824
1005002400231615
4001165686880
1005002436492425
32835480264
1005002072192773
1005002392845729
32920964127
4000682747704
1005002316344252
32897778716
33039340781
32879648209
4001228756062
1005001743130437
32756701293
4000729971213
4001203834404
1005001920781977
32864730377
1005001284655613
32649428026
33007254204
1005001955699433
4000178201983
4000865355673
1005001587397589
4000545585131
1005002461353681
4000426972410
4000179378579
1005002412844197
32880720004
1005002246202150
1005002359673463
33019964428
1005001657022871
4001144507467
1005001315122598
32921104218
33012042850
32729612734
32910150797
32878716519
1005001682144535
4001125642646
4000281156652
33043419642
1005001997767609
4001061445337
1005001387356185
32950981052
4000674921185
32833741929
1005001593237737
32908736124
1005002476597549
32849707042
1005002469837133
4000641974003
1005001885455608
4000921101512
32867576119
1005002389434397
1005001940192939
1005002443618772
1005002258069977
1005002266027414
1005002369094497
1005001295809057
33040791476
32907995522
1005001845567390
1005002206420913
4000480592988
32884425179
1005001782479497
33056004831
1005002280705453
4000789606723
4001225207100
32814593005
4001255585354
32743839765
33032733946
4000830320027
4000311809264
1005002217538267
32620180553
1005002330638599
1005002006293940
33039496655
1005001670716940
33029662712
1005001267691075
1005001845209040
1005002307370391
4001174433590
4000433638543
1005001804717983
4000031405489
1005002405250430
1005001462646929
4000219000857
32579897376
1005002197090251
32949940262
4001104622382
1005001670920081
1005002313801653
4000317992606
32985329283
1005002381308959
4000559150622
1005001933108756