33034863571
1005002374403006
1005001893914979
4000029933154
4000118788044
4000065339357
1005002484668850
32900960361
4001159185230
1005001698843111
1005002322664516
1005002234126064
1005002074109844
1005001725423661
1005001543257378
4000604264124
1005002337305752
4000190413368
4000172388585
32438365390
4000009900131
1005002394917878
32996416060
1005002365754583
32897687557
1005002256621929
32618329609
1005001909957463
1000001521369
1005002061978832
1000006496507
4000157991728
1005002448215600
1424405126
4001138785674
32976619403
33017587942
4001332360458
4000210699291
1005002309284486
32932800888
32818752373
1005002279059870
32987568171
1005002284455102
1005001345162681
32785300270
32845086019
32975176469
32815129317
4000309746008
33013544757
1005002408192083
1005002423860939
1005001933956303
1005002307368585
1005002310896791
1005001626402456
1005002372970436
1005002425412973
32962061842
1005001624810524
4001037698945
1005002461334080
1005002020060456
4000039684386
1005001493617791
1005001918461984
33030050648
1005002280531612
4001220670948
4000634944689
4000274320675
4000236160459
1005002277763826
32792255312
1005002447101953
1005002368989390
1005001995187231
1005001867367056
32830185953
4001179844811
4001112385744
32719949128
4000856261224
1005002089537618
32961150792
1005001834198932
32976574419
1005002076906038
1005002322543561
1005002399552905
1005001985960199
1005001685824585
32960184598
32945684228
1005001482383207
1005002348281144
4000965471423
1005001360271443
1005002376451676
4000341055256
1005002287336436
4000990755142
1005002278725399
4000906420360
1005002395180463
1005002224826855
32853984202
4000241412569
4000552282542
1005002270639158
1005002290033219
4001230747536
4000340704881
1005002355875395
1005001834728972
32816770106
1740347217
1005002347219925
1005001594917344
4001066011568
1005001440993394
4001259457431
1005001959991541
1005001956466111
4001360008049
4000662495778
32969151102
1005002238953334
33012504724
4001230842792
1005002414422507
1005001806771239
1005002304384293
1005001813196412
4000019448396
1005001900114649
32948268168
4001106520261
32839661576
33024368961
4000854957512
1005002447199643
4001218921027
1005002450349774
4001248703196
1005001926911084
32952862880
4001022999181
1005001678933543
1005002489130837
1005001922872819
33008529957
1005002293413255
1005002338845249
33034891865
1005002341003211
1005001735237526
33038362143
32729044306
4000339621670
1005002268689340
32504057718
1005002324242472
4001068095072
1005002372153993
32921924191
1005002375210928
4001300044405
1005002287784634
1005002282814285
1005002329879290
4000472571857
1005002282841608
4000159262976
1005001626238367
1005001344872886
4000311106453
1005001803458288
32774786655
1005002423780084
32458419093
4001350121221
1005002275973132
4001205690332
32791518300
1005001930719149
32962996932
1005002364022530
4001364994771
1005002390571200
4000215164403
1005002454998918
32961771478
33060930598
1005002323147062
32979381443
4000077318654
1005001381526886
1005001475908059
33003305255
33003479229
32962244219
4001179522678
1005002282457978
1005002176393961
32885785102
32762104072
1005001780642200
1005002324771770
32799867892
33000333636
4000345169892
1005001742478413
4000104280432
1005002394943549
1005002473757987
4001241799412
1005002072597118
32906013398
32842909071
4001260593284
32891049484
32790425844
32832922301
4001197323066
32888809536
4000335547670
4001234978926
4000861220403
1005002125765921
32957733692
1005002260402093
32952784777
1005001632782493
33037135487
4001244974806
1005001584218174
529644013
32998789833
1005001638473227
1005002135999089
1005002091090542
1005001460794466
4001328578235
1005001377690678
4000242209256
4000458077226
4000445744783
1005001505396021
1005002260931443
1005001797392272
1005001830608757
4001065072366
1005002359893056
4000470513960
32948575809
1005002242500546
32777697318
4001018101211
1005001884393256
1005002226186085
4000360304405
32791797197
4000685230193
1005002312559545
33030330117
1005002362731851
1005002348433403
32338496023
1005001664254127
1005002408429612
1005002254698817
4000955813065
1005002318459945
4001345345675
32965593903
1005001686109520
1005001608558052
1005001300243736
1005001405411655
32961436558
4001080934523
1005002027986866
1005001626438943
32981128162
32915074004
1005001804179211
1005002412797131
1005002313040906
4001247733208
1005002263978825
32929441779
33035172526
32932027587
4001316155650
1005002483335411
33004575721
4000167917053
4000425952652
1005002214872148
1005001525389462
33014907732
1005001670811581
4000703915420
1005001520803564
32738390225
32230654824
1005002258163895
1000006925943
33005528833
1005002364051309
32857954640
1005001798034957
32861643506
32910603763
4000895501144
1005001702457646
32709739490
4000311052993
32815158463
1005001800590143
1005002355713419
1005002427832756
32954585710
1005001275937716
1005002314303723
4000449323234
4000258082370
1005002332499066
1005001828433175
1488241538
4001162536193
4000184770891
32865516500
1005002500400123
1005002420964529
32965440342
1005002314229493
32346937595
32840106108
1005001998963254
32939438930
4001013656702
4000184195695
1005002315540904
33004469542
32908753143
32226393630
1005001560471692
32882193076
1005002277179800
1005002264200497
33053316593
1005002281958216
32854537921
1005002119301644
4001219553307
32858845625
1005001653748348
4000724564427
1005002482995987
32982333066
1005002438156276
32965476643
1005002377622001
33028456383
32996512578
33020404517
4000826351357
32799908492
1005001482463418
1005002362835441
1005002339543744
32863818271
4000938588912
32908709278
1005002258252289
4000252195836
32849952217
32723709073
1005002412850481
32528657941
1005001786842061
1005001348833490
1005002074140690
1005001694709184
4001058849973
4001252544516
4000516612928
4000619267427
33003910046
32823524569
1005002353984298
1005002352041729
32944218000
32915712614
32945657496
32976914370
1005001817949819
4000689238902
1005002467893607
1005002375601032
1005001856152152
32956800690
32976938222
32806636308
4001250948143
1005002484241895
1005001678553061
1005002489055394
32885075323
32991929554
4001177920242
32851672022
32970515857
1005002357606660
4000702430038
1005002090719049
10000008313788
1005002396490058
1005002397785034
1005002434473170
1005002497368905
1005002423837286
32714897399
1005002296933253
4000850199495
1005002250357902
4000554943468
32835709551
4001310528783
1005002380944812
1005001290213125
1005002295499465
1005002345747099
1005001556659792
1808813053
1005001555482143
997515717
32898706845
1005001813204782
1005002179854736
33037342967
1005002055536926
1005001504587078
32410798006
1005001481629083
1005002383929387
4001338365897
1005001498986448
1005002193363467
1005001865593001
4000314272256
1005002483110776
1005002400082534
32547900272
32809852472
32717720640
32890771615
32689690952
4000358270109
4000866676997
1005002381503610
1005002339259809
1005002443592216
32888966043
1005002353878716
1005002314400205
32879607079
4000258447404
4001015912224
32683680912
1005002401129288
32836599828
32887270412
1005001860760823
1005002346324787
1841333412
4000077867290
33055413139
32987052558
1005002357523652
1005001891786184
1005002129068781
1005002260425850
4001133761939
4001076976791
1005002416348430
4000927473356
1005001983692442
1005002397759187
1005002361970712
4000404361544
32999346498
33023930448
32968765476
1000008160515
32894173568
32811201488
1005001731200504
1005001490060153
1005002421485380
32974263440
33044912268
1005002357631225
4001294018766
1005001651601317
32968885645
1005002436041198
1005001997413234
1005001977975938
1005001430482435
1005001659651499
33004642880
4000443730252
1005002408109042
1005001527577413
1005002001367721
4000548557296
1005002428537542
1005001942714480
1005002388789201
4001030707857
32956039315
32972457691
33039187840
1005002341402731
32987489748
1005001665551400
1005002231658848
1005002381956086
32717830180
1005002090941390
1005001364784559
4001111520369
1005002290150085
4000831220004
32812834982
1005002117724359
4000223765991
32855861353
1005002094211824
32854030298
32981505644
1005002434009353
1005002260570475
4000600175754
1005001604536653
32954638492
1005002339462844
1005002288173672
4001195674499
2039859504
4000063865208
32583188748
1005001798638542
1005002283271286
32610467303
1005001298110908
4000092080906
1977842665
4000279963194
1005002384099865
1005002386176877
1005002231640830
1005002393945934
4000045771165
1005001754607015
1005001908464864
32884885430
1005001947726881
1005002304378423
1005001954169614
1005002365687673
1005001726079726
32976294580
1005001928932941
33058506718
32775679699
32967660016
1005002319044688
33028148987
1005002280586624
1005002379122455
1005002278168486
4000898583029
4000971632407
1005001813261687
33031681223
4000777512696
1005001524100070
4000552087413
1005002340805425
32920931428
1005002253483879
1005002475563073
32970870045
1005002175773824
4000052109736
1005001334949143
1005001525353742
1005002341020044
33009602777
1005002468094573
1005002258013459
32936459406
4001334752390
1005001706219394
1005002235114629
4001278375471
4000061976283
1005002288160424
1005001759751332
4001062739518
1005001809203737
1005001313307235
1005002482472620
32868176100
4000575237414
1005001736710584
1005002292619684
1005002259609651
1005002008695896
32588626127
1005002244762970
1005002259650729
32873208147
4001170602055
32824424112
4001169878409
10000011539054
1005002211034291
1005001596663470
4000465970444
1005001685945135
1005001280741882
1682985725
1005002453626220
1005002398930420
32826048498
1005001638846000
32854974677
32961660148
1005001833437594
4000180630005
1005001267050334
4000382276824
4001150637034
1005001407304148
1005002084927699
1005002258574742
4000172922924
1005001793067397
4000382425191
1005001385558937
32979598496
1005002306110015
1005002277657488
4001205927098
4000218831428
1005002244641528
1005002376233381
4000142524023
1005001914902370
1005002496165500
1005001373621474
1005002312379368
4000206081857
32962159190
32950068807
1005001469418680
32965212220
4000096303457
1005002413948884
32967877154
1005002452798107
32961907575
1005001784332694
1005001816963602
32843604550
1005002029155529
1005001983810136
1005002490350777
4000322438061
1005002330315238
1005002381084216
4001308335248
1005001622723788
4000626802362
4001085492139
1005002171323460
1005002134559295
1005001635752239
4000967167167
4000499628439
4001134266853
4000385367961
1005001861387641
1005001869679877
4001175493245
33000180485
32822646823
1005002050588671
1005002409667827
4000307305952
4000812057927
4001225289459
33030006628
1005001393219085
1005001269756871
4001034714244
4001259668125
1005002291756157
32969782221
4000677471735
1005002178208459
4000170811327
1005001757226014
1005002330162832
4001102058126
1005001846062541
4000736090553
1005001619938204
1005002291943617
33035017010
32991498446
33061863219
4000054544178
4000599006336
10000000649868
1005001403198219
1005001343344507
4001061553660
4001047518971
1005002240914325
4000986832392
1005002181335830
4000910443492
33039285742
4000868025307
1005002454418947
1005001310668861
1005002395707750
1005001873196629
4001156583492
32984042622
1005001798045717
1005001658906804
32917050687
1005001744293977
1005002483604917
1005002280875222
32882459902
4000771303229
32823090684
4000869215960
33046800642
4000295282046
4000120613000
32934323543
1005002426717103
1005001779876848
4000460401121
32962082637
32945428649
4001012997432
4000306784021
1005002221080258
33001241560
4001174767525
4001008219860
4000095022600
1005002405574827
1005001665647286
4001265242196
1005002337237118
32773864299
1005002319324255
32861598662
1005001876617369
1005001579273573
4000012175230
32873143520
4001137808713
1005002394305923
4000431420314
1005001775692457
32664735282
1005001586834719
1005002420425802
1005001437496834
32334855618
32788903386
1005002470738532
1005001654353501
32983571268
1005001663694896
33039135943
4001077973017
1005002363479433
1005001387141789
1005001859988783
1005001435993468
32530735488
1005002181145506
1005001604483394
1005002260069263
1005002337864838
4001094716804
1005001842923378
32973846775
32896168095
4000501035823
4000945220776
4000998422851
1005002314288085
1005001793401153
1005002355870331
1005002383231338
1005001408006093
1005002385952864
1005001611403830
4000786100532
4000953173322
1005002307603837
1005002225396788
1005001967201476
1005002316898014
4000025477785
32789078306
32988922013
32911748598
1005002196589943
1005002314375211
32981302914
1005002287438865
4001358774906
4001297104240
32898254035
32880707336
32688114691
32965025610
1005001424519429
32827609148
1005001565116258
1005001797633443
32831484831
1005002327008043
4001238293038
32829708362
32826023016
1005001844038977
1005001630695498
32379580451
1005001868804301
32812609183
1005002327830473
33002294575
4001320532391
33039146023
4000126799665
32888883016
1005002469359309
1005002001418215
4000927020509
32968256175
1005002152486541
1005001877093690
1005002253043108
1005002340711810
1005002325104589
1005002315365371
1005002276819242
4000215397386
1005002256651545
1005001670925196
32966191104
32974690334
1005001613161750
1005002072295907
1005001815284208
4001223872100
1005002491170586
4001272378834
4001286689477
4000063493641
32971815201
4000415827695
1005002304396547
1005002418380566
1005001672014608
1005002233510191
4000237273555
32699443000
4000392927275
4000519701626
1005001900649315
33020836963
32953674104
32827493073
1005002008858389
1005002467504108
1005002364323729
1005001908760977
1005002317211816
4000981414112
1005001274039805
1005001515876927
1005002411095350
1005002316205648
32970827022
1005002207004409
1005002245554263
4001232117707
32834634282
4000434677263
4001283088902
32872523045
32960986426
4000437285423
1005002065526664
1005001966697246
33003675394
1005001998567454
4000771186492
1005002448178224
1005002332803971
1005002476647696
32956764029
1005002298012268
1005001495773597
1005002305214410
1005002095990298
1005002376879796
1005001269748081
1005001284533270
1005001474610970
1005001638477121
1005001862985045
1005001717594586
4000025900339
32909587436
1005001844975323
4001150596336
1005002172034033
32772343897
4001173293436
4001111589647
1005002364398358
32992895451
4000324613405
1005002246742019
1005002082469375
1005002424630530
32511931860
4000694523564
4000906269879
1005002432988697
32878168323
32884401452
1005002389375857
4000299993901
1005001296940633
4000083785917
33007006993
32744947953
32971089659
1005001363223442
1005001891652122
1005002341021981
1005001297970654
4000064536606
1005001820499251
1005001722230325
32896919109
4000860615308
4000467638606
4000300044615
1005002343073072
1005002311338173
1005002351505658
1005001361928373
32709225395
32822879545
1005001903324851
4001036354403
4001017834712
1005001874227429
1005002388248421
32862350820
1005001586186594
4000468187723
1005002428863955
32967205031
1005001458331424
4000858400564
4001152974249
1005002288725434