1005002276836863
32761580008
32848151345
1005002500061931
4000221792044
32951510601
4000038405250
33009703195
32915282696
1005001926896577
1005002250620784
32309475503
4000931106824
32974270924
1005002274207685
4001251735607
4001026661132
32630819490
33045682478
33051159889
33008272786
1005001704243073
1005002256981545
4001142701031
4001034840958
1005001685684478
32831120261
32863911611
1005002478629859
4001218091225
32964565108
1005002015681015
32834535852
32757666703
32892330580
1005002310973435
1005001665370062
1005001705434561
1005002314156834
1005001334000660
33028242812
1000001956301
1005001843465663
32913814848
1005001529024195
1005002259920482
1005002368539041
32952105798
4001345540322
1005002044510379
4001200453100
32876634897
1005002091308292
1005001861102749
32831855694
32828502122
4000966988099
4000873325884
1005001656561014
1005001627674613
4000826565501
33038345520
1005002347154140
1005001704476634
1005002408385450
32994706217
1005002260184814
1005002046355114
32925574983
32812202996
4001154024589
4000300410781
32438395886
4001270864656
4000798923589
1005002143305237
1005001604935314
1005001525371761
33023619971
1005002342577046
33031975552
32948289229
1005002375202710
4001079157101
1005001965223434
32859716448
4000588895074
1005002115393764
4000344527823
1005001829171402
1005001994092502
1005002070926736
1005001901323710
1005002289618760
1005001784986270
33005736389
4000096954615
4000133224265
32810896575
1005001954767750
4000558516188
1005002304909189
1005001356583457
32997874786
33026845260
1005002363873860
1005002304397203
1005001868937352
1005002014924029
1005001953311359
32985823661
1005002312339195
1531341043
1005001617784520
4000534492022
4001262976120
1005002398202410
1005001281992608
1005001966532429
1005002013172225
1005002363547568
1005001326113565
4000448381242
1005002221269538
1005002205464782
1005002337060064
4000191525346
32858826472
32919614786
1005001311551793
1005001808791852
10000423048049
1005002397590298
32976613570
1005001873133748
32927735473
32974757862
32970017665
4001147789126
1005002329911256
1005002427364506
32807777850
33007918330
1005001487273316
4001223028880
1005002292402335
1005001942864326
1005002365325133
32668995735
1005002123924787
1005002374460189
1005002454793875
1005001800259332
1005001632382883
4001261197297
32966879499
1005002325100478
1005001624954198
1005002408507266
1005001480460084
33013385957
32919103467
1005001610150613
4000800799217
4000060498820
1005002287990415
1005001952815482
1005002485100775
32864723358
1005002413319207
1005002292851346
4001057247019
1005001758420578
1005002407034462
32358304454
1005002073771882
1005002332150591
1005001831546035
4000861365105
32861716984
32814225053
32979750445
1005002489224007
4000160141313
4000179400984
1005001971666852
32820703460
1005001877229023
1005002228240868
32979395347
1005001616022795
4000721998118
1005001670769084
32962888663
32995081155
33045418685
1005001381068014
4001149691866
32857372959
1005001382095025
1005002381463815
1005002329365686
1005002253193956
1005002407799889
4001216331853
4001065075190
32763249019
32789822913
32995509622
1005001625503500
1005002340586487
1005001703255103
1005002005923776
1005002413455778
1005001620842507
1005001802713974
32901276509
32988610637
4001275429991
1005002475481437
32848928487
1005002358710912
32515287089
32995598042
4000330723935
1005002484977432
1005002348209232
4000058413826
1005002379212991
1005002001802908
1005002101752583
32699223540
1268446763
1005002272580814
1005002213354385
4001226056677
1005001982834766
32813711897
1005002475169333
1005001848357715
4001332186544
1005002357488256
4000284628291
1005002154608839
1005002265924357
32914942979
4000090459679
1005002010583857
1005001286225238
1005001794616413
1005001439031776
1005002002677859
32868408242
1005001954171167
32866175317
1005002371632056
32970666743
4001278999268
1005002431581004
1005002269314693
1005001359992984
4001322401933
1005002281491980
1005002283379714
1005002447372711
1005001369423110
1005001994714376
32846581117
4000242947775
4000159206979
1005001525418470
1005001551072244
4000706579568
4001212171275
1005001593420897
1005001530226619
1005002381667341
4001316270059
4001228567578
4000982824908
1005002160199333
1005002311092248
4001079213057
4001308254657
1005002324122342
32871166439
1005001357823843
32971126164
1005002326960980
32962497230
1005002346357649
1391908184
1005002231719129
4000163165762
1005002312650921
4001279468100
32980115683
1005002316036261
1005002348535516
1005002198403865
32743613534
1005002460861184
32826871602
32519512826
33014113609
4001163092104
4000162557672
1005001489402109
1724778721
1005002310487143
1005001797590242
4000691793355
1005001946660257
33044449125
4000661470177
1005001525441595
4000849922450
1005001403884369
1005002244229271
4001040694519
32922654955
4000010563175
32895472507
1005001579858538
1408620215
1005002494936551
4000019554014
1005002400116933
32766826279
1005002245466935
1005002340324559
4001218036229
4001315694926
1005002336532663
4001038911298
1005001900911705
4000738187149
4000850446597
1005001627858215
32735398057
1005001955006618
4000389669627
32954620773
1005002313374654
33010009072
1005001287091541
32960156966
4000057292364
32922386551
1005002357091949
32801040296
1005001482390240
1005001628191743
4001242550681
1005002318871208
1005002319545020
1005001927238614
32402316652
1005002134186439
1005001617785144
1005001474644565
4001103560520
4000401398549
1005002204885650
1005002137034057
33049869349
4001144001565
4000720650451
32918026812
4000252091591
1005002313467116
1005001475094799
32973974456
1005001844599150
32844751961
32804358176
32828305913
1005002069359903
1005002450463282
4001350734640
1005002220037443
1005001755738775
4000518187871
1005002346615222
32917549749
1005002197375318
1005001531393823
1005001941956969
1005002450384963
1005002404678345
1005001431556172
1005002304757903
32862755395
1005001579993009
32860448474
33060671898
32806633982
1005001608799039
1005002428550297
4001010845699
1005001450292489
1005002377286673
4000661105792
32238668084
1005001843416967
1005001523910813
1005001552493174
1005001727108937
32337673337
32697112598
528705279
1005001939251604
32788501402
1005002329850600
32954903541
4000987641603
1005002484784461
1005002316268449
4001207367872
32855358431
1005002301094127
4000843777850
1005002429258230
1005002416194139
4000269244600
1005001521714345
32761911003
1005002443380143
1005002423909642
4000011226561
1005001859103449
4001141455088
33005570952
33027915201
32959454266
1005001658794899
4000682838922
1005001587651892
32929377109
4000341210190
1005002247085229
1005001972632046
32372200907
4000049850108
1005002131801239
1005001576533441
1005002055898090
32566975860
33015411333
1005002274718538
4001338162310
1005002223661558
1005002334983484
1005002404724755
1005002292365412
1005001686221120
1000008347234
1005001693527635
1005002483884672
4001122520072
1005001463123921
1005002310221901
1005002282754330
4000081637967
1005001992264673
1005001515581755
1005002174367979
1005002319298493
32961297678
4000805793383
4000116800937
1005002157767358
4000692972901
764622539
1005002011933773
1005002297878561
32960103093
1005002337385005
4000517045151
1005002467471560
1005002066603120
32973531085
1005002341975785
1005001452518655
1005001929672945
1005002416375008
32930732032
32772209915
1005002439708564
32658187182
4001019580740
4001042574445
32918822348
4000933697154
1005001599422294
1005001501141532
4000389446039
32883015286
4000268276175
1005001955068340
1005002409713815
32989806773
1005002240470682
1005002330515906
32899240316
1983661831
1005002280716143
32962764981
1005002288004666
4000140593730
1005002330099803
1005002306081614
4001165675454
32456478151
4000785098577
33024218242
1005001738144485
33053689528
1005002389506419
1005002499221506
32912359165
1005001968044756
1005002469888432
4000128006777
4000131027361
4000761327454
4000178168973
32882079553
33011778222
4001125318262
1005002333489559
4000789293422
33038326733
718288212
1005001736628783
1005001407767845
4001163414429
1509385343
1005001809614475
4000727071416
32903349301
1005001698812372
4001035365878
1005001555807030
1005002082055210
32968728569
4000392943772
1005001693848882
4000850417711
1005001992480559
1005001639227541
1005002489285578
1005002081736759
1005002213034937
1005001709016678
32880969498
1005002281854598
1005002212179401
4000812730381
4001251817340
32787326034
4000922678272
1005002306097852
1005002387884033
32961699883
4001231120683
1005002029144332
1005002286597971
1005002234692679
1005002247659787
1005002402335426
4000668536999
1005002475415824
4000496942794
1005002421556858
1005001721813993
1005002346450072
32689688138
4000369476893
1005002447795837
4000970585415
1005001698007808
4000151743205
1005001965646173
32818842378
1005002413097856
32577193874
1005001458169169
1005002238248385
4001211311049
32308472093
4001279349791
1005002273223935
10000206828576
1005002137632560
4000767196473
4001231693254
32761577849
1005002241956914
4000860136508
4001131899381
1005001370037209
1005001286235575
4000088191671
4001149144601
33045752906
4000004404453
33003971063
32950345515
1005002297751920
4000990973391
32992282096
1005002442350352
1005002327276688
10000064291942
4000166738290
1005001759631221
1005002474970821
1005002315277857
1005001484189411
1005002398958113
4001044497038
1005001612167436
4001253729618
1005002376211382
4000047329591
4001141958436
4001296630541
32952680015
32244117008
1864623568
4000464628891
1005002037999396
4000674149777
32899180280
4000990921170
32841789540
1005002322110909
32987601060
1005002376190313
1005002116555244
4000799822551
1005001579285076
32454231233
32992200003
1005001768398290
1005002313608274
1005001452156275
4000979731070
1005002390123599
32998418430
1005001636486103
1005001844065090
1005002319209286
1005002426551064
4001015187405
4000582347455
32973567310
1005002390368068
32993493329
1005002443169189
4000929144853
1005002056979563
32840686940
33048544730
1005002091267841
4000475131367
4001108229847
33041744632
1005002382143216
32959480086
1005002470830634
1005001429064722
1005001393140817
1005002265624282
4000842999316
1005002329051974
4001121544751
1005001715460776
33016608528
1005002314146271
1005002400011940
1005002388878327
1005002413279402
4001154587020
4001192455432
1005001640198157
1005002388755796
32946932803
32906770941
32537492336
33013982662
1005001926463262
32978717946
898889484
1005002213726526
1005001882089872
4000131208135
1005002453396587
1005001826892320
4001260661739
4000168033508
4000123944990
1005002038561867
32839465573
1005001681410555
10000027907101
4000773641776
4001227365729
1005002028069492
32909463770
1005002200199478
1005002054574531
2038270310
1005001320249680
1005002126611821
32848428785
4000975200380
4001239870326
32825897149
1005002324272334
4000409040547
1005002367343185
1005001666573997
4001047492781
4001224630088
32808540215
1005001471811278
2002036164
32790131904
1005002475567510
1005002185914276
1005002319313306
33007826447
1005002266287190
4000946913871
1005001586332012
32958592533
1005002288381188
4000132726294
32918173226
1005002122450260
1005001952952071
1005002063542664
1005001567417261
32813881135
4000842950976
1005002313582210
1005001738510849
1005002454321396
1005002316056178
1005002356166909
1005002295285914
1005002292758215
1005001645406897
1005002499543311
32932568056
1005002226685428
1005001320279289
10000022137635
4000169742458
4000337022603
1005002224662143
1005002372048831
1005002321603874
32914153932
1005002496643831
32793637871
4000388764759
1005002367738043
1005002369632474
1005002449682871
1005001865165072
1005002004489832
32968198505
1005002376386018
32853588773
4000720014185
32972579146
1005001880371205
1005002268132870
1005002372440387
32810200142
1005001665759021
1005002428706948
1005001441325535
32957436100
1005002304290831
1005001515734935
1005002096038366
32651321069
33034838329
32909938616
1005002434741952
1005001450837934
1005002338259773
1005002286108723
1005002381642802
1005002291017425
1005001341325393
32920626825
1005002220633870
1005002287340615
1005001807479954
1005001425543456
32982573182
4000025483199
32965935781
1005001413083406
1005002467761621
1005001430736823
32223036835
1005002438908478
32820685431
4000904361849
4000932179303
1005002357538921
32790029837
1005001525472360
1005002387667251
1005002458506894
4000848710174
4000786052524
4000981329037
32850724674
1005001525480360
1005001439084605
1005001803315913
32825236273
32973547540
1005002212552668
1005002286298138
33015079901
33047714999
4000878155476
4001169964307
32787575569
4001307597443
4001333184744
4000566694622
32516210884
1005002176427654
32809418734
4001021056711
4000370364293
1005002382000796
4000011607283
1005001374068294
10000171499809
1005002324338957
1005002355758630
1005001453740538
32810132516
1005002248680875
33014538205
4000127132967
1005002419546859
1005002099958913
32830557200
1005001864230618
1005002044840694
4001093879534
32792695263
1005001563636951
4001129389804
1005001870487174
1005001397951201
1005002333920118
32727301701
4001132787480
1005002333564576
4000687075623
32642102617
32808885751
1005002238712959
4001308097963
32899637565
1005001274371778
4001242684539
1005002294048000
32947267753
4000114466670
33007525453
4001161047142
1005001670884265
32966032867
1005002116312112
32995650921
4001055839688
4000186926296
4000850476213
1005002323103887
4000759968429
4000636735433
32948618655
1005002258480846
32957098630
1005001975516954
4001163229333
4000199316630
1005002390488255
1005002279175117
32881542249
4001362034079
33011899452
4001050763460
4000014558685
32962343778
1005002213669151
1005002038313814
1005002066852404
1005002294568196
1005002234982201
1000001574172
1005002374638324
1005002306762547
1005002367993660
1005001882483754
32829590787
4000922637714
4000089753830
1005001278473166
1005002352186829
1005002350021897
1005002007263352
1005002240643329
4000480012466
1005001850540381
4001268095498
1005001839312123
4000322105777
4000465866669
1005002478225807
4000544484256
4000378319880
1005002043659740
4000699054707
32868564795
1005001480109355
4001105975925
1005002408892396
1005001854495577
4001128252093
1005002353307535
33017175623
32886276395
4000857293382
1005001699149820
4001053644815
4001174001657
33034025894
32997887146
33060947782
32836706532
32873345506
1005001670482337
4000849841998
4001152918881
32812977058
1005001871944775
1005002272053408
1005001524773925
1005001808774020
1005002059278469
1005001615551794
1005002275639951
1005002004722492
32827774092
1005002372175975
1005001565913892
4000872924926
1005001999641609
1005001623565023
32632890567
4000874606861
32836447547
4000270693195
4000042156613
32918631704
1005002198197324
1005001446786845
1000007549679
4001064742584
1005001541365617
32967372004
1005001890259299
4001032223819
32971666341
1005002303707776
1000008168381
1005001630965584
4001221075189
33000343432
4000830330037
4001269407850
1005001329871137
32972580836
4000354496194
33031867640
32708843982