4000985302145
1005002072399764
32965796632
4000805121557
4000253256259
32891211906
4000987277718
1005002417161306
1005001462704471
4000152362456
1005002439144348
1005002166728740
32980136189
1005001332404118
4001044878242
4000812036152
1685843045
4000742293449
32577654569
1005002279126367
1005001476048087
1005002069503580
33003154369
1005001986004917
1005001614041804
32871438305
4001171394225
4000641412458
1005002025310532
4001061038324
1005002439859126
1005001968532165
1005002323993908
4000026249086
32819531563
1005002359090057
32855351522
32810381233
1005002396162678
1005002253601203
4000986652727
4000221661125
1005001785553688
1005001434458074
1005002221825850
4001230448666
1005002289308570
32904712894
4000314647645
4000156588194
32868394553
1005002425385644
32830558460
33004506386
33005770916
1005002388108234
1005001452895722
32821972157
1005002260398597
32979658159
1005002383387311
1005002247165232
1005002320563620
33062439624
32382447286
1005001992333963
1005002306280651
32757794302
1005001287464343
4001219543540
32861568667
1005002218022006
33045229067
1005001417619866
1005002388472401
4000829315417
1005002420753131
1005002280867962
1005002061422387
1005002316538065
1005002348815254
4001214153935
32985795333
1005002302522396
32528518953
1005002435919455
4000661099185
32975512674
1005001375638088
4000999927261
1005002210356902
32888287464
32851708487
4000316949263
32897866899
32886526178
1005002443672366
1005001798599300
1005002286066626
32976954589
1005001496554690
1005002208211535
33009996761
1005001793267225
1005001615638543
4000990786177
4001355193243
1005002175970588
1005002443619963
33039555582
2013339922
1005001845766284
32823001612
4000193018846
1005001960559114
1005002388922791
1005002276200656
32647356749
32823417123
4001187941177
1005001280722334
32952873575
1005002314809972
1005001334924560
1005001320603401
10000400044621
1005002364670404
4001350355956
4000263540831
1005002279228189
32744022212
4000790706914
1005002003737865
1005002021641538
32953768230
4000221410409
32894646191
1005002357429593
4001204820743
1005002211778900
4000974966197
1005002228051028
1005002223956282
4000749758510
4000255409172
32836486122
32966613524
4000739530507
1005002368593406
4000656876496
4000007211579
1005002065111033
32832651982
4000032760854
1005002458076082
1005002376238302
1005001441288786
1005001279660111
32850129507
4001190555919
1005001764156149
1005002468695174
33001351966
1005002070156594
1005002367552503
32811431760
4000182134282
1005002468861134
1005002356475806
4000859864149
4001176471206
32457426630
4000299905150
1005001646581463
1005002210385740
1005002303728047
4001009872665
1005002321522765
10000195245284
1870097679
32876345496
32861535421
32646598801
32973413136
4000748612914
1005001715556600
1005001300340810
1005002028018995
1005002334113269
4000967031061
1005001439109455
4000533100822
1005002254177209
32590291678
1005002353599530
32469724648
1005001598555254
32685767498
1005001458489227
1005002318039519
1005001468956675
1005002014744828
1005002031854221
32816549304
33001513399
1005001759281010
1005002172734473
1005002185943439
4001062433558
1005001341069984
33032471338
33035333444
1005002265444791
1005002304176869
33027529624
4001142797460
1005002443687145
1005001533335664
4000197890945
1005001836791447
1005002441840388
32994937234
32818125450
4001198233493
4000867065454
33013641244
32843704345
33018740568
32853165025
4001226078321
4001235275082
1005002416475329
1005002211899084
1005002322618214
4000315313751
4001322151468
2012178132
1005002220713021
1005001657243938
33008405378
1005001470047862
1005002253226426
4000846093555
4001227955629
4000117204049
1005002310048645
4000009509747
1005002309657475
33038024211
4001245385327
32227686724
1005002221966282
32848002801
1005002471434942
1005002295093177
1005002460775110
1005002341161977
4000206714181
4001285684394
1005002090774224
1005002317637201
1005002443041897
32907380854
1005002226065253
1005002492286534
1005002205852575
1005002133203555
32967364648
1005001872184547
1005002233402671
4000546632074
4000583066556
1005001939622795
1005001889818403
4000844907334
1005001836007328
1005001975954271
1005001997875204
4000538988658
32992831703
4000124543962
4000173175914
32987825157
1005002238638516
1005002319815241
32888863215
4000506894197
1005002425737802
4001133954265
1005001785055104
1005001530481388
32940580460
1005001585023504
4000188964847
1005002394850298
1005001602390305
32966535758
1005001451543606
32983624318
1005002323919222
4001061909507
1005001477985072
32754864473
10000154500121
1005001742019723
4000222764950
1005002311686895
1005001980055968
1005001678140359
1005002304424592
32471021356
33017014540
1005001608582336
4000318289284
4001192472031
1005002377491566
4000703571689
32850354262
4000570514547
32808569308
1005001703683156
32516764790
4001352509438
4000817921541
1005001901153757
1005001647878761
32971030383
4000397512943
1005002314000933
1005001671695759
1005001728741202
1005002198683891
4001361022049
4000041735362
1005002003586624
33050955673
32922577254
4000119790235
4000691679231
1005001444198369
32956670517
1005002231618794
1005001413258290
1005001943135235
4001219076657
1005001888719211
32914430275
1005001862691445
4001276316045
1005001670926247
33060535241
1005002428151159
1005002362809897
32847617803
1005001892253259
4001115728005
32893609140
32303257246
1005001643872810
33024604273
1005001682531516
32913266451
32956841065
1005001695100638
32961117080
4001221271210
32788764475
1005001689326386
1005001659398316
1005002231387933
1005002278742777
4001192162954
1005001299550155
10000391288311
1005002440524009
32950155035
1005002323544604
32758192755
1005002313684422
1005002390928385
1005001759495583
1005001488534100
1005002371749129
32923507042
4001350277000
32906345472
1005001620831656
32831609270
32837420305
4001251255882
33043155953
1005001579177504
1005002211911012
32899469763
4000466628860
32781963952
1005001867941724
1005002315852723
4000057273224
1005001456612957
1005002084504079
1005002265299027
1005002295588118
1005002093950261
4000626452958
32741877930
1005002455222383
1005002191510896
1005002115762763
1005001714714649
1005002302357260
4000407363817
1005002324315285
4000385533446
1005002250403737
4000498723906
4001326164760
32882488402
1005002476608814
1005001961981807
1005001341568072
1005001656834509
32900465312
1005001468476528
1005002335994826
4000504821664
1005002253596525
4000289777732
4001227779616
32975364012
32982707118
1005002139202930
1005001279497368
1005002229835436
1005002238082900
1005001614277572
32651668411
1005002495633779
1005002295376982
1005002357364873
32879720272
4000768468740
1005002288423985
1005002120990210
32962193439
1005001591918462
32989496440
32849802541
1005002119341364
4001035400357
1005002278932047
4001177776825
1005002228634987
32906261239
32363911625
4000042023538
1005001884343853
32975757137
1005002341756290
4000449788999
4000167967994
1005002009419597
33017351206
1005002239042530
32534475969
4000242597250
1005002319073549
1005002346102080
1005001284990909
4000834491404
32996466657
1005001523880853
1005001515815679
1005002340368713
1005001591115887
32979069945
4001253648487
1005002305251602
32950211238
4000945962911
10000295047973
1005001289980342
4001243751744
32956948368
4001103060207
33006599559
33013697646
1005001552292089
4000205702964
4000435081282
32983863036
32982120613
1005002473118112
32964765004
32858755422
33055524208
1005001281361127
1005001515907473
1005002315829492
1005002441043879
1005002467395359
32856886570
32983815802
4000324319402
32834762803
1005001692671044
1005002363466192
1005002391017474
32889120601
4000719965279
32964004617
1005002089378050
32242564616
1005002224317477
1005001388050893
1005002363148716
32821585255
33013521763
4001233816711
1005002495684092
32806841117
32972816408
1005001453958937
1005002413400574
1005002009373066
4000902138506
4001201908053
1005002319523981
1005001599554285
1005002318529105
4001219949811
1005002089885448
1005002293333568
33016684490
1005002491083126
1005002333577351
1005002199353598
1005002332081865
1005001343371633
1005001835337022
1005001504007658
33022636380
1005002367930150
4001143424137
4000830747913
1005001955041643
4001287854243
4000849800362
4000864233873
32878638046
1005002443778791
1005002393306052
32945741725
33000395111
1005002114511954
33003924169
4000094631611
32966184729
4001112051749
1005001710324483
32847230597
1005002413463080
1005002388868445
4001155179000
32947202288
4000625906131
1005001496737849
32881436597
1005002222683481
32904441331
32847629713
1005001921561228
33016453667
1005001927831546
1005001659910232
1005002339892079
1005002496379788
1005002039867084
1005002055807009
1005001772091710
1005002457280941
4001248028857
10000013418475
32900908324
1005001907549870
1005002166341806
1005002034261091
1005001321790217
1005002254880709
32988288856
4000663876331
1005002435091277
1005002270253455
4001150131861
4000300488356
1005001780551772
1005001868608090
1005002173574240
1005002382781387
32810749814
1005002253181387
32888980369
1005001883845005
32890160299
32979318843
1005002238838697
4001307356633
1005002314461471
32876411390
4001268072883
32847406506
1005002237625735
1005001430763404
1005002359823609
32963124645
1005001765579341
32903289916
1005002393709997
32326084696
1005002282156594
4001271089769
1005001586345759
4001137835791
32696876478
1005001982265933
1005001552259803
4001290701266
1005002241476981
1005002340580247
4000974897587
4000223720722
33058983318
4000844517364
4000236526287
4000233489335
1005002027689579
33011276256
4001005595419
32397065072
32897325018
32890011266
4001106470701
1005002420518221
32840170707
1005002390094818
1005001281684925
4001013063973
32945183376
32891351260
1005002355445807
4000016002018
4000973721601
4001107604877
1005002144999664
4001111278077
1005002305997702
1005001698376378
1005001832168083
1005002200265166
4000223154537
1005001732382569
4000178315370
1005001304693561
33031136328
32949797848
4000597858706
1005002304106343
32830027046
32545949905
32446345113
1005002130050334
4000990674215
1005002317348699
32858567722
33049818133
1005002386738374
4001122809481
32910551557
4000548442798
32882208505
32887921829
1005002378959473
4000328868696
1005002229522569
32919528065
1005002362921159
32742654947
32973751420
32812285338
4001115520316
1005002413420500
32808608439
4000050399268
1005001468196094
4000804904829
1005002395433077
4001136390524
4000828414859
4001251277085
1005002330601560
1005002357546742
1005002417852896
4001228757209
4000257044900
1005002246762364
1005002104724509
1005002129880111
1005001787338976
1005001999229808
4000236117371
1005001878987368
4000242338462
4001355840520
1005002242451253
1005002032533027
32744087056
4001190106516
4000832116079
32809258671
1005001680510608
1005002036762759
32812092137
1005002329811720
1005001596254547
1005001609272705
1005001992211122
1005001645582429
32844845773
32343219122
4000799373152
10000033645911
4001240989333
32883264645
1005001488790412
1005002432250505
1005002290615063
4000106799418
1005001962032905
4000386588222
1005001882466282
1005001921645927
1005002266506099
32985692573
1005002359550598
32944768486
4000922068243
32861494303
1005001942942118
1005001495051936
4000036417070
4000801059917
4000823727431
1005001563474452
32823596047
32541385595
1005002315816107
4000353080281
4000990958103
1005002314420345
32797076584
1005002435539030
33025030519
32328415396
1005001636428809
1005001803989140
32603225252
4000409318416
1005002091255233
32243327242
4000904266355
1005001334487201
4001039438248
4001217825373
1005001411806719
1005002383208214
1005001986146800
1005002471034535
1005002268748862
1005002252284426
4000957904556
1005002201006700
1005001482686103
32956339430
1005002447762498
32962615053
4001149390038
1005001753956364
32811567708
1934655492
1005002160449536
1005001364418190
1005001720857860
1005001987080694
1005001425171675
1005001288123342
10000118987659
1005002382328464
1005002440987520
4000598363508
1005002287880492
33011543611
1005002255149256
33057949754
32575492238
4000785161091
1005002312131640
2041195351
1005001833432929
1005002355497642
4000944548158
4000053989451
1005001515799814
4001056695386
1005001579620734
2048659934
32967107207
32834604405
32918839626
1005002309517002
4001120255179
1005001592110780
1005002401120825
4000192554389
1005002322140891
1005002500085233
4001228104324
1005002292099317
4001231867219
32863940494
32963957397
1005002318121681
1005001961727551
1005001899138413
4000956205391
1005001470286394
1005001447474851
32915903094
1005001798496296
1005002245665406
4001284292238
4000693080706
32993132840
1005002396383119
1005001494543292
1005002387830785
32800831801
4000641782766
1005002433057933
1005001593101885
4001138893272
1005002159555099
1005002359135341
1005002251813677
1005001355334529
4001248640344
4001062701519
10000002725899
1005002283410161
1005002084111040
4001278957224
4000505521812
32857591892
1005002448081987
1005002058412448
32956653496
4000674682832
32864289094
4000385270310
4000987574321
1005001645547017
4000912889685
32704060110
4000337295007
1005002314161295
4000801218116
4000850558108
1005001562725090
33046961489
33001913105
4000206337602
1005002098837229
32344366839
1005001994221304
4001042427820
33062031505
1005002225169890
1005001333083225
4000464610710
1005002467475272
1005002350183311
4000059137243
1005001930759768
1005002278675626
4001062883675
33032599113
1005001301973448
32976133782
4000595808371
4000431225692
1005002243542179
4000902530625
1005001333993187
4001358428997
1005002184974485
4000548589983
1005002361394172
1005002308757574
32951237714
4000815399435
1005002303586862
1445697112
32835172622
4001216269910
1005002192313416
1005002275457127
1005002174919812
1005002290933589
32897962549
1005002051149263
1005001537725467
1005001412680949
1005002291149586
1005002286980271
1005002381611103
1005002500015947
32841555538
1005002322182047
1005002372845217
32908620288
32822657229
1005001504743125
32954911149
1005002266077621
32831581820
1005002405684487
32851500042
1005002393944845
4001277419253
4000933797146
32725914117
32987525355
4001115276048
4000274762620
1005002098806713
32978976788
4000039793125
1005002315739499
4000304848385
1005001804807886
1005002046746492
32746269209
1005002348547100
4000889416837
1005001491381123
1005002482145472
1005002229150263
32503963380
1005002240903071
1005001650896530
1005002328108113
1005002165761859
4001327412758
1005001319257996
32954423444
1005001524932611
33010300949
1005001834671637
1005002235570245
1005002170958307
4001118918447
32421993222
33027308539
4000417147506
1005002240936937
1005002218306094
32804902809
32802614263
32976594836
32976634186
1005002298263601
4001041990673
4000086021532
4000925788567
32979208681
1005002284327440
1005001437897415
1005002270617214
32903821107
4001247446868
4000944675336
32885985371
4001169734789
4000200111659
33042795920
1005002110145395
1005002285961076
1005002397883373
1005002248212351
1005001830431692
1005001279127067