32710927873
1005002306251712
1005002306191139
4001233281295
32848086838
1005002464872828
4001271193921
1005001303679532
1005002317866436
32979439381
1005001468998462
1005002077344773
32961431594
1000006069357
33008356371
1005001957413105
33031331018
32855615326
32692529969
4001170116920
1005002311019208
1005001810113123
1005002367119169
1005002497508151
1005002289060990
1005001820439282
4000241922032
4000478506640
1005002157329666
1005002312334765
1005001909857609
1005001860563821
10000032753339
1005002059720972
4001155107976
1005002040551014
1005002328963512
32821609238
1005001775532789
10000044965750
1005002052460786
4001111649627
32974175755
1005002408393270
33005323408
32964833499
1005002464912815
1005002298508805
1005002401957253
1005001516999568
1814160233
4000859978050
4001183258508
4000335604055
1005002481946235
33000601820
4000108752888
4000099934257
32995436262
32900567969
32825134244
1005002276422097
1005002383215344
4000561416200
1005002348598081
1005001564367845
32853154492
4001230304859
4001269614416
4001338360580
1005002490318220
32850180033
1005001883826473
1005002359702282
32658432344
1005001988743745
4000398075025
1005002368676046
1005002006068516
1005001405350513
32902014109
4000293582727
1005002316906424
4001103658421
32805584471
4000855722499
32999838288
4000480570865
1005002394261081
32899627893
4000918044575
32832800809
32850028514
1005001416975755
1005002427016224
32979525187
1005002307213745
4001057539747
1005002405710863
4001317332343
1005002443715032
32960183309
32370854345
1005001488213862
32811620227
1005002398321296
1005002467687735
32620725279
4000719851694
4001115459068
1005002490300309
4000982884797
1935587803
10000395923701
32891105004
4000179229084
4000290389592
4000990445093
1005002336368713
4000954704369
4000033717536
1005002397796274
1005001717429316
4000110457082
32788641294
1005002213826707
32547399426
4001219437131
32973437449
32853267767
1005002266163995
4001251906307
1005001695494406
4000524672680
32900273512
1005002275773166
1005001728294698
1005002124394054
4000709290132
1005002337431908
1005001631108511
1005001429788241
1005001268872476
1005002381596846
1005002350865484
4000936250538
1005002301493330
33003285121
32844281036
1005002446947638
4000182273089
1005002100008077
1005002443054770
4000318619766
1005001666737126
1005001895429902
4001036614607
1005001918231801
1005001682606177
1005002321800345
1005002382445857
1005001326415009
32916113763
1005002353567407
33010168622
1005002442463625
1005002443480484
1005001622252040
4001052172598
4001266693829
1005001839448126
33055502973
4000215741352
32463295009
4000118756411
4000626043113
32970825041
1005001955050188
32826626839
4000043087932
1005002299465626
1005002126695120
1005001321130197
32928427177
1005002120582130
1005001949673528
4001226090785
1005002370065904
32901803179
33013788691
4001037489424
32683047204
4000611693455
1005002441457966
1005002223522594
32816930099
1005001813067319
4000427084585
1005002388382212
32960186853
1005002461287011
1005001660350249
1005001366138435
33043454163
32824273277
1005002329951067
4000538551619
1005002273871595
1005001320792970
1005002339490513
1005001780800654
1005002340018658
1005002140836398
1005002320644061
1005001329877200
32847123293
1005002468864927
33003383838
1005001655172788
32890978802
4000008097927
32841148397
1005001975042781
32917807741
1005002319331279
4000060184956
1005001505603149
4000065859581
10000314430617
4001042461754
1005002387153105
1005002312164220
4000178246698
32950600247
1005002476627273
1005002198808264
4001146649482
4000048923170
4000064940671
1005002311772504
33033823875
32348061373
1005002316796372
1005002076681062
33043751861
1005001447195758
1005002467515240
32966738574
4001145178232
1005001999547079
4000833763538
1005001456539720
32889096674
1005002321533626
1005001576505922
32907937366
1005002362409453
1005002368466400
4000484040157
1005001285674568
1005002400170173
32868073065
32991948484
32262517183
4001063965258
1005001326404338
1005001399406373
1005002232137791
1005002298996159
32843016786
1005002411729721
1005002277498931
32697043065
1005002310528823
1005001417711170
1005002481646421
1005001732066056
32585624903
32971766984
33041794850
32952637255
32839536005
4000631553880
4000444143718
1005002393964327
32839356877
1005002379259388
1005002257674791
1005001611412064
32981721674
1015784621
1005002310981491
1005002393825328
4000545885247
1005002424376713
32894316912
10000009579916
1005002386602302
4000561820455
32603217304
4000978916971
32890761412
1005001313361647
32982936436
1005002373084142
1005001475774018
1005002396677173
1005002407775336
1005002382737344
1005002187393355
4000891590968
4001225181381
32779200573
32996787826
4001323133083
1005002150551154
4001041380071
1005001744450308
1083007929
1005001313524349
1005001947488439
1005001374120570
4001299208334
32255309762
1005002441054716
1005002314225835
4000169896271
1005002065927998
4000918330926
1005002413618322
4000261674620
1005002197699049
1005002310945808
4001288226484
1005002320811816
1005002180436844
1005002349924191
4001278874820
1005002340863139
1005002281926224
33019383827
1005001698892798
1005002037808253
32880188863
1005002219677011
1005002080264134
1005001804694723
4000832681081
32837236662
10000181579261
1005002487547678
1005001810561682
1005002051069523
4001247589547
32841850298
1005001943067061
4000964022826
4001237001189
32796498617
33022049433
32254967666
4001159819081
1005001783363436
4001360512295
1005001359685305
1005001541551629
32919608353
32279054953
1005001268520828
32958589345
1005002393010018
1005001615449751
4000115139427
4000920406313
1005002333141358
4001040717426
32749246458
4000922373255
1005002345753395
4000778441497
32932472505
1005001607523249
32829697314
4000204666988
1005001733062328
2048910821
33046891842
32432752250
4000130864900
32930792926
1005002147894369
4001227192179
1005002043503599
4000955194926
32924398305
1005002434343917
32960178688
32811572647
4000688757793
1005002314258699
33062599585
4000849926207
1005001352089996
1005002108702104
1005001711288071
1005002139214221
1005001532216185
10000399942945
1005002117712564
32989178493
4000298539398
32828206811
33020087769
1005001474517264
33033193339
1005001592314454
32538907207
32888732901
32826310976
1005002122311892
1005001612877364
33042434375
4000013845307
33015881847
1005002270824101
1005002442039284
1005001506510172
4000238748817
1005001593409567
32911676707
4001084092571
1005001997135315
1005002447510062
1005002161875983
4001038423036
1005002301359351
1005001867984545
1005002221816400
32700905601
1005002369006399
4000499111938
32839740470
4000198756811
4001110409137
1005001502676327
4000068543888
1005002261096349
1005001878791402
1005002378375207
4000127546339
1005001370319810
1005001442739797
32441773338
1005001639455974
1005002390187530
4000205348157
1005002467182561
32369436419
4000212945440
1005001411751134
1005001859166070
32808063693
32503629171
4001224405213
1005002420366785
32620764439
4000687371201
32993939867
1005002434766760
1005001884253078
32418942270
1005002346713318
4000289315079
32897760406
1005001356217431
33004384121
1005001831313555
1005001593230149
32853942914
4001036824079
32934405779
1005002332586842
32819317709
32806214027
1005002231971431
1005001565167379
4001272024034
1005001552988130
1005002347150236
33016785035
32757895787
4000911611573
1005002372082943
4001008969080
32994896077
1005002345874240
10000027810591
4000219603196
4000908326009
4000453523420
4000902915788
33025421734
32849805331
1005002241250560
4000990983313
4001036659329
32751043877
4000348718373
32930716288
32833537513
33005236429
1902506502
32874794577
1005001857048178
32822477067
1005002055701376
1005002309314102
1005002376656284
1005001383753335
4000016999097
32966987565
4001214099841
1005001975121833
1005001387394264
32493093664
4001228590970
1005002388202853
1005002287930792
1005002245328038
32834340305
33013216348
32888623508
32870512872
1005001822839918
10000273375093
4001046235036
1005001402276440
1005001926881163
1005002319035082
1761220598
1005002312219530
4001093750468
4000693474173
1005002005121431
1005002334195596
4000216902887
1005002350208541
1005001714777086
32735101148
32898126908
32993276681
32967970902
4000218260795
1005002313277145
1005002153143249
1005002383854078
1005002034169804
1005002322513535
1005002039144339
1005002405002072
4001194372995
1005002305869197
1005002200970316
1005002459404587
33035814328
4000875474391
32979982906
32662268156
1005001669982571
1005001990728903
32898837931
32851130459
1005002180398862
32811650629
1005002082288284
1005002358164901
1005002069313491
4000282650462
1005002413483361
1005001626702336
4000203797523
4000383641762
1005002385038057
32989659441
4000469213518
32810848709
1005002181344872
33048030548
4000206995831
1005002326906875
1005002122930371
1005001678898517
1005001325453346
32965132919
4000497975969
4001270706222
1005002473522690
32440969397
32861525314
1005002354433768
4000077024508
1005002334924200
1005001424506979
1005002081663297
1005002394960517
32873511973
1005001882510098
33056380918
1005002317475006
33002039725
4000209772820
32925903893
32959847309
32227070223
33048522053
4000283365527
4000974957995
1005002462492921
4000322338908
4001294036788
1005001879982229
1005002341086745
4000381990782
1005001310030195
32995975205
1005001860104167
1005001680498631
4000404712732
32890932779
4000188500460
32272155209
1005002111626443
1005001727110710
4000194062965
4001237667128
1005001724431088
1005001587567273
4001220641019
1005002372986893
1005001456604493
1005002434026221
32834572453
1005001677433713
4000790064232
32516606754
1005002339236098
4000167132760
32589260587
1005002086003555
33049140821
33044124785
1005002359866428
1005002318235256
1005002290023096
4000393046919
4000077138922
1005001899060917
32945521208
1005002377162171
1005002458740672
4000758334226
33047958764
4001325736862
4000384806178
1005001882992833
32877071561
1005001441627929
1005002450509934
1005002377783672
1005001700075118
1005001267248148
1005002362651419
1005002190752854
1005001626388470
1005002327145108
4001298770101
1005002346163152
1005002426071337
1005002345387283
32924182031
4001182057235
1005002319251337
1005001830302744
4000458297220
32858408988
1005002341356896
4000092778701
32968160714
1005002350005726
1889380657
32983692236
1005001830725666
1005001426659869
32337584140
1005001338037267
1005001618123202
4001058740206
1005002060620768
32950589210
1005002317186921
1005002136186393
32819214945
4000169433255
32379918312
4000734801687
1005002128342948
4000542425171
1005002345585216
1005001437018005
1005001274973663
1005002258623105
32885942385
4000700773132
1005001958489815
1005002283823398
32770603674
32834783506
1005002265881494
1005001869723234
1005002449184981
4001079973275
33019474704
4000328010399
1005002238291460
4001174056609
4000068072415
1005002357702204
1005001638067582
33003419813
1005001364450164
1005001612975437
32846784473
1005002340070783
4000133794302
32974894569
32796674146
4000279145233
32739222583
1005001521120089
32805367140
4000249428208
1005002334875412
1005002298763119
1005002318448319
1005002308602793
32889208310
4000841818581
1005001300515831
1005002264897665
1005001667931340
32863707079
4000036396777
1005002490265311
4001278927148
4000394424845
1005001786310606
4000900559806
1005002294299735
32700084710
1005002319097944
1005002401578311
32951173691
4001168949567
4001082841444
1005002449790299
1005002388224017
32615271231
1005002090173755
33016403660
32973199205
32658299355
1005002133897537
32808172045
1005002332362633
1005002308207001
1005002377312176
1005002180993195
1005002339823881
32975427189
32896705406
1005001622200196
1005002428576067
1005001988875567
4000758254720
4001181370698
1005002454329450
32823711061
4000527468249
1005001620121721
1005002369521341
4000967738944
4000344208142
32851210915
4001044126999
1005002167729622
1005002382063846
33042691747
32393736541
4000021457144
32669158358
1005002313555835
32844244667
4000546096689
32913138429
33061775162
1005002387190583
4000849872401
1005002495311659
4001287135485
1005001818105966
1005002467164243
1005002254162043
32618752382
1005002191929866
32717616901
4000983610824
33036121837
1005002377092168
1005002019293252
1005001633559247
1005001348973185
4000970147143
1005002022474063
1005002315724227
33027021981
4001277020888
1005001430298008
1005001309208452
1005002123918355
32959256655
32961988527
1005001978174285
1005002423802761
4000166973473
4000287112257
1005001423210935
1005002065098523
1005001515446129
32881602434
1005002365066089
4000516559547
1005002492572160
33010149270
1005002289790762
1005001814238324
1005001769394996
1005001333156533
32965615647
4000891769504
1005002181424557
1005001469185588
1005001631091760
33038885862
1000006995326
32997221692
1005002476930047
1005002423702201
1005002266524572
1005002279989471
32915978053
33064507857
4000880150818
33052695391
1005002258316623
4001217141240
1005002466103541
4000038552947
1005002076484887
1005002027232509
1005002293837355
1005002454379199
1005001889873439
32821356138
1005001908459797
1005001792090027
32962854218
32913617351
1005002449830979
1005002233110160
32949029134
1005001682190961
1005001762796580
1005002273332974
1005002043502036
32963563632
4001267888781
1005001994046060
32792544686
1005002409750061
32989847262
1005002181403306
1005002421464803
4001286866115
1005001847772073
32982443290
1005002378190028
4000045741870
1005002307231684
4000803588525
1005002305066553
32962003132
1005002496242316
1005001780330405
33057579838
33005617122
32966398769
32963905627
1005002458563269
1005001733051751
1005002346344489
1005001297977724
4000381039729
32646439617
1005002488726306
1005002191596468
1005002175191397
1005002399416858
4001045393899
4000280231603
32999942855
1005001788637762
32916002189
1005002438100070
1005001900636647
32860380449
4000021407490
4001244766879
1000004743561
1005001899114251
1005001834798401
4000034903060
32889878712
4001345030260
1005002416776757
1005002318894978
1005002288969662
4001293928419
4000170941631
1005001350781204
1005001883050806
33014418250
1005002416718679
1005001807394266
1005002337190660
1005002192351315
1005002340578813
1005001445678233
1005002223352762
1005001492901492
4000775865969
33048131392
1005002443188044
32921358038
1005002357662506
1005001551460946
32780020960
4000138487642
1005001948686790
32890305103
4001250405838
4001156009072
32952902049
32903317051
1875542212
1005002206518654
33049927222
1005002395733911
1005002426613458
32683320165
4001154174618
1005001697495548
368146304
1005001798441223
32967500220
32837493280
1005001994188590
1005002316163986
32837081839
1005001530343960
32636893763
33054621869
32859353092
4001275013583
32817942905
1005001764131339
33054717903
1005002260233209
1005001380725023
1005002340372895
1005001773772002
1005002419161668
32965927220
4001177621887
1005002291450444
4000960411162
4000314229011
32804416774
1005001786248068
1005002307102369
1005001417679526