33022406448
1005001831160018
32799782857
1005002332348253
33002871564
1005001381088606
4000369777595
853088537
1005001411605748
4001223089988
1005001505359320
4000519722389
1005002212190147
1005002454123369
32796175539
1005002262576455
32834077036
10000406239215
33047079091
1005002108594489
1005002247085158
1005001846325950
32953621652
32907804945
1005002007956532
32829016422
32827712020
32762253522
1005001488290384
4000267625340
33025430738
1005002350723337
1005002001642424
33006299485
1005002054074953
4001343408986
32703305339
1005001630861112
1005002375420403
10000186979501
32608194809
32783497412
1005001350035051
1005001873584513
1005001575532667
32949699346
1005002482682649
1005001453490627
1005001458056435
32952885527
1005002337674348
1005002322617208
4000857430330
1005002229063874
32496982486
32275050979
32998208347
32892531112
1005001549151232
4000819765909
1005002053962861
1005002388247440
1005001450604748
32832559802
1005002476100998
1005001437800943
4001227060722
4000110424234
1005001548332471
4000193550700
1005002282405364
1005002346675212
1005001797381837
32952790552
1005001518688129
32922649278
32902898411
4001233168047
1005002332484276
1005002253145190
1005002365490919
1005002201857744
32887430879
33006442581
32762759021
4000067956262
1005001671012135
1005002131006246
4001345341250
32862776867
1005002168284119
4000722815490
1005002334669858
4000986019404
4001347404357
1005001867296682
1005002421290553
4000143901970
32850989388
4001125534122
1005001982379247
1005002454346541
1005001640937685
4001145327195
4000545762304
1005002454872280
1005002164868250
33031867613
1005001508443837
1005002251677670
32832025257
1005002461009317
1005001606473991
1005002388711905
4001170478273
1005002315628260
1005001758406269
1005002370121706
32951555267
33010786451
33054454381
4000244941884
4001321958279
1005001989325257
1005002046431318
1005002398847295
1005001511175954
1005001491502530
32812709736
32888202283
1005002498657280
1005001998422275
32910615117
4001246299016
1005001664584944
1005002316019529
4001190877493
1005002337807501
4000505182588
1005001835361912
32974269056
1005001888585640
1005001609612376
1005002481305597
32850204513
1005001677320807
33028390449
1005002368477889
1005002490503307
4000652750810
1005002453374759
1005001636533583
32998857790
1005002358293014
1005001525247987
32681943882
1005002255072357
32920852795
1005002245004921
32975585268
1005001597498655
4000853282207
1005002344660066
4000850490912
1005001439159295
10000334066160
1005002350652781
1005001804570536
33043601867
4000071178214
1005002363379023
32991639835
4001230661736
1005001487630357
1005001299057043
1005002286818936
33041239072
4001331186845
1005001750634883
4000587442464
32835655619
1005002246533615
1005001385790510
32982572119
1005001500142294
32837869259
4001227997124
33014680648
1005001404929251
4000163969752
4001041562836
4001224391054
4000857284887
33059169570
1005002278640870
1005002482806203
33015990586
1005001689004151
1005001972716178
1005001907557749
33028596343
2054472837
1005002457616056
1005001810882094
1005002380680352
1005002323680302
4000390892349
1005002384518197
1005001906347490
32861719166
1005001839939370
32827482503
4000148481104
32725520284
32967560603
1005002341771025
1005002346214698
1005002394358610
1005002147169716
33007311610
1005002476880089
32859971918
4001274632426
32973042864
32952124953
1005002400516043
1005002198843079
1005001972134452
4000342549280
4000857260077
4000394810359
1005002123976397
32612075196
4001165675060
4001038360574
1005002329448898
32727976421
1005001901797102
4000129459240
32884903393
1005002125215972
1005002297437886
1005002448134038
1005002342772823
1005002465645606
4000228594251
32601341493
32737197778
32957479273
32988969328
32697659862
1005002309301581
1005001907444622
4001307411683
1005002326799402
1005002331882143
32956663147
1005002293837853
1005002332741534
1005001814564570
1005002357650083
32873990600
1005002129441899
4001214667931
1005001429648605
1005001835494200
1005001728438394
32962996088
32547206382
1005002419131939
1005002341052598
4001281808420
4000974335309
4000583134970
1005001495185896
4000902891096
32921805081
32848513917
32982888811
1005002457972465
33034840403
1005002482442469
1005001680453741
1005001576111786
1005002129543311
32785173188
1005002072523384
1005002318702840
32793451487
32400230250
1005002388270481
4001161538224
1005002362169866
1005002359044970
1005002342239160
1005002466924112
4001282670719
1005002166484852
32880798053
33059677322
1005001595176587
1005001664239809
4001313240622
32966686759
1005001731410684
32876384478
1005002344991649
1005002397802439
4001038414007
1005001877097676
1005002278654385
1005001906997317
4001230896200
1005002288224983
32982317814
10000029307344
1005002143248868
10000028424474
1005001693519453
4000429747411
32918719675
4000039466263
32771666764
32798809801
32855833230
1005002467407894
1005002281802439
1005002012644124
1005001570917153
32849644167
32868392290
4000267623090
4000023419763
4000640018603
1005002116600552
4000198734083
4001126536957
4000356955426
4001097604756
1005002100033774
1005002352084586
32887757525
4000199869027
32820858684
32690555794
1005002426189358
32846533650
32824434647
1005002399748213
1005001486657361
1005001872428593
1005002282823580
4001047699539
4000226161201
33001292029
33044321489
1005001863956027
4001327236513
1005002320015461
33026368653
1005002438205890
1005001984907539
1005001850122999
1005001455751982
1005002244773718
1005002167961597
32967948099
32801168792
1005001483430683
4000195987629
32947176392
32997593834
1005002252077818
1005001343784759
32858926045
4000252797476
4000252982256
1005001890554042
4000168762281
33057671689
32858108551
4001014812869
32972678986
4001058157041
32977463766
1005002134050248
4000184432805
4000614803786
1005002220076000
1005002276061072
1005002372885880
32890313244
1005002395122438
32944057858
4000257420539
1005002351379172
33004553760
4000829895001
1005002440722692
32951242517
1005001890451035
4001008693719
32917127994
32963525058
1005002108336749
4000123634416
32637304046
32347606902
1005002140346917
4001224065724
1005002318232643
32709939748
32805746249
1005002394458647
1005001804565652
4000453949201
1005002310462082
4000562556523
4000084622836
1005002244109349
1005002268601100
1005001950321108
1005001773296806
32959520958
32818557876
32736215982
33010477845
4001334827565
32854174674
33002264468
1005002356365513
1005002325029177
32934623903
1005002336381590
4000332896497
1005002293715324
1005001851074490
1005002094023352
4000877827130
1005002449092402
32920538759
32868568068
4000150250433
4000971093476
33011671759
1005001526231206
1005002301449909
1005002315242216
32848839972
1005001548637691
4000947837752
4000050316938
1005002373166966
1005002310821135
4001145765631
1005002202416868
32895553113
1005001863105437
4000542588800
1005002388318159
1005001768641749
1005002247514337
32243270208
32967324134
32773957048
4001224994251
1005002392842690
1005001810942637
1005002332377597
1005001762500461
1005001862670223
1005002436173580
1005001273886472
1005001810865223
4000468182055
4000297986218
1005002424035618
1005001585069296
1005002222621879
1005001435833130
1005002346039897
1005001948925112
4000272140972
1005002329152077
4001237614543
32361869944
1005002234029391
4000218498144
1005001903962831
4000084276726
4000948851426
1005002375417237
32986483704
4001239953633
1005002447589908
33004156896
1005002167217183
32775421549
1005001593131384
32972446060
10000022837644
1005001451800880
4001225124703
1005002314382205
32631416989
4000602817102
1005001474127558
32895458359
4000945512610
4000419066969
1005002477046170
4000052133865
33027367336
4001236020582
4000860002017
1005002462643621
1005002399474553
1005002329291113
32863963161
4001248123356
32997578498
32919312204
1005001677918928
33052578510
32672115893
32844717762
4000823141991
4000887184739
4000357651639
1005002323915293
4000041098690
4001154179824
1005001405321820
1005001706572030
33014428761
1005001971516425
1005002338859006
1005001808089811
1005002342334561
1005002026854672
32843528395
32832960034
33030002748
32797931883
1005001570789010
32685555957
32788345353
4000067517239
1005002362950878
32821488941
1005002161770975
4000274579934
1005002459293085
33057010022
4001279256089
1005002481129199
32851141193
1005001586757550
1005002235755177
1005002244568462
1005001966870072
4001268412570
4000571233132
32948310021
1005002255901378
4001251475497
1005002253927854
4001284402064
1005002329426819
32859857532
1005001447101374
32907257413
33021123962
1005001620985411
1005001322092616
32813066005
32844869306
4001303029134
1614622283
1005001836069096
4000096450865
32950187030
1005002243492001
1005001512263060
33027869134
32839306270
1005001786160557
1005001566236430
1005002277740725
1005001335686615
32964233577
32862303738
4000282426444
1005001344390096
1005002096019639
1005002333788409
1005001656826943
32989025928
32974921790
1005002500542634
32865063094
1005001570406621
1005002311800250
1005001838695353
1005001656746193
1005002310888976
4001365393342
1005001579348459
1005001392171786
1005001645972126
1005001639811150
32849469835
4001333699420
1005001645764419
32949812981
32967082708
32824337836
1005002241250944
1005002122455662
33029658343
32848483767
32674495272
1005002467115039
1005001440998854
1005001805688835
1005002473241058
1005002006184565
1005002330832399
32975476416
4000282027973
1005002314425609
32940078826
4000262227692
1005002231904934
1005001627654732
1005002433816480
1005002319190198
1005001329875127
4001000070796
1005001709698599
32421076938
32999713048
4000834004305
1005002354045850
1005001963010556
32887695362
32793370267
4000023920133
4000175940095
1005002000255656
1005002357533979
1005002159410592
32580193852
1005002314347050
1005002205958469
4000106620097
4000767876724
1005002493794551
1005002273926363
1005001870400710
4000012397704
4001227130667
4000717358089
32817976235
32842953119
32947372549
1005002314534234
4000800844563
4000833492992
1005002324423871
1005001999308272
1005002418675064
33001509914
1005002284672051
1005002227827999
32856690229
32770476615
4000281467337
1005002333273445
1005002051707548
1005001475426943
1005002321807494
32881169661
1005002115567054
33033293693
1005002327694720
32854378176
4000854975284
1005002371490741
33008224718
1005002350597328
4001256643265
4001222762533
32301393808
4000147914784
4000458386145
1005001928841904
1005002398787937
1005002454874639
32580779138
1005002358117989
33046758187
32959756939
1005002298940640
4000717330232
1005001870572094
33045412970
1005002363283479
1005001664236616
1005001461153250
33001206124
32890605882
1005002469353104
4001058538312
1005001495034318
1005001559825406
1005002274281505
1005001994083492
33043793034
1005001950566255
32929990986
1005001715470847
1005001868575416
1005001619282980
32481776788
4000571245087
1005001806111803
1005002315986746
1005001341260526
4000132255429
4000155444835
1005002114653431
1005002294866864
33001596607
1005001825348087
4000074011596
1005002494166607
1005002060749506
1005002368646873
4001313617231
10000328953531
1005002223721886
4000274542149
32824509610
1005002394813390
4000896411278
1005001794617829
1005002052680243
32729656385
32326432916
1005002265091111
32992113919
33039582430
1005001890296423
4000982513952
32883491462
32734755249
32846963160
4001289967159
32870703690
1005001613229097
1005001656706924
1005002168328296
1005001990818894
1005001953401165
1005002293258420
1005002112480320
32407344327
1005001773385867
1005002287834792
1005002495926155
1005001800688126
1005002374705897
1005002454248574
1005001947437173
33029614667
4001054418942
1005001998593398
1005002336021485
1005001830066604
32906062172
1005002409526278
1005001870313635
33038585708
10000402333834
32960506121
1005001657631908
4001217838237
4001037561342
32655190301
32967702184
1005002240636980
1005001271535039
4000223275853
32886296764
4000248571635
1005002495466721
1005001579009243
1005001830615282
1005002323696375
1005001505130646
32998974864
32968116401
33004066317
1005002246363827
1005002286680334
1005001850726386
1005002383204644
4001063634770
1005001961188017
4001252281273
1005001638038702
1005002279799358
1005002304382553
32978151002
4001167554261
1005002314260482
4001143084797
32791056218
4001299424171
1005002090438083
4001031117271
4000215400124
1005002283276033
1005001326066569
1005002388775763
4001135834299
4000830775880
1005002168036028
33001677362
4001054104581
1005001336903928
32960857367
1005002206511341
1005001275184542
1000007395020
4000368736497
1005002402667178
1005002359215908
4000220319249
1005002500448760
1005001988121659
1005002404330225
1005002008699754
4000598039965
1005002421335019
32438901731
1005002231313416
4001230413212
4000509196206
1005002340141190
32967805122
1005002350712582
1005002219421404
4000585913443
1005002426062502
4000623931289
32718486368
32996829765
32522546201
1005002351104843
4000970803637
4001270489434
1005002459986474
32859492356
32767145762
1005002233021397
32916783708
4000564654646
1005002316515229
4000222302981
1005001520317686
1005002382785746
4001013063116
1005002380472554
1005001692978314
1005002402586077
4000929476187
1005002458162028
4001168111843
4000955858576
4000756312720
32577061385
32945304443
1005002007228751
4000384772283
32886962637
32640518794
4000433325335
32668991395
4000137567051
33026514989
4001130840707
32953112281
1005002264987702
32848510278
1005002305029430
1005002466265025
32982733056
4000623436935
32977938635
32890010027
4000120343749
4000842976708
4000800854614
1005001513398371
1005001984767577
33001183021
1005001863876834
4001064400166
33055480916
4000917846316
1005002449212897
1005002122400235
4000859816800
1005002359391944
4000015576195
1005001555420696
1005002297075578
1005002357781338
32820043238
4000260371565
32958866361
4000804521962
1005002406401535
1005002364188785
4000385054996
4001100059458
1005001829868037
1005001696153256
32960486109
1005002459945164
1005002211061984
1005002103421234
1005001670905315
1005002197352396
1005001638457851
1005002490983299
1005001996444919
1005002259731627
4000554817145
1005002305375637
1005002032288412
4000959679432
32749237744
1005001935879944
1005002000024109
32322737080
1005001444723863
4001165203338
1005001718052903
4000177554449
32965715909
33046956435
32967079739
1005002259064607
32962516670
1005001801078183
1005001375688903
682998334
32904945143
4001338431591
4000811463215
1005001337606101
1005001441629427
1005002238036332
4000738970383
1005001934222747
1005002392713826
1005001824008971
1005002242245169
1005002310890029
1005002489238094
1005002313791921
4001128323024
33043626627
33055543983
1005001465225526
1005002319412495
1005002222767182
4001178064451
1005001722172081
1005002285850521
1005002053178795
4001050347124
1005002177582073
1005002488707759
4001038512787
4000990272961
1791217586
4001276629780
32965734564
1005001736704575
10000395820201
32955938962
32864520690
32972225060
1005002053665435
1005002322162457
1005002111111581