1005001525371498
1005002288026951
4000844892011
1005002224693733
32616838325
1005002291054168
1005001504503310
1005002329390964
32891052978
1005002314278985
1005001934404697
1005002462022422
32951153890
4001149023547
33031614884
4001023112268
32678611451
1005002089390590
10000319866604
1005002291148124
1005002264460163
32885516155
1005002393669883
32836645150
1005002267683389
1005002168020103
4000277454460
1005002275587926
32869546590
4001069841047
1005002305596782
4001020287873
1005002406923693
32859383940
4000940616288
4000983148086
32902300221
4000083541169
1005001826968401
1005001741072894
1005002363840042
1005002286151596
32913548185
1005001876347546
1005001834439302
4001282514387
1005001626152888
1005002428076741
4000317248077
1005002462574234
32920182315
1005002352806391
4000644566207
4000084623652
33003405328
33003787342
1005002277561061
4001277766867
33031347224
32794315481
1005002425958744
1005002032388087
4000393591059
33035455471
1005001577773134
4000691338225
1005002258659026
1005002308567783
32918279983
32797445495
1005001699059381
1005002401269721
1005002400117874
32842082577
1005001279466568
4000642589687
1005002309419029
1005002434811299
32950580666
1005002321721905
4001156541263
4000320398344
1005001876592912
1005002440753685
4001287751292
4000657065091
1005001525480458
32834126498
1005001284541143
4001219489854
1005001965430989
1005002447916087
1005002233727184
32952330394
4000804432826
1005001807283360
32858976188
4000108132420
32804641887
4000203616319
32952176261
4000921492579
4001338955999
32881416795
4001122676737
32905299139
32955668451
1005002318317579
4000523951935
1005001836608344
4001241978197
1005002128535082
1005002219883088
32902017526
1005002380713044
32835328724
32725794945
1005002304026522
1005002442814229
4001092272991
1005001888291537
1005002340809784
1005002440357449
4001279043214
4001040895430
4000767364256
32807478754
1005001639257538
4000261923782
1005002369606939
1736059557
1005002339893355
1005002500495182
4000991803175
4000400978451
1005001736335831
1005001433675445
1005002345004423
1005002108515939
1005002387549934
1005002244711107
33062927098
1005002275581667
32968635385
1005001320398801
1005001370767154
33025141260
1005001388734564
32951736337
4000844088670
4000439116539
1005001843308122
32955264567
1005001475776516
32817072438
4000657089124
1005002443389251
4000529576641
1005001570273514
1005002262320035
1005002279462122
1005001859655087
32810185344
32987270618
33001402093
33062271009
1005002310989058
1005001711789679
4001231412418
1005001799106916
1005002023164683
1005002066159400
4001035427150
1005002092453315
1000001833949
33027808380
4000987283000
1005002340231216
33051046672
1005002240563960
32815411068
32855632406
1005002367634617
4000842931399
32960116029
708955588
4000171024243
1005001804172850
32986536479
4001344138595
32633657044
33000002608
4001228592991
32897626776
1005001981994434
4001249513763
1005001679460000
4001240579085
1005001696008609
32958520533
33008425136
1005002322697709
1005002330565338
10000054243820
1005002406609750
1005001581883842
1005001523757753
4000176833699
1005002491590804
1005002487213370
4000162444917
1780397606
32891859666
32953859246
1005002059414372
4000359673743
1005002228606103
4001264633309
1570559267
32839438235
32808250198
1005001817222967
32854048503
4001225059793
32761936151
33001309723
1005001319546115
32596386027
32793775633
1005001990089740
32649093535
4000808672236
1005001846278896
32931561319
32916026135
1005002416215927
4000921628838
1005002259392505
1005001640943747
4001209590131
4000485697156
4000054869760
4001037083814
32997404888
1005002281675430
1005002368481806
1005002245913280
1005001380651783
1005002245925159
4000544948832
1005001978795575
1005002351055813
1005002214929161
1005002377876513
4000089264379
1005002317307099
4001022149964
1005002452914485
32824818598
4000539260239
1005001732572744
1005001861191166
32974845190
32359352831
32472833691
10000037779308
4000434149296
1005001965252166
33049611674
4001050217144
1005001908880598
1005001934677463
1005002258750503
32819137807
32818406765
4001063380933
1005001471236023
33009255227
1005001610746011
33043610934
1005002323758296
1005001518453569
33040193571
32988963973
1005002279986097
32355373544
4000326833204
1005001868461758
1005002372470274
1005002421689863
4000557489627
4001076717571
1005002469246802
1005002419626202
1005002401091428
4000371096183
4001035600328
1005002129947709
1005001747135662
1005001656998442
1005002436399096
4001260449078
32970218356
4000556918487
1005002305362307
1005002197849722
4000238470083
32903612225
32797584302
1005002245759490
1005002467970071
32911080991
1005002362484876
1005002310503120
1005002380843903
4001238230425
4001036589115
1005002286313129
32958024751
4000324380590
1005002395307578
1474197969
1981815541
4000848018011
1005001610756874
4000183561974
4000424897142
2050973159
1005001391322005
4000789066243
33001965203
4000780651031
1005002186061486
1005002389482393
4000113245102
4001215454548
1005001882691481
1491116114
1005002428192232
1005002316532848
1005002289392389
1005002348152378
32720715331
1005001658225287
1005002406848054
1005002484426622
4000718521843
1005002318515445
33038635843
1005002219432312
4000285950637
4000625560534
32773222335
4001228218630
32852624887
1005002071855427
1005002281645467
32992708091
4000799367788
1005002136634138
32822152602
1005002020300356
1005001562772113
33032174341
1005002495583316
1005002223832309
1005001909867163
4000434217992
1005002038780645
32909544121
1005002425249141
1005001344896251
4000420303811
1005001803769794
1005001680931300
1005001688642672
32798124364
4000433442415
1005002262181989
1005001450343609
4001062960519
32787190751
1005002186441914
4000343922601
1005002311366826
1005001780866278
4001162899305
4001012754808
32973325754
1005001709742194
32978800407
1005002433105346
32973242396
1005001664218065
1005001270618150
1005002490196050
1005002344780302
1005001498897376
1005002294374265
1005001878309053
1005002416994533
1005001427459430
1005002358794553
33037351466
1005002122418758
1005002467111387
1005002281740173
1005002049933472
1005001515094487
4000006329955
1005002443426830
1005002000436357
4001235488259
1005002324846633
1005002306625232
4001156493820
32701833369
4000411162935
4000726749673
1005002289792971
1005001343089564
33004427052
1673107065
1005002477202124
1005001998849114
1005002032894467
1005001561530275
1005002402427320
1005002105117433
32895581644
4000434965278
4001010601635
4001036761819
32798423202
1005002387155359
4000474923036
1005001686124443
32869618145
1005002032847392
1005002079501925
1005002334109090
4000194148957
1005002424477320
4001003661043
4000279363620
1005002411716286
1005001307098495
1005002342508595
4001199822149
32419703655
1005002267401516
1005002328728625
1005001397627952
1005001659286150
4000963762728
1005001374964095
1005002401663233
4001278868898
10000395236079
1005001847580093
1005002394764660
32789125304
4000930860567
32962293835
4001143310439
1005002040785757
1005002346887176
1005001786835330
4001339265899
1005002217232738
32883010189
32944769524
32896062474
32975238061
1005002107103267
4001255972574
32597534499
1005002278696400
1005002449739612
32990008620
4000138454449
1005002288915359
1005001665153201
32817385219
1005002409982054
4001093437888
32893824740
4001251294751
1005002394135933
33059403246
1005002053965068
32969316244
4000282363275
32640676961
1005002315505438
1005002281752654
32488301047
1005002097270904
1005002448630552
1005001441379648
4000528479195
1005002306116488
1005002378406946
1005001822054262
1005001697895754
32821771456
1005002070389157
1005001496393295
1005002416360755
1005002417609699
32812918374
1005002432415355
1005001506787349
32820942850
1005001771444160
1005002384639409
1005002270703608
4000473076355
1005002318289567
32664155272
32901080728
1005001670756267
4001206904424
1005001731878283
32883467425
1005001549386286
4001202977039
32994540620
1005001334773499
32874907423
1005001945895207
32954364241
10000408407201
1005001526438687
4000537139585
1005002378405726
1005002044477020
1005002310679118
1005002417857443
1005001888484463
32259733246
1005001861095339
32391996715
1005002463471543
4000800373628
4000324443721
1005001808776700
1005002317784086
1005001659096373
4000499316324
1005001947888948
32996194711
32800033964
32660803594
32810006116
33021977846
4001230430403
1893391467
32950681862
33033863137
32895140845
1005001456474792
1000007736654
1005002330460937
1005002431465736
1005001686008927
1005002335791950
4000979104094
4001078901742
1005001551237856
4000944856138
4000140309048
32995090118
4001110965382
1005001981856472
4000041850735
32885553897
10000351951609
4000545640925
1005001470963917
1005002467042467
1005002305712726
1005002124024364
32346386574
32896681516
1005002308753098
32462282356
1005001596685251
32672648980
4001065447162
32823642858
32401822734
1005002091289806
4000927963259
4001153585210
32604036924
1005002065673132
33055689560
1005001356172305
1005001551365946
1005001609990491
1005001949727977
32853490183
1005002304665040
1005001354693466
1005001348237388
1005002416493567
32795179200
33056628535
32972909707
1005001967687299
1005002007963230
32983513004
4000502452081
1005001807960579
1005002333666007
4000783860721
1005002411386289
4000206949666
4000198765199
4000238688593
32912381201
32709415310
4000777145274
1005002198657882
32910054152
1005001895860080
4000934537980
10000391286476
32750585358
32914582036
4000624516944
4001221681488
32851949019
4000073330806
32343260507
1005002475181324
4001249552971
32897463432
1005002372285046
1005002196291419
1005001983842897
4000189508936
4001316311792
1005001723874210
32963684615
32965417389
32859989955
1005001736624831
33039342374
1005001635957233
1005002201099133
1005002342569577
1005002398873707
32849814925
32738143639
4000720767671
4000627325315
1005002354005482
4001130821255
32718136492
32342437157
2022659863
4001078702119
1345070587
1005001869531978
1005002312845957
4000178708648
32821377983
33008188956
1005002310471419
1005002367619125
1005002253063742
32808404611
32923038195
4000210750767
32975434550
4000345824698
32820939617
1005001617492159
1005002356888903
1005001471944545
32825176483
4001208015503
32980142460
1005002133916146
1005001918035136
32804563807
1005002356018906
4000803647948
1005002191760346
32832010290
1005002460226962
4001344022490
1005001468646503
1005002320035220
1005002387503688
32833277995
32961281916
1005002291611731
33047759059
32951478931
1858232320
1005002491447733
32985587697
4001158777739
1005002240785912
4000278544272
1005002253304088
32745087441
1005002425228629
4001028647300
1005001726538219
1005002394832592
32970567348
32920328090
4000277671420
32974581751
1005002495867746
32824399949
33019369533
32949084388
4000838307035
4001318625653
4000682462534
1005002327952064
4000307748779
1005002283666754
1005002477003189
1005002302076469
1005001802981954
1005001525388744
4000186418948
4000629291626
1005002058469559
1005002440919496
4000271225680
1005002289568887
1005002205448583
4000238630281
4001122080932
10000350783525
1005002280649223
1005002454261471
32984119609
33005384057
1005002213584826
4000186409934
32875831867
1005001695467257
1005002258031866
4001187824296
32659566672
1005002467065691
4001104154773
32860297930
1005001962286029
1005001923391728
1005001512547652
1005002278214253
1005001626491718
1005002303983882
4000710279899
1005002106272430
32964845681
4000304875124
1005002288593278
1005001681671381
1005001536887107
4000465965181
1005002298448549
33011865102
32954975787
1005002225706548
32956946826
4000986676783
32890395939
4001191753875
1005002336464603
1005002032949480
1005001721191660
4000534692960
33039354015
32858337377
1005002119065841
33049254574
1005001961486154
1005002437845609
4000186878667
32967992366
32912330065
1005001898974521
4000109013507
4001260554887
32999552013
32832083474
1005002359611901
32858165141
33002634596
1005001950431375
32919948246
4000998389282
32958281890
1005002340129159
1005001315634470
1005002482525750
1005002181198403
1005002314320502
1005002341268649
1005001847006518
4001224374031
1005002282048284
1005002384590905
1005002264879316
1005002383509548
4001332062355
4001170402954
1005002266435973
32923544354
1005002443166106
1005001621354905
1005002195556716
1005002288582638
32848333343
4000028144578
1005001983161099
4000982927693
4000066815546
4000222448560
32950115281
1005002006721480
1005002388757660
4001282331695
4000169086755
4001080538078
33017185671
1005002352409638
32862740674
33049614839
32978531077
32443029890
1005001648088663
4000133251445
4001018073547
1005002347152774
4000393688658
32842523922
32996124483
32616721033
4000346024431
33013627459
4000283304800
1005002318451335
32886646843
1005002374429846
4000221989239
1005001566759554
718359635
1005002318762731
33014795906
32974504399
1005002206274870
4001240747303
1005001397847871
4001065274608
1005002340913510
1005002433051787
32308913037
4001035494343
1005001334461266
1005002314450907
32820480084
4001274574752
1005002165028787
1005002030304376
4001227096630
32614836859
1005002248704204
4000314172525
1005002450352960
1005002430889842
4000040767315
1005002198253581
33051497815
4000345292417
1005001982230595
32802682596
1005002440322580
1005001652562553
1005002255452979
1005002167037286
1005001323725765
1005001951276790
32491298750
1005002401530957
1005002149577673
32828791517
4000425276026
32985663950
32845421088
1005002280625288
1005002418017600
1005001627867123
4000240949333
1005001426270482
1005002358932792
4001268458551
33000031478
4001026028019
1005001274195644
32823029951
1005001986963756
33007960061
1005001834699089
1005002357736039
32978903651
4000443580710
32888815125
32842466665
4000990292620
1005002318536984
32792444972
1005001980042415
4001224674632
32850424289
4000055063655
1005001644373882
1005001515839631
4001060223264
33053615752
4000861057267
32794690558
1005002312007205
33005903502
1005002313043146
4000096854073
1005002134420790
10000026564145
1005002500072180
1005002314408165
1005002364382101
1005002168016723
1005002387321333
4000910321453
4001202734749
1005002364484273
33003505185
32973186918
4001083270047
1005001414647082
32696401468
1005001889565492
32886111123
1005002403020402
33026359449
4000288224780
32839368095
1005001839201192
1005002066018895
4001201193788
32884509625
32840063158
4001301933195
1005002359661754
1005002234999249
1005001935380815
1005002122448131
1005001914562299
4000934545844
32673404279
32862496198
4001314736682
1005002238098686
4000910383129
32797878940
32978053194
4000180247113
1005001594217732
4000845896546
1005002358668422
32871963672
4000764531598
1005002417852215
1005002342617915
32971980825
4000507357152
1005001713650296
1005001612313177
1005001626568987
4000561600989
33004644766
1005002120276770
1005002246793892
10000399969450
1005002387347212
1005001457453159
32997494134
4001345654780
1005002489013998
4001068355735