32744787371
4001146720881
4001286696893
1005002338907096
32970614575
4001272775991
1005002323896993
1005002192182870
1005001525433697
1005001346684116
1005001545292547
4000468321718
4001117052446
1005001525272836
1005002491035373
32850833581
32854951378
33002823293
1005001477981157
32975178880
1005001980450381
4000183134850
1005001571859206
4000089892322
1005001873433265
4001176634169
4000136062720
1005001427554386
33019748825
10000229775052
32890152475
32809797590
1005002322184392
1005002401740843
1005001621441478
4001218129028
32965156101
1005002405520512
4000849849810
1005002270826038
1005001597454525
32918874885
1005002367113106
1005002332233840
32847469112
4001180475039
1005001585730996
1005002347267319
4000895115863
1005002388343673
1005001779791990
1005002454407081
4001300628333
1005002398441654
1005001850491544
1005001677281423
1005002276972703
32838033661
4000139725552
1005001682725313
1005002264722962
1005002287065821
4000922316657
1005002427851566
1005001470680096
4001106303707
4001040723335
1005002336575238
1005002182135200
1005002261468095
1005001727717279
1005001392995762
4000894302907
1005002364250633
1005002407734001
33039059291
32972673018
1005002389686058
1005002312498429
4001309340141
1005001501867165
32693575806
4001250613325
1005002376372791
1005002402312323
4001289472521
1005001929153247
4000714678423
1005001505512996
1005002147419884
1005001411011954
4000722233085
1005002234422594
32832955037
1005001794911944
1005002099589529
1005002268757657
4000863071889
4000072863831
1005002344828078
33058045003
32914840463
4000595878070
1005001284893981
1005002342546652
4001347972684
1005001469541447
32779806989
1005002165748840
4000212340941
32873101409
32948934353
1005002268291513
32910717603
32855972648
1005002400777605
1005002370001932
1005001869204000
32998132883
1005001282586087
32662706759
32822395261
4000773019586
1005001844048514
4000091848616
1005002363873020
4000543672195
1005002330318510
1005001525927427
4000156498542
32741797650
1005002386859647
1005001793982124
4000926523281
33021968916
4001268356164
32812881420
4000849034460
4000622863597
32811924639
1005001859331563
613349036
1005002265553890
1005002265856444
32920819257
1005001398434311
1005002024007178
32867437521
33055524127
33027804915
1005001848996025
1005002285702843
1005002006901670
1005002265471297
4000286216570
1000005549090
728098810
1005001590782233
4001139322651
1005002240738962
1005002291992477
32790721698
1005001608884275
4001024939064
32419627823
4001111594292
32861581071
32297780207
1005002382109750
32708319328
32975827537
1005002413263613
4000329047029
4001041072295
1005001559606796
32957020539
1005002358875983
1005001309874716
1005002291946262
4000504921554
4001130534238
4000534749191
32816963798
1005002392810463
4000103287947
10000012077581
4001226272957
33034297231
1005002298500988
1005002049495112
1005001813605852
1005001736797229
1005002239955183
1005002387160102
32862349880
1005001443192959
1005001640485114
1005002256321528
4000930862116
4001364143953
1005001726733174
4001284509535
32997906674
32995603901
33003917654
4000510322683
32995076418
1005002311700780
1005002192299636
32456365642
1005002309883333
1005002449599705
1005002398564405
1005002328700851
32883574062
1005001595082664
1005002306912397
32846918555
1005001468362724
1005001692297685
1005002379077770
1005001929779863
32870536976
1005002483108252
32888444374
1005002281492138
4001294216967
32972577393
32907126191
1005002075161271
4001154653946
32967542084
1005001424996927
1005002252475810
4000035728873
32964169352
1005001930791306
1005002353980196
33046791779
4001193016060
1005002440921763
1005001862892557
1005001794051450
1005002431815261
1005002382825676
32797694200
32529709977
32988286839
1005002351789622
1005001683341454
32862564024
32982991232
1005001664589388
32975962496
32956096274
4001086299544
32958578747
1005001402278182
32727737133
32958683264
1005001490627096
1005002361310868
1005002289778190
1005001626045055
1005002362735304
4000019013802
32818287076
4001006798621
1005001321286653
4001356118508
4000797251882
1005001608556826
1005002352306910
1005002369535223
32952925234
1005001354671516
1005002247508505
1005001851206108
1005001698560208
1005001622172768
4000375232219
32840714931
1005002420361524
1005001639489240
1005002314581349
4001023367242
32360719599
1005001628996555
32892194194
1005001552671672
1005001851945003
1005002400495337
4000344331068
1005001618380305
1005001670897239
4000355801666
1000008085436
1005001296780202
32912629949
1005002019107378
1005001722079813
32792991192
4000381760652
1005002024784089
1005002454600744
1005002458186094
1005002191360210
4000108234680
1005002354513086
1005002258923823
4001175241929
1005002403955284
1005002466156588
4000323023464
1005001929170021
1005001506553327
33046263187
4001139699683
4000308066507
10000332584955
1005001393010753
1005002268446467
1005001325163229
32796463731
1005002306851261
4001321844434
32975557613
4001268814067
33048142262
32988841001
1005001831606364
1005001493504746
4000790883350
4000543051465
1005001644999917
1005002181418179
1005001966319330
1005001935774517
32753913015
33002320772
32942923447
4000529644195
1005001425082259
4000345026623
32979628013
1005002442924316
4000922152997
33063026208
4001015931417
1005002079758720
32504915830
32799482118
4000626127736
32923455689
1005002064058563
1005002380248910
1005001829480573
1005002264784531
32990179956
32332441343
4000007357037
1005001957596185
1005002177683184
32973857308
1005002323504640
1005002029278750
32882116799
32963546018
1005001914598511
1005002255191788
32353896023
1005001494144654
32979456546
32718519256
1005001731813813
32989946528
32959991991
1005002400803638
1005001560796904
1005002379053991
32909975394
4000202691232
1005001567862508
4000148446321
4000990791879
1005001816870503
1005001498913299
1005002384700377
1005002231682321
1005002298887036
1005002261139576
1005001984236983
4000833909666
4001352564383
1005002439148344
1005002310291796
1005002201531154
1005002122244894
4001298438912
1005002389498441
1005001450105842
4000850540828
4001295976943
4000480305248
4001317321537
4000433910015
32736893351
1005002007409404
1005002335416544
32991096536
4000570084497
1005002398392137
32974252760
1005002007432144
1005002419060914
4000339974747
4000531993413
32981882030
4001228783157
4001344757557
33003910015
1005001803972152
4001313447700
1005002418687410
4000052739583
32505047214
1005001530358874
1005001829065073
4000408065018
32819807372
4001104556561
32852167780
1005002399741630
4000205428430
1005002413306952
4000782119113
32789278269
4001179490823
4001175526057
1005002479256854
4000943464386
4001127562561
32798256239
1005002237375242
4001061705591
1005001977886773
32481178039
1005001567309105
4001057084407
1005001895961509
4000816431309
32829851805
1005002438670262
1005002118664798
1005002316435121
1005001518921833
32954010099
4000335535935
1005002444046747
1005002334356792
32889964660
1005002167866369
1005001452205060
4001276024221
4001282494718
1005002337232889
32374217633
1005002312468125
32542818894
1005001639359081
4001178204033
4000572985592
1005002488584514
1005001469628636
4001220582429
1005002425152582
1005001995347395
32611009490
4000618907207
1005001952116574
32651739270
32792445259
32840053336
4000917249027
32980016404
32347106901
1005002323285596
1005001858546173
1005001731409390
1005002496030661
1005002411428647
32974697017
1005002416161078
1005002333313100
33007873460
1005002256832386
32965277283
1005001901000647
4001298811496
33060439752
32800647643
4000025229997
1005001682123194
32737875382
1005001321099511
1005002461920816
1005002316929699
32795297969
32967365104
4000640045123
32994544694
4001362247505
4000967867815
1005002358598706
33049788673
4000889983651
1005002475728206
32844071042
32969622454
32896972850
1005002341954087
1005002314272634
1005001720723604
1005002390920493
1005001557385503
1005002218971451
1005001444658752
4000557978204
4000426990458
32948880944
1005002134738013
1005002049208641
1005001985684868
1005001915726634
1005001851015047
1005002305580182
1005002275491696
4001227447191
1005001867253810
1005002231478056
1005002362942960
1005002305361351
32977646150
4000088952401
1005002369958424
4001309755772
1005001910291759
32925667382
1005002080783910
1005002258622396
33019023054
1005002176450908
1005002004202383
32638511705
1005002334155042
32912467167
1005002304481705
1005002175147927
1005001469768483
4000480238524
1005001883452551
1005002468366720
1005002378736269
1005002389857204
1005002439295676
1005001367712192
1005001621706275
1005002430418799
1005002004956541
1005001961701953
4000503215389
1005001271527618
32940972590
1005001648687216
1005002405007008
1005002352669585
1005002499205684
1005002460455056
4001274401648
1005002167004445
1005002316881482
32970598330
4001253540955
32823515455
1005002442225988
32820907892
4000203338858
1005001429498533
1005002368928489
1005002010960127
1005002347892702
1005002378289819
1005002066669115
1005001728047602
1542926529
32776792529
1005001742597465
4001252316420
1005002443366321
4000018895015
1005002282443274
32979815398
1005001505629530
1005002316251808
33006117011
1005002122385621
33049623993
1005002081196002
4001013472409
1005002275047290
33008334729
4001282289408
1005002111625201
4000995083890
4000966678666
1005001940012642
1005002259257805
32996440767
33000754852
1005002332963052
32801915628
1005001660156677
1005001770180033
32881127866
10000319574842
32805238913
1005001789616092
4001268816277
4001293362591
33012682047
1005002406500879
32838395441
33027549008
4000466055382
1005001893496204
32835478053
1005002498602638
4000160636539
4001196661307
1005002433538869
4001053012270
4000714600499
1005002261654308
1005002177513203
1005002254200101
1005002006791200
1005001703885377
4000728419441
32977000277
1005002294800120
1005002437854143
1005002282284570
4000563783947
1005002123896075
1005002433547291
4000550403479
4001196611524
1005002374331155
32948237129
32699009647
1005002384885188
4000600459476
32779269870
1005002190895364
1005002413423704
1005001784995476
1005001853488115
4000730658400
1005002223202495
33004731535
32856563968
32603245068
1005002326180699
1005002433781725
1005002242051167
33038156003
32254424063
4000812713271
1005002400620514
32925011270
4000674937012
4001210026162
33056916976
32929419935
1005002409544904
1005002242502173
1005001279596829
1005002432120049
1005001889242631
1005002419237153
4001196068688
33001290413
1988704644
1005001999929821
1005002477760421
1005002314161425
32903229598
4000632818920
33012188961
1005001607557107
1005002269268825
1005002167065341
4000792906255
4000849719700
4001038266817
32858798932
1005002377755227
1005001368786791
4001283595984
33057025639
1005002283491517
1005001761473956
32845632065
1005002378783475
1005001864561043
1005001874033827
32894806851
4001270391637
32855144073
4000165732721
4001112149648
4001297600402
4000375638658
1005001953376870
4000726573184
32804440459
1005002408453133
1005002318811097
4001273284159
32904743432
1005002359779786
4001302908611
32993854189
1005001666603269
10000323544607
1005001345419053
33026715746
33023688872
1005002353518318
4000735371892
33017523444
33001225708
4000995035710
1005002462656633
1005002125423152
1005002481827535
4000451081859
1005001495268785
1005002262375230
32887399995
32528449509
1005002268738403
1005001928062898
1005001999740213
32888036920
32965286607
32856072955
1005001284805634
1005001466155630
32887519195
4001073587071
33001306623
1005002304191854
1005002428519186
1005002384250716
1005002377708835
4001039336359
1005002124912556
1005002293915707
1005001974945179
1005002289064361
4001021227016
1005002433564900
32859986132
4000979861991
1005002396011043
4000933412063
1005002287582598
4000479510674
4001112070318
4000709795200
4001194148091
32907244912
32847899609
4001160268147
4001347074325
1005002218993810
1005001792964000
1005002316253860
1005002394815537
4000881813247
1005002369870298
32979357165
33057908392
32794406074
1005001606735343
4000178327615
4000103417117
32842908902
1005002443483278
1005002448017908
4001015094723
1005002144822984
1005002312008614
1005001930707810
1005001329893763
32728086808
1005001695767501
1005001482869547
1645144451
32818631426
4000595836102
32268723222
1691280477
1005002345863101
32687557563
1005001596639065
1005001921892940
32288960883
1005001615395293
1005002304799657
4001244987781
32920879830
4000085198125
1005002373112357
1005002342891741
32821592250
33001429374
4000314992719
32914278462
1005001556391418
1005002263572131
1005001268113798
1005001670915237
4000623436577
32964235575
4000709402633
1005002335241138
1005001631331207
33012443138
1005002128119687
1005002383268587
1005002351917005
4001321798850
1005002272133200
32437606198
4000176704761
1005002414043950
1005001915112750
1005002495836758
1005001304220621
1005001946451808
1005001319632022
1005002366532035
1005002314428102
4000507162187
32970037158
4001154308786
1005002170604914
1005002442305377
1005001999796831
1005001337923004
1005002324550326
1005001382229776
33017915430
1005002322759542
1005001626795107
4000966503852
1005002491096012
32894467026
1005001843455245
32960224824
1005002291586828
1005002196818791
4000182860392
1005001565823838
4001308111682
33027533351
1005002295887579
4000408932293
32809247866
1005001918668959
1005002085926769
4001299539469
32922519901
1005001369676785
32869216820
32679529807
4001314378730
32865448815
1005001978159309
4000453551051
1005002305101042
1005001442247047
4001218472382
1005001307188137
1005002251982608
4000774464173
1005001357431733
1005002321034020
1005001489466741
1005001771207047
1005001541111280
1000007296513
1005002270929328
2025997114
1005002317445481
1005002350510988
1005002109920362
1005001835561608
32430373018
32996781436
4001038325387
1005002420414855
1005001489670322
32968622005
1005001658430593
1005002381384286
4000132457093
4001114858611
4001167664119
4000709096039
33027525789
4000987521359
4000278158469
1005002339978963
1005001523387716
32889654798
1005001765926443
33042667844
1005001560257899
1005002277058355
1005001838584356
33009475130
32858629110
1005001444679231
1005002361125274
32961386170
1005001813220621
1005002294123442
1005002314734844
1005001807236879
1000000910022
32835622385
4001281998347
1005002247604543
33047832967
1005001544025400
1005001350245796
33002868055
1005001873647931
32954250603
4000258155029
1005002405067701
33038425056
4000760615996
1005001666300914
1005001762297177
1005001983583923
1005001628608089
1005002060516999
1005002309719820
33045032292
1005001463942271
4001027792273
1005002475595765
1005002448109045
1005001763204576
4001142235166
33027127672
32904895198
1005002047037817
1005002224482023
1005001666586923
32921271166
1005002108569759
1005001888663056
32823231324
4000406328733
1005001997265381
32806505875
1005001414337796
4000846582680
4000090947147
1005002301214767
1005002413237756
1005002112737738
32906871486
1005002369328966
1005002313157407
1005002310751120
1005002327961484
32974022268
33005471215
33021095275
4000192206498
4001140070055
1005001317453052
4001270495918
33015653573