1005001843462134
4000690783011
32963307508
1005001495550526
32801625388
1005001519046160
1005002414537334
1005002297901176
1005002055571328
32999465381
1005002267971836
1005002027411951
4000593697190
4000586371282
33039926409
4000944664927
1005001632528472
4001280595556
4001190623566
4000421467418
1005001389098352
1005001604606662
4000740717914
33033338620
1005001624650892
1005001551399170
32694902118
1005002268286345
1005002233447331
1005002363459179
1005002281563356
1005002191937273
4000955112309
4000848872281
1005001849509180
4000693106510
1005002090633393
1005002124881414
1005002217871296
4001293311159
1005002055486915
32913929145
1005001706261266
1005002333859313
1005001296448922
32990938978
1005002381523698
32738460180
1005001393178530
1005001851265661
1005001452634123
1005001441425392
1005001823274212
32957572442
1005001344544497
4000852869113
1005002483251838
1005001722537880
1005002389054417
1005002238070152
4000830873271
1005002022978942
1005001565803025
1005001921616866
4001270999192
4000203178518
10000400046512
1005002388653225
1005001962483022
4000466397414
32819625682
1005002278029025
1005002071273538
32881257087
32963506053
1005002363184985
1005002002913548
1005001639218334
4001268068171
33022824420
4000461262848
4000641350858
4000226516837
1005001393206214
4001278949413
1005002400861639
32862101706
4001027605751
1005002362153344
32489738015
1005001425362272
1005002293910059
4000060734461
1005001914701315
1005001457955255
1005002204276620
1005002335768707
32983321338
1005002377579913
1005001280898488
4000942004819
32988485657
1005001928763886
4001260490862
33050409078
4000624308040
1005002270643312
32610360257
1005002324098778
1005002301149213
33034250763
4000119257461
4001175239411
1005002490687505
32975122342
4001067878058
1005002200035806
32998549426
1005002392783722
1005001495319427
33019370818
1005002419563962
33028849319
1005002333489003
4001240436297
1005002215486085
1005002324532699
4001025968681
1005001564868699
1005001556360542
33034946831
32747364084
4001332041558
32279303243
1005002027862612
1005001942861672
1005002350238129
1005002309035544
32359704845
4000195590294
32961978988
1005001276154965
1005001824872871
32858864542
4001175028142
32868049837
4000981723899
32857824672
32703548419
4001178044885
32799994583
1005002347232711
1005002167166384
4001032745494
33036821605
1005002326716302
1005001930852685
1005002443148252
4000078625441
4000210029597
32888515867
32869089511
33048658520
1005001482179394
4001120485182
1139966717
1005001652362332
32992558208
4000987488079
4000674939540
1005002293712325
1005002348454566
4000081393723
1005002401472355
1005001645183402
4000242554895
1005001576556167
1005002492809946
32853365821
1005002492844396
33004018744
1005001479679731
1005002182023623
4000608566068
32971420930
1005002333213272
4001119534421
1005002491960484
1005001570434462
32835244227
4001365394869
32901238949
1005002387679178
4001240038971
10000355363546
1005002342757988
1005002311939451
1005001501127271
1005001368233082
1005001381549586
4000221127781
1005002277836158
32959874769
1005002378151544
4000215717582
1005002377392862
1005001780133596
1005001887890358
1005002287885824
32954764710
4001217952131
1005001868554137
32841031713
32789631935
1005002085638122
32916949229
4000244402901
32849877106
1005002305544198
4000801028819
1005002451891803
4000112902120
1005002477245337
4000287767037
32907477785
1005001988510222
4001093483699
1005002381398781
4001209871355
4001338602692
1005001646869872
32792675863
1005001699663526
1005002103908259
32971175928
4001362147097
1005002307201806
32718096858
1005002335010572
1005001514874035
1005002231699549
32727368764
32584549277
1005002476073387
1005002301574067
32841752721
32948558290
32948442542
1005002430509683
1005001776782030
1005002314479095
1005002375898870
1005002030344046
4001005713680
1005002090544508
1005001296892321
4000960611444
32975918881
32934439762
4000056588069
1005002281680844
1005002194220626
1005001598489438
1005001826019984
32829349543
1005002068931633
1005001606350294
1005001302571851
4000429742410
33006192256
1005001836417106
1005002262341478
32924929071
32586219944
1005002017118931
1005001609186645
1005002313772262
32920961439
1005002356987679
1005002264103023
32917376737
1005002372373947
1005002305125633
1005001859781346
1005002184547509
32887395909
4000882146433
4000967863542
4000396608069
32654207208
1005002108095451
1005002345750213
32816059952
4000277243961
4000081856650
32863338300
1005001877330120
1005002288467733
1005002051228813
1005002080290195
32718024890
1005002420160128
4000859044741
1005001422880317
1005001694081388
32980172797
32863088789
1005001807759750
1005002292181983
1005001666866164
1005002386362733
4000283615225
1005001350845563
32814043230
4001273226559
4001119674980
1005002268982238
4001145353251
1005001834504662
32820321835
1005001665230395
1005002392970837
33021338714
32699795605
33014796161
4001179983202
4001297557351
32954577642
4000234075556
1005001989064444
4001062536528
1005001792224190
1005001405570420
1005002065050718
1005001324727337
4000203960075
1005002197268045
4001247520808
1005002077276296
1005001803634052
4000335548678
32850377198
4001365852220
4000415109312
1005002337827370
1005001890979450
1005002484936064
1005002350299459
1005002329692454
1005002429217175
4000901746750
1005001441504092
4001207936484
32667150286
1005002192783111
1005002041041947
1005001941433877
4001253790334
32848990423
1005001759045288
32980357472
1005002283197534
4001034556154
4001064430223
4000049196074
4001061783252
32843373739
1005002069899977
1005002290600290
32952374090
1005001446514649
1005002038514418
1005002321177867
1005001305671998
32842197674
33034177643
32861398508
32520260004
1005001445050078
1005002288386978
4000332468117
1005001798335904
32847865115
32973391415
1005001284911261
1005002073677521
1005002105781272
4001153298144
33001766028
1005001411160216
32840053571
4001350162266
4000453999182
33006574118
4000549488639
4001350906595
32789562977
1005002289561551
1005001921702914
1005001445274333
1005002308852707
1005001644777007
1005001476689000
1005002408307600
1005002314228970
33050782578
1005001514905062
32729720258
4001195559239
4001011283182
4000492250803
32231178408
4001077647901
1005002400464182
1005001588214612
10000395930319
1005002268953657
32915178331
1005001485533714
4000250796602
1005002476483048
32872381100
32661317601
33024951123
1005002248535896
32968580153
4000095725096
1005001430419838
1005002339994758
4000828374744
4001341857774
32962708469
1005001680528455
1005001731598372
1005001504364934
4001333348092
4000804055430
4000160425299
1005002314428383
1586294006
32796045287
1005002264212629
4000845262673
1005002323885722
1005002260598979
1005001461675889
1005001658478732
1005001721993281
4000424549067
4001276310765
32984046791
32990247636
32757642866
4000168647963
4001273346840
1005002416042704
4001291595777
4000670972376
1005002480407112
1005002312909473
32957358063
4000041501655
1005002304900017
1005002307391506
1005002321851093
1005001612490120
32987801370
4001115188290
33050570293
10000395920959
1005002389832614
4001135684515
1005001362297050
4000112005209
4000472448342
1005002305319784
4000326723176
1005001458644229
32857019412
4001178579546
32904771129
1005001877721589
33045631381
4001189815925
1005002459909993
1005001890768512
1005001343107930
1005002073812745
32981987674
1005002362596992
1005001308521158
1005002367349452
1005001685734920
1005002447087801
32813755385
4001189967955
4000271189250
32980055938
32974938095
33012058534
1005002245251706
32972643117
1005002032850549
1005002459001010
4000221809580
1005002097283078
32855416443
32947297047
4000515951079
1005002392334609
32904812450
1005002333924500
32709615497
32810481969
4001208440806
32870257741
1005002353242079
1005001894898700
4000820023986
32979948086
1005002268361530
1005002413677557
1005002039114387
1005002314012613
4000599057077
4000744908201
33022843566
1005002009276499
1005001941755017
1005002342772283
1005001670841642
1005002176921472
1005001853200737
1005001731055240
32976864809
1005002457711672
1005002108643113
4000404605284
32993324123
1005002464993266
4001149206134
32956428096
1005002484745505
1005002319123868
32822330542
1005002253739910
4000829791926
32845613137
1005002419241476
1005002357759259
1005001359481223
1005002341207945
1005001544831458
4000912489935
1005002233202875
1005002048949839
1005001418596924
32955395340
1005001910411410
4000784951378
32826191505
1005002016822778
32891192406
32811012421
32910034734
1005001639559225
32919481529
32810006870
1005001899454602
32528265420
392741053
33007359341
32962613276
32550361454
1005001599371318
4000443820444
32943553268
32937133029
4001255283624
32604937612
33040074055
1005001993581263
4001149842526
1005002481388848
4000905654923
1005001624791052
32898333502
1005002128632988
32923862359
1005001503266657
4000586811589
1005002235749826
1005002276533982
4000456164907
1005002369532018
1005002381630291
1005002322600305
4000013926837
1005002405081620
1005001592062511
1005002346080182
32923483486
1005002361731624
32890611764
1005001915190719
4001322772904
1005002170883027
32910566315
32862981884
4000824112743
1005001354969125
4000505064527
1005002447428599
1005002323544700
1005001586343327
33060714044
1005001603710115
1005002311530845
4000911128131
32667784884
1005002337267441
4001098613005
1005002270394337
1005001987590259
4000031570332
1005001411144988
32967688571
1005002402392237
32827040981
32674518092
32821361992
1005002382025437
1005002294788326
1005001895900392
1005002424114334
4000764868830
32917394506
1005002358235168
4001230864861
32647151318
4000990127607
32987192361
1005001830288307
10000023164882
4000853092114
4001260470049
1005002165006829
32896359352
32828609039
32663727580
1005001913356036
4000086068657
1005001287793013
32880989065
1005002396162425
33027820492
4000221423269
1005002305259316
1005001953038642
32790927414
1005001817963236
1005002239237454
1005002472776869
32870722715
1005002121347029
32961284368
1005002311622818
1005001339548858
1005002387218196
1005002378629559
32965537369
1005001950364143
1005002308956065
4001002898688
32917735211
1005002424207774
1005002328145573
1005001869473965
32917112374
1005002489619132
1005001695357258
1005001484038456
4000414834173
4000802064584
1005002122267695
4001298223602
32792163261
4000399151567
1005002125383476
4001041240266
32977953479
4001321721103
1005002283011032
1005002242326485
32916552803
1005001308417895
4001220668839
1005001446349678
4000058595112
32953225706
1005002413328035
4001123634401
1005001628589787
32849655294
4001314567795
4000429727076
32928527778
32949623143
1005001879921966
1005001393259162
1005001808913824
32510521855
32796498228
33050164363
4000111938417
1005002286113339
4000491646452
32981017864
33011562598
4000663860134
32999970435
32570408909
32950671936
1005002423704263
4000298622654
32953831442
1005001988202261
4001302514504
4000743188103
1005002074058103
1005002166773540
10000002745024
1005002322113335
4000086622446
1005001340020687
4000686923772
32740680909
1005002287333647
1005002462306440
1005002424955166
32919526104
1005002357459191
1005002264504603
4001066469495
1005001854024602
1005002314530956
4000090119044
32833844413
1005001862633637
4001220712706
32910109999
4001327419060
4000760847676
1005001860823570
33037782091
4001226586608
1005002439793204
4001064922192
1005002293142156
32993774022
1005002359836360
1005002177970927
1005002317922053
4001198045036
32585025671
32798867054
1005002248737763
33004613163
4001165217937
1005002288105378
4000314083836
32904760398
4000850865580
33001614490
1005002265396718
32657676757
1005001728224573
1005001652215070
1005002413536022
4000770265250
32915744926
1005002129713390
1005002284634439
4000850553536
32822443279
4000980753918
1005002433751033
1005002394291162
4000684956283
1005002500126327
1005002368845958
1005001817126781
1005002375228291
1005001664362335
1005002432174369
1005001562053439
1005002394811897
1005001389467661
4000129568499
1005002277675658
1005002242683296
1005001773569950
32845185063
1005002374632684
4000663614395
1005001575480046
4001054383122
1005002074892333
1005002393663380
1005002350708698
1005001814392641
1005002024156046
1005001821413531
1005001494026638
1005002417015336
32922737712
1005001670859253
32706475248
1005002190508946
1005001775694154
1005001950360595
1005002314373389
32561929450
1005001922167158
10000002519944
1005001692548793
1005002273569791
4001095524165
1005002358672632
1005002405370308
4000722783356
1005002377062360
1005001271597703
1005001329460445
1005002198767617
4000842693009
4000883914649
1005001924084701
1005002421533201
32983302484
1005002360291802
1005002475591762
1005002272141783
33036941552
32718429527
1005002276920601
4000844946675
1005002120502657
1005002345301776
1005001994891444
1005002337777454
32995873382
1005002404017326
32980273236
1005002362516733
1005002219500684
32825543315
1005002378197051
32959874717
32981525749
1005002244296086
1005002447684070
1005001452814755
32885741891
4000065615460
1005002234189371
32830021977
1005001730883120
4001312793995
32960380450
1005002399502646
4000148174184
4001326458736
1005002358424273
1005002488708638
1005001567247728
32977124965
10000319956758
1005002280930584
1005001963668765
1005001875019188
32911497279
1005001615058683
1005002320717091
1005002374567658
1005002276259837
4001023351238
4001321705174
1005001993347596
1005001698993545
32984282474
4001097927838
1005002352665736
1005002242098209
4001286195854
1005002007097228
1005002147095750
1005002168004929
33021242025
1005002105356133
10000395819639
1005001592619034
1005002212015587
1005002364570788
1005001529293639
4000842953931
1005002086335883
33048766058
4000795308174
33062999673
4000021938759
33010357106
4000526388077
4000168928994
1005001476475549
1005002028773522
1005002317660843
1005001758574947
32945781795
32921922964
1005001453343496
32881231565
1005002297662111
1005001693533590
1005002459886603
4001211858233
4000384496051
1005001650393361
1005002289760835
32805269226
1005001491235104
1005002310681032
4000823595747
1005001585861243
1005002491302660
32821421416
1005001471216598
32678860451
4001327496955
32896252315
1005001997286780
32953851636
32959170482
1005002260023408
32877216143
1005002476346355
1005002358680390
1005001545201809
1005001993927812
1005002430214687
4001192898226
1005001407376464
4001135274985
4000934448400
1005002317631808
1005001880221856
1005002119342185
4000401882161
4001207940565
1005002213723754
1359053633
1005002167852931
1005002244446649
4001080830368
1005002199542089
32946240458
32817999135
33012086469
1005002499311288
1005002321698469
4000037030500
4000978939925
1005001938066080
1005002347328669
32790982315
1005002322545877
32239194853
4001115526203
4001270691267
4001228551664
4000057744677
32880289784
4000927734258
1005002059871516
1005001894781855
1005002281037550
1005002288628999
1005002300334333
4001021015875
4000901765633
1005002447564917
4000668510820
4000074693527
4001039182231
1978732054
1005001689415531
4000192582213
1005002312548571
4001261069465
4001218040683