1005002314237000
1005002008514571
1005002012296846
10000393894035
32791002823
4000969928131
1005001279720918
4000236204738
1005002427933354
32906804648
32925774898
1005002433125516
1005001825621527
1005001456822446
1005001920924097
1005002405336503
32925627771
4001189107446
1005001869085882
32969788161
4000801212575
1005001947900797
1005001947491341
4001127117500
4000768868185
1005002400403377
1005002280896101
1005002224804662
32813034860
32965349113
4000299381495
33026315663
1005001531181022
1005002240622302
1005002231401470
1005002394994917
4001212162530
1005002433552602
4000847960892
1005002264462321
1005002313785607
1005002369644094
1913966477
4001051079335
1005001391309820
1005001310836606
1005002350787770
1005001618312058
4000375082060
4000133036276
33000761676
1005002328499476
1005002345727980
32954639696
1005001666015420
1005002425579901
32963865350
32834134565
4000993947037
32955814663
1005002254267988
1005001708566565
1005002459917762
1005001702630062
1005001864695212
1005001631091230
1005001525765961
1005002318743309
1005002352688806
1005001509796335
4001017371338
33021012637
1005001514147321
4000464374818
4000443293619
32982924298
1005001808828164
1005002304859691
1005002454248537
1005001915078468
32951525780
32985908477
1005001894440186
32881824126
1005001808500077
32865826608
1005002255650568
4001350409896
1005002363265183
1005002211979101
1005001446073309
4000959727156
1005002427962605
32975783233
1005002357814322
4000336602375
32845467209
4000222159124
1578857372
1005002462359530
1005002396776052
1005002424244619
4000636451718
1979640185
33045119872
32827586081
1005001728355407
1005001288657618
32670244405
1005001973783905
32978781672
33001165537
1005001447256841
32804737952
32948270233
32760407521
1005001439041802
4000177223918
32899343717
32862208477
1005001274643040
4000382155606
4000491948352
1005002055488408
4001081170518
1005002084342358
1005002322701929
33026392433
1005001531514323
4000965782459
4001055015886
32974957102
1005001403914724
32931457814
1005002309814398
1005002295216176
4000990008285
4000978966760
32916342231
32346239441
4000642280906
1005001381603113
1005001626063283
1005002270387710
1005002027801150
1005001934979431
1005001826814785
4000197195356
4000828497098
32860748308
32884546152
32909100953
32962561064
10000000599987
1005001968353591
32936144428
1005001315336445
10000334032355
32884514090
1005001442027203
32835794150
1005001521413329
1005002257836909
1005002319377225
1005001630444565
1005001345676823
4001333312281
32567954181
4000832877911
4001343352545
1005001349525329
32891269265
32853155779
33008011571
1005001775034194
1005002132435593
4001042450047
33001703018
4000109242857
32965793987
32865014091
32960196378
4001022553686
1005002383971971
32805919268
1005001431294880
32793608321
1005002337298013
1005001287034322
1005001797584426
33029638472
1005002440847563
1005002327822243
1005001779762758
1005001975495336
4000168045337
32911531310
1005001548355605
4000223523086
32956989090
1005001815280510
4000120741605
4000842987466
1005002302238935
1005001594053249
1005002344151168
33020128188
1005001835530601
1005002457167993
1005002304905602
1005001803863991
1005001322138468
1005001337652213
1005001419559717
1005001349998879
1005002273604061
4001026626796
32970258886
32822261967
32893894759
1005002364494266
4001160875989
1005002208240092
1005001736701308
32973422969
1005002059741921
33028094683
1005002194185915
4000093617268
1005002488183085
1005002346588151
4000876521666
1005002241333695
1005002433189810
1005002269277487
4000017916764
32899178743
1005002351641277
4001221514328
32825142988
1005001971307904
32874674637
33055536043
4000280734864
32961705169
1005002206843457
32864665604
1005002291537375
1005001804830232
1005001332532620
4001280344702
1005002363045664
1005002315751892
1005001520214193
32843198557
1005002273669500
4001057196391
1005001419162502
1005002199862767
1005001500215657
1005001728330852
1005002427794909
1005001658051833
4001270545118
4001069087682
1005002234172951
32823038755
33021237054
1005002182452132
4000170291440
4000032748768
1005001869296759
1005002292606914
1005001670906724
1005001787604061
32974302067
1005002293055573
33002703247
1005001792869718
1005002265313642
32810140974
1005002327582414
1005002481148695
4000544572392
1005002323953753
1005001935612307
1005001882301470
32967057724
32915475714
1005001928023277
1005002496681251
32977655494
1005002419240488
4001148182593
33003397192
1005001824252628
1005002036104220
1005002304545810
32549512728
4000237022087
32958798272
1005001943015044
1005001398581227
4001074932642
4000756162654
1005001706257260
4001038356538
1005002414167796
32965430667
32624160476
1005001823337811
4001078324584
4000608595897
1005002457502019
4001199215279
4001095613456
1005002386758484
32655124297
1005002247670013
1005002311553986
4001108085845
1005002382722165
32948530598
33027328823
1005001741034966
32997054035
4000204129957
1005001698285203
4000043913581
1005001317530378
1005002413453624
1005002399178173
1005001642874321
1005002394083647
33010974842
32997205011
1005002449706970
1005002184150610
898857576
1005002229893337
4001038662418
1005001391929974
32901069456
32946901669
1005002114218994
1005002490897024
32707636064
4000532498727
1005002475808647
4000051197150
1005001997193089
1005002331937727
4001257623837
4000850516973
1005002436165132
32659385108
1005002204682187
4000921254997
1005002356080165
32974414607
4001013282701
1005002454316224
4000885615280
1005002400062992
1005002272210590
1005002206805030
1005001773149569
1005002159852026
1005002321639203
4000854331101
32668365702
10000321560412
4000549240767
32630018541
1005001525350870
32662665755
32933794582
32963837902
1005001942632397
32990158320
4000920912428
1005001823542407
32970196026
1005001830458094
1005002135863701
33048301731
32724396455
1005002316607311
32886515383
32507840507
32855575923
32903148172
4000550039492
1005002258694294
1005001797759963
1005001629460680
33056679799
32854664705
1492633620
4001065538210
32747366547
32932951398
1005001617893784
1005002306154116
1005002456598256
4001192188052
4000551675532
4000112736867
1005001763615464
4001153526892
1005002329901263
1005002047425539
1005002049469788
1005002363387037
1005002332064559
32854691050
1005002381014617
1005002341444563
1005001274405885
32827508972
32993100521
1005002284832212
32862431785
4001226506284
32805208512
4001039004324
10000400058906
1005001348723370
1005001828735114
32831046012
32899560746
4000370566794
1005001588025278
32706791613
1005001881887856
1000001544366
1005002319636227
1005002286253810
1005002391067335
1005002424131041
32794913203
32976824638
1005001304271812
32969841618
4000663071599
1005002470638839
1005002061723105
32583306685
1005001767057599
1005002272151359
4001068586672
1005002369553040
32955029139
33012451341
4000850218056
1005001345483474
4000614757756
4001240465296
32533916297
4001134836500
33051388066
4001193287187
4001180982770
4000683056541
4000853158044
1005002430817398
1005002320631701
33011086203
32949325915
1005002346165334
4000106172889
1005002394977618
1005002393951850
33024553034
32621103660
1005002421007777
32834003040
32972604140
1005001846850366
1005002498611980
4000960941470
33046155203
1005002246279379
1005001288187192
32836108416
33003444216
1005001452944744
1005002396918003
32824829520
32867776252
1005002271559230
1005001273720654
1005001418609526
4000537217924
32961827121
1005002323332792
4001048944935
1005002297741152
33015490130
4000176083943
1005002413387950
1005002096212848
1005001383822121
4000815266185
1005002040188721
32955637612
4000915636769
1005001638953161
1005001519625818
1005002315732802
1005002039781242
1005002002757140
4001021478950
32901482231
4001117451815
1005001501292051
1005002256983440
4001207560690
1005001853948262
4001338852329
1005001727634276
1005001586517056
32530360910
1005002449784646
1005002224821743
1005002171695248
1005001302672978
1005001475811338
1005002402438842
1005001606275946
1005001388723512
1005002405976961
32833975390
1005002424071283
1005001985883837
1005001750585595
32983790252
1005001868743171
32843517970
4000943248789
1005002337071696
1005002244820727
32861422499
32672796209
1005002317352405
33006811846
32920916832
4001187780783
32896705213
1005001859957884
1005002284747702
32966024611
1005001638935272
4000157638619
4000922693109
32867304734
32800449185
4000216863468
1005002401807260
32618476370
1005002266287568
32961321998
32867551138
1005001936535365
32914161232
1005002239118295
1005001749265169
1005002340741004
1005002165984502
1005002089418647
32919151708
1005001418587771
32995260171
32887073632
33050943066
32328069986
1005001344699591
1005001793810301
4000955019420
32795821554
33016395059
32937563371
33042690648
1005001753534846
1005002236016830
32831643389
4000479135803
1005001272905854
32888386117
32700583670
32876031573
32896454151
32960534233
1005002101657363
1005002226453788
1005002181090921
1005001671115805
4000099117121
32616623798
1005002396599919
32901663528
32857100793
4000599975989
1005001966287663
4000971876020
33064043443
32708483115
1005002274916573
4000067749850
4001054052828
1005002060891662
4001339536245
1005002227657117
4000185467842
4000269258191
1005002284961382
1005002050847478
1005001639106252
1005001839610334
1005002388796220
1005001818690663
1005001921120293
1005002275845263
1005002287213227
1005002063709724
32952249796
32999679410
1005001955035177
1005002241862934
4000368463772
1005001321669624
32810042416
32903713411
1005002402365506
4000457013913
32856522866
4001036565353
1005001275671680
1005002059245827
4000580213259
32871030102
4000929483472
1005002315995637
1005002480305728
32787435195
1005001355044046
4001015167922
4001054688848
1005002312648605
1005002382919861
1005001332354063
1005001525264993
32358815892
4001175318062
1005002330256246
1005001287975785
4000982818665
32879966633
1005002253680853
4001036653210
1005002297692838
1005001670846488
1005001900713558
4000865390938
4000193563318
4001358975279
32838254586
32930988110
1005001496832677
1005002414110420
4001207402468
32953835977
32869024834
1005002182844762
1005002213608404
4000960589670
1005001507836990
1005001921934518
1005002272122300
32898169061
33030612447
1005001923261447
33028296965
32957951313
33027816415
32920698655
4001151863422
1005002271826554
4000310674309
1005001287831536
4000668587143
4000558414776
1005002024752817
10000022557702
1005001686184826
4001293557105
32811323181
4000676218038
4001005167573
4000154075097
33017467770
4001077659625
4000186452441
32822490532
1005001939768354
1005001524013110
32663271972
1005001502849272
32945801300
4000406120627
1005001848728340
1005002418153708
4000234555590
32723100713
33007518405
32832391321
1005001709326301
1005001412868285
1005001734457597
4000163933041
32857796633
32953651095
1005002311347913
33053888185
1005001582608515
4000662457840
1005002326227635
1005001878301370
4000066509000
32977706179
32363654071
1005002115789112
4000032226874
32318770368
1005001739343455
32828199516
32857745593
1005001830447142
32889841909
1005002298163481
1005002352147863
1005002001551746
1005001914286125
1005002436184527
1005002276195753
33045139184
4000685031759
1005002157228420
32979396461
1005002432152222
32944039507
32984363690
33044217571
4000672276932
1005001723363297
1005001870365302
1005002184963494
4000990748505
1005002291417588
1005001556954153
4000468876082
1005002474828453
1005001961241580
1005001845151490
32935019343
1005002388236776
1005001393447033
1005002319037374
4001307881687
1005002177887681
1005001899684431
1005002312655388
4000941031375
1005001593803189
32791819101
1005002003841023
4000406420381
4001191348006
1005002263062536
32902586655
1005002339490661
1005001807304814
1005001864742250
32868282875
33047115238
1005002290763018
1005002426371961
1005002170614913
1005001878724514
32992808528
4001226354332
1005002475101477
1005002425268308
4000850530479
1005001669928692
32842485617
1005002427939077
32853039915
1005002076294754
1005002172820734
1005001597429598
1005002393205089
4001128713892
1005002304375377
1005001483190346
1005001946807235
32842369885
32858410550
1005002114201557
10000399951782
1005001580863165
4001270397336
4001240394765
32992095867
1005001997589431
1005001994562617
4000314718495
1005001693337352
32946482391
1005001948040266
4001285418040
4000966249547
1005002318430439
1005001525310866
1005001524992609
4000031768399
32952415564
33008811211
32879604010
1005002246777459
32379019881
4000765367331
4000094409663
1005002151726785
33028700953
10000404282050
32904153284
1005002218688278
1005002364560451
1160134762
1005002192635746
1005002314031741
1005002346026630
1005002316659461
1005002212851364
1005002086348786
1005001566614699
32891780806
4001170089975
32998312817
1005002500477589
4001223999270
1005001593588544
4000023720687
1005002230093385
4000926755359
4001298189346
1005001678679127
33049707872
32868704123
1005002114698001
4000545830140
1005002282026006
32884959870
1005002499325521
32842089951
1005001386203171
32821077308
1005002005033067
1005001995707199
4001231193640
1005001971825121
1005001607562392
1005002387631423
1005002280372919
32849793479
1005002417191543
1005002264015321
1005001354937742
33046267814
1005001493327740
1005002400059053
4001273237416
32975408897
4000625964803
4001250892627
32833133180
1005002367687858
32956728441
1005002474226675
1005002305977484
32954921527
1005002484554835
1005001349604170
1005002398563287
32995661273
1005002434655018
4000955073763
32849266392
1005001397072072
1005002454219835
32960262600
1005002423892353
32589525354
1005002467045815
1005001604738997
4001309576306
32797546539
32964938364
2046470740
32698126683
32869385270
1005002212123011
4000666048554
4000730871682
1005002375549081
1005002369324275
1005001966564250
1935880226
4000560841534
1005001546780366
1005002350734813
32263711976
1005002394814196
1005002457819621
4000735181883
1005002350385023
1005001436086367
32913519846
1005001383856075
1005002468033186
32973763213
1005002245562218
33011650323
10000002731709
32968320390
32612021894
32964523362
1005001464423354
32461281637
33040512263
4000038310936
1005002400787862
1005001525671452
4001258614146
4000387158327
32728736658
4001339241292
4000786217951
1005002487365803
1005002434702781
1005002218818060
1005002409990163
1005002490521021
1005001710168907
4000920033532
1005002176384817
32783510526
32909030874
1005001850725596
1005002250890084
1005002346208477
1005002346572512
1005001771722013
10000152670900
1005001976188287
32522042981
32831453970
1005002326886296
4000720165528
1005002450635062
4001228626124
4000668981667
1005002363541928
1005001555425590
33000228164
1005002468174156
1005002467440999
32852132961
32313852169
32620114871
1005002210764618
1005002260964196
32888516279
1005001748238701
4000909317328
4000850539856
4000052061454
4000298762163
1005002306248728
4000235172636
1005001495784146
32858494896
1005002262254353
1005002332485091
4000837123553
1005002277993667
1005001341094539
1005001993698044
1005002420347862