1005001665644589
1005002130145040
33047017680
1005001625802960
4000262660980
32997333995
4000493367437
1005001833717481
4000239047177
1005002488111334
32984021760
1005002277887482
1005001785091283
32803143613
1005001319914493
1005001902312578
4000041420919
4000330907533
32878973570
1005001833484837
4001237269993
4000138018367
4001197614635
32934219768
32638944133
4000203170557
4000093567671
1005001630864841
32852255879
4000626981237
1005002466074140
4001209851904
33003784167
33030335850
1005002115372889
4001005327982
4000469877806
32979788129
1005002327261878
1005001948098656
4000688803058
4001225430199
33055798743
4000201777448
1005002432157200
32857410362
1005001489041620
1005001557930308
33002509869
1005001718932166
1005002250308682
32781984030
1005002373395253
1005001812549614
1005002094743966
1005001990170390
4000559371472
1005001627438949
1005002459314187
1005002363376427
1005002333373090
4000664008781
4000873176903
4000975727908
1005001616312937
4001296034902
4000987372079
4001180382540
33048265753
4001261414428
32975323519
32800325329
32920964989
1005001872426586
10000395847689
1005002387688450
1005002166303441
1005002242086978
1005002310926436
4000382050030
1005001518429492
1005001640427123
1005001793678036
32953550792
1005002469189277
32879906066
1005002434131407
4001022897510
1005002372811564
32921407722
4001271042621
4000812004213
4000850451264
32945285649
32946325428
4000860128590
4000549368726
33002147716
1005001347018702
1005002451081518
1005002256168734
32903077473
1005002253878791
1005002064118900
1005002288875733
1005002119146693
4001091019829
1005002300844536
32891342698
4001346494087
4001132850127
33021105510
32918725369
1005001984356716
1005001986099849
33048070386
4000112119922
33046227501
1005001345350401
32747076223
32924831079
1005002314132102
4000469639321
32856539399
1005002450445136
1005001878900709
32956968948
1005001307191344
33057027720
4000022074500
1005002124763873
4001211981076
1005001741914932
32593572444
4000199878273
32997520354
33028555703
32995274515
1005001514601745
1005002286140987
4000990954804
1005002242517365
1005002261570149
1005001540140969
32964019061
4001202489801
4001308288413
32957656336
4001044564429
1005002288700122
1005002352156628
1005002165787992
1005002193458859
1005002393072287
4000832158410
1005002318864405
1005001915957614
1005002316390885
4001281821343
4001272057641
32966420857
32874754537
33031883004
32964332446
1005001429558287
4001230730580
1005001804328498
4001255953603
1005001391750174
1005001868556624
4001244767049
32881538144
1005001780152921
1005001863548954
32917224435
1005002314239822
1005001935431283
1005002341698294
1005001779991065
1005001490787786
32956220506
1005001713037279
4000349287684
1005002326204423
32985691794
1005002279574908
32890021238
33006918766
4001176140757
32848986117
1005001571974255
1005001458044795
4001000558108
1005001941471866
4001084831441
4000747281395
4000629036384
4001093942382
1005002360851168
32943272524
1005002008753966
1005002398899394
10000198919543
1005002275989938
1005001714993923
1005002491209241
1005001884942621
32693907649
1005002352050143
33003349341
1005002218100069
33045386583
1005002428053131
1005002403885879
32882954151
32893333938
4000543820212
32834995242
4001094746407
4000960899921
10000000310521
32629943519
1005001848661829
1005002390741065
1005001874439415
1005001454273653
1005001791967435
4001261357403
32986000771
1005002457640334
1005001773409295
32947435294
32851378469
4000023430391
1005002444061732
4000317614611
4001230387370
1005002179608924
32989516377
32807855408
4001306016350
1005002274399421
32968895373
1005002424634036
4001246089166
1005002466020289
1005001602746700
33032776502
4000023062462
1005002399404441
1005002206309700
4001276863019
1000001175133
1005002358423424
4000437816950
4000955873307
32811592460
32921223306
4001251147694
1005002001599651
32266157495
1005002199504027
1005001793559809
1869572762
1005001874437506
4001211674756
4001232756371
32849807140
1005001591672326
1005001546862743
32993772604
1005002260766588
1005001865233267
1005001340915811
1005001381900587
1005001833759473
4000266785203
1005002404856541
1005001872740468
1005002467361553
1005001952079832
1005001561903081
1005002341053152
4001200439417
4000834983386
1005002314365099
1005001663979765
1005001770371305
1005001789588869
1005002272965012
1005002441828664
32863049507
1005002297891098
1005002337740975
4000126262065
32941997875
32967653246
1005001671358056
1005002315634996
32696604378
1005001349943122
32965264894
1005001863881111
1005002450431986
4001244226932
4001274960919
32410147167
32920529419
33002494267
1005002457889969
4000736787604
1005001618190169
32393409400
1005001876641260
32963561745
1005002316640418
33058786299
1005002400840671
4000274095940
1005001703245294
1005002298537210
1005002261230285
1005002235937968
32450605382
1005002218104490
4001270504050
4001220233846
32919012158
32793505561
4000472723921
1005001303847098
4000511235940
4000427886731
1005002399944521
33034199869
1005001317109242
1005001756298145
4001147134164
1005001621809039
32913629213
32846654992
32950769778
32890129686
32829402773
1005002260416840
4001023294738
32967687999
1005002467588127
4000764984665
1005001783020262
32927916874
33005252032
32890120584
1005001980372616
1005001405326936
4001162303624
4000276022440
32701064395
33017905561
4000981490430
32973046902
4000223945982
32881090533
32849006521
1005001928703760
32825675641
32888981499
1005002288531709
4001053785392
1005002082302034
4001260382100
4001271548135
1005002314210064
4001296706114
33049943624
1005002245240605
32832905856
4000706571746
32820582529
32813514096
4001154592769
1005002352007829
1005001871099313
1005002401099820
4001340581725
32994046372
1005001700977977
4001041162116
4000772098304
32913888220
4001278089441
32833921034
32952762497
32968470719
4000290359686
1005002284335477
32871899341
1005002440720507
1005002333795567
1005001706228469
4001231579301
1005002366231610
1005001844872153
1005001864385260
1005001607797361
4001220053822
1005001992117841
1005001680395725
1005002489949278
1005001869874228
1005001743126223
4001176732531
4001271566399
1005001644566814
32917933441
32759269654
4000505360521
1005001945960780
32860974593
32985050649
4000233536993
33048849960
32948213308
1005002309478841
32564594929
1005002323213689
4000598468346
32282235285
1005002311443608
1005002319083007
33002365382
32778681264
32725356392
1005001715104826
32957267861
4000025585648
1005002227850954
4001099378705
1005002287914801
4000246086647
1005001519987868
32969619886
32799182248
32838240710
1005001622949854
4000140112061
1005002322586830
1005001329823270
4001202794126
32746763768
4000802361004
1005002413608568
32880621213
4000056445753
10000351382286
1005002181688052
1005002359422485
4001013664697
1005001437593130
4000805666526
1098472347
4000072496738
4000210147677
4000240860487
32674143505
1005001596532180
1005001369309639
1005002490483523
32853019256
1005002203575112
32970565478
32873785746
1005001346996742
1005002204144901
32854571689
32987673799
33005267427
1986272229
32881741728
4001247394762
32898648648
1005002277525063
4001157798545
4000003094397
4000859014278
1005002129607165
1005002053890236
1005001906980026
4000462602490
32879865665
1005001525583192
32972250343
32975701240
1005002443430865
1005001835461316
1005002473706348
1005002340079354
1005001346543681
33001356878
32917713945
1005001966951878
1005002427425219
1005001627179302
4000899465361
1005002264023583
1005002278830512
32856462275
4001146071209
1005001340310699
32847516997
1005001303681377
1005002365375826
1005002001348349
4000493016634
1005001805898610
1005002450203025
4001021008589
32853520630
1005002477032050
1005002424985767
32887956109
32814020748
33011399782
1005001783619276
33036045355
1005001398413650
1005002287447255
1005002350748586
1005002490892037
4000690988288
1005002279737193
1005002386873327
1005002423615051
1005002306624731
4001019475456
4000395646127
1005002167763465
1005002239484046
1005002332267545
32992513357
1005002394443475
1005001573729790
4000624718698
1005001433059108
1005002240107515
32977526426
1005001884835423
32898027406
1005001487507614
4000957568158
4000069263117
33010895174
4000321779825
1005001685027528
4000321521614
33052668823
32965607855
1005002295738001
1005002423250918
32693901142
1005001591892025
1005001864609746
32893515528
1005002130871785
32914314067
32637518098
33035483395
4000292429582
32849402724
1005002266495813
1005001949555646
32844254013
1005001889848836
1005002412740700
33055480989
1005001398559236
4000314083243
32904503564
4000193061187
32922224141
32950459622
1005001966263835
1005001845163004
1005002459071466
1005001791905297
1005002348230937
4000237958443
4001227771930
32973634569
4001265564002
1005002278426299
32838125844
32566053514
32896579044
1005002434648589
32960126938
1005002049858466
1005001874110886
32923772689
32838041998
32858812694
4000292928592
4000337153897
1005002399761707
1005002496196305
1005002389600357
10000310539157
4001031681462
4001352449487
32906607301
32670882720
1005002381037671
32752829503
33055465715
32859384388
1005002035860863
1005002370518856
4000207245303
32946574907
1005002254201886
1005001954953810
1005001482892157
32230253599
1005001631581190
4000012208150
1005001835652763
4001012099205
4000771118352
4000246950250
4000752205951
1005001826417118
1005001798429410
1005001616313661
1005002168077775
4000030947324
32975729914
1005002426095086
1005001592545386
4000027361398
1005002363095544
1005002467646663
1005002417071659
1005001439852388
1005002432610234
1000004642289
33041142867
1005001557300166
32938590299
1005001581427139
1005002272764388
1005002459649322
33017513841
1005002264779261
32857923889
1005002353670120
32948448828
33047703899
1005002260392819
1005001376294279
32855378259
1005002351605060
1005001370252576
32843405636
10000399986905
4000051877726
4000404965422
1005002247460880
32855524684
4000381785119
4000005100141
1005002256538352
32907130107
1005001570222931
1005002390738518
1005001774688836
4000320122572
1005001279359418
1005002211746742
4001363776041
1005002346616943
1005002306198823
1005002068860060
4001057447997
4000064413276
1005002329925047
1005002235573063
1005002310295217
1005002492465994
32955711744
1005001425586870
4000850214487
1005001906933756
1005002352989305
4000040361232
32954489756
1005002316780786
32989653731
1005002386577786
4000301421074
1005001412415813
1005002127072417
1005001419279516
1005001430090637
1005002089322689
1005002380493674
32858279302
32989081387
1005002318335340
1005002342423197
1005001982326457
4000844949882
1005002326942398
1005001630845787
1005001984242206
32911863990
1005001304201306
1005002467503138
1005001659118935
1000001528267
1005001953085376
1005002341274763
1005001942041296
4000143926586
32862886437
1687917682
32962121313
1005001725532214
4000315256227
1005002347658601
1005001748757041
32849193964
1005001761987835
1005002296606359
1005001774133980
4000458199808
1005001302970542
4000811539894
1005002433694356
1005002319051022
4001123064123
1005002314878565
32955873028
4001316108163
4000849855718
4001269694195
1005002273832542
32891307301
1005002212652488
4001134654996
1005002448366560
1005002484591912
32954073550
4000981199207
4000994229683
1005001756453217
1005002099796452
32946596922
1005002314255885
1005002383776741
4001328912437
32823670602
4000228753614
1005002129701061
32793601023
1005002346874763
32992221713
32967144006
1005002040685070
1005001269711993
32945060636
1005002405065285
1005002176573272
1005001898203601
1005002382176565
32938896590
1005002012251494
1005002301862588
32803027216
1005002455132975
4001175266218
32976092537
32993398547
1005001821966782
33006348542
1005001716595325
1005001924015926
32901395143
33007726390
1005002363927001
1005002277772372
1005001604397290
32477252397
4001021710638
1005002035825666
4000112154245
32675810681
32820117129
1005002268487702
32952734607
1005002469359023
1005001942065404
1005002316707868
1005001770238207
4001281512964
1005001670597525
32802698575
1005002298868078
1005002346843685
1005002315324364
1005001736288805
32540373417
1005001339212065
32919416039
33029654485
1005002099065135
1005001860078403
1005002477500554
4000070450514
4001156497972
4001122740922
1005001529073559
1005001495029363
4001271363051
1005001709350683
1005001669587958
1005002245121066
4000986615716
4001106532095
1005002318345361
32811290697
1005002065128861
4001294151709
32862725604
4001072195641
1005001452079628
32988955557
4001032073543
4001115161454
4001252206141
1005002008624855
1005002262593170
1005002357132387
4000505390473
1005001726483532
33015879352
1005001973310632
32943649223
32982913320
32893141587
33050634982
1005002091677678
4001211908692
4001180468281
1005001762794509
32777525735
1005001279799674
1005002413136835
1005002238966229
1005002347019667
1005002284252956
33029428419
4001200290085
1005001988319154
32827022424
1005002376900956
1005002341454053
1005001896936670
1005001841480941
32855799577
1005001714472537
1005002304526573
32872563516
1005002283916115
4000258599651
1005001495087241
4000334009840
1005001621408549
4001223417648
1005001305283718
1005001385650220
32370144664
4001294569304
1005002027734266
10000352870055
1005002313960549
32878852460
1005002443740457
4001085622241
1005001808546657
1005001474687619
32896099350
4000237817702
4000182004631
1005002254371691
32880955801
32681129244
4001035762558
1005002213507194
1005002027575729
1005001774736512
32982992322
32951359774
1005001884101106
1005001529198312
1005002394080086
1005001338117939
1005001928937541
4000580369402
4001032320567
4000898440314
32841098730
1005002167950339
32936919969
1005001337469120
1005002314430558
4001195136036
32874614160
1005002382502717
4000163005615
1005002369463502
1005002074985312
1005001686241087
4000829282803
1005002284002509
32869736564
1005002387095418
1005001608342912
1005002177546277
4000655885314
32878963975
32802241779
1005001901111048
33025186864
4000647076153
32848138528
32972576149
4001282383513
1005002206133151
32965481087
4001272936694
32902842846
32832212985
4000445050369
1005002467618735
1005001678951240
1005001487490909
32971799074
4000554620695
4000207896557
4000314842687
1005002294001817
1005001714297135
4000034824409
1005002371867994
1005002314250880
1005002475368866
1005001580836703
1005002009425896
32796410275
33009965608
1005001480080419
1005002221705746
4000741726186
1005002494556260
4000894954063
32823573923
1005002388788909
4000190132862
1005001929849680
4000585626467
1005002388965971
4000793346527
32875245069
1005002491847963
32958794829
4001359191723
4000039028815
10000411403158
4000956416525
33011927999
1005001994586555
4001283250153
10000152035025
32921952602
1005002423633524
1005002000145723
32791974689
1005002320451963
1005002362890745
32872287263
4000129717607
1005002206535011
32996209513
4001116579943
32793009672
32839150244
1005002487716972
4000562337508
4000964116483
4000124417476