32924915690
1005002461060513
32843112008
32826528927
1005002398210683
1005002115593535
33032378170
32570382358
1005002275446121
1005002443120367
32919172202
32791305026
4001169735700
1005001524360208
4000627518726
1005001808311666
32664573114
1005001343090358
1005001386630588
4000272402249
4000086982536
32857443007
32952152686
1005001934576629
32882101130
1005002378636747
1005002447063476
1005002459811128
1005001356176303
1005002331390839
1005001335123831
4001220335037
1005002220379535
1005002299052293
1005001357116521
1005002312563448
1005002337329021
4000786943736
1005002493878987
1005002271588928
4000453167081
4000554670573
4000836261915
32858563070
4000756366566
10000352428779
1005001332846677
4001209158358
32915917953
32914836297
32887419402
32725824003
1005002284401474
1005002096062343
32251899693
1005002439103897
4001292297938
1005001689332710
4000234943754
1005002251787863
4000185922671
32909337521
4000226046949
1005001510595815
4001319788037
32849201747
1005001525530137
1005001437201178
1005002332101585
4000402332929
4000196581032
33025749445
1005002346228680
32280359194
32953705798
1005002378841577
4001248043166
4001177946516
1005002281564817
4000990724421
32917037028
1005002410179044
4000725836630
1005001664389056
33053413466
1005001686193258
4001062319600
1005001339116248
1005002323838693
1005002052399929
33005540215
4000150831928
1005001308624722
32966839543
1005002268211796
32975401973
32919213564
1005001841714723
1005001687681376
1005002475439678
1005001438838752
32979008312
32843852580
1005002225015472
1005002301848580
1005002320948610
1005002363857803
32771751242
1005001304419470
32690232658
1005002259544289
4000682748932
32856328998
1005002305812277
32825549544
1005001587262223
4000214520274
1005002042029987
1005001712108810
32783098968
32988831220
1005002274200100
4000907329667
1000006732267
1005001645967664
1005002327196742
32850301568
4001365651120
1005001748249407
33005959675
32836852817
4000322417195
32789334220
33021103583
4000032153129
32717635199
1005001947538071
10000402349822
1005002261306763
1005001524734729
4001354610246
32853398734
4001231169611
33013626197
1005001507478557
32882667094
4001177949453
1005002203791372
1005001693772460
32807956558
1005002160484124
1005002454369122
1005002033426903
33049797515
4000969512249
1005001420217520
1005002301926783
4001350588901
4001137055661
32849765312
32825991508
32881574651
32353837341
32897945014
1005002388274532
1005002389918262
32962750304
4001042419326
32986688344
1005001692369558
4000183951604
1005001850750025
1005001873172510
4001298777754
1005001512110766
4000655903077
1005001516946131
32903281259
4001239106046
1005002443697222
4000934574230
32812346665
1005002322049591
1005002272854365
1005002162699933
10000000943575
32804533704
1005001761879350
1005001994278760
32756118213
32994516447
1005002398846438
32815648877
32967004329
32855193933
1005002378100178
32853735946
33018578547
1005001677406332
1005002461474325
1005001632815862
1005002316247006
4000801107923
1005001589163146
1005002490935518
32809480363
1005002428425958
1005001844440719
1005002439773896
32998934676
4001166200896
1005002278828596
1005002228344860
1005002261313760
1005001829620689
1005002279252830
32976417451
4001267781112
1005002395504542
32806044358
1005002242321618
32889038352
1005002304355507
32964368732
1005002269085127
1005001848594463
32923632857
4000280802158
4000506445843
32812900722
1005001468903013
1005001999605216
4000774863213
1005002390780452
1005002352168614
1005002306010925
1005002016461053
1981595079
32919200082
1005002354259738
1005002388509395
32711269256
32869218357
32914344751
1005002314624015
1005001464670459
1005001604950049
1005001343435074
4000966222312
1005002169101323
4000768863437
1005001488375085
32470804454
4000249104167
1005002261296801
1005001495378964
4000642330224
32735350876
4001247990339
4000910558038
1005001756297783
1005002341441020
32932272015
4000370300445
32863953115
32811827056
4000987512271
4000772748045
32854191299
4001165677083
33016981751
32643393543
1005002263800899
1005002056285307
1005002272838853
4000881533451
4000107876569
1005002355331273
4000381624158
1005002429590765
1005002090457130
1005002340799079
32824226169
1005001469314014
1005001831415250
1005002298248240
1005002117467141
4000148009048
1005002154504387
4000813335271
1005002436078104
4000190162430
1005001656950439
32500864867
1005002279381453
1005002470667569
1005001698722584
1005002301130238
1005001397344381
33037722800
1005002415883725
32862629822
4000460260901
10000259831105
1005002302593569
32951914027
32967230838
1005002289816195
4000087178491
32981301002
1005001666715799
1005002059425135
4000437962778
1005001302524043
1005002469088109
32572353054
32947562990
4001064150866
32333191418
4001196269814
1005002329099822
32982240658
32696553806
4001274789837
1005001810857922
1005002490716034
1005001976102589
1005002453908970
1005001990269041
1005002264106521
1005002465043695
1005002272679546
1005001930872532
4000466520107
32979829343
4000208031565
1005002420453156
4000071898938
1005001747886013
1005001792643552
33003566879
1005001966932331
1005002232646702
32894398398
10000060587367
1005002317798271
1005002405022528
1005002347438076
1005002333116945
1005002254499779
1005001953560954
1005002066256470
32957562983
1005002037323688
32872615619
4000975915771
1005002304101022
4000349287870
32907295377
1005002399469088
1005001490461731
1005001873503722
32833690245
1005001989016151
1005001990468404
1005001602690399
32790126691
33030151944
33045323892
32803029923
1005001723170732
1005002329246396
1005001776747564
33040101934
32919626165
1005002122390901
4001215642894
1005002433440626
32908208071
1005001868905460
33010599494
33051794942
1005001636390981
1005002225707868
1005002351412150
1005002306272823
1005002465502270
32852502010
1005002117084835
32974154081
4001366055013
1005002247919459
32930596303
32915086069
1005002015091898
1005002314480267
1786924346
32923788079
1005001897777069
32903074946
1005001767580785
4000857674122
33028780668
1005001713104281
1005001687576741
1005001466714225
1005002341132590
4000537520859
4000812327440
32877103288
32856957879
4000677416734
1005002442668469
1005001813556877
4001214295150
1005002176040985
1005001413325863
1005001552330991
1005002330097008
32980348760
1005001664167398
2020960422
32918556765
1005002276640391
32969209717
1005001890123963
1005002307169702
1005001883949092
4000519750012
33024300780
32639603190
4000546014676
1005002309742784
32856650769
1005002313043924
32811564783
1005002358193921
4001045882595
1005002315198746
1005001814126556
1005001672004145
1005002313216140
1005001804196106
33018753068
32596992888
1005001510800314
33004364494
4000024606202
4000718137585
1005001334139299
32889789664
1005002117376379
32897112073
4000752415481
1005002314371071
32576910948
32662004502
1005001314006949
352037072
1005002413405651
4001142174305
1005001625958322
32999555647
1005002350823598
4000607978235
1005002391459163
32662072708
1005001563315241
1005002100401067
1005002364008120
1005001953361069
1005001961225715
4000706574777
4001317237246
32868537947
1005001286570752
1005002113178024
4001134140597
1005002466064146
1005001941438208
32985214405
32736213872
4000922631782
1005002316074962
1005001499874958
4001127869170
1005001996915765
1005002322632277
1005001915140227
1005002444246514
1005002351085003
4000077623338
1005002044602310
1005002027609203
1005002311074264
1005001424358288
4001135613839
32985155354
32813593461
4000768853606
32812160963
1005002315465299
32871971919
32969504293
33034014094
33061642976
4000990852515
1005002327767271
4001306646111
1005001586530637
4000828323964
4000824830383
33036304102
32840878863
1005002489857127
4000497372157
33002867716
1005001498865578
33054527850
1005002447606726
1005002310250170
1005002460060455
1005002281924642
4000955765570
1005002364396194
32996510858
1005002495020335
32917705756
4001276004068
1005002033959137
1005002282849904
1005001546973805
4000882685916
33054889480
4001295936184
33008365385
1005002311401616
32981125280
1005002278155235
1005001646583450
1005001473865255
1005002363292346
1005002392500674
32828275583
1005002467941326
4001040979107
1005002467144961
1005002375892275
32980257493
32920339819
32964119837
4000928170160
4001309932602
4000429506869
1005002175281668
4000216986842
32833677287
10000400045424
1005002002014158
1005002214609405
32989097323
1005001582071454
1005001638084860
33012901128
33038015664
33007728180
33028319010
1005001419257267
32895141563
4001263068229
1005002232666501
1005002268294887
1005002323111132
1005001369089325
4000894879480
4000780934149
1005002454351339
32702243301
4001099445570
32913040815
1005002454293659
1005002314218405
1005001448355879
1005001983019609
1005001867207842
4000868265993
1005001400403795
1005002284763131
4000908328969
1005002326969196
33055680808
32843768193
32885692723
1005001609189846
4000297261067
32887622640
32848234738
1005002326841789
1005002015470901
32614405630
4001056744492
1005001999255594
32357191716
32849805817
1005001700697030
4000448393161
33012678952
32354962811
1005002226146343
32990858746
4001241804717
1005001353885829
33030659950
1005001620169385
4000818816549
1005002399841128
32843852371
4001054134880
32712584242
1005001450449748
4000850073919
1005002413239085
4000828827953
32877058658
32969997572
4001259878419
1005001857952013
1005001997984711
32670675442
1005001940011619
1005002315683957
1005002217842296
1005002115051850
4000493175246
32907436693
1005001825272189
1005002302436060
1005002054611585
1005002348575360
1005001687958083
1005002473946371
32933230804
32547407957
1005002206618041
32712870065
1005002333824020
1005001839934479
4000226674407
32381212871
32870634397
1005001989495265
32995160641
1005001900939925
32893561083
32973843039
1680560546
32984843306
33049971631
1005002168915793
33000555830
32531397137
1005002318331905
1390541922
33044561826
1005001700874814
1005002291809749
32847390364
32884643468
1005001826523239
32375288741
1005002466541467
1005002367329351
32478624976
4000504851778
4000114037931
32988241504
1005001930868762
1005002319200678
32911122774
32870983955
32888121343
1005002287804626
4001165985725
4001310773816
32924356964
4000987296904
1005001802751312
32856471957
1005002084245762
1005001602291936
32350290553
1005001781414207
1005001985412463
4000026115264
32956000430
1005002315909524
1005001591861845
4001144927916
33014264357
4000616902240
32678400967
1005001355018584
1005001680412836
32814269415
1005002352873788
1005002082515491
4000505840040
1005002247346963
1005002388485588
32284848519
1005001375553521
4000713027168
4001327437590
1005001770425521
1005001279542444
1005001826872193
1005001716624666
4000297203231
1005001392665401
1005002167827187
1005002326606537
1005001867977440
1005002004396616
1005002283613631
1005002240528101
32970686376
32893855308
4001031499088
1005002064350621
1005002232672424
1005002421175178
1005002324617904
1005001890666558
1005002318975761
32884140970
4000001904978
1005002371445924
4001216653248
1005002073255525
1005002306056071
1005002218493416
32850171413
1005001779948214
1005002495813751
4001118839954
32994432097
4000509376282
4000631336740
4000741850897
32815819195
32975760404
1005002203282593
1005001563083170
32821051581
1005002372069244
4000041359760
1005002381525961
1005002315812633
1005002380575573
1005001883293730
1005001607381265
1005001540084022
1005002434779896
1005002443183083
1005001728467315
1000005631728
4001219303753
1005002459029625
1005001856997256
1005001900720328
33013634665
1005002281324077
1005002442164001
1005001571779495
1005001468872592
1005001979278774
4000415411217
1005002254596505
32854907576
1005002483630450
1005001628609906
1005002352827732
1005001441593275
1005002400005881
4001051990702
32842029951
32957094943
1005002391081663
32957719632
1005002301510826
4000055001400
1005001565563467
32974462696
33024730408
32932080058
4000118966507
10000055553324
1005001967263666
1005002319077777
32713992814
32660051955
1005001943971958
1005002340890553
1978552394
4001131804474
1005001793183311
32787695199
4000359741482
1005001923073366
32791603736
1005002252582786
1005002167879147
32666989901
32665529337
32894308736
4000434261913
33054442835
1005002304232563
4000007184739
32968936003
4000529136060
1005002482066085
4001121662031
4000108527740
4000901362539
1005001632617609
32881877696
1005001670256652
1005002256464295
1000001533780
1005002476689798
1005001514293672
1005002244595599
1005001326259433
1005001704222618
32915467759
1005001622061552
1005001355575712
4001238270570
4000497874129
1005002346110909
1005002323470555
1005002432445904
4000099818129
32959068081
1005001450119628
32848245368
1005001413261297
4000868864799
32842291701
1005002388281583
4001290478163
32985740656
32922635148
33005416127
4001296761784
4000705067575
1005002130982252
1005002074087355
32482275124
4000021256105
1005002001848190
1005002372233980
1005002419572745
1005002122389913
1005001572178089
1005002308626936
1005002352529937
32853574899
4000832192769
4000479947032
1005001979323856
1005002459165348
4000547417057
4000180751236
1005002358144206
1005001495397999
4000078454585
4001114114875
1005002358737115
1005002324697990
1005002176710944
4000270660830
1005001826990829
1005001633376842
1005002351693930
33010584936
32842860328
32807610099
1005002318744892
1005001994376265
2013251714
1005001468536017
1005001812769778
1005002385120988
4001124376855
4000313475122
1005002409720690
1005002287762298
1005002103230558
32960675262
1005002321955403
32976212539
33053753715
4001214406296
32841597728
1005001884907310
32455306519
4001111369428
33016018393
4000957671884
1005002192495556
1005002489853566
4001249889672
1005002270789080
1005002168153379
32791343127
1005002197452584
4000987466280
1005001769107425
1005002481781112
1005001638594905
1005001469883307
1005002314547095
374904462
1005002219596505
32881810433
4000369749307
1005002344235851
1005002363994817
1005002420000877
32920138390
4000444178957
1005002304273656
32963635683
32379281271
1005001927947829
1005001878788722
4001192658647
1005002408571907
32584060803
1005002442502089
4001327521520
1005002336413324
1005002459784738
1005001598344419
1005002179702262
4001250813632
4000610374951
1005001909033565
4000853716874
1005002255088446
1005002124737616
33057841076
4000933546956
32845628196
32901066249
33047439480
4000169489840
1005002298603342
4001037886308
1005001861349443
4001203346088
32917488162
33015696282
1005002225828074
1005002361628202
32663189425
32979563184
32770888149
1005001770642561
32515551424
32880181909
1005002124703037
1005002381434934
1005002334282233
33052398920
1005001649560829
1005002418110593
32819769386
32919058369
1005002087641895
1005002365495243
1005001908110825
1005001342714139
1005002328683765
1005001528583506
1005002235141417
1005001828585100
1005001736290783
1005002261076498
32986549043
32901657102
1005002178163953
1005001658527296
1005002091913582
1005002197008872
1005001970264699
1005002280585412
1005002196548585