32884169543
32996721407
10000314608680
32994256615
1005002000300402
4000900455402
32666810648
1530547253
1005002345020184
32975487717
4000862112017
32978233481
1005001292114184
1005002265278697
32811064928
1005001889849301
1005002453508821
1645537982
1005001296762136
1005002483337012
1005001678007065
1005002330822720
1005002314235540
1005002229276626
32812124970
4001249039927
1005002369214374
4000875125765
4000249458795
1005001907801591
1005001511572234
32350023159
32558067889
33058665472
32742636651
1005002059862284
1005002332263502
33034813043
1005002281500890
33002589809
1005001727207951
4001134189559
4000187416779
1005002426246683
1005002241780514
32986003631
1005002034993371
32900469435
1005002284842430
4001018960983
4001196900052
1005001456705659
32861073639
1005002348206407
1005002317718259
33043582122
1005001568145390
32847070590
1005001855741627
4000004280053
32888848585
4001122655845
32843556743
1005002114520647
1005001670722054
32869687228
1005001369537446
33050249032
4000247097563
1005002266285496
1005002196667010
1005002443805291
4000039887436
32898436795
4000911710402
1005001381748951
4000670907166
1005002234373493
33041186610
32955091619
1005002422971770
1005002500401840
1005001862497881
4000127388621
4001237891319
1005002260376598
1005002268800580
1005002253616754
32848412597
4001241809222
4001351706716
32893614166
4001034362121
33040630081
1005001525416557
1005001791970701
32855687690
1005002159214632
1005002382694231
4000561413989
1005001525367653
1005002425409580
1005002360004526
1005002372384024
1005002203878878
1005002276351683
32847183416
1005001572743806
1005002318927981
1005002362225132
33002292425
4000982731155
32848099139
32981290469
4000473676108
1005002206271511
4000780995587
4000214225668
33056503761
1005002372870025
1005002282889941
4000894053116
4001294041468
1005001695544889
1005002340036514
32744472114
1005002114946383
1005002342600131
1005001664977429
1005001854658020
32983079451
32835153557
32748000477
4001070486667
1005002185487050
1000008171986
1005002242401283
1005002377653623
33009260340
1005002437694606
1005002420499840
4000653340110
32978995234
1005001514523203
32349112359
1005001438088327
32791314540
32966840749
1005001468249487
4000442264828
32797137915
32893932275
4001139069782
32857878848
4001246973622
32750838485
32459451207
33026236523
32857645572
1005002255180635
1005001953711241
32833006378
1005002259115081
1005002180782556
1005001736792258
1005002121164937
32406490660
1005002126986880
1005001565697645
1005002319148706
1005001844421627
1005002408879345
32898432745
32914781294
4000597154185
1005001633804707
1005001780808038
33001066385
1005002373142804
1005002259120273
1005001563651147
4000399384194
32787803349
33056093675
32991199007
1005002372591608
1005001378024708
1005001636256867
32898365277
4001071960779
32918531915
1005001906957358
1005001992603981
1005002450452073
1005002314734769
32996889234
1005002241989910
1005001627917957
1005002245545698
32891810457
1697452419
32890324145
1005002362848745
4001175651297
1005001339220658
4000768880169
1005001869817100
32844417025
4001260657910
1005002265103900
32909000098
1005002313050027
4000691214988
33023581929
4000941666984
4001259193358
32909265809
1005002246745988
1005001888224537
1005001626348098
1005001620160247
1005002294417327
1005001348584274
33057452136
1005001505856512
32888609212
32725779482
4001069442629
4000075942527
1005002489724131
4000644998363
1005002292420392
1005001505834692
1005002393010284
4000586753970
1005001543387916
1005002281203049
32591497208
1005002286052095
32895954060
1005002463384378
4000921510223
1005002416858563
1000007759883
1005002441655469
1005002467235003
1005002454836748
1005002418997624
1005002450649112
1005001943010448
4000052940747
4000764902645
1005002337876829
33011456762
1005001551819320
4000505828901
1005002422928551
32385527246
33021280468
1005002191714224
1005001407093394
4000444387330
1005001559328479
1005001982424623
4000509803503
1005002346335721
4000663468607
1005001977186204
32808917170
32962447359
32899343251
32957908747
4000307428942
1005002250053432
1005001679258719
1005002481181257
33059405308
1865614596
1005002264485797
1005001474816498
1005001976124547
32827331272
32882656282
4001322519362
4001282139937
1005002327804015
4000663888763
32849461384
4000206117974
1005002330432496
1005002424337616
4000026482971
1005002328982944
32906685021
32317403686
4000504395506
32897468438
32832281898
1005002265081937
33021268343
1005002338886650
4000167105342
1005002366951880
1005002191162198
1005002309962991
1005002211982670
32868710518
1005002271421340
32984466887
1005001793456725
1005001736862414
4000933894125
1005001669629087
4001226574761
32609032789
1005002030647534
33043348254
4000275092704
1005001855091314
1005001873754806
4001070750607
1005002043177018
1005002403931826
4000104054422
1005001670900412
1005002298573009
4000048096753
1086184320
1005001887599602
32966638640
1005001579000537
1005001847637798
1005002317297727
32339420595
1005002352941826
32839923708
4000468808738
1005001935425956
1005002385177341
32850944935
32910371562
1005002461640829
4000131504021
4001240992223
4000777260181
1005002328117571
32293750055
4000258190755
1005001855235611
1005001364434385
4000305429243
1005002196604418
4000271636121
1005002327698098
1005002219174168
32820560345
4001167604102
32850971357
32774604821
1005001859466391
1005001314956221
1005001326017144
4001242574260
1005001616611981
4000897789705
1005002003738750
4000584966780
4001157346055
4000843276123
4000579750477
32816066127
32850865881
1005002091264662
1005002337593245
4000084556196
4000214483241
1005002438982895
1005001852294472
1005001834262990
4001021373255
1005001954963477
1005002301803127
32792974660
1005002293060764
1005002482029196
32859886060
32891492272
1878570198
32411634794
1005001604189218
33029172775
32971583106
32798528128
4001079267163
4001149609535
32898366075
1005002497140470
4000383249639
1005002363435840
1005002457629277
4000927575094
1005002219326427
4000064306622
4000192261745
32807591226
1005001775822234
1005002095587818
33008193828
1005002399450420
4001081729645
4001246956542
32971753955
1005002388839552
1005002443161022
4000335545746
1005002318293602
10000399499126
32813403634
4000794664753
1005002197775566
1005001557361546
1005002207475841
33009761354
1005002112534081
33059694880
1005002293016466
1005002459937656
33006188769
1005002434433640
1005001621345461
1005002360829183
1005002226062409
32847657895
32655668861
1005001661383329
1005001998887808
1005001798082154
32944389714
1005002378129528
32987450374
32850530585
1005002034154726
1005001489009218
32716488245
1005002179373853
1005001411904994
1005001401798042
4001188034155
33048772643
32606661587
32828369992
32863833120
32601550202
32694890784
1005002268838490
1005002447918443
4000058608179
1005001368556085
1005002425925008
1005001903335728
32882329858
1005002314313157
32903966180
32933666894
33000414102
1005002282008565
1005002367400070
32972767820
1005002285716617
32890150808
33037737596
1005002355286985
4001112612896
32960157126
32648968544
1005002377937405
32999032478
32963561202
4001350539352
1005001383835381
4001312998665
4000182905531
1005001935220899
32323471942
33007191864
32866785282
32616434761
4000793361022
33000804777
32892617935
4000351476840
32837109005
1005002329524914
32917614994
4000986739861
33013795414
1005001997345650
1005002454489884
4000865054002
32809805566
1005002338535001
4000369559474
4000670033290
1005002061945532
32982138308
1000008028849
1005002270143630
1005002305154158
32993961737
4000711424224
1005002382417140
1005002261124479
4000464847795
32970897682
1005002333079648
1005002488017087
1005001304114976
4000323845960
32863403099
1005002265330202
32912121566
4001286602674
4001275043841
4001027764982
4000955781422
32709125380
1005002314296635
32867338754
1005001423279217
32779698941
1005001495862033
32903241103
1005002286013522
1005002213776906
32907435775
32957368678
1005002354179191
1005002149869835
4001211624802
1005002382693549
32802888699
1005002123361286
1005001906461484
32742856565
1005001490131871
1005002198912584
32969046467
1005001872964339
1005002374691546
1000007670572
32855983793
1005002359849724
1005001642690384
32970643806
32832390570
1005001597665561
1005001639918683
4001154313562
1005001930352154
1005001883568873
1005002474149403
32945452805
1005001884468097
32850909264
32922215764
32872977573
1005002386555153
4001324690847
1005002477372817
32915533587
10000400060018
1005002346215923
4000211500669
1005002289324306
1005001450077050
32905531422
1005002453248994
1005001763337636
4000987306355
32871378928
1005002318865162
32932885925
32891029772
32850231783
4000130265539
1005001495850189
4000497657570
1005002363666710
4000736255349
32786308918
4000594197754
1005002355785608
1005001611606357
32809936886
32828811034
4000998601963
1005001269774936
1005002443708123
1005002418681637
4000078354095
4001108196615
1005001833440101
32474955431
1005002227671260
1928515887
4001277846413
1005002213343694
1005001664560154
1005002271951311
4000796879117
1005002083673479
1005001775511913
1005002439787981
4000704539724
32954964063
1005002348550997
1005002264803146
1005002353944103
32968908591
4000386893878
1005001445792098
1005001903153394
4000547963149
4001299259331
1005002459300068
1005002332085133
406852240
1005002432914133
32950606054
32933386493
1005002286098410
1005001889873464
1005001714132682
1005001658583053
1005001690576192
1005002004237691
4000806201894
1005001944058052
1005001652454343
4000917902489
1005002137474991
4001014415394
4000703966802
1005002418826629
4000589381855
1005002314451098
32849017639
33049228713
1005001946158400
1005002411178779
33050494175
1005001582374528
4000834040693
1005001620852247
1005002361967492
1005002378719970
32900320911
32523709106
4000856306177
32983458034
1005002078592866
32829391314
1005002400129897
4001270524472
1005002258098502
4001331152215
1005002174921358
4000979423179
32996866970
1005002323102153
4000177609811
1005001494087871
1005002238769986
1005002336768094
32787381737
32603964251
1005002386729633
32811050756
32743947652
1005002396624957
33007000731
4000808463018
1005002316744399
1005002426650527
1005002282434908
4000986975773
4000205769234
1005001882716558
1005001525520191
1005001768584362
32887659015
4001013008285
32862316553
4001211826674
4000117432177
32584107070
1005002401308675
4001039967351
1005002377964443
32856461877
4000168019027
4001135431433
1005001678700348
32951351095
4001291865282
4001188658069
1005001475963604
4000960035230
4001119513375
32900595323
33027448827
1005002055311046
1005002325084530
1005001671315805
32837242597
32952946763
4000944182652
4000549204427
4000610663317
1005001519991266
4001262842602
1005001916061039
1005001636571873
1005001517021655
1005002264722341
1005001413483199
32972569213
32843989765
1005001594208569
1005002319181237
1005002314259714
32971892604
1005001627220865
33055364742
4001360515644
1005002279289560
4001270538060
32833485271
1005002216772765
1005002242745007
1005001990050510
4000447300304
1005001686235322
1005001609439326
1005002325031603
1005002196989134
1005002311974955
33024068466
32762100995
1005001647534807
1005002241895455
32861189962
4001107572805
4000607600942
32950711439
1005001489754788
1005002335839223
1005002344340710
32844407347
4000183816996
4000898851991
1005001530294475
1005002179793490
32955094920
1005001874473518
1005002408921425
1005001571857140
1005002286421802
32885865135
33037893035
32894963469
32922831104
4000986111940
1005002217349168
1005002305646486
1005001695882749
32895513325
32889146798
1005002378354657
1005002431121208
1005002315234282
1005001431238832
4001287474218
1005001533466394
1005002315136672
4001174840635
1005001825347562
1005001325784077
1000006066482
1005002346369593
4000142591206
1005002337327583
32868131112
4000323432818
4001053743305
32384048592
1005002459115461
1005001458871563
1005001313261460
32913272198
1549734261
1005001809583835
1005002417041095
33011547094
1005001506320824
32883556213
1005001680116638
1005001798173363
1005002365803128
1005002260748414
4000755487281
1005001482830021
1005001992533028
4001250560630
4000203231283
33059659834
32924155083
1005001874194225
4000003414457
32853495387
32822948719
32840064363
32884169346
1005001457970084
32859172108
32965281547
1005002273770386
32854218561
1005001915886178
32958018215
1005001513234626
1005002434410272
32657866667
1005001567149470
4000471945307
4000180931079
1005001452051522
32956999616
1005002282287465
1005001838250315
1005002353210414
1005002314453928
4000576044202
1005001942750978
1005002466230220
1005001615152987
32994755092
32441757213
1005002239332059
1005002433994500
4001156791905
1005002260652210
32990982246
1005002304244625
1005002159366765
1005002496288441
32865834610
32846071095
4000166998431
1005001670828619
4001243286929
1005002438580658
1005001946621992
1005002323776727
32836190865
32997371401
4000939535646
1005001332161711
1005002327803162
4001256039843
4001168910064
1005002319233079
1005002357801675
4001289778422
1005001834511516
1005002367009422
32683699363
1005002050393938
4000803601921
4001207683232
1005001534345003
1005001912561747
1005001648606623
1005001976558813
4001245469344
32970681233
1005002060468636
1005002367756339
4000444553274
4000991293890
4000149387448
32903138029
1005002280605005
1005001971786068
1005002460016242
32980904352
1005001939983858
32833495564
32972870870
1005002133127174
4000266312015
32900247922
1005001851291051
1005002509632749
32260084630
4000145058246
32802498741
4001236035537
1005001320217444
4001183245373
1005002000374323
4000100319099
1005001893236892
32797566554
1005002452915516
4000873991039
4000769589111
4000840303611
1005002112387128
32843084997
1005002095904958
1005001585506579
4000198768295
1005002369852854
4000702439951
1005002049538926
1005002150062946
1005001784695792
1005001770167336
4000745121375
1005002272145422
1005002353553809
4000502624963
1005002240356842
4001346242433
32708898363
1005002433789831
1005002302356388
1005001828589454
4000396222897
4000538143787
1005001636536081
1005002498755562
4001199127881
10000409686278
32965954447
1005001923024618
32856894430
1005001533849081
32786980861
1005001793403748
4001064892254
1005002442408189
4001187857202
32945881869
1005001397942721
4000164198044
1005001722137188
32887683494
33023500463
10000418069981
1005002234354637
33013277840
32993287084
1005002273752152
32857140770
1005002224646647
32840645738
32968743156
33034659109
1005002278759619
32663940543
33048372908
32737600623
4001031809838
1005001379558124
4000726850592
4000748011642
32967126040
1005001399071570
4000994894052
1005001817497408
1005001463601106
1005001936477386
32989200868
32965127370
33013228760
32853800779
1005001836889477
32848364678
4001245820301
4000895189545
1005002490351937
4001226430872
4001255498613
1005002421619810
1005002332503355
1005002442428633
32916233001
2035360636