1005002367523881
1005001575607158
10000095483072
1005001572321947
4000008229984
33042971109
32825974056
1005001878499610
4001306572030
32966067021
32909939481
1005002258353843
1005002345344298
32665901278
1005002387863198
32983067777
32794365721
1005001741760725
1005002416864939
32912681439
1005001361291351
1005001445445799
1005002368987217
1005002423210204
4000063037696
32807260002
1005002413344033
1005002265746722
32934243885
4000786063558
32358073001
1005002210480569
1005002401457358
1005002105493766
4000613330851
1005001530380587
1005001361139595
1005001732514941
4000153108488
32913534165
32847521416
32922188463
1005001438919231
4000410681368
4000052563371
4000131148778
4000981636999
33007917233
1005002314472418
1005002387749763
4001270803894
32787106949
32896157453
4001058567229
1005001453162263
1005001764112123
32968669629
1005002239878045
32815884811
1005002412847907
1005002289787151
4001322800961
4001285916861
1854489902
4000860606136
4000058940696
4000224508467
4001010905650
1005001813943832
1005002499835962
1005002328241006
1005002330319656
1005002468320348
4000636535174
1005001811113621
1005002344448783
1005002263661850
1005002237754287
4001298565285
33051919132
1005001762199656
4000769825108
1005002406648599
1005002184616731
4001115817523
32959323639
4001038235280
1005002397822496
1005001894862271
1005002047446220
1005002420975164
32753281376
1005001516869961
1005002246092856
1005001824152825
32607706435
4001056689332
1005001580841170
1005002467021707
1005002134499033
1005001917233425
4000311854775
1005001627184157
32347152091
1005001437382948
1005001779737978
4001229301351
1005002285896178
1005002039646487
1005001957348171
1005001942205995
1005001581170871
32988855566
1005001638899778
1005001704601962
1005002197570373
1005001576299371
1005001642453925
1005002278939923
32640076987
4001167507239
1005002085154659
1005001339348451
1005002443127120
1005002344230049
4000559046386
32788340229
32789344278
32888515774
32889730977
4000076789745
32982383293
4001183530016
32813562712
1005001908200832
32828597274
1005002362495863
1005001853876425
32820622311
4001230311811
32862999257
4000366200130
32800926133
1005002028094484
4000791137587
4000642340913
1005002248468941
1005001588596674
32959407497
1005002090847722
1005002380786335
1005002256938928
32777455064
32882049749
32780638365
4000224353365
32825583450
1005001437993096
1005001850528359
32849688553
32982200376
32610874017
1005002265414413
1005002438305408
1005002298882776
4001290941843
1005001961752127
1005001525470474
32874285304
1005002314212946
33029618730
33014484455
1005002196981063
1005002413520770
32668158489
32920036793
1005002246818234
33040013247
32804200965
32840184681
1005002318772836
32902725974
1005001610210461
1005002439419033
33007874683
1005002192616111
4001326115236
32727420257
1005001276119415
32838868606
33012717902
1005001970793717
864919344
1005002313490487
32825138702
1005001867449978
1005002399737737
4000758184468
1005001949387614
32881786722
4000098231824
1005002399018102
4001283665519
4000607104217
32663420832
4000147456784
4000378060302
1005001337645071
1005002134248522
1005001954756996
32904628905
1005001437606234
32355451742
1005002350807379
1005001577311961
1005001807626224
1005001499323872
1005002323810478
4000894205596
1005002388819352
1005002485182670
1005001907291560
1005001966432959
4001189512333
1005002177954316
1005002289125459
4000243484426
1005002122085660
32895846015
1005001766501979
1005001627343259
33016697092
4000799797997
1005002424535821
32954156698
32956833628
32994365990
32985267667
1005002413410936
1005002350048186
1005001695778082
1005002245236902
32656079864
32860683079
32981030935
33053714994
1005001841859788
1005002412986826
1005002302388158
1005002276354575
1005001405935391
4000465076943
1005002073988930
1005002303951142
1005002012232861
1005001742520516
33057530782
1005002393649925
1005001422983630
32833117596
1005002345698640
1005001609086732
1005001425215018
33006191445
32998911551
4000251152064
4000959252650
1005002206098608
1005002423892365
4000182238169
1005002353834261
32698848915
32969084912
4000807330585
1005002237949929
32983130325
4000073263186
1005001499460016
1005002443046897
4000247125138
1000007406611
1005001474509519
32701425248
4001274782953
1005002409779275
1005001389161084
1005001524775655
1005001587379721
1005002093959990
1005002328086785
32894288704
1005001923320054
1005002291578292
32963423249
4001051520744
1005002454261724
1005002361242441
4000677863707
1005002405272682
32456949679
1005002409881205
1005002413413320
1005001651970320
4001259929258
1005001315857080
4000071367563
4000259455027
1005001748128609
1005002404465794
1005002426945638
1005001321107590
1005002316908902
4000143935645
1005002266801040
1005002011401454
1005002386629959
4001114311105
32287926352
1005002490974507
1005002282074036
4001049235260
1005002134234029
1005002289902614
1005002167266153
1005001692990995
32966419673
1005001845040509
4001199786214
1005002390422136
1005002265429210
1005001335636673
1005002350123737
32983911928
4000512662061
32962743196
4000980427569
32920879687
4001323199046
33039169010
4000060792028
4000768865528
32907140562
33028025220
1005001578914433
10000351797071
32821247584
4000389409437
1005002408255135
1005002279380840
33049360372
1005002278064682
1005002264715661
4000433900967
1005001333621681
32822050435
32871834842
1005002216571921
4001240670738
1005002462595320
4000544297280
1005002307530341
1005002120023332
1005002359128924
1005001437535654
32861386401
4001185088487
4001088809642
1005002245298191
33037160665
1005002338370508
1005002046926752
32787373875
1005001466620442
33027493733
32669009821
32817103796
4000653758802
1005002380387666
1005002003534156
1005002053645048
32753912513
4000703768583
32836366402
1005001838089354
4000359794576
32862319336
10000395816420
4000922597874
1005002312668370
4000727410016
4001248979719
4000984209786
32970172065
32995182014
32949830326
1005002289046471
4000735612333
1005001732348154
4000210270492
1005001622446301
4000224551856
1005001397189921
32972320294
32901613545
1005001704982591
32892202632
1005001862964935
1005001285030112
32832614696
1005002271748477
1005002453761218
1005001355391713
1005001445497256
32830434004
1005002388587536
4000826530656
1005002267389954
32877162749
1005002439783863
1005002221416831
1005001287615347
33013873334
1005002426086435
33043940854
4000893094079
1005002395428911
1005002332877158
1005002061055165
1005002314964719
1005002337613738
4000752487391
1005002362333884
4001360969696
1005001858907178
1005002278115180
1005002421545550
4000309724633
32846557932
32814227137
1005002275340629
1005002281314624
1005001334176099
1005001308121938
32713594927
32998523869
1005002460963239
1005001391896099
32814882731
1005002325814413
1005001780589910
32962409128
32956932589
1005001273856102
33001806904
32712548150
32889956741
1005002313064311
4001299940382
32874526205
4000203206852
1005001280334364
1005002391921029
32911563134
1005002198195586
4000395004590
33019212437
1005002326867924
4001312841960
1005002264820388
32835902113
32850583265
4001296063012
1005002404729588
1005002006465783
1005001839044803
1005001896471142
1005002337263801
32853689357
32871252669
1005001589895584
902564894
1005002314990927
1005002313973261
33049847871
4000909558271
1005002369068408
4000641316791
1005002311938042
33038151614
32920343934
4001316919692
32995797985
32846234709
32875433016
1005002383381005
1005002328156386
1005002463124292
1005002363649458
1005001737776641
4000652043639
1005001839963674
1005002459572144
4001292698169
4001293486986
33042498302
32850836030
4000463362970
1005002462613545
4000546661932
4000343845590
4000902644073
1005002394112463
32696620111
32996076109
32953830905
32844688199
32975920752
4000234547546
4001000652633
1005001771558065
1005002101268929
32841444800
1005002090538498
32854295085
33051246322
32982605034
1005001658596999
1005002219214101
1005002177952170
32781217646
4000057677524
1005002457307669
1005001936785665
1005002185877328
1005002379338406
1005002179203863
33060258573
32996038137
32830141088
32944729350
32947020767
1005001832483280
4000807256051
33003318069
1005002438366815
1005001845922721
1005001270941612
32921720876
32799099969
32825029004
1005002481408712
4001219835420
1005002182477447
1005002269059063
1005002222168253
32900923047
1005002377571032
1005002213586323
1005002471196049
1005001948250310
1005002364800740
32998498915
1005001712932581
4000674676472
1005001626310623
32630650778
1005001584952101
1005001303616092
1005002440890829
33018305452
32844913836
32901847983
1005001834613368
1005002296985641
1005002218145466
1005001727908753
1005001585358426
4000284791857
1005001417040655
1005001516359454
1005001885786887
32785578875
1005002228341794
32956336192
1005002085607914
4000742214298
1005001421414556
4001157835557
1005002225025095
4001320542028
4000193603617
4000908649323
1005002448105587
1005001883741729
4001286489040
1005002363594827
32822197652
33059443492
1005001666242165
1005002369958365
4001170279373
4001034358049
10000277130434
1005002111817355
1005002373082496
1005002372195628
1005001274044933
32862614510
1005002358964600
33042212114
1005001930340348
4001163411400
1005002204962421
32790930646
32969019677
4000991664157
1005001839819925
1005001274255988
4000001657605
4000341787246
4000809152458
1005002231499970
1005001652523665
1005002357054041
32955460641
10000381428245
1005001602984494
1005002267337006
1005001437290410
1005002439693176
1005001917917609
1005002329504990
4000163592992
1005002390208712
1005002500608487
1005001419182337
1005002477253895
1005002117336766
33053117985
32790807167
4000706605069
1005002350046420
1005002301473248
4000282267535
32944233670
4001056669548
1005002256653995
1005002231501418
32664393604
1005002382733934
4001192522013
1005002294110347
1005002374998864
1005002191387539
32962740342
1005002327155482
1005001448222786
32829173731
1005001631589827
1005002324810553
1005002348619150
4000420809607
32996112759
32963306080
1005001888706288
1005002357080080
33017245951
32945825118
1005001762138689
33060442416
4000009797825
1005001349642673
4001107502026
1005002258147977
4000113611406
4001294439228
4000357776874
10000190232608
1005001807824977
1005002330627611
32960395397
1005001644892573
33012604910
1005002396412314
1005001844665850
4001237803770
1005002339433172
1005001314961160
1005002315499436
32952304850
4001278493134
1005001879137761
1005002115724315
4000119167941
1005002090957715
32965653160
32673327398
1005002333025681
4000859836936
32900989650
4001295974533
1005002309491181
4000481441503
4000856311050
32895580214
4000884933401
32897868486
4001050754837
4001110104166
33016077918
4001212700738
1005001441172955
1005001757850145
1005001432256568
4000101752992
1005002110703262
1005002484124918
1005002238191937
4001140483990
32814396897
1005002336850672
1005001816942860
1005002122465218
1005002394491062
1005002254784878
32881747925
1005002187808803
32917853342
4000465925025
1005002232718033
32844021289
32699139616
1005002294268780
1005002345893065
4001215549703
1005002198929090
32994019309
1005002353003944
1005001577376131
1005002398871223
4000964213467
33030139901
1005001690655986
32957324001
1005001830630669
1005002233378649
1005002327370095
32946261917
1005002434930584
1005002357738120
4001163178793
1005001831423681
1005001297631425
1005002108574574
4001280908144
4001031862369
32857034187
1005001941961167
1005002400492931
1005001399300545
1005001380765477
33059488299
4000926079170
1005002282629920
4000008763493
1005002224920337
1005002237552751
1005002384723542
33001010797
4000203135729
1005002305478633
1005002397726752
4000863411862
1005001909740599
1005002305906255
4000361648017
4001022376039
4000843211179
32988494606
1480126308
1005001604036159
32832094386
1005001851318622
1005002169060341
1005002134414562
1005001787093374
33040780787
1455065302
1005001586976074
32961310549
1005001472798823
1005001441358953
1005002093839700
1005002015409150
32921046660
32890766080
1005001887611395
4001029141647
32996333043
1005002459433810
1005001962638555
32539098400
1005002302500039
32972009705
1005002095041605
33050591445
1005002333618798
1005002351866585
32867534395
32534856000
32799572404
1005002079282328
1005002284165336
32856849082
1005001695346712
4001214212638
4000120206679
1005002405132388
4000226458974
32998084862
1005002274249580
4000264669052
4001235602869
1005002278833994
1005002292478090
1005001780736571
1005002315248528
4001309467421
1005002465773038
4001145540675
1005001386347388
32994956021
1005001909579795
1005001704160086
1005002367435237
1005002363632231
4000280944048
32949764381
1005001300233654
32993465185
1005001609375190
1005001678282542
33053310151
1005001855023796
1005002333844687
32649894004
1005001656980183
4001032794943
1005001356453187
1005001992250811
1928979145
1005002353468676
1005002278907181
4001166559955
1005002324104130
32659160561
4001062644864
32900794178
1005002413615332
32628309987
1005002475242834
1005002330476092
1005002369568214
33018062811
32661132114
1005001731681127
4000433717683
32987183015
4000170444634
4000946781196
1005002379027737
33000267929
1005001822359422
1005002429047085
32625555532
32889728354
1005001867744802
32951016268
4000057983693
4001061947692
1005002264434891
1005002426509622
4000092651299
32845681900
32481632723
1005002488758724
1005002238939501
32818853898
33020039015
33023383246
4000555783773
33009646290
1005001604488748
32537843027
32800487175
4000726990855
4000265215092
1005001495208572
4000661094872
1005002294766129
1005002175054664
10000285667530
2045295888
1005002217270274
4000785425845
1005002462010520
4000429627101
4000695598637
4000850709181
4001176961769
1005001883203594
4000857452439
4000927306671
4001322233375
1005002254816465
4000585315020
1005002265164581
32810930232
1005002316401115
32855776937
4000434927303
4000672520160
1005002342422850
4001237626173
1005002388294354
1005002232099532
32800162934
4000203335731
32891180851
1005002338171830
4000711633073
1005001658111380
1005001514769689
4001274316317
32874801443
4000493728823
32826773074
1005001756159894
4001056153825
1005002051829342
1005002419609577
1005002309308796
1005002125170496
10000071568349
1005001452118172
1005002265197863
4000849693731
4000842976760
1005001630865573
1005002340919972
10000351624531
32840901586
1005002483197346
4000002729123
1005002095902129
1005002441908723
1005001426781685
1005002231777095
32861429375
4000935085469
1005002051965794
1005001980614941
1930241518
32833670866
1005001891452629
1005001393585135
4001164028080
33045510675
32957897126
1005001510763206
1005001868143747
1005001439331287
1005001832415091
1005001547530272
4001139150164
1005001470744990
1005002201411789
33017591536
1005002339417543
1005002443491540
1005002284695064
1005002339570911
1005002212370447
1005002146469133
32962450402
1005002393618744
1005002315921711
1005002354099520
32811616255
1005002283291571
1005002483254666
1005002034245459
1005002470626725
10000136369641
1005001928555369
32949123717
1005001616084799
32919789107
1005002232825457
1005001646370100