1005001940935912
1005002343730911
1005001479391518
1005002271472866
1005002318444160
1005002315234105
4001167570075
1005002388950103
4000850476444
4000293169023
32216797394
1005002096999863
32803095604
1005001798519525
1005002333832668
32830495730
4000974273736
1005001931003329
4000166259022
1005002292630922
1005002262835570
4001345656712
1005002332861300
33003758986
4001228183949
32815323912
10000423013786
1005001884327625
1005001933675031
1005002461151311
32969816377
32763505062
32908524151
32953253982
1005002364762207
1005001305296967
1005002342555362
32944909508
10000053080550
4001041081556
1005002401271944
1005002298189072
1005002264499272
1005002457630549
32965429108
32658721537
32842714727
1005002324497589
1005001922597088
1005001633390196
33032724085
4000799424832
32399815742
32844876476
1005001721693558
1005001861766302
1005002136047579
4001154116801
4001129487810
4001333100082
4000571117210
4000048950634
32805176541
1005002211476302
4001110229927
32920127635
32965004138
32807733972
1005001580109329
4000630593471
1005002371419690
1005002389611144
1005001619885180
1005002090752622
32869969571
1005002033791240
2045570150
1005002419652058
4000558831451
4001206785232
1005001462229746
1005002345682653
4000420626369
2031482002
1005001793386137
32987441384
1005001311030980
32969406675
1005001926679281
4000296393094
1005001398380936
1005002317639496
4000107056479
1005002313418362
1005001567168076
1005002115757201
4001165295894
1005002252413972
1005001648934861
32984106853
1005002398759579
1005001867372322
1005002072332983
4001119548254
1005002089180595
32988790352
4000158704874
1005001987091073
1005002341554715
1005002402598021
1005001658687825
1005002425677726
1005001954922611
4000263417245
4001218876318
32944481206
32410255360
1005001559146583
1005002428254613
4001031833920
1005002467935207
1005002430679913
1005002396660030
4001093936138
1005001622860907
1005002001824682
32963915296
1005002321547817
4001220765834
4000074673633
4000724336401
1005002057957639
1005001501102059
4000401793721
32900775266
1005001808287414
33002466639
1000007529537
4000830036986
33057212118
32987426862
1005002264318491
1005001954864456
1005002397785321
4000035776301
32730133276
1005002418955616
1005002211676620
1005002287967857
4001217868345
32903272897
1005002374548999
1005002289917099
4000906894109
1005002420442826
1005001640847694
1005002238498132
1005001657213293
1005001887904204
1005002181683127
4001153778504
4001061173601
4001345387292
4001130829039
4001271670687
4001228506410
1005001374263217
1005001355406761
4001039369505
1005001411682158
4000291977185
4000849930310
1005002488679182
1005001720461231
32993344073
1005002434074447
4001086582763
32997700219
1005002256457786
1005001805193907
1005001976820132
32962743269
1005001689879258
4001180687404
4001002596839
1005001483311743
4000168582491
32953956901
1005002335808437
1005002440307542
32794494202
1005001664396966
1005002267582042
32722243642
1005002289114442
33020675271
4001164239506
32467201314
4001260215066
32663762112
1005002437847861
32924549387
1005002273950936
4001148153373
4001138129179
32436260972
10000397772059
32945572051
4000511216675
1005001556026574
1005002357838753
1005001851224751
1005002293981527
4000864274352
1005002442905427
32967215206
32957411352
4001068040876
1005002414603141
32666309916
1005002213604575
32466612459
1005001666782795
1005002312442671
33006482121
1005002179763177
4001034249060
33056531035
1005001320868816
1005002212203996
32949769237
1005002344812819
4001062728490
1005002370075190
1005001409237719
32330007859
1005002371495132
33017263413
1005002339126057
1005001971856141
32974545420
4000087545048
4000207313685
1005002134765773
32668884781
1005002179755298
4000234173434
4001351632362
1005002289851832
1005001670856528
32970470463
1005002315643212
1005002421258706
1005001452637771
1553557114
1005001584486107
1005002378163587
32649488636
4000936528571
4000669259793
32823829316
1005001699277184
4000459389568
1005002300900020
4000735252079
32844795293
1005002405646213
1005002420302557
1005002208504076
1005001921668682
1005002314357079
32834846152
1005002362373110
32907335794
1005002388148459
4001243489206
1005001780577906
32976522932
4001293705750
33029155408
4001364170954
1005001593030674
4001038277599
1005001510040952
1005001450800234
1005001522161125
32950868725
32931589552
1949811452
4000281701831
1005001937197647
32860490209
1005002427602273
32861399227
4000041953879
33037939412
1005002318888759
4001042601191
1005001999337077
1005002438495165
1005002187201031
1005002478357774
1005001799320219
1005002438017818
4000167625972
33056117738
1005002276044075
1005001458152752
4000072260762
1005002315566610
1005001666412621
1005001705792658
1005002399842236
32895318144
4001252244192
33001453251
1005002308401080
32852353780
4001062403773
1005002168089073
1005002023328272
32917208342
32946018668
4001083618774
1005002203509012
1005001604629700
4001214587918
1005001451511858
4001350559215
4001210971997
32979676475
1000007772791
33015815279
32824606417
4000103677871
32826511949
32889999327
1005002257869596
32811490150
1005001771866861
1005002091134008
1005002344930904
32944452647
10000313507135
32862293731
32804357966
1005001544227103
1005001620812916
1005001830133957
1005001332341147
33048904895
32968097852
4000816841811
32882302304
1005001762840270
4001131217250
1005001706206415
1005002304425545
1005002285605375
32994835862
1005002337772387
1005001579551264
32355838758
1005001611897565
32967504792
1005002382639108
1005001435851249
1005002448730055
4000003384618
1005001834220136
1005001678353936
1005002064130140
1005002119988731
32379850740
1005001659245295
4000203181987
32857753573
1005002488135878
1005002386654292
1005002263835674
4001139672509
32757392184
1005002353686105
32531243812
4000211588659
1005001382271494
1005001913437551
4000161648828
4000696655708
33007340163
32967101307
32904431769
2012781085
4000470509857
1005002443090551
4001091127237
32956795821
1005001608235514
1005002462296635
1005001809769353
1005001942783875
1005002402430578
4001068184612
1005002312985286
1005002382781029
1005002028186723
1005002398737797
1005002419319976
1005002288903612
32963186159
1005002350548125
1005002346020570
32554315890
32739323351
1005002258844660
1005002344213579
32920477418
1005002237792392
1005002408786908
33017207991
4000786722616
1005002314287830
1005002388029082
32901552077
4000816210102
33030914372
32833683264
4000138146254
1005002364481334
1005002341747592
1005002239891867
4000085565005
1005002456721658
32796068928
4001226757717
1005002369050400
32972037450
4000858915782
4001234654074
4000987168730
1005002347875509
32877327332
4001304520445
1005002275566963
1005001980905696
4000342919059
4000247782336
1005002334884437
32915798171
1005001427407223
4001124551335
33020189749
32917540230
1005001534344150
4001228791150
1005002323049055
1005001610620831
10000381446781
32360174003
1005001441271928
32999357247
32817898081
1005002048388849
1005001431496085
1005002028090289
1005001968572827
1005001597508659
1005001586062347
1005002443079824
1005001678639804
1005001381207423
4001356642560
1005002432870500
33052314470
1005001858252729
4000178047013
32699018063
1005002297911768
1005002353995718
4000585030345
1005001619309195
1005002313807998
32719135270
1005002028126180
32829295820
32744003115
1005001406819972
1005001520036331
1005002448084653
33041234924
33034361518
1005002297549388
32831964213
1005001518805427
32857517294
4000548035562
1005002333791707
4000079749526
1005002440702980
1005001303091019
1005002460349237
1005002085951826
4001222698251
1005002388295368
4000723214399
1005002476467045
1005002025372479
4000702293228
4001228560423
1005002260548313
4000708415664
1005002378378267
1005001501529775
32885072010
1005001957514498
32855980554
914789499
1005001586759682
1005002357043463
32399117507
32919470218
4001193195443
32993893445
32737206926
1005002053630866
1005002348158400
1005001989033009
30000001605233
1939170434
4000261880224
1005002432530562
32691482134
1005002116717810
1005002302906935
1005002423610736
1005001997277696
32663026351
1005001669880372
10000366991485
2044165536
1005001652186198
1005001697808874
32978725993
1005001412299616
1005002386895056
1005002304462821
32751223516
4000822294077
1005001326511283
1005002213274121
4000769660881
32658665659
4000287580415
4001201138531
1005001298299164
1005001670796588
33056790748
4000902937689
32785363432
1005002242586941
4000184097324
33003068068
4000238174153
1005002319315378
1005002469983668
1005001419811764
32612975375
1005001425095194
1005002323238662
4000049497039
32849591446
32865503087
32871066120
1005001540962011
32987268489
1005002398614324
33007210739
4000945114816
1005002055334998
33001308966
4000448753750
1005001616789453
1005001315302863
4001215621910
4001270733713
1005001618100297
32917130783
1005002302263816
1005001520085735
1005001883837680
1005002301519190
32814182751
1005001720875042
4000755520468
32933338646
1005002073306570
32907687075
32923619441
4000216236490
1005001929261816
1005002319364055
32597819937
4001143295603
1005001879891114
1005002206353990
33044041217
33032952418
32929054356
10000411383745
32949837669
4000979405487
4000375806461
1005002485128866
4000456746775
1005002314402580
32949440702
32773669710
1005001535091738
32999786112
4000209945264
1005002382457405
33035121275
1005002477892523
1005002171164673
1005002060188447
4000979208180
1005002309579573
32946530894
32993159277
32827760861
1005002334290573
1005001883265724
1005001314432788
4001013864277
1005001736572978
4000207228773
1005001597503486
1005001453282042
1005001962301202
1005002314057068
4000525383090
4000166129146
10000069473355
4000569727028
32922418219
1005002475837980
33051872862
1005001795522208
4000708462049
1005002278920975
1005001708003784
1005001345447117
1005002490236771
1005002191747039
1005001297555257
4000259500414
1005002254396150
1005001869933737
4001113944285
1005002413227066
1005001902313532
1005002278988817
32799469346
1005002011296632
1005002433425967
1005002295443094
1005001430932873
1005001603157557
4001111469990
32806574955
1005002400432683
1005001670806686
4000203161636
32946408185
1005002311164379
1005002304339027
32991143186
1005001823834333
1005002287011688
1005002168705298
4000025368305
1005001766181319
32889058619
4000117826292
33022819928
1005001407034385
1005001996938328
1005002477234733
32985106404
1005002362515690
32899556779
1005002317131573
4000472090053
4000799785197
33006076174
4000120523788
4000251583526
32873549123
32959665129
1005002495369625
32222557435
10000088386580
4000469622183
1005002373764058
32425688515
4001313276325
1005001408369835
32854679105
4000068964123
1005001285260027
32833252952
32909480382
1005001891479448
4001337938255
1005001961682387
4001319506557
4001078677501
32846061556
32795522267
1005002213021398
1005002073830849
32908717002
4000393713339
1005002473666016
32985695826
1005002458378492
4000834546575
1005002303878255
32591019437
1005001726112453
32999872621
4001160985923
4000934014247
32868059112
1005002418621586
32949391480
1005001339776375
1005002267608124
4001153972525
1005002346337537
1005001482714277
32675612787
4001171822203
1005002458214277
1005002391454160
32961611637
32976146189
1005002002037932
1005001933525986
4001341444259
1005002271440801
4000349046477
1005002409883535
32812703847
32825603679
1005001665384806
4000033232190
1005001310498675
1005002180957148
4000908609760
33052543179
4000209861166
1005002278015659
4001027949818
4000177822968
32809405612
1005001475218845
4001166762994
32947932620
32466530061
33058901749
1005002334323242
1005001829809829
32983632870
1005001852098705
32516117901
1005002279404304
32822404710
4001146137959
32886218513
32862889254
4001272497255
4001217893835
32963632981
1005001703568719
1005002351508757
1005002158700510
32615402119
32857460580
1005002001420753
1005002411780563
1005001831166882
32896603078
4000599326444
1005002316115158
32921469958
4000813348023
1005001597898680
1005002283814286
4001326188734
4000498657741
1005001305334785
33049224105
1005002306501035
4000085865708
1005001664070129
33032808178
1005001304555835
4000292334001
1005002333700676
1005002288766600
1005002329700113
10000022117576
1005001997874016
1005001966616358
1005002264376905
1778135602
1005002338048933
32920918886
4001145443151
32968457422
33046818742
1005001792892955
1005002312335024
32975572034
1005001960310754
1005002365311831
1005001946762012
1005001699691019
1005001830171814
1005001919058897
1005001797677868
1005002308817943
33005167534
32250555832
1005002406336273
4000104729070
32629921345
4000856898755
1005002412329637
1005002327463192
32855251710
1005002449844072
1005002291789012
1005001562104001
4000575047217
33049981130
33036682802
1005001899754360
4001026782936
32866443740
32968944748
4000384718237
4000443058951
1005002177931688
1005002192034913
32847437381
1005001793000996
1005001467681784
4000959602095
4000378269054
4001215694430
32880970992
1005002494986790
4000772909739
1005001438865428
1005001918751029
1005002183497193
4001257675652
32855243663
1005001333597205
4000790101407
1005002115437842
32963502333
1005001869524430
4000955597740
32972688720
1804857990
32877670512
32817757345
32951318987
4000680249930
4000587004142
4001227796638
1005002467586381
4001223218381
32834313916
4000726152368
1005001439137301
4000793256388
32964907700
4001341385943
33031943190
4000906706091
1005001625192482
1005002430719205
4000371311082
4000032901877
4001279007102
4001165556277
1005002443993191
1005001795428961
1005001622900590
1005002146484827
4000725671532
4000241714580
1005002454207846
32991805650
1005001556047709
32957995479
4000000794380
1005002301702212
375018887
1005002137167252
4000666583100
32962798314
4001358519958
4000437616373
32836465583
4001038597150
1005002220078664
1005002401962317
4000650823064
1005001513910684
1005002295516035
32862970920
32963492585
32847497901
4000538477864
32862301797
4000287740946
1005002315001480
1005002328927210
4001236753360
32970127730
4001046488161
4001294122240
1005001688567850
32649266605
4001125810682
1005002372279056
33040589211
32580018520
1005002457153226
1005001845080140
4000040748764
1005001844552832
1997780712
32381037299
1005002317119843
1005002261030629
1005002256579943
32795675730
1005002433209122
32448782685
4000986119020
1005001848613890
1005002305169808
1005002247324775
1005002291587493
4001296051582
4000552590002
1005002067842852
4000062795243
4000943413390
1005002250548165
1005002201076759
32348575390
1005002287692956
4000041101131
1005001929372509
1005002432781343
1005002459611251
1005002101742638
32996663997
1005001792224591
1005002323269443
1005002212495969
1005002115407387
1005002253734784
32950087804
1000008134545
1005002064745284
10000314469253
32578945560
1005002447269067
1005002205723603
4000698534375
33012658283
4001226640856
33031983896
32800669584
4000201677942
1005001701301601
1005002217376117
32956206473
1005001883697226
1005002395292569
4000136596125
32881297151