10000377713428
4001248957691
32922916394
32957929784
33044141944
32958687448
4001345131036
33010529540
1005002296990224
32813825094
1005001995049209
1005002434920421
32817833000
1005002298098411
32879734817
4000256109731
32819684978
4000849844182
32776479137
1005001482487848
32816078879
1005001731240327
4000299944469
1005001966460156
1005002399841384
1005001804355260
4000274503621
1005001447092308
4001096169803
1005002186180468
1005002139978057
1005001893277831
1005002256618872
1005001579475426
4001014604389
1005002211146533
1005002299756529
4000834945145
4000170094943
4001208785828
33057803181
32842157337
1005001627175968
4000093870351
1005001926762877
1005002442562824
1005002278582502
1005002314449437
32481320056
1005002363229436
1005001340001305
1005001764772316
1005002350751483
1005002425832776
1005002347432030
1005001463849473
1005001898785611
4000918072648
4000740046497
1005002371591593
4001183280532
4000905539251
1005002224466998
33038024646
1005001937569731
4000374218473
4000982888681
4000314736505
4000683931858
4001231999602
1005001873090755
4000523629369
1005002024573674
4000803356909
4000416887254
1005001989292947
1005002268748327
32798946954
1005002198702750
32973220187
4000284342878
1005002330860083
1005002283429810
1005001786349285
32706491774
1005002370445392
1005002408399269
1005002085922776
1005001608679057
1005002351689704
4000970807931
1005001836250745
1005001729263024
1005001907377595
1005002428692092
32853800413
4001014989401
1005001671115042
1918874447
33030280438
33026596154
4000778952698
1005001942818759
1005001562588584
1005001844136533
1005001669533304
1005001737889907
1005002376742766
32977242977
1005002382916144
1005002319840613
1005001834722346
32791856210
1005001961001172
4001265842886
4000714658521
4000593104530
32706491223
1005002424440190
32847669857
1005001883960811
32378378835
1005001764111798
4001171124911
32352045549
32924873922
1980989044
1005001704864325
32963104457
1005002357479900
4001313831345
1005002353102818
32859074262
4001221714968
32799075707
4000777266694
1005002352414766
1005001948454506
1005001982311873
1005001862925743
1005002146381513
1005001462885755
32922415690
4000751902241
4001010763094
4000780503587
1005002413435215
4000199892200
32658592786
1005002235710994
4000599405342
1005002258270482
1005002353382424
1005002332080055
1005002377622370
1005002462377936
32805804664
10000395856349
32833363552
4000812910120
1005001802913463
4001150273994
1005002268990988
1005001873683745
1005001910909579
4000585453238
1005002069520556
32846545354
4000140841084
1005002283061495
32902875917
4000696466624
4000126976055
4001128210173
1005002426197599
32803307821
1005001389051423
1005002433053931
1005002333268450
1005002046434159
32948786431
33005986340
33008397444
1005002348652394
1005002261131782
4000907457025
32811046208
1005002281854707
1005002275971909
4000993591702
1005002171707834
1005001454347476
4000865428668
1005002332632980
1005001369789148
4000381757024
4000817859880
32666974267
1005001302676773
4000579692625
1005001834869840
1005002271252868
1005002266671910
4000756284672
1005001506546945
1005002259815263
32964244358
32528211659
1005002230480311
1005001675762006
10000027888986
4000380795711
1005002055463576
33012191587
1005001374778630
1005001770613033
2021030810
4000837252336
1005001310469791
33008774492
4000738818365
4000109375607
4000122030846
33022310091
33039958745
1005001612354337
1005002317100114
1005001269893387
1005001381257651
32841102787
4000219177875
32871050610
1005002443805039
4000990043721
1005002006216885
1005001447634811
1005002367258375
32232153101
1005002367142247
4000374199465
32726259165
1005001836623746
4000382369009
1005001989181054
1005002382857419
32852130999
1005002471722451
1005002311968962
1005001501177529
1005002322738323
1005001930722712
4001196856157
1005001977888122
32858359451
1005001792582511
1005002043589849
1005001645279074
32800313811
32549253171
1005002342768905
32835061260
32299662405
32915354153
1005002329065240
33015381425
1005001560964642
1005002421505670
1005001943004037
4001105147726
1005002319468506
1005001625075413
1005002252882807
33029726662
1005001479741106
1005001313206792
32952193560
1005002381600874
1005001273962933
32803947649
4000235599987
1005002333507028
1005002311001403
1005002334007802
1005002447483573
1692878836
33012938786
4000826625949
1005001616354018
33061747624
1005002353237504
4000865420435
4001191977479
1005001820232303
1005002169624066
1005001730947243
1005001788942089
32852269196
1005001413815804
1005002427934093
1005002466261106
33033268596
4001183378227
32806471750
4000100483302
32888103165
1005001590948525
33059539864
1005002276339477
4000217552341
1005001470341151
1005002481407291
1005002388444613
4001130971618
32699362435
1005002264362619
32959935379
4000857141878
1005001697736577
4000397564131
4001172868832
1005002425634392
32851592476
1005001620841605
32305743728
4000155089233
10000422998733
32796767598
1005001952689206
4001204076417
32975677823
1005002081904361
1005002468166240
1005001623143070
32826570979
4001018861858
33024795549
4000896224210
1005001859234757
4000575111187
1005002386710344
33004076836
33004071297
1005001985715682
4001333359924
1005002345395133
1005002386858780
1005002256642954
1005002282793602
1005001704074803
1005001750015288
32306160067
4000987470203
32871571453
33030818228
4000348847142
32882467310
1005002353324395
33061331378
32942936510
32864978514
4001255056355
1005002394610356
4001188494367
32993289020
1005001397392317
4000543307774
1005002467495681
1005001657712648
4001227372127
1005002434778124
1005002052612195
1005001435627895
4001320444351
1005001987436877
1005002314375754
1005001865409764
4001290077293
1005001770577763
32806456295
4001107689660
1005002352379369
32912357346
32332653964
1005002254696447
1883597637
32891414221
1005001439049975
32912598519
1005001867861420
1005002075091334
1005001795372884
33004343286
1005001491197631
1005001807109588
32998853859
1005001988212990
32582821401
1005002168069035
32857999573
1005002246066610
4001163209675
1005002334280253
33003522125
1005002482743747
1005002314491549
4001238778049
32820819704
1005002441758415
1005002280873173
32546666917
4001123449699
4000604285663
4000808615946
32883980933
1005002288510839
33008034128
1005002004865913
4000738356427
4000535197301
1005002052696015
32946543738
33019974577
1005001645207869
1005002175987848
1005002457025078
32413857190
1005002418533941
1005001909725510
1005002211363364
32763838453
1005001655592561
4000510842931
4001112400363
1005002340147940
32955025970
32825363826
1005002492351312
1005002298776783
1005002393644259
1005001717975278
4000687260632
4000199682310
33012248047
1005001644340298
1005001353636627
1005002396900233
1005001885837304
4001001071533
4001175591018
1005002495904248
32757183772
33026042576
1005001292052821
4001241011592
1005002341690136
4001321493404
4000043431009
1005001394722079
1005002401231810
32722269992
32956835889
1005002286958042
32879904719
1005001700033383
1005001457711801
1005002339320768
1005002122291903
1473294904
32978996270
1005001374476675
1005002272493335
1005001705622450
4000424318765
4000049920909
1005002314256192
1005001273740694
1005002090623465
1005001450136196
4001229527266
32905417044
4001280426914
4000818179909
4000593542851
4001247877407
32824629240
1005001323096196
4001118242330
32880775122
32859791612
1005001681597583
1005002345510857
4000987189061
32999068482
4000189684478
1005002332013565
1005001675873780
1005002074513302
1005002252877752
1005001620612462
32994035138
32985683347
33043526238
1005001603755880
1005001946633382
1005001729351369
1005002011262623
1005002210401538
4000857225258
1005002457515016
32820850720
1005002369643846
1005001840589450
1005002220509040
10000084828786
32842563108
2054442576
4000104561853
1005002337257503
1005001592306904
1005002167956250
33018070005
1005002091751381
1005001307848250
1005001638126466
1005002332857864
1005001487552896
33046962057
1005002223258434
4000124769264
1005002404731799
1005002341952769
1005002162064375
4000768949173
33043944845
4001209205570
1005002353542775
32958589437
1005001966183878
1005002432096093
4000791262826
4001254272115
4000905757338
1005002460033582
4001040891759
1005001612964468
32952170869
32784650254
1005002319611188
1005001832683855
4000316593958
1005001721203096
4001104699244
4001241145162
1005001530183462
4001316051929
32977650998
1005002500404879
1005001958225584
1005001501310993
1005002394113342
4001174426895
1005001751087192
4001284398384
1005001632860602
1005002023480489
4000774346128
1005002224692719
1005002057988839
4001081921008
32847893312
1005001938131554
1005002378535187
32758462864
1005001478227086
4000550425193
4001304649951
1005002364334877
1005002301116763
1005001792951762
32906100259
1005002328211679
4000148872193
4000028376917
4000934764286
1005001671023062
1005002275913162
4000712380073
1005002412279479
1005002172990137
4001285526875
4001131165976
4001172960887
33011782646
4001244030601
4001223701628
4001250668868
1005002321012793
32889469037
1005001971548538
4000404137385
10000056956942
4000035556584
32667189152
1005001824142890
4001143385028
1005002377629574
4000115433800
32830428465
1005001876941045
1005001309344960
32978370649
33008197154
1005001334723285
1005001954837724
32526622668
32869771885
32821869346
1005002327442459
1005002217203872
1005001835315683
4000483474148
1005002433299091
1005002302638045
32875707221
4001201857212
1005002266425716
1005001284713384
4000024264259
1005001835759396
4001038390039
32997256194
1005002398719534
1005002125993574
1005002457167694
1005002347674012
32954506257
1005001927930108
1005002288508276
1005001688065573
4000288852732
1005002204681787
1005002143240561
1005001764881867
4000299173027
1005001922507620
1005001444911085
1005002258689484
1005001393630936
32690482353
1005001731892486
1005002378709392
1005001769610359
32954277553
33042171788
33029519604
32995861942
4000934164523
4000761312308
1005002156770535
33054237454
1005002197526608
33064235086
10000048210427
32819490619
1005002372369237
4000136715511
4000085400009
1005001642550159
4000498705007
4000044792030
1005001631077342
4000412191689
1005002276396499
32383033434
1005002232979004
1005001744295941
1005002089157777
1005002279532525
1005001399248754
32858534212
4000804541466
1005001582701933
1005001894980854
1005002288587703
1005002064538765
1005001905913363
33030936308
32848250127
1005001821167971
1005002191609633
4001278462117
1005002265541212
32601728362
33034111629
32889642044
32957793303
1005001448569465
32904993998
1005001399144950
1005002313875978
1005002337010991
1005002101797553
33005344875
1005002479997674
4000771202241
1005001848714961
1005001632144523
1005002278885066
1005002247686217
32956044976
1005001768445842
32988506770
4001286778375
1005002281430201
1005002213779449
1005001930279508
32861017246
1005002091656352
32995435424
32971144262
32503002316
32883314380
4001229695186
1005002241097666
1005002439152257
1005001523637274
33004898307
33041117529
1005002065585264
1005001756250426
1005001813830704
32946721538
1005002398644989
4000909179842
4001041056959
33042514074
4001286635014
1005002453826107
1005002032384805
1005002117129798
1005002350940583
1005001298951066
32989438865
4000582678383
1005002465816507
1005002286753212
33013876905
1005001607866420
32513857622
1005002274026389
1000007442079
4001113127883
32847130023
1005002329465156
32907539201
1005002347064204
1005002394892249
1005001713431299
33000931083
1005001619804718
1005002378920025
1005001523864567
1005002262467509
1005002248516786
32846715986
1005002213686903
1005001863136551
1005002403363541
32863156781
1005002236242981
1005002341130020
1005001585424268
32860746197
33004858375
4001315727263
4000379298104
1005001644662807
1005002002571047
1005002423899972
4000101173298
32985066034
32363794311
1005002096701865
4000842599712
4001204762796
33056432678
4000502207145
1005002185223645
32917077756
4000028921765
32912392121
32737823238
1005001780208566
1005002311507549
1005001980117403
32903228003
32979791300
32996817216
32747626192
1005001686053634
1005002286343157
32558569143
32833365249
33038885545
33002791331
1005002426094718
4000911154913
32910374526
4001104579416
4001142056391
32868858111
1005001868401587
1005002422938954
1005002384411432
1005002302314982
4000192763094
32911045968
1005001425154320
33023064258
1005002001930869
1005001303388043
1005001509548742
1005002489486500
1005001307889718
1005001984555337
1005001798991243
1005002301232886
32818726135
4001121878852
32565818678
32887713355
1005001298461110
10000397723367
1005002305304373
1005001485012388
1005002288808400
32835259070
1005002052673409
32953910636
4000042392084
32966837701
1005002306510025
32968841756
1005001332586702
1005002033483020
1005002276367344
1005001869789848
4000844855924
1005001930662904
32834831080
4001153664856
1005001528629775
1005001935377978
1000001541931
1005002400534814
32995426771
4001241195117
32869461480
1005002278015119
32853455307
32843472086
1005001802631033
1005001683976251
1005002259719832
1005001971154467
4000841814482
1005002364016461
4001053821873
33047984407
1005002464857780
1005002287688947
1005002478360086
10000424282727
32820035650
32974513616
1005002341659539
4001157141801
1005002310508431
1005002308905850
1005002214702558
32856939303
4001019147954
1005002392662445
1005002180875674
1005002453699155
1005002205977499
4000679328887
4000258617289
499752559
4000437120688
1005001721947260
4001274047367
1005001874192706
4001365204952
1005001353776413
1005002317993890
32809691521
4000841798891
33037610106
1005002356873760
1005001989028945
32841562479
1005001958697220
32898292191
4001222534081
32846391196
4001320246193
32796745021
32835912442
4001018656654
4000972940108
1005001989706728
10000334021622
32441901965
1005001899639125
1005001864637409
1005002468296059
1005002427966300
1005002322171980
1005001936833906
1005002251916451
4001065034367
10000349705916
1005002280824715
1005002048843411
1005001556305528
4001289851794
1005002064155112
33027493845
4000180725498
4000817132452
1005001989324960
1005002280673332
1005001601679538
32747601426
1005001551081262
4000086737177
4000032686787
1005002355480751
32613878307
1005001864523865
1005001723963363
32809266606
1005002454399129
4001277480236
32847348998
1005001988616841
1005002064544436
4000584986577
1005001825362108
4000495745225
4000113607592
32993580149
4000315253060
4000929980101
1005002417172618
1005002192977289
4001338210407
1005002473768725
1005002412885710
32867256012
4001200164914
1005002103878599
4001317003897
1005002368152061
32378922275
1005001902948596
32995835757
1005002005827730
1005002476026422
1005002081292524
1005002263406434
4001244117271
32979877197
1005002306363924
1005002226678997
1005002314322363
33013895441
4000224401530
1005002004523366
32851697572
4000544136501
1005002442381982
1005002160392490
33010520433
1005002324179213
1005001872448521
4001242667539
33049130275
1005002206106434
32863309282
1005001864286249
4000546022778
4001358697362
33039059817
1005002122292843
4000545901944
4001031449203
1005001319504195
1005001499693011