1005002382348366
1005001744769892
1000001391268
4001193911360
4000188252612
4000960563681
1005002206431203
4001183963263
10000149896170
1005002312710020
4001064813919
1005001518565433
1005002341917613
1005001440859544
4000926057079
33022926559
32993161392
4000737319899
1005002481056682
4001075716707
1005002252168847
32839680888
4001038863882
1005002018800161
1005002454409083
1005002168131480
4000548426678
1005002064989700
1005001942975301
1005001678273712
32975162727
1005002285821730
32797995489
4000220549098
4001144756872
32878703913
1005002233795953
4000342364538
1005002176237026
1005002304643257
1005002334127901
4000072413302
32984395599
1005002310952826
32960340536
1005002217829721
4000590063550
32902778510
1005001807205995
4001122560626
1005002315196532
4000219125149
32850586900
33041277664
32975837867
32862121669
1005002247029149
1005002212630885
1005002378148296
32919331695
1005001975549897
32981812998
1005001641069133
4000034170815
32796555652
32845833648
1005001398604581
32824584057
33049566222
1005001723397262
1005002250206421
1005002205339604
1005002329649573
1005002319256005
1005002329943855
1005002255673054
32803502739
1005002449511646
1005002000526658
1005002107398821
32384507489
1005001678499472
1005002496214981
32982888817
4000236363520
1005001874244343
1005002482949079
4000662779982
1005002313936804
1005002318790763
1005002420844228
1005001629560586
1005002128910952
32945921237
1005002304471536
4000725258402
2033014450
4000546077151
1005002454272781
4000032025285
1005002330800989
4000210670106
1005002366099906
4000921180724
1005001718924512
1005002025252001
1005001966489638
1005002377134698
1005002353961284
1005002349568763
33034366254
1005001814628519
32839683216
32848170739
33059613716
1005002357499970
33036762095
1005002130310088
32309826216
1005002027845718
32890972783
4000777063352
1005002237914202
1005002206634308
32995896118
32890935822
1005001594623715
1005002394926523
1005002307570451
1005002102269660
32977507824
1005001356097803
1005001694222398
4000893934300
4001176017946
32627393145
1005001975376330
1005002329808908
4001327719118
1005002356408137
1005002189448953
32968002157
32830722050
1005002081508421
33035143580
4000941742780
1005001900021896
1005002251845784
1005001570313487
1005001690315371
32880302568
4000745662770
1005001790361518
1005002100300153
32986395066
1005001608763469
4000270567971
1005002392569408
4000364740949
1005001504525295
1005002443662565
1005002291139527
1005001280822885
4001224319497
32251453631
4001318107357
32607907335
4000622987161
32723976656
4000094363542
1005002465625617
1005002413298913
1005002424845546
1005001898638839
4000902735410
4001260549927
1005002417418073
1005001678611423
1005001429490394
1005002241295655
32968461400
1005002265417917
1005001961098487
4000971825283
4000731219021
4000389078547
1005001994156915
4000389531254
10000399951414
32996913002
32940841969
1005001616599821
4000554454128
1005001488835379
1005001632007475
1005002352210558
1005001976664203
4000773844488
32995466562
1005002327799726
1005001718666767
4001282245520
1005002327012406
4000833509931
32799416543
1005001785966972
4000666084425
4000280643625
1005002259601886
4000299461937
4000121356280
1005002412923132
1005001958671227
1005002286885966
1005002481525509
32835270930
1005002254167022
4000037240940
32954321258
1005002371666916
33027816482
1005002421297604
1005002064178882
1005002472541306
1005002000221405
32855891845
1005002295835459
32980214148
1005002301300419
4000792996119
1005002346366279
959300267
1005002485036001
33024154552
1005001617315862
1005002335457394
1005001398591599
33046418846
1005002172981094
1005002348326659
1005002412189336
1005002358529854
32843094381
1005001764069628
4000162368778
32855512499
1005002246100867
32951481574
1005001452681424
4001226837974
4001058412114
4001171319738
1005001731773787
1005002052249592
1005001353996282
4000177861083
1005001465809829
4000728393729
33061047061
4000860830792
32983436134
4000642261643
4000274917078
32846934875
1005002319301670
32699976184
1005001332087049
4001211466569
32952410644
1005001535081343
32834900319
1005001457402722
4000234723437
1005001275587458
1005002000345282
1005002270652109
1005001452932251
32803710529
1005001413228729
4000799332254
1005001288951004
1005002126459081
1005002466093809
1005001710889255
1005001571033881
4000080686094
4001183759757
32923016353
33011846716
4000850432674
32887443287
32970006378
1005002275277212
1005002386858470
32414291155
1005001645429225
1005002413355904
1005001845012872
4000052291732
1005002058698416
4000976369597
1005002256155907
32849042055
32842046644
1005002415990003
4001101013967
4000923830208
1005001579730384
4000699889218
1005001859820496
32884215688
32997439290
32990271914
33021796648
4000741970726
1005001783415295
32969088778
1005002407646698
4000515896371
1005002424700059
1005002277364174
1005002256214258
4001228589317
10000302774652
4000222247131
1005001514659543
1005002284076975
1005002350075965
1005001845232116
32847767506
4000796784175
32841284994
32824654274
1005002274226185
1005002220815487
1005002314212944
4000740466662
1005002402194808
1005001354707812
1005001882380594
1005001629051168
1005002079551554
10000417679742
32998521839
1005002336518166
33048139337
1005002208249550
1005002197134848
33055562551
32363380283
1005001912951407
4000672126963
32915929561
1005002314309798
32916652994
1005002310987457
33004008531
4000318121192
1005002393038098
32789393483
10000024751774
1005001530522099
1005002418583090
1005001361302044
4001176659115
1005001643928171
32458912682
1005001515716467
1005002294236285
1005001586326482
33059020785
1005001365057372
1005001946774625
1005002352586303
1005001955019097
1005002240128411
32863189538
4000375742680
32891254144
1005002070470269
1005002295248844
4000093487080
32886408434
1005002500387964
1005001854124318
4000341971644
4001200096117
1005002479481665
1005001821940040
1005001858095684
4001132102447
1005002220309695
32922318390
1005002292215464
32387546887
1005001562239959
4000566172481
4000098932491
33027073596
1005002377436431
1005002459068834
1005001834776182
33030026142
1005002056072267
4000311494794
32461705743
4001038781702
4001138274986
1005002277593596
32828815960
4000248638751
1005002327311075
1005001572866655
1005001841840956
1005002345815897
4000993878224
32939805981
1005001463000810
1005002358235408
32846381540
1005002369607119
32981419236
1005001529614975
4001043082156
4000820713907
1005002386275298
4000946020695
32769635913
4000786145093
32690553671
32811175590
1005002443660561
1005001343289884
1005001967997140
1005002490500217
1005002362928153
32764934536
4000843770896
1005001954777913
4000764511131
1005001977185367
1005001509882978
32829897439
1005001501594138
1005001399366027
1005002335976978
32890140594
32885783310
1005001935317713
32805929704
1005001515919352
32953969444
1005002080525229
4001176904434
4001146128518
1005002002444427
33018495544
32971437596
4001022563490
1005002388357350
32848753194
4000216177000
1005002433852125
1005002466121403
1005002340794195
32775196714
4000325016591
32830031113
33052073849
32940620167
4000258267232
4000051737884
32916896287
1005002418100367
1005001848667036
4001245887551
1005002475397855
4000920312763
4001103613608
32914820078
4001034683059
4001259671864
4000849901232
4000844057509
32940825287
1005001603287438
33038072774
1005002428140986
4000823273641
1005001986312302
4001126576579
32930173802
4001053104465
32970818872
1005002301235732
1005002341138897
1005001302628943
32821989796
4001192995663
4000088598781
4000388278812
32844436064
1005001403384326
33012407178
1005001953939716
1005001284611414
1005001491171050
1005002299759732
4000843237491
1005002419773541
1005002371276718
32837533562
1005002312530027
4001035736136
32894446849
4000171726755
1005002037430741
4000888930603
1005002105027492
1005002346817915
4000743865715
1005002401155144
4001153190669
32970478128
4000409392454
4000053395869
1005002459903127
1005002219114248
4000538435978
1005002435798087
32823833662
1005001834753547
4000770160930
1005002239498805
1005002454009843
1005001638063528
1005001341079464
1005002466843305
1005002224001484
1005001456449868
1005002312181041
32837741640
32810692291
4001269644817
1005002433316750
1005002219674988
1005001612127917
1005002064120639
1005001671859411
1005001936229783
4001259514940
1005001603304776
1005002142699991
1005002089941028
4001031559214
1005001533562034
1005002301081979
32921207652
1005002240967280
4001036594149
1005002357618624
1005002108689509
4000152075170
1005001364911289
1005001709014660
4001244523243
1005002454835151
4001143257633
1005002489164949
32974829572
33036560975
1005001406953146
33062747722
375492758
1005001340544809
1005001311055513
1005001799825155
4000740036212
1005002253754924
4000923535198
1005002292329510
1005002352447456
4001028382461
33055576615
4000685704301
32961555387
1005001888151320
1005001855896227
32603892766
1005002370639181
4001138970724
1005002329526155
1005001568670500
32912050537
1005001669906937
1005002323858557
1005001998998829
1005002119361169
1005001937536713
32842822806
1005001485592067
32994946404
32453327092
1005002027847808
4001014689525
4000780703491
33028797761
32993883991
32622449641
4000994964526
1005002418803879
33005826715
1005002321667016
32888887897
1005002144217105
1005002143495862
1005002318316112
1005001677292672
4000303317617
32907934074
1005001559871275
33050440129
1005001905704965
4000072520346
1005002156938929
1005002467135083
4000850627993
1005001918700073
1005002007136246
32920907277
1005001567740842
1005002026872936
1005002314941296
33017271078
4000642785194
32635968024
1005002327905125
1005001947548470
1005002395421561
1005002453718809
32833059229
4000863325136
32826616959
1005002425820835
1005002212794017
1005001629160133
32837328702
1005001441475267
1005001639710583
32918140712
1005001438588595
4000469326283
1005002381500241
4000275011911
4000245678723
32812786581
32599151294
32816413073
4000910047970
32828138152
1005002462108717
1005002319198904
32931489222
1005001834499588
33031529158
4000786636834
1005002355842818
4001313789255
4000445281774
32829094751
32786697628
1005002112762392
1005002085456658
1005002352256190
1005002372434727
1005002459279173
1005001875320791
1005002423607177
32767792848
10000397729558
1005002311275669
32823713645
1005001840256733
1005002340429716
4000497069304
1005002286947249
32796370908
4000980264272
4000698422778
1005002484489370
1005002342294708
1005001882400290
1005002487880837
32913044766
33002795782
4000520248495
1005002452555918
1005002398670073
32856894096
1005001670961760
1005002124622271
1005001321116709
1005001946812750
1005001722799699
1005002275997800
4000545622972
1005001389065713
33023019507
32849260980
32993761590
32796540923
32246560219
1005002500399532
32959910599
4001349863537
32974005944
1005001466008319
32917873713
32997770439
32546498896
32856470647
4000049130699
1005002392585958
4001107273444
1005002008312506
4000681036768
1005002473793441
4001248535610
1005001541149310
1261453587
1005001420323001
1005002268781649
32861575118
33029805147
1005002364453832
32690057598
32847406483
1005001994065626
1005002287838661
32812566151
1005002317743192
4000885148835
32799516034
4001345795277
1005002451045608
4001275942767
1180548766
32886260090
32656777174
4001140357051
4000112546682
32937134415
32953896378
1005001565847137
1005001266936427
4000279852845
1005002313053978
1005002351816453
1005001972930918
1005001835978083
1005002315223544
4000174261501
4001264421537
1005002427830585
32864134750
4000376256134
4000986727515
4000304743367
1005001339304737
32976063446
33049363839
4000934075531
1005002286221795
32920537655
4001061862465
4000047884363
1005002336646742
33053051916
1005002280464933
1005001769478783
1005002347255046
1005001330068087
1005001326154692
32587705516
1005001812037519
32947064241
32868398501
1005001374427148
32876351490
1005002315579729
1005002271985530
4000287933014
10000389379111
32688059826
32885107517
1005002420611429
4000453387611
1005002433974089
1005001626123894
1005002010878250
32975796309
1005001615790355
1005002191635404
1005002296655164
4001129438023
4000990811796
1005002471465901
1005001596692673
32876093637
32869310320
1005001678004331
1005001526155771
1005001599860998
1005002487883923
4001134449433
32985127091
1005001971634814
1005002328126560
1005002026900201
32981494716
1005002381453925
4000895049414
4000399539976
32352448935
33008674263
1005002427310012
4000089706340
4001200888330
1005002342525853
1005002393864779
1005001850373996
32583439827
32262610104
32990008187
1005002330519261
32860965817
1005001639460016
32667852700
4001203049157
32854198639
1005002395807742
4001294648186
1005002203919350
4001287890389
1005002283411551
4000534276356
32979651280
32756883281
2032447274
32976534722
1005002304161023
1005002338943360
4000800972978
1005002305355769
1005001367964228
1005001744394602
1005002290056746
4000053423673
4000392043107
4000496612873
1005001529796677
32834532595
4000860811684
1005001894543812
4001225153700
1005002390666813
4001141893678
4000176422024
32849650303
32960650965
1005002232404852
1005002330492455
1005001486836591
4000074797209
32930660780
32842978576
4000791674357
1005002277175064
1005001871904592
32907680482
1005001974871895
1005002240870352
1005002309177992
1604864543
1005001308926770
4000722954723
4000784576394
4000130527772
4001088999751
1005002246862234
1005001546487722
1005001656962808
4000572335795
4000042054850
1005002377400321
32335254295
1005001762451499
1005001974783233
33031151512
32833984252
1005002364717632
1005001578973487
1005001890964510
541027527
1005001343628255
4000868498777
1005001495323848
4001327411108
1005001346358650
1005001411287662
33012514695
32968078874
4001178418182
4001150017158
1005001812259840
4000780097159
32966340821
4001290524357
1005002323567487
1005002357787285
32831836396
1005002329268814
4000263091936
4001316742714
32957971301
1005001512708996
1005001991662007
1005001287076353
1005001273722975
4001217693336
4000191858025
32852502746
1005002449834181
1005001694179822
1005002239905012
32861469639
32810952429
10000306425577
1005002410888257
1005002069342151
32795780968
4000959303416
4001196313543
1005001360158752
1005002322317243
1005001284285624
1005002137478167
1005001267274421
32815468013
32910106651
32698544806
1005001885987298
1005001774788040
32807890174
32880826931
1005002253122563
1005002323743638
1363975541
4000463599498
4000398454569
32602826871
4000209901697
4000666144063
1005002433732252
4001233578810
1005002336504413
1005001284715942
4001347710535
32968063014
1005002489748943
1005002283233615
32842498568
32961947735
1005001971470134
1005002328901573
32366413626
32842689702
33002358986
1005001555869042
4000979451881
32956166020
4000180410059
1005002395532249
4000641359465
1005002419300557
32839883215
1005001515324289
32899409566
1005001816906850
1005002232732046
1005002298885852
32996937024
32898869714
4001228651308
1005001292879074
1005001590579480
1005001884960294
33059769694
1005001762738927
33027545176