1005001630898965
1005001496648568
33057018150
4000640947707
32894646810
4000662611203
1005002276825091
32360237837
4001197370227
1005001835567093
1005002431088207
32979641391
32818459552
4000692833759
32376950900
1005002283690723
1005002362490825
1005001515829072
33047849568
1005001713768562
4001216959709
32974842729
1005001487301144
1005002312702126
33017956215
32981157647
32806372013
33012187543
1005001458268076
4000023374415
33045367692
32827994245
33008547375
4001264052816
4001068938762
4001034466006
32821690132
4001287003963
4000097423644
4001180004690
1005002105891782
1005001570310961
1005001848923224
1005001680062008
4001272122150
1005002469097598
32786449472
32689379829
1005001794153495
4000922460636
32923716596
1005002265088426
4001058142216
2049026286
1005002320867449
1005002446894411
1005002307781846
4000516726856
1005002387006384
1005002375499764
1005002460228797
1005002466291489
1005001339736111
1005002262565979
1005002345390818
32890157288
1005001404919676
1005001538531223
1005001470978089
4000466591123
1005001869473084
1005001948066829
1005001462953060
1005002419751405
32965456238
1005002363747822
32870947955
32940761726
32853522550
33049973850
1005001736573907
1005001804138567
1005001822337450
4000263229313
1005001894320996
1005002373083090
32911874507
1005002458979237
32657597589
1005002483470299
1005002444284866
1005002333419000
1005001469265542
1005002464702202
1005001621110752
1005001771798888
1005001576042622
1005002313959789
1005002406651972
1005002027290907
32909196868
32859533634
1005001493480839
33057403907
1005001552099308
32926189188
32804578767
1005001405498004
1005001285077687
4000990860065
32982921787
1005002417839103
32801142333
1005002348324010
32800898895
1005001303409426
4001224215483
1005001452729307
4000250023690
1005001500672560
4001111987148
1005002313735954
1005001385499116
4001075750682
32381132882
4000812370666
4000223397287
1005002133599195
1005001826554347
1005002441828776
4000173706084
1005002072739020
4000956020623
1005001451298098
4000534169907
32980685255
32998967490
4000065784997
1005001731398802
32846081298
33019596752
4000934734218
1005002224999199
1005001596168677
1005001773748784
1005002059427013
4001207548731
1005002247557191
1005001948786884
1005001424556878
1005002369174137
1005002335740898
1005002094140502
4000869761747
1005002307533375
1005001604212556
33004303522
32768357861
4000274938412
4000096091481
1005001631384546
1005001525756496
32948670160
4001270909689
4001214259425
1005002057121952
4001090662452
4000966192807
4001305730030
1005002240363109
4000096517266
1005002231484836
1005002359430800
1005002352412718
1005001661336475
32833440465
32353563656
1005002398805182
1005002282533969
4000352631442
33017563862
1005001695506086
4000222600454
4000695540244
4000519699615
32814100061
33031284618
4000183939800
1005001365479018
1005001902096179
1005002377085501
1005002433557018
1005001435936336
1005002284174773
1005001387279388
1005001502986119
4001210111089
1005002443109320
32881288302
1005002372866215
1005002459222133
1005001715617165
1005001370902565
33045221102
33014075611
1005002115716224
32845136927
1005002170914813
1005002327187053
4001282345862
4001202701954
4000811260529
1005001708629069
1005002453063064
32887007440
1005002299862166
4000768186092
32251573696
32861684770
32992544780
32886292669
1005001854266385
32983352130
4000110251326
1005002269099476
1005001387730284
1005002314453167
1005002357650146
1005002027927985
1005002469092612
1005001708287746
4001286608452
1005001659229123
32870349554
1005002394328290
1005001686222180
1005002319778201
4001252187522
32815267124
32222994204
1005002199260620
32773687819
32788860097
1005001737609255
1005002287977361
1005002339434128
10000169788229
4001145743193
1005002380594425
1005002412896277
33054433995
1005002369229509
1005001404928206
1005001813002640
1975364657
1005001745414873
4000891018850
32827218321
1005001450161579
1005002481439114
1005002296948998
1005002329731766
1005002420732815
32614457581
1005002467392722
10000397725324
1005002164263789
1005001651847348
1005001687779590
32892462829
1005002324467130
1005001360148090
4000026859010
1005002074977310
4000886637024
1005002450590103
1005002280567522
1005002319266185
4001081491973
32853094090
1005001622191126
1005001540922435
1005002233969073
4000760651760
1005002443375057
32968366078
1005002186060933
1005001383555368
32814452422
1005002485728182
4000779928313
1005001315100217
32833447525
1005002477799404
1005002394055146
1005002328106139
32935159258
4000009640217
1005001314625042
1005001542965696
1005001571631493
32977650447
898857536
1005001942331700
1005002323269795
1005002355786357
33036024581
1005002328093459
32955738359
1005001538362473
1005001560522649
4001224592904
4000290876672
1005001620908101
1005001697865773
32877140472
4000641371697
4000150412685
4001038962618
1005002174984588
4000466602868
1005002353298723
32741651433
1005001831721863
1005001560352638
4000961339642
1005002319134679
1005002466257992
1005002128993940
4000708233757
1005002320770905
10000397741008
33030152602
32765921048
32789522394
1005002341492200
1005001483658778
32962915966
32857115010
4000687541848
32862240942
1005002466745187
32962878379
10000374615406
32273525063
33023446991
32990005979
1005001424223275
32988967278
32981397176
1005002362575627
1005001561000187
4001064990859
4001230403262
4001064796007
32822180661
1005002400540828
32756829970
1005002167863644
32884917167
33000682131
1005002226799510
1005002331715883
4000580051731
1005002009474176
1005002399141545
1005001426818168
4000696990833
32831657972
1005001990939789
4000448721680
1005002342224134
1005002490269754
33030352293
1005002288769901
32946024496
4000216808278
4000669348583
1005002420811247
32625980206
4000891840707
4000955271440
1005002350748477
1005002265037599
1005002466043527
32831836084
1005002377431154
32338368636
4001233501710
1005002304092201
1005002454400151
32924212415
1005002323173344
1005002473521291
32962457044
1889566190
1005002080374824
4000180035910
32928263834
33020416127
1005001462524820
1005002388304938
33013935805
1005001302724993
4000282537914
1005001732065035
4000321909162
32996061816
1005001671483588
4000396163350
1005002054669554
1005002310929458
32926687005
1005002363267704
4000162937415
4000689107013
1005002109737434
1005002385377304
1005002206345381
32981485287
4001226233268
4001244917653
4000285402622
32912421129
1005002224515351
32843859731
1005002165896697
32247384747
1005002264798970
1005002178129620
4001078007048
1005002374645446
4001248981465
1005001894574664
1005002109897290
4000223812535
1005001603123980
1005002306689231
1005002396615784
1005001883169206
4000411661558
1005001297089442
4000429891348
1005001712798880
1005002264397989
1005002400929201
1005002058743660
1005001309759170
1005002466615584
4001142029940
32867470952
4001279094162
1005001491591390
32886427648
1005002233118117
4001036590390
32913076368
4000086580110
1005002077440835
1005002334128579
1005002030346683
1005002134877829
32809370099
1005002249423121
4000987905132
1005002115545869
1005001835398946
4001293883465
1005001620099605
1005002334048044
1005001784583917
4001245903068
1005002317951423
1005002264864280
32976570363
32837000548
4000170574477
1000006747599
32853751916
1005001682612058
32961598790
4001277434302
1005001291013328
1005002404605709
1005002443263365
4000065750885
4001232901639
1005002316302367
1005002260090916
1005002236159889
1005002313697926
4000015670143
1005002476279964
33058839177
32898846460
32831950371
1005001546857488
4001133074602
1005002340152966
4000571214935
1005002283044267
1005002293539502
1005002357621963
4000523678543
4000115288525
1005001355693019
32965234865
32920119684
32768345715
1005002089141777
32998353122
1005002371228918
1005002110258503
33011402615
32881063328
1005002359052666
1005002312148309
4000292413632
1005001292784625
4000711981059
32919958666
1005001972591625
1005002069637479
1005002392951739
1005002232841878
32992701799
32768836437
32911178770
32919618718
4001267356728
1005002298229232
1005002363700083
4001333512251
1005002320543656
1005001566847132
4000277382279
4000181331438
32966555343
4000867184454
1005001902094578
10000062842669
1005001984478089
32933067752
1005001591491930
33028410944
4000244724696
32862762386
32861379554
33012807854
1005002356453490
1005001617211386
33032835035
1005002305461911
1005002055265070
1005002011120304
1005001291659961
33007914455
1005002210557662
1005001420685320
1005001270840072
1005002390884246
1005002271774255
1005002069596814
1005002334787882
4000228423588
1005001984734683
33007959845
1005001784707930
32985737742
32846980169
4001264224162
32880947227
1005001354581403
1005002319101284
1005002212553979
4001022614730
33010934153
1005002207640666
4001069757771
1005002317059555
32963656898
32968624819
1005001973110788
1005002372275618
4000099009947
32889314202
1005002482173189
4001172019413
1005002399876737
33053897047
33027425708
32947660380
32902707296
4001228578964
33032186468
32861031048
1005001335313484
4000406409733
1447566447
1005001642580157
4001212431159
4001276898002
32964784447
32829347859
1005001446726686
1005001698565291
32846259722
1005002125434262
1005002346527307
1005002457152437
32980138440
33018398261
1005001948483740
1005001993518801
1005002273536113
32785912715
1005001571286545
1005001376591168
4001273271219
1005002362957765
32891706155
1005002315644466
1005002340823239
1005002287610075
1005002324040711
32950645702
1005002353158042
32691713224
1005001658212551
1005002454420041
4001165219488
4001144934749
1005002383541171
32994166814
32873111153
1005002377345596
1005002334335042
1005001679336861
4000865699360
32849338414
1005001515918470
32950256699
32909846664
32804936415
32396253858
4000770348030
1005002482770302
4000900310326
4001134403324
4000324918370
1005001975683007
1005002107172515
4000012353927
1005002306625227
1005001357668613
32869674010
4001227857963
1005001516026056
1005001439084816
1005002200111659
4001331968376
32887510438
1005002286640887
1005001485528730
1005002058308169
4001225191119
1005002316171880
1005002284922827
1764616079
4001350641455
1005002337435078
4000283486925
32937113042
1005002338750770
1005002353919172
32984662465
1005001424273359
1005002315539938
33056069146
4001039280505
4000415586174
33005251382
32858950385
1005002266179581
32882863276
33058106535
4001364828988
1005002492660385
1005002388130571
1005002476530330
32790947261
32725194526
1005001514275856
1005002272594701
4001160077534
1005002298158433
1005001882311570
32996316507
4000074061383
1005001519221345
4001094972808
32970331131
1005001453105970
4000903512104
1005001287296436
1005002425355074
4001220731803
4001364612932
4000263602455
4001264988471
1005001500288244
1005001399151702
32960579766
1005002089872321
1005001869854631
4000897290806
32771328116
32814906998
1005002233781950
4001240457968
1005001433708488
4000456374659
1005001680436838
32648878203
32979610620
1005002352088034
4000176322021
1005002255176789
1005001721127154
1005002375870983
4000332451851
32839690276
1005002097035430
4000170224475
1005001264756518
1005001617910451
32555530778
1005002227391847
1005002476856332
4000636344496
32967324778
1005002323238061
32769539844
32672535356
32756078238
4000535227306
32699234124
1005001700875512
32909176464
1005002473863819
32943377916
1005002292674264
4001198229673
33024101720
1005001884121753
32951811968
1005002253126139
32860551415
32457658294
32769038430
1005002465285943
4000876030873
1005002401011866
4000095929292
4000834370488
1005002240452444
1005001656910185
1005002204291816
4000469770735
1005002467180773
1005002256751411
32849718297
1005002384893366
1005002383955509
32810551255
608444477
32910525592
4000271983234
1005002487970648
4000979481009
1005002325291358
1005002404869861
32857961316
1005002387236706
1005002398326050
4000672658707
1005001966383674
1005002289157259
1005001711149692
1005002313888217
4001021972546
1005001373567687
1005002485161719
4000034967090
4000933506694
4000579255180
1005001609682712
1005001877727059
32865938239
1005001463390947
1005002456501647
32380898062
1005002129307508
4001136446424
1005002372943127
4000750543608
10000062867293
33013525686
1005001588378040
1005002228689826
1005001615752888
32954051652
4000784249206
1005002398770903
4000796726924
4000427895432
32944788200
33006422571
1005002472399166
1005002327668396
33008465589
33047133783
32910964476
1005002353916006
32966016986
1005002341327216
1005002239039087
32823256368
10000255181034
1005002281890462
1005001639013556
1005002466085757
33002792814
4000880295193
32970802535
32919876381
32856199988
4000411535062
4001188311265
1005002442446908
1005001734923711
32967926295
1005001441363849
1005002350833148
1005001483418662
32853450580
1005002350158187
33047096497
4000039146634
32861886149
1005001337696219
1005002388396002
1005001889553689
1005002423640968
1005002281259571
32922553021
1005001896888158
1005001529982446
32787485795
1005001869488298
1005001783531847
1005001549561049
1005002251073452
4001040846990
1005001556223702
1005002085654647
32990439468
1005002329287191
32668660800
32815411394
32962567573
32719702147
1005002462244420
1000001293760
1005002305751105
4001192083468
1005002387397126
4001047456028
4000332508049
1005001985049451
1005002260462634
4001272347544
4001111762824
1005002072539213
33005051813
4001057440509
1005001551099596
32896619044
33008344781
1005001636082950
33050400101
1005001815846048
1005002388726903
1005002337695371
32909276538
32961574017
1005001488684650
4000803680470
1005002009332198
1005002352327277
33022400628
32978887218
10000028425175
1005002301510997
1005002393926048
4001110304067
1005002050212272
32553597678
4000152542709
32911432868
1005001457671238
4000230604616
4000766126370
1005002408654173
32302801746
4001038250081
32825090024
1005002314462292
1005002074656184
1005001801131802
4001331518985
4000781205565
4000878348410
1005001802633923
32899001707
4001294095973
1005001588377049
33051704350
1005001616204139
33006075112
1005002275199403
32812657682
32871639762
1005002271812740
1005001515117714
1005002459581592
1005002431948149
1005002404716798
1005001890386998
1005002423175620
1005001855008308
1005002027695505
4001029793475
32829174962
1005002191111240
4001069457018
1005002318946477
1005002272458193
1005002289647104
1005001873349033
1005002122505203
4000629404044
1005002395475799
1005001285986326
32888713093
4001226522090
1005001909199905
33022657928
4001143214926
1005002459807768
1005002344854842
4000189601077
4001048095786
1005001649816657
1005001547325180
1005001601391777
32908409836
1005001912497431
32877094060
1005002235504283
32826418021
32773636709
1005002333790517
1005002001579163
4000088667360
32702705995
32920739831
1005002448153535
1005001608433233
1005002317380487
32957124663
4000516154809
4000287613382
1005002278217897
32765351166
1005002287594899
32752569805
4000510576218
1005002108491910
1005002219370911
1005002490849540
1005001704598240
1005001644145445
1005002275380911
1005002256833338
1005002394830462
1005002278109732
4001334766357
4001278261769
1005002360009638