32926064460
1005002281899554
32962999013
1005001797393213
4001292373950
1005001921690937
4000810287342
1005001596109168
1005002086811155
1005002281965152
4000336355035
1005002315347104
1005002348220843
33038036843
1005002457744590
1005002011787547
32946338559
4001016215153
1005001407719432
1005002388520616
1005002274035353
33001839622
1005002280782388
1005001883928099
1005001769888427
1005002454337621
4000962103176
4001138059956
10000412069423
1005002431485301
4001038309639
4000822743471
32922835472
4001362301751
4000387171495
32943394928
1005001834646839
1005001463657698
32949272174
1005001688760729
1005002482636467
32889800654
1005002424467932
4000814634270
4001271020969
1005001463725544
1005001566809254
1005002256066440
4000166352104
1005001376364587
32974879998
32385608149
1005002423202547
1005001829300467
1005001854257263
1005001419457313
1005001590738680
4000725886145
1005001822348162
4001017537297
32785477813
4000525338662
1005001647008157
4000089472406
4001345648646
32672519074
4000538234770
1005002023539872
1005001325613819
1005002459884345
1005002363124313
4000521562244
32963853364
4000111855349
4001308267291
1005001847104564
33010497013
1005002344965679
32975851808
4000203327193
32789411372
4000097121660
1005002167779376
32814783368
32572161288
4001038567413
4000833176080
1005002490471075
32840460479
1092513656
4000720394110
1005001825178662
32826871034
32858651372
1005001458376026
1005002111889708
32962174507
1005002167764612
4001149726672
4000326669056
4000779872962
1005001657746487
32753785088
33015329636
1005001736717620
1005002478766042
1005001928202160
1005001680551379
32952334120
32859683448
33044947491
1005002481847095
32978543728
4001159975944
32975457293
1005002423382307
1005002253370238
1005001763364709
1005001773854285
4001108075846
1005002336834790
1005002448316381
32827419736
1005001716467451
1005001506331732
4000709700137
1005002295740041
33028430877
32760901673
1005001882623932
1005002245612215
32801305041
1005001523896666
32841879356
1005001436087384
4000850512221
1005001370020237
1005002306708901
4001127412373
32957152498
1005002363230788
32968958577
1005001523556052
1005001982054201
32864063325
1005002426612485
1005001333887057
32610640649
1005001431035336
32771206358
1005002242288015
4001193925718
4001135387890
32982630144
32857071456
1005002375441054
4000035551396
1005001567810380
32995228254
33018936266
1005001531742739
10000003709632
1005002297714999
32893553427
4000965905519
1005002327652265
33047973201
1005002078988486
32976299698
1005002176607709
1005002003736265
1005001594693940
32812788989
4000241678330
4000571034768
1005002212845438
4000052289436
1005002320000037
1005002237299147
1005001992142364
32826043202
1005001476419191
4001085902767
4000936051779
1005002363091147
32775632407
1005001762401586
4000856267656
4000642247967
1005002243282655
1005001469616868
1005002309726929
1005002467779059
4001235682404
32638651650
1005002437844926
1005002116040126
4001131011440
1680305396
4001041017931
32667178114
4001108084074
32779764668
4001247489260
4000820597394
32365609561
1005001333349737
1005001821457970
32909648784
4000929540425
1005002289350441
33010886274
32938986629
1005002393424083
1005002001601094
1005002121768983
1005002228568807
4000781036509
33036854735
1005002258730367
1005002369361494
1005001791702528
1005002041962533
1005002450618079
32814068611
4001296034925
32821708439
1005001804535568
1005002416332880
4001036563454
32846644934
4000557353301
1005002115561260
4001335825819
1005002467329182
32982919517
4001208418633
1005001496301358
4000273084413
10000339366078
1005001398563566
1005002259601092
33027820490
4000554760849
32962629711
1005002428366845
32769313683
32307977832
32982996882
1424203714
32828642780
32888561259
1005002395422559
4000955251385
32878169294
4000148000081
4000708437291
32848041831
1005002323787575
33032751672
1000007898052
1005001574059684
4000109092683
1005002119653963
1005001732171521
1005002246682359
1005002400362495
32804315338
4000013235385
32991992332
32973646980
1005001954821752
32974454867
33019359281
1870087293
4000168754549
1005002268117905
33005579250
32999650814
4001279315432
1005002149306650
1005002476440929
1005001516214352
1005002495776924
1005001475054495
32369355907
4000243463655
33007568054
1005001468167536
4001053884258
4000811064807
4000554816244
1005001695627021
1005001364180398
4000066930147
1005001639063948
32900068087
1005002124117292
1005001370978553
4001170652379
4000609215536
4001174825016
4000813104355
1005001954758792
1005002148042540
1005001802145940
4000730200144
1005002463080094
1005002187053387
1005002314511705
4000614686509
1005002241924440
33010086087
1005001962542632
4000401923646
4000212554941
32916481937
4000024483767
1005001462207072
1005002374780276
4001194310446
32954250522
1005002052015709
1005001392543636
32994675689
1005001360256303
1005002467217359
1005002488485273
1005001549006761
1005001287118444
1005002224017293
1005001963125359
4001278975005
32602686044
4000597338907
1005002365080523
1005002061069222
32772276851
1005001705567372
32817933742
1005001848654502
4000222860976
1005002389635092
1005001914067389
1005002277626001
1005001385321873
32817775187
1005002459242624
32951364804
1005002414244594
1005002052614411
1005001377242470
1005002210932595
4000850561045
32985689872
1005002382196283
1005002287304914
4000472317010
32555574271
32854141700
1005001616100863
1005002344934728
1005002023563178
1005001566952284
33047160766
1005002150737330
1005001732430163
1005001658420502
4001097316341
32902701825
1005002218255420
32475134607
1005001685651771
1005001991736720
32563159931
1005001965502255
4000309556278
1005002011300338
1005002281739987
1005002277040763
32995494662
32828149885
1005002302116807
4000330006178
1005001295840239
4000717959430
1005002288736527
1005002266279257
1005002255571782
32823070314
4001205611231
32981997893
1005002388500123
32857307801
32314792373
4001254626977
32983863829
1005001563381288
1005001611589149
1005001954896599
1005002316768592
4000946193042
4000067610720
1005002353151374
1005002383965933
4000304744300
33041837425
1005001620758448
1005001935008583
1000007838366
1005001313806774
32824298300
32672947393
4000028215291
32519729636
1005002396152459
1005001546736239
4001102226642
1005001686172323
1005001469364839
1005002401459815
1005002316480149
1005002132984751
33020405432
1005002487944370
1005001332946998
1005001704869536
1005001720904330
1005001942875503
32921129105
1005001712967410
4001171747224
32871155148
4001241407768
32967692339
1005001848677849
4001224055433
32898106764
4000751457116
1005002302413899
32964757167
1005002439282890
1005001421376232
32843041015
32819756510
4001143283783
1005002340973024
1005002383372661
32833268398
4000272351225
4001287692069
32958851293
32981370340
1005001546769142
544544068
1005002494242617
32953572922
1005002310051828
32961463535
33029233894
4001243522541
1005002280980565
1005002193073599
32820761029
1005002387725878
1005002350146603
32726951155
33009705037
1005001307863950
1005001776304539
1005001918145592
1005001488952625
1005001482542828
1005002449894441
4001178510320
1005002352282171
1005002311778258
33008784181
1005002395671087
4001270777686
4001095856366
1005002283100812
4001038431123
33062962116
796342911
4000481275945
1005001387628302
32883843376
1005002401117453
32922423012
1005002233657095
1005002341243831
4000128347762
32680270674
4000842649815
32726368971
33005189565
32359136865
1005002246185661
1005002459720483
1005002367625774
4000078327366
32906003759
1005001990467862
4000532327495
4000176486231
32987862948
1005001968849987
33003718050
1005002289664654
1005002340970486
32669919077
1005001977685339
1005002219336648
32997435387
32420248794
1005001633946222
1005002467090128
32696950904
4001235314649
4000353060484
1005002454971336
1005002211117613
1005002207796734
1005001419339717
4000983603306
1005002166717276
1005002314414797
1005001269948996
1005002318748295
1005001989887467
32851830691
1000008160648
1005002329962876
1005001438905345
1005002309284826
1005002299405241
1005002262455331
1005001999716174
1005001687594243
1005001482674120
1005001958612155
4001294163453
1005002301733274
4001028324274
1005001845685080
1005001842958579
1005001316094910
1005002433758740
33000407361
4001085522094
1005002433168008
4000269189798
1005002421396048
4001021071162
1005001628376821
32892643826
508229115
4000302901711
1005002331998270
1005002363864609
4001241912214
4001230950994
32756581929
4000748296155
4000053388222
1005002342518482
1005002289710779
1005001623090296
4001240283732
32832722549
1005002003339127
1005002380634048
4000215840992
32778916788
32819090885
4001244015291
1005002313127842
1005001789307595
1005002297266830
1005002055294689
32834040029
1005002287644631
32701389935
1005002170996592
4001238293010
32963957133
4001260389921
1005002120686497
1005001574794400
1005002314826615
1005002062315531
32789588361
4001215055958
1005002135969206
4000210328103
1005002305239407
32785806711
1005002368695325
32803514932
1005002462377290
1005001413720177
32922144014
1005002119662038
33030609535
1005002264999471
1005002364004089
4000412540807
1005001824920307
1005002266200432
1005002382495972
32856466604
4000552440345
33059878686
4001241146163
1005002122322890
1005001585972920
4001235877932
33049212671
1005001849834456
10000350979591
1005001868093540
1005001355505995
1005001497077611
1005002314423455
32818997780
1005001398773397
1005002381866949
4001094700491
4000555025208
4001010134958
1005001884499690
1005001998325092
1005002371367779
4001331456844
1005001602452043
1005001327999399
33049362065
1005001866478167
1005002318314719
1005002492483322
1005001303780853
4001331147891
32944768115
4000924739085
4000801080756
1005002428942149
32987602464
4000959882529
32863761559
32986287346
1005001324491389
1005001651797868
4001155517878
32971370547
4000491682001
1005002374793534
1005001720621645
1005002205890219
32796804988
1005001586517972
1005002290257029
1005001901930247
1005002298939016
1005002248072232
4001108092560
32795098798
32886330972
1005002386800745
32376854220
32946700399
32902550262
33000705313
4000659929275
10000381698052
32892030129
4000907138591
32735476294
10000328872035
4001115806980
32968835786
1005001656940291
1005001715105129
1005002377258193
1005001522232326
1005002237239606
4000055659862
4000284459739
1005002231562144
1005002203759811
32966320503
1005002345585020
1005002263484010
4000373125351
1005002334472073
32668118804
1005002304327646
1005002008124496
32778499008
1005002378185048
1005001966437706
32899225666
1005002099206207
1005001447099096
4000288698699
4000880020507
4001265815954
1005001579279714
4001019828206
33056305783
32806487754
1005001860927806
4001138792721
33005786550
1005001831727659
4000908630811
4000760920643
1005001679946737
4001364928232
1005002382752695
1005002338752046
4000066148053
1005002381613112
1005001998367974
1005002344032221
32923462091
33044369247
4000271254499
32971006746
4000114314773
32643659262
1005002242759435
1005002311635481
32811928293
4000001461104
1005002482865992
4000290572677
1005001942844812
4000213003582
1005001687849626
4001195726106
33034345009
4000959833936
32979950487
1005001490729509
4001195205668
1005001525522124
1005001616758851
32991310614
1005001853771706
32807532437
1005001676659248
1005002073029477
32645898945
1005002490426292
1005001405221478
4000227090800
1005002413604405
1005002226268622
1005001849195051
32793597218
1005002425387527
32912407126
1005002333812142
1005001763038274
1005002032173579
1005001519063898
1005002348004519
32950563476
32709370690
4000315200905
1005002347308638
1005002377057903
32779922468
1005002287440608
1000006104918
32960875419
4000808656475
32826131851
1005002353672083
32863733269
1005002294975749
4000691499737
1005002166008863
929420400
32812649760
1005001928073365
32875242589
1005001694561724
1005002402653675
4000995827645
4000772365422
4000277085776
4001160513372
1005002074882984
1005001824724990
32829725672
1005002359531127
32489057506
4000829986287
1005001359942133
33020817726
1005002023256252
1005001678868475
4000132611648
1005001592086863
1005002073995642
32961556357
32946012198
1005002319263208
1005002426779006
10000395860535
32971051681
1005001566232224
32907912072
1005002105247903
32287785477
1005002314498320
1005002376840222
4001250056821
1005002289073557
1005002311920887
33003661174
32961567158
4001278195651
1005001976712854
1005002314066198
32828623978
1005002271822178
1005001513095841
32820121474
32909286116
32913325963
32858994071
1005002396732523
1005002409498407
1005001872353468
1005001324962367
4000110200823
4000341782346
4000379601864
32975709265
4000125345478
32701393806
32960648365
1005001298308726
1005002262490302
32849417014
1005002497210214
33023429899
1005001988862440
1005002167420652
1521552152
32958244097
32819451012
32475456106
1005002095022077
1005001855986824
1005001928762026
4000588694699
4000023693937
1005001695403433
4000546563279
1005001884114724
32906517374
4001047614562
1005001381800474
32976870423
33039667282
1005002219868505
4001010952831
1005002262778384
32959772621
32982061554
1005002279724200
4000816245608
4001151264030
1005001471651609
32639600000
4000357898520
1005002359145758
4000083978228
4000172985393
32896718766
33051990944
4001185880280
1005002192641407
1005002245005649
1005002314002420
1005002225988758
1005002235846162
32995454897
32538612983
1005001567214330
1005002433524045
33008276100
32951281457
32874210499
32919905404
1005002388988526
32809515318
1005002220032016
1005002393969179
1005002439839143
1005001742680258
1005001419688716
1005002147869292
32856794713
4000764748205
4001200566277
1005001580452074
33049893627
32966438272
10000397735322
1005001818079036
1005002292430459
4000220519034
1005001317384255
1005002494587082
32846507662
1005001799330641
1005001453100042
4000052295569
1005002450141226
1005002443127897
4001188605867
10000339616223
4000046697497
33032066794
32950212948
32990415136
33036002715
1005001822339863
1005002414244357
4000988273412
32827035514
4000314639207
4000543460186
32983295312
32980819621
33015990244
1005001929085995
32931322417
32636780215
32805766686
1005002449435266
4001049851258
32814696474
1005002405168835
1005002309309901
1005001982305179
1005002356033784
1005002352751943
1005002247067840
4000199699620
1005001794059741
32840657478
4000660061971
32920631715
32973095846
4000166519973
1005002248888102
4001155043581
1005002280999800
33045175090
1005001825338825
4001041215946
1005001929039703
32983142413
10000022106766
1005001571635004
32763717373
4000528384644
4000584820671
32921519234
1005002317376436
4000433374980
1005002344479634
1005002401071018
1005002406053015
1005001631082642
1005001953262541
1005002466146933
1005001567410286
1005002075114911
1005001658792818
1005002454316426
1005002279784854
4000437883178
32955492334
1005001526208833
1005002395193335
4001228712556
32922138740
1005002371576951
4001099579818
1005001315896285
1005001557375548
1005001642594689
32968037741