1005002191476688
1005001695339771
4000722739517
32967126817
1005001451628483
1005001997799117
4000934254128
1005002418160115
1005002286967813
1005001424653114
1005001999046410
4000038439523
1005002482773046
32804566230
4000315141038
1005002332751234
1005002050462525
1005002329085786
1005001349361675
1005002330648692
1005001605801893
32831279514
1005002288995612
1005002329452581
4001314624028
1005001764084432
32959374387
1005001968866636
4000982938931
1005002340571847
33007773731
32924959705
1005001600573226
1005002340521113
32906341540
4000939039362
1005001704657210
1005001930733120
1005002318195856
32904751175
4000959826986
4001004885479
1005002391521786
32275883711
4001123798372
1005002323522429
1005001770993590
32547434392
1005002186900164
1005001900494778
1005001512373730
32999099581
4000018775780
1005001913869521
1005001792424113
1005001483613139
32961165986
32636077136
4001279011471
4000478574778
32959764296
1005001768372922
32969158937
1005001639716543
32668767948
1005002281055185
1589234718
1005002034610840
1005001908695579
1005001439071761
4000719567881
32982280546
32852520145
32861808430
1005001307436317
33004999506
1005001914853076
4000997059369
33041910593
1005002405034066
32915368424
32717370836
1005001489771168
32947876976
33060184471
1005002420015148
4001055580089
4000147807118
1005001640172366
1005002252985897
32976094396
1005001786297963
4001350732146
1005002378258346
32844755712
1005002443669307
32964946255
1005001446954225
4001354614550
1005002347680539
1005001895481787
4000902906076
1005002490505230
4001044106902
1005001756628006
33009301461
1005002028268811
32497091718
1005002234893346
32887359354
32809358420
1005002204088552
1005001349707425
33047986971
33058936525
4000807369454
1005002130002442
1005002187772920
1005001972895668
4000234320296
32996135885
1005002401812088
1005002369450500
4001062781338
32838719480
1005002438832801
4000429675999
32859644558
1005002483755555
1005002363347639
4000110859851
4001277378563
1005002363558015
33022042978
1005002431422827
1005002390463453
1005001612108076
1005001488889405
4000245590268
1005002315287943
4001269853713
4000109036286
1005002467511328
1005001650553527
32995617182
32675067374
32948117159
1005001658829527
4000229247580
1734260780
1005001293734351
1005001475825196
33050597359
1005002044190113
1005001376624694
32867857557
33061846203
4000874769599
4000455885674
1005001885881796
32843901085
32845138323
32956117068
4000510801084
32738131525
32987318700
4000571713361
1005001957433556
1005002375379570
10000054219909
32939484222
4000216731275
1005001840420638
1005001425737148
1005002467442988
1005001712026563
1005001450837858
1005002305397372
33043712011
1005001489370928
1005002389722850
33043869862
4001111420171
1005001604744331
4001350251545
1005001729474408
1005002271552075
33049991838
1005002263446393
33012431529
32968453228
32637390477
4001249016687
4000533276578
1000008509594
32891728640
1005001882649197
10000423745308
4000044055470
1005001567163272
32498582308
1005001499378486
1005002241000398
4001138270498
32861456675
1005001615299608
1005001774289681
1005002381060877
4000850497775
1005001428855212
4000385841298
4001172596166
4001026786806
1005002094663082
1005002500191639
1005001826736738
1005002336918426
1005002454378610
33027517706
1005002380717785
32873497566
1005001825657793
4000043270995
1005002402106866
1005002345957726
32978583120
1005002318083755
1005002275547600
32964194893
1005001626054806
4001084895237
4000437949059
32744840004
4001225132573
1005002465704102
4000625496432
1005002434685252
1005002471542718
1801235193
1005001828603621
4000772520438
1005002368518189
1005001417859444
4001222630660
1005001376213290
1005001658608057
4000962249571
4001018670021
32481796196
1005002254559023
1005002152975792
32975470557
10000384096189
1005001906924940
4000784440828
1005002313454247
4000025101776
1005002316863375
32987346130
1005001289457589
1005001402748018
4000547571155
1005002321001806
1005002291040194
33012195623
32974280709
1005002499246318
1005002315762694
32949263588
2036662072
4000708590781
1005002203885353
1005002302273404
1005002499127942
1005001409665895
1005002279154282
1005002311958146
32459435436
32849882655
32797189525
4000967806384
1005001421564074
32938940248
4000381470531
1005001688852243
1005002311033496
32805802883
1005001319586475
32885984745
4000215358668
32985233778
4000474239411
1005002386864997
1005001966597189
1005002350596636
1005001316535612
4000074133125
32658927932
1005001779835347
4001120303022
1005002393810469
32864647640
1005002272193958
32732709682
32956033398
4000161863904
1005002406004387
32958861766
1005002316481501
1005001373808387
1005001329837066
4000926764828
1005002276776607
4001038321405
1005002012590598
4000544575284
1005002309774580
1005002492571627
1005002323734469
32978097980
32867040851
1005002207892534
1005002116179761
32862684771
1005002314713174
33000392508
33043569293
4000181031937
32965340161
1005002401100798
1005002192373015
32906734980
1005002466756452
1005001464657290
32997506960
1005001547892192
1005002329665371
32899858624
32822650987
1005002272106883
4001095077469
1005001841305123
4000165941983
1005001829500880
1005002428597789
1005001873460140
1005002400938916
33029275675
4001158546507
1005002238947086
4000433034205
1005002331819508
1005001289570413
4000962298552
4000279786869
1005002346153900
1005002035631061
32837262033
4000043296401
1005001375545900
4001285898403
4000833953136
32664733351
1005002304304291
1005001806191585
4001360545984
1005002311787086
32988260875
1005001565970626
4001113207601
4001138518491
1005002408398505
1005001862851150
1005002402464781
32796911359
1005002337098102
32786748415
1690810754
33051510957
1005001787467895
32858657524
1005002362595886
4001244599010
1005001891022423
1005002271543829
33028220841
4000959871553
32884901832
32999485489
4000546579540
4000768450367
1005002474529876
4000195377524
1005002051571699
4000995217509
1005002344991245
1005001701405266
4001090102331
32993967073
4000752294697
1005002352081128
1005002292749347
1005002286246563
1005002378520654
32928387083
1005001999907411
1005002428385604
1005002383908521
1005001692933089
32803172434
32357232074
1005002027683469
1005002440085374
33010887796
1005001419154304
1005002322589814
32799618231
4000492666902
1005002278732080
4001232759824
1005002277797383
1005001873692732
32986267582
4000038666535
1005002199010549
1005002419523064
1005002047424689
32619986241
1005002312132227
1005001731277006
32968332494
1005001773284324
1000001529410
1005001315099833
1005002433007922
32961942523
32888005786
4001165334443
1005001599422370
4001062260124
1005002431712260
1005001324366954
1005002482714728
32750734031
4000188736990
1005001691237298
33005777657
1005002264970017
4000051677833
32921846857
4000378473475
4000700851780
1005002278195106
1005001703439799
32343482868
32744651105
33011966646
32975313313
33001842704
4000180258591
32647808397
32855950944
1005002122554022
1005001616286523
4000440547928
32804937624
32913711674
4000971593732
1005001715084542
1005002449255831
1005002479640896
4000237658507
1005002440983109
33003578384
32840939698
1005002333930953
4000319354515
4000726483779
1005001563321234
1005002469239933
1005001391373928
1005002362288506
4000130420882
4000348901569
1005002281012535
32967070632
1005001566723219
1005001931089136
32964382202
1005002495784709
1005002350847430
1005002363762370
1005002315689343
4001163082170
4000517646701
1005002400733888
1005001685609748
1005002386727679
4000077794986
32808645054
4001238538763
1005001519381007
33051083803
1005001525384554
1005001515660070
32955482659
32991946110
4000843227705
1005001314931470
33064211363
1005002323663268
1005001335969131
32971061299
32855223594
4000221495341
1005002050925757
4001109374234
4001111569403
4000703900718
33054560338
32921140123
1005002238948297
1005002467014357
4000173936658
1005001429101221
1005002324093544
32817638605
32897967896
32994929778
4001233630184
32990509342
4001362255319
1005002292773551
32845083092
1005002465814482
33048981599
32406519046
1005001863326465
1005002254363482
1005002318657345
4000396453354
4001142325392
1005001694073574
4000421428851
1005002292612931
33022079891
1005002014432409
4001061780683
32818749482
32811499090
4001296986067
32950407378
1005001586394878
33031501734
1005002312385898
1005002357184914
4001156825328
4001291810099
1005002423117899
4000327199863
1005001511684335
1005002396763093
1005002359567741
33052520083
4000970516124
1005001906975014
4000246360437
1005002266415208
1005002320886537
32889513874
1005002181688190
32553269054
1005001506930049
4000786775118
10000402362169
1005001525355523
1005001940368999
1005002102005897
1005001763633273
32868501563
32921313453
1005001474478676
1005002086970969
33001816588
4001292327773
1005002430881234
32560407758
33012763436
4000176828234
1005001818303867
1005002417352099
4001193627622
1005001354985191
32973872602
4000078438557
1005001374420741
1005002408107241
4000905660826
1005002328114186
1005001905687348
1005001823807880
4000860343822
4000130775367
1005002059836730
33051624873
4001327970180
1005001879889050
1005001666575223
32885376881
33026647459
1005002305019667
4000763672715
1005002348928118
1005002460421726
4000595833187
4001127393412
1005002398632382
1685308235
1005001713338601
32884085442
1005002371696090
4000414573507
1005002454250967
1005001307718277
33044326339
1005002359130177
1005001983251473
1005002446212394
1005002247354473
1005001468280767
1005002171569949
1005001943142638
1005002356305007
1005002166068418
1005001664636286
1005001299165084
4000219140811
1005001469438549
32888169524
1005001792165503
32353269049
1005002370585754
1005002241264429
4000548811319
1005002052602214
33001876279
1005002294178510
4000106020013
32888983697
32967148897
4000937620723
1005001413102216
1005002276468755
4001122768181
1005002033412827
1005002260159706
32850422873
32844610914
1005002185248268
32851014098
1005001768948541
1005001803808851
32256126889
32897332276
33012821153
4001237569327
33030246307
1005002481995660
4000428668676
32896058581
1005001487569745
4000059049893
1005002390489843
4000561585798
32844004643
1005001319560049
1005002355638007
4001304610950
32572857773
1005002359882144
32712528425
833346090
32662183991
32886634261
32989284920
1005001800562516
4000738258408
1005002267644324
1005002337295691
1005001779219480
4001104264256
1005002276155959
32923691638
1005002472788401
1005001485770003
4001296948366
1005002337771690
1005002263660742
32995781922
4000791471418
1005001664392328
1005001973805959
1005001775703516
1005002444147217
1005001492697372
4000027758527
1005001906238162
1005002104838958
32549925520
4001263909941
1005002500509026
1005002393823050
1005002486200463
4000960602977
1005002096411970
1005002108501942
1005001688486571
33048684593
1005002287559140
1005002432092182
1005001552773017
32948981501
32702756534
10000395864157
1005002338596267
1005001824549240
1005001614275321
32821728265
4001224203635
4000467289579
1005002314334540
1005001266902497
33059047631
32869791898
1005002143291585
32732760717
1005001345738218
1005001823068803
1005001517259371
32993405917
1005002409559435
4000841392888
1005002495134316
32945397585
1005001834945283
4001151455052
4000711986408
4001074844345
4001077961331
32890049944
1005001982276136
32841881473
1005002415743011
1005002481401694
1005002352355569
4000480005578
1005001351965871
1005002475103996
1005001448849403
1005002341404630
1005002323529454
4000071186028
1005001902489223
1005001831205766
32966823370
32759811403
1716946777
33057562246
4000629278883
1005002339396095
1005002060376125
32700639967
1005002231768498
32678884279
32959955376
4001068461283
1005001652465398
1005002384487138
1005002438079265
1005001518148324
32969954484
1005001598453403
4001259893668
4000099298005
4000688828870
1005002033509680
4000706678548
32788484577
1005002341044829
4001014252435
1005002353055745
32755900845
32790006303
1005001405232979
1005002039976995
4000813034478
32969315938
10000031844264
32871515664
1005002118679913
4000111076999
32882384454
32786686560
32831357277
32983387445
1005002062063002
33044724760
1005001488791004
1005002232544675
32849256647
4000229221008
32899791901
1005002317920726
1005001375075331
32352041425
4000855986080
4001219472514
4001267641261
4001119523552
912297724
1005001727091578
1005001424452735
1005002430965211
4000791458864
1005002385102750
1005002122337485
1005001992405529
1005002037337429
4001290666177
4000849885038
32808797916
32828320910
1005002361859729
4000323076463
1005001405919391
1005002434800021
1005001820293667
33018330351
1005001546620281
1005002185800676
1005002411922532
1005001670269970
4001185219514
1005002094209086
4001060739742
1005001516667714
1005001659947979
33002849342
1005002483011873
4000594533004
4001298685460
1005002321485187
4000764350456
1000006862408
4000762732509
10000127487088
4001015158571
1005002435174900
1005002491900376
33010991546
32965404587
33027636972
1005002158772930
32971189666
32892862658
4001121446794
1005001440690064
1005001452474836
1005002309099263
1005002288645325
1005001968383639
32714860213
32947123410
32911008265
4000927561511
1005002304385652
32886256407
33060994626
1005001986086866
32921017862
1005001649386943
1005002381977847
1005002231702338
4000036215373
32809625588
1005002234949798
33031863145
1005002165022638
1005002353588168
32664187601
32369447081
32567899490
1005002350744795
1005001412717674
1005002488162621
4001003434879
32967568794
4000212662568
10000293230375
4001335851349
32264786194
1005002296772040
1005001963670462
32961563673
1005001853165547
32976755129
1005002280786915
1005002301076666
32923808755
4000927242403
4001316500192
32468789270
1005002383782555
4000928555191
4000099435499
32920581196
1005001287647873
1005002311498756
1005001628280648
32922578277
1005001609438446
4000621350839
32852124851
1005002105141198
1005002317812948
1005002243832335
1005001589227320
1005002299517552
1005002312149153
4001031078245
4001200163926
1005002028802716
4000714481442
1005002375401487
4000847952810
1005001731222494
1005002116462144
1005002347871682
32749102148
1005002390526164
1005001429823167
4000906549227
1005002243977355
32913457454
4001247325027
1005002321552277
32796922829
32828479311
1005001534980469
10000395903753
32908391804
4000348989737
1005002310253550
1005001606107157
1000003941094
1005001484037642
32848256636
1005002378711568
1005002253521669
32845237505
33002983486
1005001566130790
1005002473408812
4000096411927
1005001578897977
1005001995628619
1005001621743018
1005002278051684
4000843030176
1005002260889639
1005002315385068
1005002421317300
32726645297
32968762076
33005863375
1005002077443773
32923722559
32620569702
32975394695
4000990769080
32902413746
1005002411343013
32855221972
1005002213046707
4000764489186
4000109606708
1620892619
1005001797621467
1005002288206768
32887893582
1005001736691645
33031471485
4001296801131
1005002318405916
32558924166
32889765037
4000095314822
32908404956
4001079797821
1005001330121573