32969905806
1005002293817622
4000014732077
4000755243276
1005001845334630
1005002466964586
32906150799
4001331181078
4001051795415
1005002430598494
32871230361
1005001997162961
1005001367625834
1005002382255086
32965270787
1005002369258346
1211481102
10000370143687
4001277824768
1005002283101422
4001065014631
1005001844127839
4000703414808
1005002319874285
4000764059881
32905247809
1005002315918614
32835484971
32974507272
1005001957333603
1005002308651817
32914260051
1005002068959181
4000073631541
1005002224173771
4000992631155
1005002258624202
32755838828
1005002224563393
4001178924029
32968938363
1005002392766185
4000197971044
4001169824691
32390084342
1005002307659132
4001251481227
1005001927032267
1005002439164249
1005002214719655
4000590269334
32810234414
1005002353177142
32822708361
1005002177497345
32834816403
1005002298483557
4000268137559
32978475752
1005002358279941
1005002350108471
1869624470
4001313442624
4000052232723
4001016343811
32830219889
1005001882858229
1005002367120505
32961107037
4000162966875
1005002294495579
4000366621716
32848467562
1005001307532498
1005001813414614
1005002465599377
1005002239169713
32600581020
4000879017933
1005002327661436
4001263939301
1005002354316377
1005001845110641
32907182025
4000686840594
32387295518
1005001708006128
32495835383
32831421646
32969270093
1005002264761414
1005002440455701
4001101101335
1005002003925209
4001217090882
4000142162110
32911870182
32852558970
4000986817319
32724893234
4000767721455
33010094189
1005002306425645
762791480
1005001676758506
4000785143487
1005002246297625
32896351306
1005002276801834
32881012704
32876949842
32980581571
1917410133
32854466581
32991002276
4001042377890
32891704053
1005002225990481
4000781315785
1005002494025571
1005001731854185
1005001865486194
1005001500100400
1005002366292670
1005002453298737
1005002388651108
1005002380604545
1005002369471565
1005001954762741
1005002417217154
32916962577
1005002398659407
4001038427001
1005002322153399
4001298920974
1005001764456262
4000828187809
1005002390476711
1005002417201170
4000586357191
4001270751331
32895160286
1005001833974789
32996584837
4001335340454
1005002224300349
33027497994
32851870813
4000865408506
4000738794685
32980328050
32954830999
1005002283117762
4000867250969
1005002488214618
32684908537
1005001476680039
1005001879129176
1005001840496926
1005002480767609
1005002449075156
32842782133
4000842625754
1005002423592305
32996488314
1005001825468795
4000752395450
4001209875862
1005002292059199
1005002235255378
1005001297428970
33014404435
1005002236242031
1005002352836188
4000872748208
1005002377703082
32696652530
32836156171
1005001587378200
1005002363468691
4000018812109
4001181334532
4001210644188
1005002409975540
4001175415323
32969372294
32956654722
32646339839
1005001678134518
4001116241466
32918493330
4001165929992
1005001738590484
32814463117
32957704325
1005001628889801
1005002019906195
1005002278142420
4000530558991
1005001418304262
1005002458637763
32818963566
1005001325652753
1005002387378743
4001264102352
4000465944797
1005001557737512
32851242294
4001265244803
4001307267465
1005002394122044
4001064602441
4000058566383
32853161378
33055039128
32741763004
1005002466912151
32734614000
1005002119228235
1005001621890366
1005001362181171
1005001907220179
4000039049884
4000782636338
32605878979
4000966492045
1005001835361118
32674911585
32894054094
1005001365174667
4000796267951
4001093396801
1005001397320964
32904480314
4001156708315
1005002317904900
1005002072433484
4000116757114
32838162361
4000896490116
33055675748
32368106159
4001238448205
32674135447
32701389062
32946149669
32922906929
4001339767955
1005002286141077
1005001405632203
32952678826
32859308982
1005002329566980
4000211366895
4000385232958
32844412064
4001314018212
4001011129304
4000383487183
32822492479
1005001504708837
1005001950476614
4001241090059
1005002449988978
32828133438
32840363940
1005001617125576
4001278904115
1005001907135250
1005002318860772
32844206235
4001037391667
1005002291678458
33053831351
4001179442851
4001338302896
1005002369144707
1005002064881027
33015968665
1005001570845807
32901471424
1005002322206233
1005002217545079
33024064172
1005001920876682
32700995797
33057602432
1005002276041478
1005002052414971
1005002319445173
1005001870404301
1005001763922085
1005002305956790
1005001777140656
1005002451136175
32548652194
4000593581423
1005002468534156
1005002393091454
1005002235852683
1005002301261223
1005002400505764
32998902330
1005002417100352
32979089524
1005001698023563
1005002450576434
1005001695416531
4000598616442
1005002228188504
4001186912246
32829434521
1005001997865137
1005002310963434
4001271937634
32847849450
1005001825711847
1005001644872221
1005001693736207
1005001472478001
1005002334202674
1005002377506311
1005002265255610
1005002321075241
32859159286
1005002466127052
32955680188
1005002378215584
1005001289660301
1005002192098528
4000245418054
4000735083789
1005002441396928
1005002481744509
4000344624200
4001097212245
4000521673842
33025614772
32918084069
4001131071216
32573587199
1005002054903644
32969959009
10000397750647
1005002297839153
4001023476597
32796859111
33049851989
4001249560905
1005001824850719
32967464374
4001253771451
1005001339142172
1005002316903252
32979539247
4000041834804
4000397560088
1005002279199067
1005001339884916
4000109782734
32813715301
32348557046
33043579056
1005002401838091
32888326813
1005001813924918
1005002382544389
1005002280985430
4000177866041
1005001553778323
4000401619334
10000279387931
4000351371021
1005001580579486
32843198807
1005001475808530
4001105614287
1005002333534949
1005001706762354
32997098627
1005001645685906
1005002375010517
4001188913082
1005002157110571
33038325526
1005002291109157
4000159924838
33042799993
32764797339
1005002183688440
32978007966
1005002073876252
1005001619945330
1005001457723118
4000127410618
1005001590961866
1005002271186401
1005002287405346
1005001788928933
4001112378993
1005001701319733
4000018264993
33002446434
32709735132
4001272414826
32854983753
1780139773
32799451207
32952297700
32915214025
1005001859882021
4001162230116
1005002254846964
1005002192730025
1005001939693764
1005001565616141
4001119609568
32679928083
33040047818
1005002290016308
1005002191058258
32954835880
1005002309225657
1005002362102472
1005002081661435
1005001480338683
1005001518140900
1005002488349581
1005001775279817
32982244722
4000037439741
1005002333149442
32761370783
1005002454443008
1005001297768481
1005002283241020
32833366621
1005002474954895
32868679639
1005002291098648
32954308479
4000266443330
4000902515503
4000709193723
1005002132787378
1005001564866394
1005002475131625
1005001817499963
1005001695479456
1005001709089809
32912303767
32666717685
32281057352
1005002085439586
4001324134597
4000802022945
1005002239477520
4001128431314
1005002346447922
1005001436990449
32868326199
4000537257573
32851999967
32652871105
32946097735
1005002043208077
4000121061532
33038594412
1005002062310368
1005002311620195
1005001333435629
1005002329833796
1005002308436287
1005002011379682
1005002266307089
32640665230
1005001971573215
32964675901
1005002468547718
1005001582504545
1005002116882855
32903670518
1005001633367408
32833613468
4000384320504
33008492839
4000286801561
4001035912016
1005001900089317
1005001914655899
4001038542950
1005001617379362
4000267631133
1005002324002140
4001217504174
4001151019617
4000054955131
32979000425
1005002245271062
1005001828927925
32338589832
1005002447374158
4000131392988
1005002254334822
1005002192278404
1005002212305282
1005001337498717
1005001954972185
32794758196
32951023897
1005002099359547
4000010296679
1005002236548001
1005001633052210
4001360483060
1005002128480070
1005001491329758
1005002300926515
1005001321797986
4001072132494
32627456899
4000714132101
1005002333371443
1005001840786211
1005002365394355
4000024906429
32712555136
1005002245819819
1005002035397216
1005002324138058
1005002388150759
1005001864771048
32776950503
1005002147910798
32838416149
32338405018
1005001451681362
1005002288986544
33040768391
1005002476448980
1005002408311999
1005002394703870
32844227678
10000399967432
4001192699969
4000521990987
4000879368369
4000346743409
33055416955
1005001586622043
4001350716448
32698409203
1005002413942349
1005001978195374
33018457751
4001247998405
1005001980127672
4001280759399
1005002276082685
4000695418913
1005002368396093
1005001345193773
1005002378960347
1005002294309910
1005002130093471
32825553895
4000982894429
1005002328374137
1005001979884445
32802987494
32853295352
1005001405241026
1005002351567432
4001270451133
32828950140
32907779084
1005002232382602
32993924485
1005002122357590
32864054141
1005001571438360
1005002313390211
4000216404152
559087206
32921991298
4000414779912
4000219574739
4001143744031
1005002316707362
32797835080
1005001689581057
1005001494752814
10000002473708
1005002225897948
32857002319
33055816916
1005002351113735
1005002490628588
4001208272831
1005001884334012
1005001924381641
4000061829194
1005001736481012
4001059871501
4000218921940
33057455958
1005002316795591
32911181090
1005001310937501
1005002347313171
32987384321
1005001292009554
1005002387026534
1005002202362766
1005002340979491
32893522335
32821551515
1005001780620629
32922839942
1005002316542953
4000842169976
1005002481237151
1005002192401022
1005002453233280
1005002270384413
33018129110
4000465962391
1005001621225738
4000278601773
1005002359857347
32886998241
33058506014
4000865374409
1005002482990795
1005001320725477
1005001526953479
1005001586393747
33025363374
32928388412
1005002376462053
4000303163115
1005002397695612
4001225196738
1005002246414960
1005001835808105
1982123539
32970234103
1005002368061058
1005001361662284
33012935472
4000112031489
1005002113126104
4000017256080
1005001886377488
1005001487800531
4001070373548
32877936975
1005002414312769
1005002357676285
1005002191658741
4001025959649
32846048469
1005001490655338
1005002449025452
4001110082556
4001031646750
4000570701285
1005002313028282
1005001612331278
1005002007993896
1005002314401249
1005002254215577
1005002171785794
1005002268908921
1005002406735508
33005408614
4001203992785
32885344918
1005002312393841
4000863974663
1005002014857688
32958272830
1005002313539714
1005001525340194
4000465899018
4000228400985
1005001688892725
1005002301391442
32764266198
33014141269
1005001450373358
33034655396
1005001813310853
32332910768
32853311938
33040459453
32854364852
1005001652690358
1005002042523754
33007154509
4000429911734
1005002453017059
33059250399
1005002260872143
33008347537
32971371469
1005002328728924
33000341610
32869313619
32563558182
4001170829696
4000207975845
33026780232
1005002319987685
4000069037107
1005002284225164
32813330602
1005002353387127
33044431748
33010054410
32915962672
1005001619709449
10000289036147
1005001872375713
1780310821
1005002337842305
32825066610
1005002369238755
4001076010598
1005002320391016
1005002102200245
1005002475013841
1005002421106923
32899276795
4000898823708
4000065378221
4001089709282
32604387922
33007964761
32877392524
1005002347411458
1005001660801006
1005001638694182
1005002256369084
10000040579695
4000092170823
32922701851
1005002310982510
32832983641
1005002341482345
1005001406454661
1005002276362346
32968806502
1005001343366394
32867534803
1005002254494217
1005001935202124
32964575559
4001248426341
1005001780861212
1005002405117206
1005001876657802
4000132704497
1005002337395110
1005001781273566
32903019774
1005002258731664
1005002369200277
1005002357884227
32920178305
32812550380
4001261634088
1005001278569507
1005002283130473
1005002394003945
1005001590592968
1005001408685131
4000216193173
1005001997637711
1005002003328758
4001294841365
1005002381305050
4001222881438
1005002336716320
4001013496420
1005002239177097
32922634998
4000933820620
1005002253610489
32860248420
1005002003297643
1005002370298783
1005002394753639
4000409185235
1005002252629990
1005002054556560
1005002487847059
32996280092
1005001868638122
1005002314377004
1005002442790999
1005002232204761
33034889375
4001127124573
1871856941
1005002406960744
32902757397
32955325884
1005002122322879
1005001483234836
33006305837
10000389260582
32920665525
1005001348966422
32982441310
33000098479
1005002440235780
1005002325611877
1005002358319982
1005002058686262
1005002350849034
4000273650420
1005001651543422
32838584241
1005001776548278
32934163832
1005002413380514
33027537063
1005002347022649
32841681174
1005002314806199
32828607571
1005002399148227
4001122112972
1005001437688708
32904319727
1005002167133276
33036628700
4001287810807
1005002340859943
1005001943106210
1005002342515695
1005001704981987
1005002457569951
1005002133068937
4000599805312
1005002330488799
4000452863047
1005001880388309
32812008568
1005002393670987
32751545064
32789914472
32897141993
4000829514662
4000025725637
32926607965
33034051456
1005002342370268
1005002365854771
4000458994622
32858470736
32883541659
4000585174831
1005002322333491
1005002119466768
1005002018924171
1005002278020622
32946250642
1005002353319736
32810420944
4001226087560
1005002054696110
33003759098
1005001613052076
32848448393
32858119172
4001256453702
32955292635
1005002040008594
1005002234123446
4000424282201
32820783966
1005002453147849
32796522569
1005001930886693
1005002444106551
1005002118691932
4001241331982
1005001678721786
32546220786
4000447606168
1005001808986011
1005002038786465
4000853656966
32978434836
1005002460081408
1005002166125814
32974058309
32898331111
32810453365
32969398443
32800028967
33006443525
4001351170016
1005001392956188
1005001626301281
32930604887
1005001605305926
33046770480
1005001581187777
1005002105073451
32868741413
1005001886200729
4001147330968
1005002452738791
4000711809994
32795549703
4001186443660
4001236493974
32922391328
32891030141
1005002144272116
1005001564802024
32709140487
555553276
4000210320049
1005002314014811
32824471975
32338918008
1005002008336299
4001316125187
32840360397
4000910812504
1391847626
32988041842
4000870664839
1005001329802059
1005002349990286
1005002350515113
1005002357084301
1005002290947969
1005001556490955
1005002355293656
4001316259501
4000005097462
4001162028417
4001030182355
4000334046653
32876907565
1005002336539153
32901768252
32969688787
1005002317740945
4000336929260
1005001495375449
1005001871768805
4001219735291
1005001288835942
4001257716372
1005002280786813
4000298658853
1005002321618016
1005001392564028
4001172494900
1005001908637700
4000433598656
1005001571036606
32999652991
32848647113
1005002239040115
1005001812527989
32944438855
4000039700729
1005002387123199
1005002347299323
4001044307488
1005001923033996
1005001337621256
33058311885
1005002359782848
1005002376875026
4000398628728
4001319760795
4000761093008
32955865592
1005001873620402
32816895384
4000625525639
1005002278794098
4001239776597
1005002247380749
1005002404025594
32961471929
1005002272169199
4000534845056
1005002064507852
32981025006
32674586490
4000424804493