4000414983070
32880919829
4001216962176
4001225193661
33051389320
1005002321934977
1005001434651062
1005002468289823
1005002363809427
4000941665925
33011775888
1005002350838395
4000966534985
1005001357980776
1005002373394211
32853139044
4000903989974
32898766733
32944291784
32837416593
1005001397473469
1005001446708413
4001364244580
4000236406009
32808915248
4001139445405
32838885424
723027397
1005002411157507
1005002038841650
33053390432
4001005715328
4001045776410
32953000296
32581988282
1005002467393000
1005001301868189
1005002191764152
32922478751
4001193932995
1005002328722275
1005002012096432
1005001806069241
1005002395067962
1005001348929456
1005002125536658
1005002496267463
1005002460094006
1005002347266914
1005002314445665
1005002260569555
1005002273504658
32818371895
32843382028
1005002253482720
1005002206589149
1005002197280160
32878796730
1005001386861855
32902368754
32989769451
32374049701
727267168
4001230362583
1005002240627987
1005001844793605
32809646251
32866387471
1005001409477252
1005002298256195
1005001997500034
1005001656831423
4000990846333
4001095216177
1005001963701984
1005002167866833
1005002312907329
33042897001
32841963732
1005001290286979
1005002344194783
1005002286370407
1005002326258060
1005002305313390
4000811380405
4000580689403
1005002300032076
32830779968
32920019432
1005001339143138
32953432864
4000419956234
1005001681013266
1005002219414160
32797366273
32916339578
1005001840090956
4001242100782
1005002427761732
1005001624919978
1005002420937189
4001167365366
33051715225
32950948690
33021192698
32860178518
1005001682892836
32998686936
33036688865
4000414617075
1005002341317475
1005002181265081
1005001997296593
4000979067098
1005001489704741
1005002218781187
1005002320001776
4000843014202
4000834027097
32794946013
32884948392
1005001935189736
4000466093212
4000561173233
1408271309
32992072413
1005002329644110
4000095866168
32971883919
4000051184038
32862748859
32860771094
32607623149
701785190
4000799287309
1005002317829378
1005002314330132
32735986483
32892191191
1005002125167266
4001088916593
32967460889
33018074806
1005002339950705
1005002262143254
4000865414493
1005001287027369
4001195753192
32244448431
1005002206263658
32896365414
4000937884028
32843371580
32815427785
1005001329822623
1005002233277221
33008708667
32837666300
1005001804191707
1005002262722457
1963167298
1005001475429073
4001111256332
1005002050176285
4001255211827
4000245783089
33043966256
4000763805553
1005002314830385
1005002270849004
1267012825
1005001779225263
4001305650142
32706305054
4000057164202
4001223458201
4000709372217
1005002457306842
1005002289048102
4000578974721
32581966294
1005002485585242
33030468517
4000258425006
4001297456767
4000214563497
1005002042163721
32965281452
32850189464
32890914277
1005001972200352
32788088936
4001189201426
33048251872
4000627199886
1005002357740109
1005002272879755
1005002314299482
33027517848
32991639329
32883959623
4000473398720
1005002448691625
1005001998504690
32962223237
1005001625688174
1005002460481412
4001313986536
32977932536
4000197499324
33016302805
1005001946482275
1005002092572304
32909210829
4001199557871
32899955525
1005001439157015
1005002384105018
1005002181246915
32766615998
33039076555
4000548193477
1005002412402124
1005002134603216
32991861646
4000707102636
1005001982454549
1005002346680175
1005001349249193
4000563143597
1005002198441382
32847513610
1005001726521867
1005002460615851
1005002096370253
1005002137835082
1005001656851787
1005002337267076
32880378597
1005001875910441
4001041120008
32466936379
1005001645650705
33026951282
1005001824173180
1005001988484383
32968660755
1005001869553824
1005002288667542
1005001560896965
1005002423927098
4000307303110
1005001350699607
4000683002186
1005001610472062
4000227860944
4000808667504
1005001915875223
32830889351
32937077008
32566767671
1005002387606604
32869243310
32657882611
32690074482
1005002398975722
1005002312021599
32975464464
4000693463047
1005002381654295
1005002210109848
4001209659518
4001140333189
1005002467814363
32831239588
1005002376248408
32839957391
4001234861087
1005001575414562
1005002401194019
1005001718493484
1005002447685791
4001058502414
33063379528
1005001979538367
1005002351346440
1005001575312754
32980118343
1005002475816540
4000744370978
32962374014
4001028008258
4000267230601
1005002421249379
1005002429462023
4000727050462
4001084375448
1005002334596694
4000934754142
1005001332369740
1005002294060160
32899920285
4001272124594
4000504844109
4001282639160
4000192920118
32975088549
1005002454324872
4001207592170
1005002065948127
1005002354094801
1005002326230682
1005002377340820
4001038369534
32598989125
1005001421003345
32944642421
4000773444137
4000036147769
4000104673704
1899464847
32891741627
1005002293230225
32743157929
4001178411538
1005002054329286
4001156327416
4001094891494
1005001721136782
32911212445
32879488608
4000493562834
1005002101630357
32942137250
1005002474981324
1005002314035770
1005001337757399
33047448669
1005001523859234
4000957686364
32951968803
32668300230
4000071898537
33000053806
2022761605
4001260692508
32843866788
4001213520074
32954470318
1005002327205398
32834317527
1005002351253666
1005002289404991
1005001342606913
1005002364083014
1005002368359168
32593636729
1005002197304546
32997274757
1005002105714095
32918174711
1005002412409540
32793811370
32756893902
4000531951072
1005002494411257
1005002339930589
32888637744
1005002318907614
1005001770864126
1005002207088997
4000230901269
1005002360021786
32939408389
4001084937318
32683485794
32923600992
4000387087488
1005002227472443
4000808419233
4000693700008
1005002314278262
1005002304301893
4000160669634
32991304593
4000394250865
4000087617864
33025714695
1005001692496824
32494055172
32449059317
32960001620
4000867996481
33041565394
1005002358421778
1005001657928199
1005002037872834
1005001818081039
1005002293625828
1005001423823326
1005001999289632
1005001287157773
4001047709771
1005001338506062
1005002260042168
32851487422
32521065934
1005002108162385
1005002320926574
32698924806
33018651747
1005002190543514
1005001394301178
1005001778978583
1005001570104846
1005002315490034
1005002314309901
4001345175100
32977334563
4000274759323
4001228130088
1005002377006538
1005001291119301
1005001915239065
32818511050
4000087235911
32810272663
32809188042
33059624996
32811747038
4000401507223
32597073394
32604854816
4000918097331
1005002277203445
32899807097
4000167291495
10000012597998
32885980272
1005002114660266
1005002389860020
32792827996
1005001848964425
1005002350727791
1005002279110412
1005002252675619
1005002447790434
1005002148777436
4000889004234
1005001584456549
1005002424086044
1005001843078446
1005002228277725
32995483461
32966577147
1005001483575047
32882049442
1005001621311482
1005002367830568
1005002413479455
1005002392504881
33056866684
1005002319332369
1005001397253427
32701243863
1005001587092761
1005002459730237
32907060164
33002492540
4001310438313
32853192047
1005002305507701
4000704096678
4001058086671
1005002420436998
32926888774
1005001424904113
1005002442180827
1005002094232977
33012936674
4001216511748
32353458816
1005002409122577
33031528316
1005002477582159
32920298748
4001292553676
32844641732
1005002072448602
4000361104129
1005001555840569
32845373206
32988104671
4000203673833
32911926518
4000987432786
32305014038
4001335311606
32944301981
1005002265895506
32792713104
1005001640296496
1005002019523098
32967461229
32965655989
4000739960385
1005001529967854
4001252371191
1005002402164299
1005002076499543
1005002314307415
4001153548421
32929948003
1005002084515141
33007630706
1005001434616756
32516846015
4000987440658
1005002392931573
32218129523
4000560813589
1005002500684722
33005556081
1005002248757569
33055739718
32860694451
32921064872
1005001324864479
4000689395018
1005001446087610
33006817601
32917370929
4001196707911
4001039577357
1005001807316173
1005002319363050
1005002242060819
4000963436355
32988304019
4001243314213
1005002259326358
1005002254045825
1005002365901074
32899741086
1005002310533866
1005001607776165
1005002335266652
32989328974
1005002490369703
32979357430
1005002346374953
1005001382884328
1005002279672168
1005002413556215
4000210336533
4001310349716
1005002042839298
4000837938446
1005002220125639
1005001703092518
1005002166194865
1005002311836338
1005001526152477
1005001895981655
1005002189567980
1005001451817539
1005002471406753
4001003586091
32812165614
33047072167
4000292133751
1005001748053802
4001270441408
1005002428609186
1005002335062275
32270540818
1005002099738156
1005002249630613
32968104263
4000292533351
1005001520381158
1000004852641
33027941433
1005001439161109
32891585986
1005002235098522
1005002275609889
1005002342482832
1005001686229203
4000533293520
4001227301257
1005001650822791
1005001282700909
1005002270684724
1005001872966241
32797830408
33018635891
1578835439
1005001474983925
4000915901259
33012030613
33054103214
4000606605048
1005001847743027
32997116599
33041496377
32231543051
1005001813458584
1005002204691635
4001061370733
32792851622
33002943804
32909915359
1005002386515853
1005001585278513
4000849838972
4001015681902
1005002358813489
1005001966437443
2028271803
32836073769
1005001672032325
1005002242446460
32714467071
1005001566794020
32618750866
4000463552801
1005002264608692
1005001270365716
1005001548279197
32985977362
4000962556156
32853736159
1005002420656878
4000433209804
32648840774
1005002362847280
4000397391286
4000712984597
4001280288700
32862964012
4000416276434
1005002359274051
32933766571
4000070569852
1005002459562408
1005001694222755
1005002291985150
4001187138601
1005002207682238
1005002354323692
1005002243849471
32806509610
33008808491
1005002265088328
32881618849
1005001969312660
1005001804153520
4000735190696
1005002313696857
4000969691187
4000124722718
32832884682
4000335855161
32854501619
1005001624992974
1005001692130532
1005002322610844
1005001810215085
1005001812459447
1005002468768657
4000103395787
1005002347172686
1005002068183295
1005001501590867
33053420108
1005002467439546
1005002329873879
4001214163960
1005002252656656
4000068768365
1005002034207949
1005002372554932
32914072107
4001214189832
4000938206584
32871023596
4000816939426
32970646855
1005002357149728
1005002446621591
1005002479392881
32956130213
1005001893373438
1005001369314983
1005002467782273
32265036004
32997316370
32880700342
1005002265774748
1005002298639066
32807596918
4001159499682
33022023240
1005002029959715
4000394779162
1005002341394685
4000231353876
1005002304424436
1005002337054199
1005001999200011
32721117589
32902049622
1005001445714202
32888898720
1005002265001682
1005001732916191
4001219935974
32951586004
1005002336794933
32995428421
32836854449
341570140
4000423933028
1005001814265998
1005001287563420
1005001269539395
1005001616000732
32698095337
32714567516
1005002316852936
1005002459852174
1005002481428333
4000469202733
1005002310926687
4000415144057
1005002312991652
32670525372
32758425752
4001259724534
1005002484150122
32976399199
32670910645
1005002301237087
1005001621998640
4000064456969
4001163413375
1005002447518336
1005001485110112
1005002306180504
4001214775072
1005001869565753
1005002446486489
1005002496006837
1005002428284894
1005002344226550
4001294079539
1005002420911989
32869476494
33040240962
32966664212
33016324404
4000708184318
32947462411
1005002353123842
32977190692
1005002362140717
1005002136785807
1005001368089262
1005001808634763
32616108306
32969155468
1005001976132740
4000456020499
1005001640889241
1005002467509815
33024556301
1005002316912202
1005002052505620
1005001904925888
1005002482301927
1005002432857996
4000149404685
1005002224657627
32818325227
32509382507
32527416352
32961550762
4001221021440
4000066411687
1005001446181719
32945372413
1005002318507694
32951750489
1005001422831761
32949763797
32854680301
4001273189452
1005002432582844
32855125798
4000176479403
32842384404
4000823208479
1005002466050114
4000069840363
4001305521823
1005002012344590
33049181160
1005002403975879
1005001326670558
32810598769
1005002454429454
1005001490915194
33055691170
1005001729520125
1005001850871259
32996052378
32844256334
1005001936264349
1005002467007572
1005001333980836
32902196325
1005002314200844
1005002211003835
1005002498838477
1005002075222502
33060822755
1005002402373689
32957403976
1005002395948774
1005002306351957
1005001450583802
1005001463571578
33003693721
32902168485
4000975685121
1005002049948632
33044582176
1005002340577737
1005001548168037
1005002425784149
1005001586679068
1005001329731452
1005002380936239
4000888382424
1005002403167231
1005002457814674
32796934704
1005002500161890
4000617642021
4000549183046
1005001323038557
1005002256779532
1005002182350009
1005002483971431
32846546175
1005001448626916
32921069628
4000128404514
1005002318668511
1005002363473875
1005002319498007
32893590967
1005002398630264
33003889044
1005002418005619
32977932548
4001313173956
1005001930395210
1005001829580750
4000064092831
4000056144659
1005002339575185
1005001667334282
33040155683
32881612735
1005002191679247
1005001678802714
32899963244
32962418849
1005001588681495
1005002358475771
4000219625663
1005001441442873
4001346038932
4001263833996
4000619029095
1005001893933175
10000397755620
1005002258336328
1005001637979776
1005002465427310
1005002352998132
4000703310757
32616017971
1005001830024058
32839275575
1005001821793518
1005001457408881
32810440347
1005002064977907
1005001572985789
1005001423906528
1005001881442924
1005002449710497
1005002357406190
1005002129026679
4001354542783
4001251146024
4001082468743
1005002224647203
4000301169788
1005002485670050
1005002282218569
1005001425355342
32998446675
4000989879017
1005002258138391
1005002320656001
32799835760
1005002372263768
4001042531622
1005001424122465
1005002302235753
4000991133489
32546102008
1005002327671613
1005001626655466
1005001566372138
1005001451690099
1005002499592340
4000977203586
4000278019066
1005002454753905
4001313567219
32896649058
1005001705181417
1005002495854728
1005002317829017
1005002094795829
4001143056593
1005002257988550
1005001579690437
1005001940803209
33030439836
1005001571583533
4000039436838
1005001278258793
1005002275968374
1005001433567984
33002171127
1005002418548140
1005002292519433
4001053850696
1005002443631694
1005002468929095
1005002415979994
4001017421155
32861881963
1005002043115009
32960127692
4000541250734
1005002193955370
1005001579106610
32653666788
1005002273223083
1005001469219624
32958152186
4001138971554
1005002316168726
1005002333221589
4000985595681
1005002199259122
1005001918061949
1005002285899381
32976538740
1005002309720218
1005002264455482
1005002264526530
1005002336768968
4000020777181
32321613293
4001066534611
32826342213
4001032023511
32959866551
4001137908523
1005001821278521
4000221289276
1005002458781153
4001347894499
1005002486729497
4000702264703
1005002382400196
1005002353253987
1005002170981699
4000902833239
33062738030
1005002143781206
1005002365444690