1005001329797463
32914537572
33058161884
1005001949326647
32821226226
32813843848
32898753697
33058987767
4000279911475
1005002312704575
32847354641
4000296954458
1005002439737496
32887438068
1005001287930214
1005002246923123
4000780380152
4001261357931
1005002139815177
1005001378005153
4000036467668
32843735760
32982967071
734503190
4000974776923
32920947570
1005001656852743
4001134671832
1005002253025510
1005002322817002
4001218948183
1005001580445654
4000256203032
32797882121
4000581673068
32920087262
4000704790221
4001045327948
4001301647953
4000224726263
32901136524
1005002432683802
4000093599523
1005002392489337
32955502862
4001351836116
33057036105
1005001457784840
1005002313687679
1005002477052358
1005002397715793
1005001870293718
4001366597626
1005002046061563
32759257645
1005002238926484
1005002063224133
1005001700715038
4001327296938
1005002223872467
32945780970
4001056877527
1005001379180094
32768182498
4000399023350
32897881941
4001215638291
32968852128
4000803700263
1005001308881228
1005002281212630
4001013263726
1005002476381559
4001162654138
32462563381
4000418573295
32825988377
4001179342790
33000685510
4001358359929
1005001897720389
1005002353874673
32878498748
1005002409767310
33016738286
1005001615938336
519763339
4000092763591
4001064546643
1005002345419787
1005002326870905
1005001797034682
1000008800954
1005001596053713
33063203123
1005002292596156
1005002401147212
1005002329224181
1005002383729552
1005002475721197
4001225116614
1005001670860391
32792818768
1005001950479924
4001234033037
32975275459
4000011393428
1005002033759065
32781116848
1005001689013625
10000395952041
33057813373
1005002447300860
1005001680095162
1005002372582031
4001152400369
4001163483246
1005001494878796
32841224878
1005002489404877
1005002289762693
1005001698739332
32904793698
1005001741362813
32839428212
4001038872077
4000133009394
1005002314021891
32838513830
1005001593335005
4000259484951
1005002390372773
1005002487873456
33034142787
1005001515862198
1005001738644303
4001351458098
33002022777
4001085728918
32995007739
1005002033169784
33062555951
1005001807469933
1005002064253705
1005001560655591
4000633101735
4001204021412
1005001917181881
4000390488165
1005002191587647
1005001464069235
1005002284867134
1005002489938769
32821057234
1005001694479775
4000504223840
32885815814
1005002234238287
4000667340903
4001120539607
1005002408326872
4000793791639
1005002372565319
1005002427880113
1005001571914112
4000975710504
32697829874
1005002265970891
1005002278854666
4001176057607
1005001800858940
4000842667008
1005002315078830
33053499825
4001040639923
1005001685283943
32653050531
1005002171739739
4000585117452
1005002346875183
1005002156299228
4001151346165
32994799502
4001327672425
32926160488
33050348371
4000436883072
32979302655
1005002286257316
1005001723305189
1005002417508528
1005002357496308
1005001525400682
4000661101125
1005001774731784
4000517679688
32421543570
1005002429423201
1005002448362706
1005002006532251
4001304706969
4000994051016
1005002309755182
4000549172193
32971428392
32680865587
33025097111
1005002136916196
1005002350693332
1005002382450303
1005001648840563
1005002320570555
1005002324614160
1005002253452903
32663746962
1005001829886354
1005002383065921
4000164745366
4000960483750
4001104226086
32561933946
1005001514884797
1005002336687424
1005002459156843
4000519475172
4000982037427
4000925940262
1005002350730101
4000311720436
4000284888706
1005002038786320
1005001489481997
4001132551819
32840489083
32785976963
4000224989718
32960035997
1005001971812151
1005002352993410
4000311430336
32984882743
1005002039608056
1005002325106956
32934375040
1005001619517753
4000934299850
4001330898334
32596388880
1005001980270507
1005001615829141
4001098326503
1005001715851878
1005002483131402
4000960580400
33048150668
32852047595
1005002351825143
2043782343
1005001972558540
1005001768178406
1005002058475902
1005002014574813
32974287899
32565957878
1005001971172573
4000423787754
1005001425736906
1005002327313492
1005002310585589
1005002470721844
32821456445
1005001351547111
1005001381262686
1005002377650216
1005001518325578
1005001627570413
32602452756
1005001616383873
1005001311118908
1005002073421731
1005001524990083
4001149601551
32916133514
1005002002798504
1005002376364346
32944273399
1005002457546462
33003173523
4001328735324
1005001566976645
1005002123276757
1005002287332596
1005001699117814
4001068617108
1005001640102942
33042479176
32885322195
1005002313130934
1005002307769126
4000882631866
32233155800
1005002085935221
32826732285
32741369376
1005002380825276
4000814666120
1005002326093383
1005002358910547
33047448223
4001125556079
1005002326732085
10000150584872
1005002225256935
1005002294029752
1005002370012536
32960046319
4000249397168
1005002140870361
4001264691035
32325025957
1005001807458714
32969644018
1005002332148097
32988698870
1005002433401440
1005002408497241
1005002405901473
32813940934
1005001504433898
1005002314304362
4001090120125
4000899870511
1005002074779955
1005001397605804
1005001905079239
33035930951
4000283673439
1005002034470319
1005002292011164
1005002364109289
1005002447290301
32852000879
33009771599
1005002103440441
1005001340291846
1005001290525372
1005002267576307
4001054313947
1005002220523005
4000598873582
10000256369761
1005002279028605
1005002428845136
1005002104603487
1005002390696620
1005002212673931
4000367042157
4000054448251
32960434065
1005002356763860
4000247144825
1005002292704090
1005002347020171
1005001907154555
1005001840575800
32977454367
1005002417103968
32704987474
1005002180063668
1005002304038682
1005001718807829
1005001606307591
721392306
4001339737725
1005001763754181
1005002419768018
32256948446
1005001976047590
4000034172803
1005001587827162
32963564533
1005001489623219
32326234697
10000349778148
1005002286691426
1005002500437954
1005002347251440
32653940352
1005002059595001
32897309889
1005001406068047
4001291774749
32983551861
1005002221891048
4001114941093
1005001994255830
1005001957478532
1005001490400572
4000193899385
1005001452115358
33026138326
32977094780
1005002243910021
4001165643710
4000978908297
32967677449
33014164493
32971990242
1005002388647228
32974590099
33041420438
1005001339841374
1005002032194950
4000933192856
1005002339588167
1005001916028294
4000666532696
4000065517034
33047909641
32910561035
4001214323002
4000964845619
4000970600383
32864062738
4000955781755
1005002282881436
4000107135706
32842668911
10000015703732
1005001821739185
1005001375421281
4000185671924
1005001977216064
1005002314347078
1005002314488003
1005002380429447
32641466605
32888244306
1005002016702988
1005002288675114
4001039109948
1005002376850933
33019713872
1005002483662728
1005002381211015
1005002314627371
1005001435984737
1005002187783894
1005001953473668
1005002371643806
1005002232407972
1005002426412277
33049771218
1005002353020865
4001264418962
32831189523
1005001871119866
32990886404
33031174460
1005002404107572
1005001972996982
1005002403957918
1005001441415578
1005001804875311
32974995971
4001064568496
4000832661557
1005002438765937
1005002376891578
33027615137
4001110155755
4000092001274
4000818148307
1005001307579567
4000362909203
1005001560198684
4001225271375
4000054629062
1005002118855710
1005001829706890
1005002418161263
1005001286760815
32842388882
1005002307327758
32947690991
32615764065
1480308194
4000593654056
32854442135
1005002336477560
1005002315320413
1005002096822150
4000514022171
1005001479254766
4001281954203
32863718912
4001322019045
32987482243
32839472274
1005002233426232
32966132172
4000599621619
1005002499199862
1005001549539171
1005002170843167
1005001686193420
1005002108261056
4000429668682
32958929858
32904937729
1005002309471587
1005001884828542
4000853778793
33053513586
1005001868445786
1005002375316744
1005001613153453
4000793176329
1005002468187672
455344309
32845270342
4000119902269
1005002217882877
32275498551
1005002292719118
1005002307298468
1005001670962849
1005002310027907
4000764649760
32927228105
1005002029022440
32832934823
1005001349693852
4000944988300
4001279218135
4000907429866
1005001474342352
1005002175567668
32785759895
4000725601782
32343196830
1773174884
4000834991395
1005001999187899
1005002234367978
1005002270692757
4000959660783
32796060793
1005002443435510
1005001604013505
4000419528558
32953316001
32514009049
32893492034
32969317557
4000982960315
4001015143779
1005002349943525
1005002400827970
1005002396763134
4000962385681
4000391897540
4001061700481
32995002903
4001220408795
1005002314278902
1005001417214027
32568945863
1005002300167182
1005002432056579
4000715837555
32778142066
4000291646970
1005002337852158
4001120422140
1005002467491836
1005002341153113
1005002196705596
1005002292936124
1005002410062366
1005001296422346
4001156361862
33021193172
32672832506
4000756446845
4001067859044
32332381778
1005002433637449
32907628884
1005002245146702
4000789233938
32885652216
4000859469472
4000190817625
1005002401170224
1005002431665209
4001157343110
4001005085742
1005001666611950
1005002273145289
32998511843
1005002368571578
1005002271453103
4001219630880
4001259314441
1005002262383791
1005002270081965
4001040681892
32856484769
1005001503062340
4001365556170
32973883750
4000959785751
1005002206054323
32859130460
1005001731530014
33030545152
32693556328
1005002494184581
1005002148837651
4000367416285
1005002347924114
32787119343
1005001931444664
4001035085395
1005002487146851
32887414337
4001228570735
32991952270
4000627169225
4001272861398
1005001868509530
4000047863529
1005002381600663
32853291400
33055261337
32991656168
32560730652
4001179833857
1005002490446590
4000468084389
1005001993281275
4000811647168
4001274944730
1005001804178928
4000070233545
4001287128371
4000155282287
4001203286907
32863388268
4000804741512
32924642528
4001084863693
1005002313170934
1005001717972289
1005001588672489
32828071422
4001134759362
4001281952438
1005002279074537
32960254298
33043627586
1005002328959250
32832411239
1005002111798279
1005001305043297
1005002296410295
4000333651049
4000073518128
32837397933
1005001365927122
33039974837
4000820350479
32994622132
32892286144
4001347559729
32315638884
1005002389019850
1005001573789527
32585024820
32950027566
32910481448
32948689234
4000272247177
1005002369480223
32809696649
4000219761191
4000927034919
1005001732720142
1005002454383274
4001014644740
1005002289548152
33003383217
1005002290855661
4000756852211
32944069438
4001029399754
4001087994576
1005001990740796
1005001972960981
1005001808917915
32964819715
1005002395831718
33011492580
1005002281934195
1005002243429189
4001019471364
1005001828734246
32572959446
1005001921748341
4000311905739
33027808440
1005002205808144
32794895463
32920064093
32813395080
1005002412525421
1005002372168881
1005002347900054
32583753529
32867681624
1005002352917514
4000789114333
1005001474763918
32906539143
1005001929071263
4000032570745
1005002450559542
1005001506118107
4000718888160
1005002381889883
32817658603
4000088556833
1005001928287050
1005001621701074
1005002361561862
1005001860843474
1005001528765550
1005001414034511
32925603636
32861594695
32956045331
1005002435898606
32851097843
4000954913977
1005002345843244
32908147078
4000532924422
32986007410
1005002460204058
1005001679353324
32796534669
33013121375
1005001902803826
1005001612498266
32889518153
33031860736
1005001874001059
1005002181496234
1005001848848122
32525508035
4000214759906
1005001500939149
1005002242266945
4000225600593
1005001815266785
4000801584823
1005001321524730
1005002328107021
32824970949
1005002400840665
1005001693362312
1005002244609861
1005002458711717
4000833195341
1005001877348694
1005002395683274
1005002296076715
32916525582
1005002286008744
1005002337250101
1005002045918376
4000101359169
1005002279457205
1005001882193048
32789302771
32931599387
1005002314030199
1005002265455616
1005002384314834
1005001350929663
1005002032438316
1005002156717072
1005001431281890
1005001882596107
1005001948555240
4000214392862
1005002484670468
1005002297533508
1005002076685128
1005002272942672
4001136990401
1005001930805769
1005002336549098
32794204417
1005002389606542
32823119285
1005002310758641
32777354457
32811359174
33048045298
1005002500575330
1005002399257238
33043787430
33053499737
1005002426109328
1005002345880266
1005002011701741
1005002406077907
1005002208267257
1005002241776598
1005002384866122
1005002476724434
1005002475596694
1005002302556170
1005001718456396
4000484379732
32678780228
4000935293303
4000527571535
1005001704014298
1005002246055733
1005001465747678
1005001516609805
32948672458
1005001844127810
32957385095
1005002278174102
1005002465442407
1005002210561159
1005001644158520
32982991533
32824855076
32384036350
4000302320204
1005002319096370
1005002481224034
4000168784282
4000131216114
32224482653
1005002081604237
4000245383801
32750313094
4000188525068
10000111918806
4000957719868
32955253630
1005002432933008
32841947578
32854359597
4001041055420
1005002413925389
1005001607451317
4000744664589
1005002319118057
1005001817083248
1005002488987865
1005001900573748
1005002205362331
32913263611
4001249208550
1005001828493680
1005001871676791
4001231127174
32854303992
1005002293390456
1005002054616742
1005002425059145
1005002364629273
4001060561286
1005002405596368
1005002419741300
1005002386957064
1005002292433889
1005002333953352
33054472738
4000812546837
1005002089213596
32971581956
4000068281505
4000132577592
4000625478945
4001228267473
4001076613964
1005001668933250
32996721479
1005002087868615
4000970004193
4000438108565
1005001599657636
4001062502220
1005002377947217
32955195804
1005001516200553
32891070001
1005002143533977
1005002457366587
32582227326
32998208380
1005002482255538
1005002338989643
32327900033
1005002413472484
1005001537818395
1005001962754683
4000891130274
1005002358249335
1005001656897628
1005002278346512
1005001978238394
1005002316534967
1005001590419376
1005001946456896
32882778385
32834680431
1005002287524165
32578982622
32784817405
32949470011
1005002211095371
1005002365144627
1005001566315825
33015676385
32796378133
32864247281
1005002400293630
1005001370247670
4000167005132
4000184996046
1005001425213361
4000967077250
1005002415935969
1005002214241585
32871046408
32312605256
32901033879
1005002286337434
4000781011838
1005001963199819
1005001705749151
32948007082
1005001563347871
1005002492358242
4001095265390
1005002387207826
32989465464
4000328501010
32819341093
32997989291
1005002404720383
4001187569700
1005001413204177
4001088302127
1005001884778868
1005002016999708
32698352534
1005002449728733
32863922966
1005001718016634
1005001361249430
33001945460
1005002105478271
32962046969
4000641430407
1005001429526551
1005001559762014
1005001641322210
1005002301105291
4000564307245
33051759348
32994705825
1005001643454572
4000210225306
623114200
32870636352
33002903279
4000859528316
1005002319049786
4000358219546
1005001681563335
1005002467589150
33052573592
1005002431456884
1005002400780130
1005002394977606
1005002317571122
4001103173200
32528721699
1005002460390400
1005002075070202