4000362082152
32959288885
32960082718
10000149551436
32965650330
1005001859525811
4000372821983
1005002250102527
1005002459963287
1005002246820299
1005001416647670
4001305273756
1005002362933881
1005002382990123
1005001774893300
1005002372034302
1694923229
4000404379745
1005002126114978
1005001920505338
4000940815954
32944057522
1005001818091148
32948605909
33014721174
32934731324
1005002322113361
1005001429802323
1005002211045208
4001278958361
32970906173
1005001794017081
4000828471633
4001228546377
1005001680495527
1005002454308659
10000399964135
1005002465344894
4000523082874
4000622895917
1005002222362020
1005002288725468
1005002413589763
1005002220098633
1005001763680930
1005002282294325
4000991407063
32919104272
4001254902583
33046263166
4001093152144
4000261751886
4001295054197
32986584042
33055430423
32630217912
4000935467417
1005002261008087
1005002050757419
4000234649843
1005002079795854
629259020
1005001551512885
4000537768927
32982803545
1005001558553691
1005002241799693
4001322570843
32890254679
4000957511711
1005002353552460
4000776352611
10000399954285
4000641193213
1005002252853457
1005001525296729
32794776627
1005001692749301
1005002461607962
1005002225010792
10000211730193
32993881334
1005002375863966
1005002314392855
10000397727450
32804800677
1005001685803422
32973369754
32828984640
4001241575635
4001345360182
1005001598736664
1005002275682607
32891390926
1005002377408216
32810531449
32797236567
1005002242707102
1005001992044583
1005002318056220
1005001621800820
4000449574464
4001181416301
32642523765
1005002443675293
1005002205409248
4000800220091
4000386313171
32375967580
1005002139191413
32799517133
32984186449
32812876086
1005002255982091
4001042010747
4001264515767
4000935501252
32650021248
32883714543
4000905651908
1005002346188848
1005002240603846
4000958864872
1005002252213146
4001258876085
32925367388
32876351923
4000838788871
1005002142623681
32962968884
1005002449747472
1005002236360374
1005002306643834
32953700806
4001161061021
1005002314510310
33040967032
4001256825308
32910429893
1005002360293591
1005002018618970
32886100334
1005002232945488
1005002408352730
32848608029
1005002365564446
32918196296
32879137673
1005002365251534
1005002337043560
4000554650311
32293417432
1005001334654300
1005002337656393
32970768804
1005002259936242
1005002317363229
1005002454339347
1005001508121665
33030765130
1005002279177254
32850297938
1005002279040032
32951140820
1005002171049441
1005001882573376
1005002378059766
1005002283947691
4000554779522
4000824278949
32615270041
1005002248708800
32955393131
1005002039158658
1005001623695646
1005002409690785
4000089198157
4000865454639
32852955426
4000249628694
1005002198344344
4000796714666
1005002414703487
4000808544407
2041137737
4001223180597
33018267765
33027521586
1005002481301605
32947948447
32960506596
32392732316
4000049694719
32893037433
4000414026642
4000834252795
4001307163970
32666918401
32864934454
1005002060286589
33041882078
33040146998
1005001814348342
32949964035
1005001844178530
4000956169581
1005002091133680
1005002338536178
32890780903
4001203479241
4001304692263
10000415865502
4000533474180
1005002383079239
1005002425069841
32851802341
32972333171
32873772421
32960578951
1005001338010738
1005002232322531
4000510370549
33014847212
1005002395720628
1005002262263450
4000084670944
1005002458220074
32862533186
1005001429386098
32747184917
1005002226401972
4001189828509
4000525533000
4001167916344
1005002435805871
1005002255300138
1005001791933066
4000902100230
4000122984809
1005002322367611
4000641164623
1005001699068122
1005002467026558
1005002172214420
1005001366229852
1005002375644373
1005002314017911
32801251713
1005002363543831
32803688104
1005001763469576
4000865158101
4001279235382
32813569743
4000447399178
32348213940
1005002299648537
1005002221216570
32987445756
1005002404035374
32682184439
32751819372
32835271424
4000051777511
1005001692783711
4000768837300
4001183728673
32905452653
33008177647
1005002428538973
1005001971171685
1005001841432720
1005001935895124
32838508986
1005001914353629
10000352861743
1005002332476313
33005263347
32840636536
4000065912520
1005002495531476
1005002386821220
4000940225422
1005002337587157
1005002302517961
32903913549
4001338689589
1005002365247676
1005002334303938
32661570760
1005002254848351
1005002318971453
4000979298843
33047745898
1005002284142251
1005001939963666
1005002240333358
4001365185946
32868793366
4001331996619
1005001708579432
1005001574058749
32596974000
1005002297003664
32993293322
1005002274342013
1005002305039299
32972992739
1005002276509599
33001101233
1005002347605279
4000317961049
32981218450
1005002417974864
1005002273244516
4000928107053
32829918001
1005001627500135
32972561169
1207189344
32706428726
1005001726355193
4001160336819
1005002382722195
1005001336034953
4000291710940
32888755978
1005002014443010
1005002459865712
32914589883
10000395931361
1005002061761885
1005001824618943
4000112952483
4000026080024
4001178794790
4001271072039
1005002311183145
1005002421256432
1005002252622338
4000755474508
33002508119
32793783951
4000924486466
1005002321048804
4001230382403
32902718720
1005001265528769
1005002330346344
32875485845
1005002192121488
1005002181253852
1005002248709353
1005001768060297
1005002309666298
32966391103
4000390579387
32840351028
32278468745
32756211004
4000967966909
32488686741
1005002382397893
33001229241
1005002418615299
1005002363077922
4001219254705
4000351086000
1005002353523155
1005001500016076
1005002375372616
32774992269
1005001410635794
4001264385140
32617122585
4001062498092
1005002380866373
1005002347098194
1005001577442625
1005002260449032
32247118388
1005002206125818
4001330871020
4000742276354
1005002281828367
1005001993726205
1000007001996
32873709540
1005002298820642
4001170308735
1005002125219695
32954146625
33004012874
1005002298133685
32891074498
32906270886
1005002232196258
4000614547500
1005002392934882
32905637599
1005002369228416
1005002196330125
4000248975532
32697041568
4000553342932
1005001906854470
1005001940806058
1005001758014002
32966756302
1005002312102932
4000810486073
1005001387294208
4000295756119
32258506698
32975121021
4000108890924
1005002418135725
1005001525731522
32933702603
10000395955291
32859739873
1005001958399146
1005002305668881
4000500644329
1005002240861096
1005002369582220
32971439799
1005001367648587
33030066839
32856008651
1005002104647684
1005002235686806
4001052627863
32996258202
4001262533889
32960036328
1005002244576541
1005002206822395
10000051759502
1005002105678531
1005002321918104
1005001699705691
1005002314394387
32918105669
4001142256186
4001096371721
32721135317
1005002441860275
4000354328934
32813324468
1005002406655519
4000618159017
1005001885262457
32847088350
33060699974
1005001638996098
4000844772892
32890981410
4000470684423
4001228579324
1005002428001989
1005001710101346
1005001483473280
1005002356512818
4000111663592
33035121358
32796601879
4001228652789
32696652312
1005002342675920
4000812299104
10000059566115
4001046455164
1005001971200987
33010244721
1005002276085719
1005001686108507
33000609429
1005001706618125
4001294582569
1005001430377128
4000814639016
32900673925
32841454639
1005001430960460
32835634869
1005002235589470
32793490025
33029613186
4001051464728
33047493718
32845171979
20000004735138
1005001840964664
1005001845878739
1005002160012844
32957413580
1005002322179402
1005001370251191
1005002400669198
32651731526
4001299764705
4001201266035
1005002284946032
1005001509779637
32703972308
10000357956833
4000018730871
4001271108231
32792435702
1005002315166990
33014204782
1005002341497440
33009244817
4000276101388
1005002382499729
1005001890686543
1005002278283006
32973856152
1005002277942719
32974049084
10000185221169
33002077387
32697651089
1005001381161997
1005002431164848
1005001774228864
1005002011504603
1005002316385866
1005002300856635
1005002244397811
1005001692307015
1005001676481185
32889845705
1005002026679935
1005002120993285
4000256376680
1697324629
33038748333
1005002219464414
1005002426737210
4000533229222
4000054965399
1005001536767682
4000501647605
1005001703118312
1005001441508231
465794691
1005001465149192
32909345224
1005001529746704
33000754997
4000245432493
1005002064766207
4001058775676
4001266922663
33004294455
1005002323415897
1005001913833496
1005001769195896
4000106497928
1005001901489760
1005001581352536
1005001665903860
33023704229
1005001610445241
4000580667566
32951276186
4001130740765
32920748539
4001088073484
1005002308870538
32631452135
4000333476196
32326635680
32324012812
4001041099185
1005002314926014
32608999373
33006784114
1005002304359468
32772854666
1005002233564484
1005002318966122
1005002122421338
4000748681851
1005001928284384
1005001452452948
1005002085532007
1005002428582315
1005002431913960
1005002064968967
4001287324838
4000472345506
1005001519718225
1005001398087702
1005002350186667
32739367712
1005002235983441
1005002328088056
1005002250470012
1005001664230783
1005001987821153
1005002336952683
4001275958234
32857608180
4000919841678
32975322247
1005002307024620
4000551987619
32961838777
1000008225104
32983137385
32822233038
32901335927
32886416105
1005001652011451
32942479655
32971079999
32807525436
4000189565152
1005001651454245
4000915627466
10000277375972
32948084613
1005002317426295
4001280413399
32816964010
1005002167911299
1005001851641007
1005002120090150
1005002438124759
33009256072
32973098106
4000666080720
1005001887618770
1005002314446740
4001060003820
4000953632665
1005002120876942
1005002351590491
1005001834573973
1005002389918822
1005002311765672
1005001500138958
4000873739748
1005002349659693
1005001284590509
1005001985142125
33032862860
1005002019314127
32799042669
32708298737
1005002321408526
4000040746579
1005002252517021
32917259638
33004763115
33041943042
1005001430382446
1005002408062773
4001223296191
1005002069450612
1005002128530803
4001035562889
1005002314682899
32909245729
33000431233
4000277437167
1005002443250838
33011210445
32508133063
1005002200985365
32767448596
1005002389808482
1005002413453359
4000314982721
1005002278780571
1005001967533594
33002306603
33007254171
32844473949
1005002371898788
32826499551
4001230374359
4000142005862
4000166401362
1005002393057213
1005002072351168
32912331550
1005001570919212
1005001383669388
32990517837
1005001640885102
32947344143
1005001483859076
1005002484418384
1005001620917072
1005001695450320
1005002246104155
32867511866
32478456671
32862405890
1005002093664697
4000394013829
4000850512828
1005002018894206
1005001930284378
1005002238193647
32960683126
1005001494921763
1005002389360075
4001189359775
32952681027
4001120100542
4000554817015
1005002380836009
32851134037
1005001397801709
1005002343419913
32905308313
4000535595439
1005001914045479
1005002247624435
1005002037180355
1005001877211329
1005002452908469
4001320360545
1005002388276937
1005001571554739
1005001730568884
1005001723434636
32346941898
4000257878302
1005002310928934
1005001822786202
4001201367164
1005002467084958
1005001710369126
1005002356078083
1005002137770740
1005001514331073
1005002454222880
4000459504737
1005002204972155
4000101824663
4000382515793
1005001805092084
1005001654313435
33027144728
1005002053759554
1005001488819164
32960774059
32829678940
32911653476
1005001608514816
1005001329892121
4001358342735
4001230800557
4000258057065
1005001633248665
32887522224
32851092403
1005002294775357
1005001819046531
32567292303
1005002417379324
1005001645985182
737319883
1005001511872379
1005002462392827
4001156781368
4001228177038
1005001592470201
32977311637
1005001731371325
1005002302321236
1005001983581107
1005002386986921
33046262652
1005002122464304
1005001670657903
32995969156
1005002323323756
4000168928377
1005002253656465
1005002361520399
1005002311781450
4001025793788
1005002450488546
4001301835951
1005002464900079
32877145110
1005002364881965
4000764711370
32858391828
33006045927
1005002384737223
1005002316247481
32979852407
4000233708921
1005001912799093
4001360591854
32886288694
1005001520451418
32802031259
1005001525416349
1005001863797015
10000276783661
4000105084844
4001084702570
1005002453681837
4000548272606
1005002132247099
4000511772865
4001247348251
1005001463415876
1005001374389068
32891367251
4001189877062
4001190487970
1005002012803334
32722177285
1005002408464879
32916036042
32751919333
1005001670947222
1005002181568587
1199193637
32806876159
4000039161834
1005001367148010
1005002344278910
33017709408
33001567111
4001282173923
33049850774
1005002393068400
32626004310
1488171064
4001195658614
1005002229471543
1005001864906938
1005002293086763
4001189141953
4001199171030
32911007788
1005002329751925
32987688134
1005002467027511
1005001339747511
1005002278454554
1005001736766612
1005001343991252
33004712210
4001027783012
33035713735
1005002312612668
1005002389302455
32999746842
32831647563
1005001808760783
32859124069
33042813077
1005002375631919
4000448445163
1005001812392590
1005002353294447
1005001790607300
32998115321
32972279362
4000214948519
4001043703648
32752267716
1005002132746397
4001212471827
1005001927081593
1005002239561742
4001134537152
1005001437778572
1005002239146364
1005001854937295
1005001803080892
1005001730697547
4001250960030
4000687206646
1005001333158728
32890623012
1005002435811351
1005002287238963
4001236777719
1005001867683344
33013670926
32847611305
1005001567060446
1005002465527097
1005001849703382
1005002238721279
32996733743
32624014056
933622399
1005002390439201
1005001503976594
1005002272581570
4000966957505
1005002006519804
1005002433184057
4000321207395
1005002122251945
4000308877730
1005001866450494
1005002393245505
1005002383060023
1005002354396582
1005002335115754
32614706622
1005002192492464
32491934191
32818162615
32960865533
4001259012869
1005001993067266
1005002379038162
4000105282631
1005002394028557
33042839505
4001247412415
32981145277
1005001302842219
4001242577685
32829411624
33034723834
1005002314388812
1005001935556225
1005002314732021
1005002281795857
1005001587430560
1005002280605423
1005002484705534
1005001419109225
1005002278371425
1005001973444765
32869067120
32817897894
1005001859434271
1005001692430436
4000039761556
32575221701
1005001502976888
4001214206692
1005002252377517
4001015431275
4000783798391
1005001856211077
1005002244200375
1005002295169592
1005002339126056
32985871314
32839892556
4001209004340
1005001489553660
32931326770
4001210133175
4000685502960
1005001284792308
4001333161690
32346859785
1005002252251058
1005001280428593
32802565789
4001297788218
4000077466881
1005002329927455
4000966028926
4001352235066
33006408883
1005002105145928
33017302029
1005002273078597
1005001840734422
4000590094290
1005001338608532
1005002060883502
4000858786172
1005002349844352
1005002240764004
33028878552
4000089916654
33005103800
33049626544
1005001790328608
4001161000981
1005002320614705
1005001270337792
32227542221
33046926570
32952708181
32830064766
32954565834
32953771729