32966038191
1005002018506782
32979665970
4001156833327
4001241098444
1005002290565079
1005002450195702
4000047983231
32876322247
1005002229549563
1005002063330692
1005002259599189
1005001468937264
1005002308547031
1005002306052964
1005002353416338
32919244582
1005001824794104
1005001418323726
1005002440763350
32881534646
1005002293393154
32883828426
1005002483594570
1005001433823950
1005002319365144
4001205657130
1005002064775768
4001120225394
32891466001
1005002258863147
1005002352480964
4001220417373
33054544979
1005002275732080
4001250313381
1005002238747593
1005001789494797
1005002292499667
1005001515353665
1005002467630208
1005001621169248
32765925683
33031387958
1005002439073838
4000463555390
32949667073
32970859596
1005002414159975
1005002363128082
4000120179817
4000960622203
10000020957014
1005001840763625
1005002276683149
1005001339559357
1005001525110999
1005002219954231
1005001967052977
1005002328505331
32973972616
1005002206553346
32835226054
1005002338998601
1005002072531237
1005002388820074
4000230166156
1005002275197881
32969472360
1005002364641703
1005001961951946
32580720551
1005002375691015
4001294225071
1005002037225307
32971262155
32491387093
4000898427801
1005001409728915
4001061817200
1005002298375067
32651855168
1005002023328663
32838780769
1005002351503639
32831941494
32985696200
32916789715
1005002426185098
4000089656640
4000186077410
1005002406962361
1005001777827142
1005001908820401
1005001597532644
32981973589
4000038956015
32978490241
1005002390656444
1005002420970155
32829044781
1005002327773259
1005001780747740
4000768810912
1005002318959006
4000644771633
1874947026
1005001325628681
1005001660026567
32839443237
1005001811069557
1005001867659977
32868059494
1005002453211088
1005001992418384
33009649041
1005001481770257
32567057048
1005001758451290
1005002271508654
32995410412
1005001975431231
32899218357
1005002351854007
4000203264471
1005002136757289
4000189855855
1005002316574044
4001156425271
32870214888
4001022122370
32607551595
33002519970
32847686157
1005002394428892
4000842995294
32944553454
1005002425759870
4000029617752
32882464873
1005001413725177
4000299733391
4001358472048
1005002426140515
1005002323578660
4000176738606
32848722178
1005001942976030
32995775965
33032812919
4001270440519
4000194091024
1005002067837670
1005002027108557
4001034302260
1005001786174925
1005001922066424
4001062198959
1005002368348017
1005001441405855
1005002115393896
4000296292516
32957548631
4000039366269
32981406527
1005002229983322
1005001390497129
1005002475880363
1005002364657733
32902437818
1005001590317231
32825769589
1005001764449077
4000988335055
32889116894
4000059839721
1005001858959409
1005001419744512
32989480571
32649487702
32958267591
32676407110
32785888687
32943249864
32989770767
1005002415495020
1005002440812537
1005001864563019
32927164694
4000796280028
1005002244537507
1005002104453274
4001211524455
1686606884
1005002395867599
32901149708
4001195656065
33058424072
1005002261199241
1005002413498309
4001358483240
4000922103807
4000314143628
4000222339682
1005002336992176
4001149455915
33030414061
4001360965630
1005002251950917
1005002449985452
1005002346059118
1005002381608015
33003359682
32539988290
1005002234164372
1005002204069116
1005001565721699
32923732656
4000348165541
1005002083361138
32810962346
1005002368945981
1005002498948137
1005001823657639
32698574122
4001295189568
32990853422
32836050448
1005002381644065
1005002438579449
32821264654
1005002322589098
4001019766055
4001132019439
1005002092561323
32836529971
4000404225650
1005001650876091
4000419259161
32956497394
1336097006
4000066916242
1005002249080402
1005002110246021
1005002072458502
32303885589
1005002356074604
32833810731
32696102777
1005001922344685
32887979477
32851034794
4000004616292
32521723486
32989183059
1005002316584865
4001199342956
32801912162
4000138676552
4000966745466
1005001971190501
1005002462690991
4001228483844
1005002469088733
1005002258777465
1005002270795533
1005002040253808
32860883130
1005001505763603
4000736681366
1005002404735741
32217827378
4000104099576
1005001669900599
4001047699396
4000076827802
32962655546
4000188717974
32861972420
1005001585288474
1005001334326636
1005002325059226
1005001991659658
32813659958
1005002330599663
1005001830548833
32980869467
1005001514902956
32710501436
1005001606999123
4000225626159
1005001769366071
1005002301459998
32863733791
1005001843361673
1005001278754213
1005002281274904
1005002339050715
4000169343599
1728490532
1005002240569975
1005001608726989
1005001942475503
32945652200
1005002275872462
1005001291527032
1005002281088998
1005001463133268
1005001350616282
1005002007951636
32884427212
1005001780584386
1005001276015698
4001159954522
4000955476275
4001013507812
1005001812679094
10000018921107
4001136113713
4000444438694
4000921401805
1005001626065930
1005002401432326
33029905562
4001050729848
1005001468875436
4000095936873
32829834514
32969682046
33009353716
1005002207495764
4000882875738
32775719401
4000804454013
4001064796089
32889617106
1005001353577351
1005002382819639
32848834999
32856164036
1005002420780505
32866712555
1005001731121734
1005002275649277
1005002277257173
33018387514
4001116940987
33005387167
4001064945014
4000748621683
4001228471568
32807234643
1005002395011426
32900036506
4001267863331
4000438750358
1005002489822299
1005001779703425
1005002246085978
1005002293466389
4001069007300
4000707798633
4000712150266
1005001398530771
4001183461875
32849757877
4000223748480
32811823310
1005002330728429
32997020912
1005002198730542
1005001303147822
32831917546
33057420077
1005002319367463
4001334856392
1005002235943005
4000366043933
4000181254880
4000003572070
1005002374842665
1005002362860515
1005002406356749
32776311745
1005001700999132
1005002350636258
1005002059861534
1005001687979318
32771118608
1005002321103881
32831568525
32885524762
1005002330706190
4000349056733
32911677281
1005002305262612
32985665732
1005001688735955
4000205672043
1005002388315136
4000249340977
1005002328030569
1005002358688607
32948737957
32791681028
32970749024
32905409083
1005002201914473
1005001566473517
4000730602426
1005002232486795
4000083152791
1005002350526886
4000879703277
32960588022
1005002243062703
32824156576
4000171351798
1005001887536698
4000289232103
4000997020832
1005002272364757
1005001850179877
1005001348541525
32639259913
4000655883326
32946198158
32824654422
4000905613687
1005001821562117
4000499088917
1005002363116430
32900742104
32949802701
1005002483611128
1005002318466936
33052990907
1005002260528106
4000404431457
32947960851
4001270697882
1005001801145149
1005002369122078
32972055237
10000003943427
1005002408347882
4000274634773
33009544117
4001237737022
1005001446223186
1005001474649231
4000123241301
4000489714990
32913538740
1005001300126542
4001333851914
1005002139505704
1005002323718700
1005002393083561
1005002253097644
32849869793
32907191393
4000641409434
1005001666578679
32977354082
4000959911147
1005001602368754
1005001402307011
32950681153
1005002268155689
1005002363516107
4001264855366
32905435736
1005002318673907
4000902353305
32932736590
4001151945573
4001214470830
4000322157001
1005002051579775
1005001780945634
1005002468016609
1005002060260507
4001150192698
1005002461969643
4001050188743
1005002332211863
1005002311564972
4000543724375
32883868057
1005002121461977
32580612723
1005001560042092
1005002301672138
10000033669536
1005002435601153
1005002381489846
1005002315790912
4001132927365
32926058506
32976405276
1005002401565884
1005002306816304
32852542164
32950790307
1005002278404839
1005002322674861
1005002239049472
32828226936
1005002367401165
1005002122341682
1005001835321981
4001302780807
32359067668
4000203750479
10000058361176
1005001730753403
4001225132446
1005002371624662
1005001525581094
32850485685
1005002489127727
32578970091
1005002357173469
1005001607830446
1005001721221446
1005001796675368
4000001510980
1005001494531216
1005002317587353
4000284159186
1005001840942653
1005001309075508
1005001905563836
1005002340251531
32852040103
1005001782459789
1005002323490649
1005002444100066
1005001516003322
1005002439403050
1005002401221466
1005002275620160
32997361384
1005002424841098
32317178961
1005002168153286
4000989637766
1005002337061504
863193602
32243803146
1005002304358440
1005002404664890
32575853708
1005001946414680
33020246502
4001042762784
4001005846265
1005002383031978
4000621301910
1005001578665215
1005002340634942
32887550126
1005002248221382
1005001901482122
1005001947469623
1005001459871588
32885564474
32565778554
32947580529
32975833003
1005001942375337
1005001496337334
1005002491848437
32948677675
1005001562710133
4001152250732
4000292495894
1005002388385180
4000039235114
4000528281940
1005002260847783
1005002225981893
1005001889939907
32849762134
1005001338739341
33053691828
1005002383039053
33042813467
1005002451048305
4000703423231
1005002292705087
1005002341068460
4000036312352
32960875371
1005001610180346
4001278686560
1005001388164633
1005002432250598
1005001597433325
4000705025099
1005002070189726
1005002305038293
1005002341634865
4000429908472
1005002358789540
4001054611651
4001285212819
1005002280862712
32895394536
4000927571098
4000625484675
1005002176841551
32924178132
32989695692
1005001403480322
1005001817434501
33046063981
1005002125812145
1005001542620638
32803746196
1005002441716482
1005002419309059
4000997910953
4001270510112
4001270326916
1005001782335308
32970325171
1005001552222669
1005001971844556
1005002421173396
33003578162
1005002361785625
32916252489
32742082573
4000176880397
1005002314341508
4001266811014
1005002469052129
1005002314387809
1005002277774333
1005002104140867
1005002259424567
1000007916840
1005002470160000
1005002351804894
32844522978
1005001421333696
1005002340319184
32762853874
1005002223411647
1005001491205907
4000299280521
1005002375158369
1005002390645912
4000964913545
1005001845525210
1005002283485957
4000097420199
1005002324413134
1005001996891448
32852590312
1005002143302435
33000825406
4001315429821
1005002464717996
1005002298047204
4000280334421
32887407774
1005002360445915
4000176679212
4000834589448
4000277303385
1005002243905012
33031851553
32953284942
32906141926
1005002191552786
32841054662
1005002389992333
33022517441
1005002272679451
1005001598836099
4000628042429
4001196223561
1005001677068643
4000709129850
4001359005253
1005001351202897
32973169010
4000648993956
1005002336674523
4000256955855
1005001780097408
4000037813481
1005002319058669
1005001671709864
1005002190278982
4000511837142
4001024856430
1005001732485305
1005002033555499
32925871652
1005002089722733
1005002463128813
32898257477
33049244897
4000075458197
1005002273390734
33054575690
1005001922810182
1005002477762375
1005002033107568
1005001482399468
1005002416510014
1005001744394571
1005002122389475
1005001405825060
32829341630
1005001928195228
4000124802041
4001044511184
1005001777736654
32616581814
1005002328915463
1005002388374488
4001179266084
1005002377930985
1005002316020475
4000862855041
1005001897103801
4001102597342
32270672236
1005002271062974
1005001609880629
1005001621062764
1005001889373378
33005145653
32776363425
1005002305899905
32323587977
1005001757956321
1005001706160428
1005001744360062
1005001329551933
1005001636208909
32972751141
1005001369296906
4000705836241
4001309206303
1005001423294310
4000038538642
1005002350792674
4000498874212
1005002385128323
32962816824
1005002476695624
1005002482899561
1005001324704747
32546331065
32319785170
1005001411373295
32857601521
1005002454614225
1005001343320556
4001062410905
1005001990414299
1005001340272176
1005001588234283
1005001657600793
1005002388859135
32910634018
4000262386118
1005002348313893
33041254011
1005001695330903
1005001891333581
1005002378079079
4000793769213
32873188101
1005001504554633
1005001902342429
1005002219309536
1656604684
1005002384239334
4000504121507
10000401723512
1005002294249601
1005002165327494
4001174174783
1005002335532281
1005001452627640
32964686020
4000155631456
10000089276724
4000158801043
4000434060771
1005001487001181
4000557145644
4001335124198
32848639383
33037812598
1005001267230221
1005001665415643
1005002290817987
1005002315067120
1005002338983527
1005002328483267
1005001265241643
1005002181296474
4000394409574
32379535495
4001256861601
1005001745879772
1005002304832797
1005002482073236
32915306104
4001187638326
902607756
1005001620961513
32883866151
32918488124
1005002061684879
1005001977366167
1005002475565107
32954911128
1005001564625251
33007425352
32850464160
32827589730
1005002454315930
32793342258
32960776758
1005002334165720
4001149503863
32975185564
1005002223129460
32389335965
4001355901178
1005001317233998
4000566951203
32349875698
1005002175416512
1005001594196887
32964942764
4000895785137
32920127917
32969747506
1005001600034196
4001060645386
4000216002675
1005002444996226
1005001817293267
33005317307
1005002262437523
32864166155
1005002252553867
1005001977510255
4000988101136
4000054659435
1005001409027898
4001156872511
32910026309
4000366305486
4000334505170
4001049408266
1005001985986420
1005001750526590
32859380043
32803293499
1005001581250471
1005001770306651
32804110151
1005001537126228
1005001385776517
1005001869113078
1005002478219812
1005002277660801
1005002371891574
4001323710852
1005001874155836
1005002239561539
32717902962
1005002217428987
32730850401
32958740527
32384279919
1005002257884285
1005002314945550
32906605394
1005002093820460
10000279466863
32999961628
1005002475655718
1005001968662451
1005002348409362
32748582497
1005002388554372
1005001935678631
4000929774314
4001331125513
4000537074602
1005001934038689
32822111141
32770304853
32916191662
32874502980
4000711757119
4001013600240
1005001868342073
1005002196950613
32733930087
32822621709
4001257546590
1005002294821614
1005002346999657
32787375952
1005002032306828
1005002156166594
10000089305125
1005001405953453
1005001560655133
1005001813529181
1005002489414178
1005001779095472
1005002310849378
33031863379
4001293702552
4001031725281
32847203102
4000682976461
1005001374713126
1005002319802215
1005002283998285
1005001444513492
4001208919187
4000710441847
1005002383198225
1005001290082813
32843834323
4001257495616
1005002341107055
1005002484683867
32888490422
4000712854658
1005001325238216
32964463720
33040850672
1005002378960242
4000282441786
4001351822052
1005001568857767
1005001859271845
4001280822436
4000203848206
4000023463135
1005002288475784
4000465759956
4000393498918
33047226366
1005001726644477
32883862236
4000201960874
1005002281054034
32894378711
32898687060
33001877619
4001223332848
1005002352761229
32982999524
1005002439093821
32962945047
1005002324233435
1005002489790783
1005002319111266
1005001484162804
4000392762457
1005001961784724
1005001737537610
4001268014558
32669917495
4000499684274
1005001818372202
1005002303984510
1005001706750027
1005002354529286
1005002265142913
1005002314280912
1005002383838317
1005001898749377
1005002247459119
4000556024108
1005001685878183
32885393532
4001159966043
1005001959909830
4001188668776
1005001830434394
1005002360262106
1424238651