32512336463
4000765889361
4000665087547
4000241999171
1005002305660471
1005002394328564
1005001444257939
4000386359191
1005001478952586
33005524505
1005002352165615
1005001621142621
1005002396696011
32721552861
1005002204835404
4000627675954
33026639007
1005002357067447
32955348237
1005002428550480
32863046958
32247689379
1005001679156760
32965859111
32914091318
1005002436097306
1005001354374263
1005002316769126
4000221107562
1005001994741083
1005002437668140
10000349596125
1005001894799453
4001119077459
4000170192781
4000170297371
1005002455455093
1005002267510409
1005001617836911
33012989380
32999002960
1005001967547369
4001211083009
4001044379792
32856345503
1005002283510125
1005002225769361
32952797369
1005002085836974
4001064736838
1005002288271469
1005001793188608
4001135476754
1005001954872600
1005002489841912
4001326742630
32842389421
32436532429
1005002227790798
1005001706101752
32811243020
1005002223431422
1005001738405223
4000537939714
4001232986565
32978078472
33023935620
4001233058350
1005001381512877
4000546592354
1005002253257409
1005002344563479
1005002287504379
1005002001042765
32320442300
32963012095
1005002432610579
4000531817955
1005001285085635
1005001470106996
1005002399132162
33057312728
1005002361927249
4000603199720
1005002379157720
4000404589848
4000784838768
1005002334959638
4000068653180
1005002298792550
1005001359914469
1005001679844735
1005001437445524
1005002313889288
1005001406886356
1005002097354905
32963963176
33027808817
1005002441417073
32721639282
1005001857985524
1005002416148136
1005002357212880
1005001731315035
1005002408414179
1005002292322252
1005002220753979
1005002440479852
32663425738
1005002467728621
1005002019930893
1005002317032384
32818657272
4000433451483
4001218416067
1005001421378416
4001196776129
1005001375817465
4000269660709
1005002473643480
32805695285
1005001670711969
4000865495287
1005002329779275
32843612217
4000308066484
1005001310351612
32998538341
1005002432911568
4001154010957
1005001894523852
1005001441807729
4000036185491
32908113748
1005001688799391
1005001326687155
1005001960953817
1005001441359224
1005002409883581
33034954481
32844652572
1005001656898740
32874777602
1005001692652029
1005001383583601
1005001686801678
1005001675700030
4000768026991
1005002419790503
32825937778
1005002485306797
32964950145
4000781081734
1005001639784996
1005001710436737
1005002368553773
1005002469119640
4000189429363
1005002383476959
4000138850793
32953216555
33034610275
32815937379
4001244569139
32804711424
4000891427878
4000905634649
1000006825183
1005001375502300
33001499686
4001231556037
1005001504831549
1005002193833538
1005001364708591
4001052601839
4000818587934
4001004582643
32959192822
1005002399524403
1005002400570296
1000006058673
1005001441377099
1005002207620289
32805327388
4000735958597
4000113937952
1005001738201494
1005002322204753
32740018762
1005002274126431
4000389997394
4000868576394
32948126109
1005002260314613
32964311515
1005002256197048
1005001922308228
1005002403117597
4000384270583
4001280553005
4000286557105
32809646099
4001346796488
4000123618600
1005001797875298
32879714737
32868554350
1005001834920344
1005001705627598
1005002315409192
32897212889
1005002453535948
32842044980
32891375426
1005002038303114
4001340133532
1005002462330020
32842981347
4001249695990
32903757130
1005001952043186
1005001280483260
1005002356757353
33012021021
1005001558071285
32611803917
4000335552558
33059532291
4000307800459
33013821631
1424127217
1005001487072780
4000108776142
1005002333986183
1005001954836548
32859323784
1005001981823456
1005002363199830
4000075140271
1005001889916392
10000395943971
4000233123518
4001256408079
32846282510
1005002460844319
1005001901012619
1005002167970416
4001050962847
1005002304077632
1005002394806399
32899590584
32866470062
4000116519805
4000967078944
4000784918719
1005001285024716
1005001897229289
4000038864033
4000902800344
4001138351179
1005001840866826
10000000570934
4000914982108
1005001848736219
33060072286
1005002314728884
1005001561593139
1005002425209380
1005002383300933
32757417504
1005002363303282
1005002309666061
32816908455
32858889514
1005001489014290
32914642450
1005001998971601
1005001612646578
4000837265697
1005002368795750
1005002318551021
1005002337210921
4001280421247
32520516111
4001191909305
1005002337685944
32827723638
1005001508159364
4000602218914
1005001597363707
1005001935684197
32856484377
1005001836386475
33040298472
4000413577455
1005001281711708
32895495597
1005001605430925
32992532358
1005001658972808
4001320257122
32824055269
4001339850616
1005002357498807
4001151835489
32809125511
1005001675106752
1005001596116835
4000144594207
4000695428988
33014380851
4000970372530
4000627257036
1005002143144279
4001299998496
1005002282113066
1005002382765514
1005001355279864
1005002110261304
1005002469262680
1005002356868710
1005002079204791
32997166147
1005002234257624
1005002055666635
1005001547767160
1005002400208061
32846593112
1005001716127375
1005002185676442
32690384452
32897879477
4001255480372
1005002266931077
33050731779
1005002066000728
1005001917338018
1005002205609807
4000542774425
4000928263735
10000000223259
1005001631324725
32862109487
4000522246944
4000019341306
1005002396840479
32855571586
1005002400036888
4000267622540
32834578851
4000516913693
10000023188168
1005002228351067
32911890241
4000338170038
1005002122371489
32948732467
32946978446
32992457595
4001129857099
1005001882420428
32853708280
1005001333445982
1005001526047236
1005001921941544
4000019154217
4000443806983
1005002043614978
4000966921129
4000876901013
1005002443650645
32972396184
1005001541315951
32946077917
1005002394859971
1005001337656794
1005002192455882
10000111425359
1005001274097140
1005002304952860
1005001464064413
1005002327503724
33031859351
1005001665519192
4001005861225
1005002428484439
32984210079
4000956710154
1005002168013998
1005001308644617
1005002298329437
1005001511420922
1005001626917458
10000304849506
32982891570
1005001588421751
1005001799264074
4000004821827
1005002334196628
1005001810096385
1005001947840974
1005002223829598
1005001277714113
4001035085712
32974888028
4000860439839
1005001320799283
1005002277422560
1005002143299266
32978920790
1005001616743734
33027376139
4000169473040
1005002388066852
1005002414581396
1005002318195633
33043234010
1005002393216833
4000048732065
1005001355118014
32602947101
4000558331300
4001275056992
1005002375367508
10000395921710
1005002193870643
4000960924234
4000025037656
4000181145962
1005002471313980
33031485085
1005001398870182
10000027071838
32820192279
1005001890981003
1005002137846880
4000630198736
4000726947920
4001198863648
32975326678
1005002263981314
32995946596
32921273709
32810082918
1005002336349623
32884099356
4001107477480
1005002327057660
4000236026968
1005002439827588
1005001895112508
4001264105897
1005002393114854
1005002278577090
33062786620
1005002069009202
4000087610075
1005002239785054
4000183588595
32985238950
1005002313749892
1005002419681520
1005001763627313
32968950496
1005002028748470
32860408629
1005001540089097
1005002270964226
32892907294
4001169044335
1005002413300290
1005001640094594
32914685357
1005001316941826
4000140960367
32863872678
32824311079
1005002303961899
1005002260097153
1005002318236229
32775148334
1005001710125381
1005001602760522
4000598498303
33021744046
4001168905732
32575754017
4000004542163
1005001588239588
1005001757164573
1005001303763569
1005001308324511
1005001813917104
1005001874107474
1005002465692153
1005001344382784
32991130128
32971074947
32784183872
33029061658
32784483901
4000890229304
4000113646509
32871146111
4001350668838
4000765980856
32882235507
33047888464
4000846352686
1005002284308768
1005001782327679
32860890181
4000898307875
1005002222061106
32909164706
1005001835168366
1005001897272871
4000204835201
4001054914484
4001193816087
1005002060038246
32963720629
32831916268
1005002422795042
1005002350448371
32366569959
1005002347135511
32645634937
32504094115
4000337496007
33009351367
32948604376
4001317518249
1005002192700537
1005002288316013
1005001901440259
32985886704
1005002363727431
32969568805
33053324087
1005001565501629
32701074170
32958351701
1005002370136960
1005002357811003
1005001840129779
32965041512
1005001407542047
32975449361
32851650119
4001143240802
4000822638114
32964904888
33015017200
1005002393309847
4001248729878
1005002363474325
1000008221341
1005001574020118
1005001638313099
32970279657
1005001913824201
33044411041
1005002381065444
32831578687
33011028437
4001094429293
4001313203401
32799288753
1005002289500112
32952421585
1005001418065628
1005001445524490
1005001923075282
32883216506
32967959044
4001278890490
33050007377
32987689611
1005002286089105
1005002340194045
1005002435468265
4000326504702
1005002443411294
1005002341804398
4000970985553
4000534885205
4001034794005
1005002260783309
1005002310685628
32825595110
4000388517408
1005002298453428
1005001893135707
32953827533
1005002311317901
32890373131
32378801071
1005002428551719
4001249903122
4000784520213
4000965014811
4001070219880
1005002484742802
1005001670780903
1005002303592597
32975678128
1005001493277968
4000849885151
1005002319835726
32979669645
4000320885159
32891141871
4000144923198
4000099960274
1005002434835373
1005001908197044
1005002323915241
1005002339093302
32956267923
1005001487609884
1005002310888931
32994008844
1005001621091657
1005001854432733
1005002401905229
32898215035
1005002129855262
4001150520303
1005001789090903
1005001343300650
4000452246116
32865471552
4000960064554
4000723930291
4001186084145
4001298768317
1005002283168781
4001295326237
4001345752138
32720429976
4001208485801
32700019879
1005002122536266
32330119477
33009458746
1005002049285989
1005002268379373
1005002259715911
4000997005162
1005002221314661
4000793791734
1005002492179881
4001219539983
33005717063
1005001499664175
1005001913385192
32992652253
1005002404638492
1005001381317718
1005002350662188
1005001728645501
4000546579457
33039477334
1005001831118431
1005001731273067
1005002454271578
32793267521
4000248648786
33016621782
4001022964553
4000599086647
1005002304668260
4000115805749
4001155349820
1005001475464738
1005001703016633
4000311806073
32950139280
1005002097174167
32977562986
33056183032
32774591541
1005002301307619
32386061719
32983983933
1005002395070957
1005002357699123
1005001728288769
4001313118546
1005001656865651
32942010794
4000687267583
32912540077
1005001430477611
1005001598836536
4000627402859
32985373633
4000296243364
1005002254357520
1005002256484550
32978664279
1005001954887419
1005002388299788
1005001643561952
4000164315396
1005001438894387
1005002260550586
33046312201
4001159547566
1005001685974943
4000926367259
1005001985553796
1005002323257723
1005002314205755
1005002314328591
33006556955
1005002016419236
1005002419392128
32816869489
1005002448793184
32706274570
1005002333871246
1005002372699527
1005002400278536
4000298885968
1005001731188556
1005002467565867
1000008425188
4001069638883
32798777667
1005002318463647
32248007507
4000465995993
32958203173
32747485914
32863216136
1005002194624124
1214309172
32862800953
1005001961823057
4000771490376
1005002116405872
1005002325974598
1005002394898639
4000007986870
1005001708768401
4000189863157
1005002367468291
32757658540
1005001280633480
1005001693759143
4001008054238
4000812173691
32825217776
33051135128
4001028109466
4000905703314
1005001576364244
4000982821650
1005002344634244
1005002353164323
1005001330886404
1005002288423028
1005002293655997
32775252309
1005002059545804
1005002459836094
1005001500132097
32918809954
1005001350270161
1005002080349835
1005002038159504
4000566847364
4000321054167
4000211211924
32634494476
1005002317213211
1005001719102629
1005002238947989
32781665412
4000788768118
33024667433
4001077051973
4000898274327
1005002358232009
33064323881
1005002439269419
1005001286701913
32975229495
4001026220075
32575246378
1005002395606643
1005002307581031
1005002030583115
1005001626164261
1747640184
4001188664181
1005002382566932
4000917508846
1005002463157227
4001009524032
4000164367607
1005001736702906
1005001402848067
32829144461
33032520774
1005001915198050
2038774800
33018050935
1005002316079015
33009089488
4000628926456
4000897268474
1005002311634753
4000923577268
4000075907403
32987906017
4001249530951
32793605665
1005001700195007
32882819171
32901453306
4001223778215
1005002487308840
1005002236398370
1005002110321173
1005002361675221
30000000764643
4000256069056
1005002100218579
32858776754
1005001532321596
33034735619
32892910694
1005001627514924
32851220748
4001260007337
32950236005
1005002492174997
33056886757
33008916989
1005002295369374
4000538753775
32793207761
1005002283203277
1005002358526056
4000295547107
1005002302086457
4000837719652
33029690832
4000918245765
1005002318142545
1005001568781399
4000225429947
4000691233956
4000416732642
1005001469084458
1005002292890353
1000007247808
1005002038612782
32995913707
32799936742
4000602645785
1005002409007464
1005002166689363
4001107724158
32928235290
1005002343043091
32812989190
32972653144
4000849154904
1005001710138678
4001291047449
32790753258
32988090025
4000239336937
32963976657
1005001683406773
1005001803859304
1005002281144943
33037546070
32978704390
4001082962253
1005001519890548
4001320686275
32964116511
4000902830091
32958419265
32830990743
1005001838601225
33034240314
1005002293365001
32626038674
32805801510
33013670871
1005002318187301
32894957815
1005001329513950
32945297736
1005002073819927
33055496094
4001248556272
1005001966414144
1005002357438001
1005001928420807
4000942966645
32863568487
33001972299
4001039355860
4000250816653
1005002413084552
32814780384
1005001738978321
32996717062
33006636431
1005002167782699
32825339655
33062791239
1005002281311102
1005001990373706
33041820180
1005002423229138
33058000086
4001365170122
4000157086496
1005002299139275
4001044429952
32866896857
32848442899
1005001332234225
32957702649
4001249040926
1722935783
1005002248714113
1005002014100602
1005001837961945
4001286982394
1005001965598442
33036437286
4000589149600
1005001686186108
1005002491593569
1005001577583508
33007836270
1005001730682512
1005001898826357
1005002315443189
1005002075502167
4001287372158
1005002451108161
4001194175984
4000927748111
1005002219607468
1005001670930009
4001095946223
1005001631403240
4001247997585
4000588935744
32861890562
1005001930894884
1005001411749562
32919600005
1005001663715192
33010445323
10000005966892
32817140005
4001115568115
32664068810
1005002351559531
1005002313457717
32988500205
32835147556
1005002115182576
32949113883
1005002395331994
1005002466061949
33055934194
4000390179080
4000035920220
4001252378957
32998872708
32956643569
1005001597564163
1005002242334624
1005001695870755
32959158072
1005002301172117
1005002263860080
32981502966
4001202758383
1005002382899651
1005001619102689
32951647676
1005001854734609
33046371048
33043662542
32897297092
1005002329022317
4000884881528