1005002033551748
10000377690387
1005002314303370
4001053551615
1005002333274365
1005002347792915
4001146454152
4000708749150
1005002378076727
1005002322948571
32803417639
4000293350333
4001338650346
32315117641
1005001867285650
32978007431
4000987428257
1005002494738998
32836031720
4000345161493
4000784321385
33048600760
32948402575
1005001980285170
32705239098
33018297602
10000059387899
32846898153
1005002033370434
32832780656
1005001915140944
1005001556167947
33051147242
32881894932
1005002108683582
32989442083
1005001851674165
1005001509692731
1005002047309432
32946409602
1005002240239325
1005001773702345
4000307139059
32834984397
4000277694189
1005002418140757
4001124607162
33054087063
1005002182564132
1005001484494400
4000281702150
1005001728330355
1005002166872938
1005002290000591
32904349094
4000709210034
1005002268499089
1005001998975281
4001063284766
1005002317190169
1005002331835353
1005002322838984
4000687111496
1005002212786341
32506664139
32948325599
32981929738
1005002459102539
1005001471043623
1005001683269486
4001289000082
1005002318362060
4001216834295
4000123563476
1005002055770985
1005002005141001
1005001784897800
1005001389175165
4000987143218
32704994769
1005002189803867
1005001515620106
4000812710229
33015460539
1005001289815549
4000400452520
4000544409755
1005001793151421
1005002286106936
1005002272806793
4000302060780
1005002307421502
4000057757512
33061710251
4000805127479
1005002272445556
4000326807497
32986667845
1005002453809095
4001240399885
4000823658329
32824662555
1005002300196101
1005002196748484
1005002441506513
4000280601605
33042456545
1005001941719129
1005002434416836
32790397672
1005001863547594
4001189769142
1005002269181575
1005002374483689
32920352970
1005002492187432
1005001645413183
1005001426198531
32839494564
1005002417932793
1005001672925140
4001030097216
4000319594022
1623260492
1005002258982832
32779361500
1005002368923656
4000449766159
4000170163795
1005002394358812
1005001787531176
4001108181032
4000111095211
1005002128784391
1005002294683638
32924218986
32920598301
4000309677182
4000313737573
1005002314198857
32832903003
1005002284135929
4001219962835
1005002394941206
4000589072227
4000429552774
4000911580829
4001208897282
32716820832
1005002408863420
1005001860106173
1005001900936753
32664882222
4000850618851
4000767863490
32939808697
1005002443688321
4001343486137
1005001486974490
32997585206
32908825855
32556246361
1005002343899890
1005001286872422
32978806028
33027765660
1005002445010199
1005002123711981
1005001747542997
1005002107135945
1005002360931618
1005001779768928
1005002147501350
1005001946858464
33000709219
1005001466201669
1005001412998860
4000126275986
4000148439737
4000791371079
1005001634979984
33053586079
1005002317999468
32823287090
1005001765698208
1005001397677134
32982518605
33038978826
1005001872543956
1005001499667076
1005002294828961
1005001997653429
1005002494909717
4001058978066
1005002032509640
32721348332
1005002197243406
32904817991
32982132642
1005002259965101
4001164058666
1005001789654881
1005001998641327
1005002421230158
33037349302
10000351074852
4000504888805
4000330150996
1005002322337416
32964401188
32818798379
4001118886401
1005002347118721
1005001284959486
32995896564
1005001732022747
33019682416
1005002393367644
4000171289676
1005001926329579
1336510520
1005001519534833
1005002320632166
1005001475731811
1005002355329274
1005002052248088
32886725341
4001039433189
4000218884739
32863442505
1005002312103727
1005002485777176
1005002225667089
4001251939824
4000613634469
1005001282398939
32972580826
32896525879
1005002490383746
1005002461636827
1005002389815038
32857195016
4000784283192
4001215564287
1005001488304690
1005002481228187
1005001608074291
1005001475357787
33048492699
4000800042838
32679792027
32837444995
1005002167036866
1005002000193676
1005001869183211
1005001371394851
4001360621731
1005002432686198
1005001386919226
4001338391105
1005001587063754
4001287311096
1005002292355867
32962139255
32939638390
1005002410831856
4001241931629
1005001333264860
4001292914647
1005001638933185
1005002332509910
32958134915
32751119670
1005002066290194
4000261811304
1005002264000094
1005002352787658
32849500649
1005001835146518
4000377400563
1005002453789013
4001329109891
1005002484166530
1005001960417242
4000295655906
32790567545
32585201364
32950647997
32880547191
1005001939579287
4001038509424
1005002290870807
1005001713261700
1005001668255580
4001143912287
32809882789
32899377953
1005002265321259
1005002418326918
1005001850009735
4000415207331
32837933259
32905966189
32745339577
4001270573582
4000013103239
32809364064
4000706498206
4001341141279
1005001998339226
4000996957740
1005002499845669
4000231537102
1005002345805626
32820147164
4000168837558
1005002388277468
1005001360788076
33048161223
1005001815112576
32785986894
1005001320243543
1005002136892508
1005002350824411
1005002382169704
1005002375392890
4000011371445
1005002369118898
1005002170983729
1005002115377700
4001273036006
1005002101813235
4000801875078
1005002365830659
1005002392923918
1005001398771408
32834535910
32976301281
1000008235347
4001331318031
4000114323369
33009985086
1005002269371604
32477444122
4000217150270
32980690936
1005001340050425
4000064807370
1005002260048364
33012349943
32888767236
1005002465777527
1005001518233210
4001233972131
4001249107273
1005001846384006
32948793827
32851521831
1005002270386003
32230030721
1005001709757169
4000109164909
4000277659450
33003489582
4001294177316
33011536951
1005001927926532
1005001571607358
4001056878594
1005002221097499
4001166065138
1005002282653577
32954484648
32978284418
1005001587599333
32531611458
1005002409959070
33001088634
4000815098499
32984048749
4000780652736
32780287055
4001157476487
32959837107
1005002383929835
1005002319603074
1005001394276752
1005002306488151
1005002122374554
4000630691750
32926354356
33019448470
1005002059476301
32683743104
1005002353177284
1005002314471070
32960914108
33016592471
1005002281620550
1005002079047292
1005001603146534
1005002363091757
1005001608302393
1005002323393406
33009077640
4000542101389
1005002143611936
32846859367
32949306830
1000008307137
1005002317153249
1005002368945466
1005002283063333
32823709384
1005002186092124
4000546281544
1005002110706486
1005001436281956
1005002292982651
32888734421
1005002378799529
32918105423
1005001803524746
32908341930
32270967874
1005002332187070
1005001681753333
10000399953901
4001002545604
1005001806103862
1005002084246528
1005002315723223
32422710846
4000082843547
1005002375211007
4000936625347
1005002085056012
644497772
4001044689184
4001139165015
1005002333984201
33029752721
1005001321142565
32994450672
32883692938
4001048943498
33050414479
4000908550371
4000386926982
1005001411426505
4001069490192
1005001978176649
1005002125447298
1005001291376295
1005002340929719
1005002364036341
33024643436
1005002363450531
1005002317252801
1005001664155871
1005002414455820
32804950433
1005001727057312
1005001354128748
1005002340948250
1005002376067193
1005002432656882
32989112917
1005002414543281
32921096629
1005002286894004
33017961182
33061810513
1005001632269241
32816582510
1005001379430026
1005001619716867
33047802636
32816345746
1005001725719315
1005001882255102
1005001439138748
32981489774
1005002362563749
1005001268555659
1005002322893677
1005001505600322
1005002224434161
4000622536260
1005002424270091
1005002263976508
1005002314301080
1005001438909078
32909274078
1877121672
4000860486898
1005002392437469
1005002108479952
1005002433872249
1005001398242399
1005002359794347
1005001584767427
32332201922
1005001360651562
4000924385104
1005001515974272
4000720168856
32988511840
1005001382509214
4000834638431
32850189138
1005002094012731
1005002488295769
1005001715051664
1005001446226564
4000953611075
32839807944
4001101766667
4001157128641
33027466999
1005002332332880
1005002364921016
32803060147
1005002095122616
4000503833386
32829929151
32960788134
1005002281355053
1005001698013201
1005002270843775
1005002246654483
1005001530222129
4001217314627
1005002330789901
10000319942646
33046777266
1005001968996393
1005002458261852
1005002381354445
1005002298501827
1005002111959370
32980446336
1005002125519958
4000554979533
1005001957573229
32904935656
1005002394889679
33032961384
32920217963
4000550195198
33051465430
4000943326229
10000395862627
32843797234
1005002389804383
1005001657198288
4000445835538
32979465549
1005002125255221
1005001382340638
1005002367607880
1005001356050535
1005002224635700
1005002306528868
1005002462595704
32700100386
1000007978029
4000592162258
1005002468012762
4001121476838
1005001504570890
4001155742922
33008706362
1005001464506592
1005001849694828
1005001830110076
32876076184
1005002351691226
4001233885655
32915117709
1005001572601543
1005002357762080
1005002279821651
32817729641
1005002312358370
1005001795239261
32950438651
4001025873682
4000466625812
1005002363355778
1005001928627851
4000677280052
4000744949310
1005001821747604
4000123682632
33014543211
4001223885069
4000839742615
1005002302188778
4001218135490
1005002340841808
32840504836
32607392122
1005002274207136
1005001453749733
32896914227
4001017223681
1005002322513216
1005002176914454
1005002001596337
32917761681
1005001995120282
1005001617705537
32950993071
1005002322800214
1005002341302747
1005002084469751
33002724429
1005002212777493
1005002198525467
4000071797492
1005001460732767
4000442282445
4000126216154
32592220120
4001137390226
4001270858629
1005001983455687
4000521729423
4000223604261
4000010893035
4000163884299
1005001705734150
1005002490001613
1005002283437027
4000993734056
1005001596401017
4001246950702
1005001854975154
32959021530
4001286585774
32637687409
1005002439809242
4000163942111
1005002292602926
4000973527314
1005001982436055
4000909431937
1005002291874647
1005002309745303
4001148177822
32864878922
32836669154
1005002334832995
1005001509912776
1005002494393948
1005002231158456
1005002097178954
1005001971861430
32821230522
32979887249
1005002258543849
4001153660806
4001160031694
1005001900692456
4001326211551
1005001424388817
32860029577
32968654842
1005002442231080
4001284367815
4000197848514
32863168834
1005002267886734
1005002378147019
1005001940095419
32682759789
1005001907907924
1005001352588863
1005001915282667
1005002485038836
4000194933539
4000006873690
4000127815237
32998891664
32952444058
1005002368577203
4001021639305
33009301005
1005001308075498
1005002383138731
1005001785649168
1005001343293717
32857990822
32921521777
1005001784726002
1005001582717008
1005002466900073
1005002052629600
4001022839784
32470996798
4001264554622
32661337434
1005001278373421
32862922671
32858957467
1005001834534807
32969755746
557120704
32580804810
1005002376931479
32884562554
1005002252895560
4001170928214
4000692608834
1005001483784038
1005001307439944
1005001966333734
32817941480
1005001379299303
1005002077258260
32908502688
32830517318
1005002313826458
1005002318112951
4000931584327
1005001560543451
32945069305
32854144149
1005002294468230
4000516580583
1005001355548180
1005001399303090
4000046883837
1005001266546552
1005002333961840
1005001812053970
33029549124
1005001821931010
1005002116721510
1005002184808216
1005001420952499
1005002259529734
1005001888292240
32839683883
4001220020490
32808906032
1005002366087462
1005001332034446
1005002471831400
4001345448106
1005002263490984
4000688252873
32895294737
32970761266
32847714567
1005001589101035
1005002048672205
1005002115253476
4001049323296
32854377522
4000207551447
1005002476424555
1005002409650159
1005002389272232
1005002122321686
32956361802
4001202795564
4000025217202
1005002362560752
1005002259043100
1005002396442351
1005002224592672
4000640927631
1005002450013742
32799356861
33061383892
10000055578395
1005001677415927
4001118377873
32486553979
10000031958713
4001065007648
1005002015043422
4001102862426
32953645025
1005002381909199
1005001873659058
33009626957
4000979746469
32317387238
32806214024
4000979186347
4001272149987
4000071007107
1005002510981228
10000185097499
1005001476710115
1005002095101685
1005002094054938
4001095766893
4000701748084
1005001432541392
1005002360766464
4001223465036
1005002297756658
4000786945884
1005002373103450
1005001952254493
32690358603
1005002289070229
32991080954
1005002475823824
1005001617285682
1005002258843377
1005001731963117
1005002278098826
32995901760
1005002246631725
4000688914378
1005002314317781
1005002447730240
33035779417
4000134645860
32861207776
10000000844614
32878220060
32920193159
1005001680384822
4000252725806
1005002247213113
4001283035225
1005002270800082
4001042522479
1005001824994136
32951169699
32884775689
33043290864
1005002028422858
32805727662
1005002341666182
4000774264223
1005001579859714
1005002033492155
4000928673232
1005002350104797
4000172538499
1005002052696180
4000498185849
1005002476478207
4000849826166
4001364587811
1005002484687713
1005001329811148
33009529820
4000680824444
4000503029774
32921983362
32720246352
1005002299484278
10000404576413
1005001629220708
1005002003543082
1005002383177446
1005002373231593
1005001822243193
1005002170894857
1005001498822225
1005002337394484
1005001869658564
32626354989
32852281910
1005002386026241
1005001853686413
1005002484683466
1005002375410214
1005001474241162
4000112511257
32695839504
1005002319292153
32828671286
32605219033
4000254030428
4000109164710
32685436346
1005001780871040
4000905698308
32860166679
4000702281804
1005002499622399
1005002007002785
1005001923553877
33055432399
4001184183665
4000712534823
1005002235332773
1005001656924367
1005001900360362
4001316823362
1005002224663549
32810186893
1005001346272701
33008333379
32856114977
32293742085
4000758489037
1005002348390604
1005002270613005
1005002313755051
4000456770801
32857658768
1005002134763148
1005002434406631
1005001650902906
1005002398241929
1311221241
1005001821775395
1005002416700443
32591003342
1005002248788218
32812381969
1005001670729048
1005001371257057
1005001849316034
4000036169324
4001278912166
1005001873431917
1005001398771024
4000014770272
1005002235657076
32900489545
4000267739394
33055624406
32952852598
1005002462146560
32965593501
1005001466904368
4001130900988
1005001776424205
4000477828462
1005002300894326
10000054098310
1005002274841189
1005002454386009
4001220859387
4000249460685
4001253000724
1005002185082119
33008720595
1005001858505788
33034079328
1005002073368998
1005002273383774
1005002131489589
32807636187
1005002118869638
1005002340808085
4001140075508
32881051676
1005002316910946
4001364350176
32875970161
32918805412
1005002382707813
32830577155
4000666530695
1005002364766531
4000874334475
32854889183
32803378415
32996059181
32922159945
4001229920792
4000893909981
4000626661862
4001331918502
4001225258091
10000400046659
1005002265567603
1005002220807364
1005002311791162
1005001666686352
4000801513483
32924019750
4000093591595
4000857233624
1005001598130438
1005002279124491
1005001356862324
32316265344
1005002026915363
1005001413754429
32853620309
33047220123
4001063998880
1005001297341992
4000551910309
1005002424859767
1005002322504316
1005001441368778