1005002147839813
1005001703326005
1005002289226078
32966344098
32234163563
1005002332051147
1005001625523450
1000007410923
32563646513
4000885698143
4000778910097
4000830518675
4001047628512
1005002319200191
32999764688
32344831182
4000103935336
32492913032
1005002372468540
4000519837836
32949262905
1005001659484361
1005002254335565
1005002283936067
10000386255254
1005001446819979
1005002003987418
32973399943
1005002314357268
10000407900996
4001195831643
32970226623
1005002360310636
1005002387416898
1005001514639478
4001131681195
1005001570994477
4000077879589
1005002357958622
1005002384659070
1005002364149658
33009420802
1005001463489053
1005002174802517
33023154222
32837072820
32893919392
1005001869426823
1005001813312954
4001059964087
32968624325
4000005098173
1005002232101360
1005002449028071
32914357676
4000696534540
32990409623
1005002281140888
33008534941
1005002314506278
4001309453428
1005001333773325
32820393325
1005002434445324
1005002317797433
4001244121658
1005002298954302
4001239340029
1005002352395566
1005002351974554
32789760335
33001813245
1005001971951977
32965827914
4000238697932
1005001475573103
1005001307099870
32911909553
33007043657
1005001759084672
4000617788402
4000709287616
4000499948293
1005002191081623
1005001511405427
1005002298306960
1005001660932501
32743206523
1005002313415608
1005001972947469
1005002331022430
4000239121655
1005002471143947
1005001983126787
1005002369012915
1005001993559019
1005002468335122
4001294253845
32990895724
32905037727
1005001701214237
4000898891442
1005001631100117
4000997016976
1005001424194972
4001211363231
1005001715849792
1005001997438758
1005001337824460
32981275307
1005001329472435
1005002439998919
1005002307551086
4000972889509
4000852193499
1005001334857076
1005002400288721
32999350025
32767482553
1005002128956734
4000537583966
4000507235073
4001036385866
4000038475911
4000560738158
1005002122611084
32807589041
1005001350073845
1005001807465016
33032977730
1005002090995118
32827413201
1005001500977852
32838466372
1005002220359841
32817514959
1005001947020917
1005002018402971
4000885936081
1005001629428902
4000932278333
33019075092
33030276558
4000439162937
1005002259248613
1005002167851154
1005002325074583
1005002314017863
33044351981
1005002433994561
4000884209649
4000730555524
32997166597
1005002454617571
4001358841080
32880665529
1005002447305814
4000943170324
1005001579927392
4000829289862
1005002238843850
1005001888613854
4001107556565
1005002096227947
33012446288
32998962726
1005002340236558
1005001895706687
32966194202
1005001525252952
4001054664654
4000505578932
32867474910
1294724387
1005002484763420
4000714147170
1005001394878403
32859521711
1005002425740383
32791393078
1005001602693049
1005002381444598
1005002311327797
1005002130696781
1005001905267282
1005002312005493
1005002235211146
1005002319030922
4000592412994
4000541170899
1005002440579127
1005001587316373
1005001462046787
4000979059653
33013353326
32814136826
1005002398273408
4000785297649
1005001831154072
4001064695774
1005001810160060
1005002490491176
1005002313762840
1005001855720017
1005002370660562
1005002352299401
1005001888676508
1005001484038501
4001324119302
32967647124
32955845350
4001094340195
32573315083
33051145666
4001030710410
4001288255539
1005001544338104
4000879486322
32418552137
1005002261540426
1005001487559482
4001245265963
1005002110069706
1005002310428646
4000216438970
32354899199
1005002028139540
1005001823954796
1005001457000613
1005002125464029
1005002370400906
1005002029246716
1005002245139012
33057674773
1005001273613318
33016660007
32893239027
4001176296099
32830728959
1005002414976706
1005002426967229
4000768779510
1005002062843915
1005002017413315
32850075909
32855480708
1005002394580575
1005002282471372
4000734172018
1005001364941404
4001351771538
1005002336684806
32863060265
4001075244486
1005001699701579
4001199561852
1005001868968849
1005001586323907
1005001604457595
4001042347110
1005002388899067
4000791184429
1005001933457656
32858358846
32849760287
1005001573139316
1005002336528921
4000745167956
32927670014
1005001929102165
1005002280728431
32785300017
1005001869546465
1005002052532911
1005002327246873
1005002343862066
1005002324095436
4001314445469
1005001350580142
1005002215479870
32568063747
1005001547812423
33026853708
4001259156187
1005001884087328
1005002074135440
1005001917695240
32934195478
1005002481755711
32751723962
1005002359482795
1005001670928094
32700223035
33010225488
1005002035912240
4001200631139
32871435696
1005002360062055
1005001835137660
1005001894541768
32992053809
4000794981089
32853375944
1005001527320308
32909099301
4001281860429
32799326341
1005002342520000
1005002384310955
1005001364046436
32806796644
32661321908
32958067120
1005001346456334
4001035176451
1005001562518812
32899278005
1005002313832328
33053540963
4001130820299
4000493664322
32980720994
4000122889107
4000048903244
33022513794
33058158765
1005002338073522
4001066564562
1005002252477089
32944844992
1005001487429759
1005001821010596
1005001889539354
4000696211414
32968209869
33000915707
1005001465739689
4001132938558
1005001476125017
33057452789
4000096519355
4001248817470
32756947734
32622323118
4001079862563
32913089278
4000943829832
1005001989171585
33002559894
1005002342327017
1005001665647177
1005001605693662
1005002488278598
4000024195823
32798298157
33057520761
1005001913344507
1005002368639838
33026167950
756431500
1005002358619105
32855600919
1005001930425514
32965680033
32619256283
4000726544103
1005002018392631
1005001975130167
1005002395006857
32989710904
1005002431207825
4000272349816
4000197534977
1005002279576122
32972479571
1005002314856935
32952715709
32960455080
1005002212144625
4001351524697
32974571836
1005002421389742
32884983177
1005001762177518
1005002262382599
1005002465741431
1005001775383736
4000113235437
4000384500911
1005001704802022
32811332593
1005002290203300
1005002395895049
4000626005409
1005001951905478
1005001714577905
1005002386059585
1005002357286241
1005002298197255
1005001413514921
1005002314298927
1005002176464746
1005002191801885
1005001424095633
4000295681779
1005002489927449
1005001388831102
1005001657426600
32885575349
1005001889878176
4000358683779
1005002255200972
10000316039769
32844101894
4000247529950
1005001295667295
1005001489097442
32790930616
4001213605826
32814558674
1005001722344340
1005002212407563
1005002276534792
1005001763488715
1005002219045548
1005001385886480
1005001705447031
32913445939
1005001636332695
4000994332729
4001136007926
32627699164
32951740153
1005001671913148
1005002286935606
1005002494400280
4000346460282
1000006063128
1005002393302808
1005001722232604
1005001834381025
32975575602
1005001301926074
1005002275876224
1005001556950566
1005001790231514
32828285064
4000219631402
4001143214423
1005001797849418
1005001741742853
1005002061932362
33016026490
4001201136716
4000269618657
1005002028113284
32972382790
1005002402952440
1005001992498675
1005002312041335
1005001850349286
1005002436589904
32867586112
1005002167987187
1005001670719860
1005002306126813
4000279711394
1005002390138423
1005001845081132
1005001781153360
4000181245055
4000781011793
1005002314007658
1005001334022083
4000593580533
32379240883
4001263004748
1005001973675846
4001204059681
1005002175629289
1005001587679867
4000286164129
4001119683619
32828407151
1005002064796925
4000130751354
1005002395523211
4001300559538
1005002272394827
1005001990627194
1005001928148375
1005002473745915
4000809696521
32856475119
32863844655
4001024714885
33029945595
4000140165606
1005001642533835
1005002074334249
4000850711251
4001065055242
1005001993360924
32950013647
1005001897457696
4000082268543
1005001345737288
4001036639246
32839946827
1005001352338611
32790093250
4001066170517
1005002338963694
1005002418626832
1005001381561248
4000654279722
10000395813878
1005001617490288
4000470525762
4000903660473
1005001768793098
1005002277869918
32947152449
1005001388097735
1005001920979784
32958429956
4001155056349
1005002480871346
1005001469858528
1005002418166898
32729174238
1005002309822813
1005002186135825
924111048
33008825205
33053276169
1005001889543253
32435699101
32715974809
4001091015670
1725898844
10000158632362
4000774174744
1005001286223328
32907350524
1005001340605766
1005002440547314
32582795557
4001115508674
33014986831
32921507206
4001212171451
32809378121
1005001802129531
32435229917
32909622077
4000897775722
1005002369172944
1005001731191588
1005001748786102
1005002116842945
1005002024752068
1005002224769556
1005002492449121
1005002293936140
32918157015
1005001290560781
4000063494495
1005002327430420
1005002060931221
4000598165561
32620001110
4000580686437
4001365912373
32510117961
32916201555
1005001881841439
4000381097199
1005001950176745
1005002286497520
32815311882
1005002179762787
32913820823
1005002394252844
1005002475548227
1005002384168560
32845020547
33013317481
1005001998028542
4001242455837
32954605048
4001179689773
4000970716716
32909530679
1005002167265059
1005002364554025
32890722749
1005001470199329
4000011012838
1005002364343275
33017229919
33022849036
33002636508
32995897620
1005001339939154
1005001455863453
32268392780
4000753460388
1005001765393798
32857728630
33030911902
32805567455
32757698269
1005002359350054
4001179040779
32820730089
32963935290
4000148974064
1005001741478531
1005002411198697
32719997110
1005002453577457
1005002338381377
4001206827579
1005001868632396
1005002324674303
1005002229853962
1005002317855603
4001224183807
1005001713438979
1005001978126394
4000551461745
1005002318985606
1005001893474180
1005002366097828
1005002275863029
4000213639194
1005002326147647
33000061530
32900070492
4000026714549
1005002383313491
32903080897
1005002249298883
1005001446092577
1005002512475690
4000701628001
4000772785238
1005001901685627
1005002327557356
1005002301258353
4001115359699
4000708455538
32884762715
32923619800
1005002213986879
1005002341312250
1005002289931369
1005002346253125
1005002323538495
32974153320
32797419166
4000026006255
32972729717
33056326365
1005001817154849
1005001526915982
4000793525965
1005002319124416
1005002450865101
1005001391865534
4001022222400
32564333501
4000160899166
32887570347
1005001333178813
33053059965
1005002125403474
32817746656
33019525451
1005002389749520
33021950353
1005001821112041
1005001920354755
4001118045031
1005002397758861
1005002369010444
1005002231461928
1005002080035422
1005001297562505
1005001693798597
1005001557183673
32875118359
32856203684
4001183783233
1005001695381761
1005002063125382
33030234537
32945850749
4001238309169
1005001534911794
1005002347138091
32918747070
1005002350673498
1005002443112399
1005002239397172
32978995224
1005001303417695
4000311840094
32789837890
1005001794064096
1005002233336952
1005002018773164
4000200692797
4000619281304
1005002122244831
1005002148028339
1005002368966893
4000328847244
32969287331
1005002203757544
1005001704015206
1005001671066037
10000393770900
32944611052
4000011884367
32957237783
1005001998124900
33030351725
1005001726162863
1005001811826869
1005001269900718
4000699587985
1005002032231987
4000589569517
1005001872210371
1005001785960837
1005002191105391
1005001430364868
4000235290120
4000124460197
32714406006
32925951776
4001043618044
4001155214769
4000850500202
1005001398654913
4001248982698
1005002413334087
32736621071
1005002484256613
1005001542987844
1005002341038272
32870312030
1005002327051412
32626110171
33018273760
4000160171857
32832688707
4000341670004
33010911790
1005001472840554
4000902549646
32848371774
32832587620
1005002210977189
32838888361
1005002337352389
1005001853496627
4001054749059
32917781698
1005001824546220
32825185756
1005001591577564
1005002442865869
1493759052
32951342455
4000141024479
1005002394223775
33011304643
1005002454239828
1005002337253630
32876144153
4001227602127
32681644206
1005001621010413
4000589189718
1590274685
1005002232507418
1005002471668987
32992517593
1767195349
4000859033016
4000497376168
1005002387675749
1005002219495507
1005001562303555
1005002310239698
32852616620
1005001905649496
32996869663
4000070943827
4001077413341
1005002110040567
1005001984938426
1005002196993824
32976103597
32978809655
1005002181788076
32703474423
1005001813670544
33020421064
1005002375083819
1005002491917114
1005001704570467
32765430747
1000007296570
32939408385
4001103528562
10000214026724
1005001752975270
1005002281932240
32827937256
1005002475172516
1005001415221868
32929507316
4000201323204
32983133831
33003754580
1005002204452562
32551981883
1005002289953724
1005002228502829
1005001906281302
1005002360108727
1005001834552965
32965112083
1005002425857497
4000994990162
1005002383062861
1005001553580859
32647028383
33003825739
1005002314372765
32860655260
32946905177
32907123041
4001288028623
1005002319143699
4000121232673
1005002466521450
1744133740
1005002281457804
4001152319188
4000901597235
1005002086000560
4000857337103
4000709136837
1005001515851614
32933246225
1005002450637232
33019068175
4001183728437
32887526547
1005002061545539
1005002431853634
1005002311663020
1005001812689449
1005002023720796
32893595351
1005002382572972
1005001873650170
1005002287163920
1005002333042348
32720762856
360408574
32967109909
32996344046
4000436958705
1005001625454661
1005002398490795
1005002055185040
1005002207514172
1005001813514645
1005002259470714
1005001471006878
1005001415509229
4001240357376
4000245575465
1005001968994385
32873489349
1005002496745537
1005001891714332
1005001391621201
1005002316018757
32809378331
1005001321156851
32238418117
32876238777
1005002243336168
4001095627144
4001290553813
1005002006802439
1005002121779627
4000592714620
4000853559346
4000062572116
4000359814219
4000748134451
32997357894
4000528384533
4001278972226
33006162047
4000906281699
4000281039108
4001268899001
1005002292679933
1005002366043891
1005002319056724
10000416756299
4000344608034
1005002378866602
32835160267
1005002350817276
32817581002
1005001883375503
1005002350794129
1005001849782258
4001293625139
1005001562236529
1000005630245
32973030094
1005002337334336
32972274662
4000668518122
4000834465585
33025977578
4001236068028
1005001656503638
32946144472
33046510695
1005002126427099
1005002450470972
1005002297602684
4000318347320
32979812121
1005001728880121
1005002393907649
1005002296832275
32899628064
32969375435
1005001526018135
4000433102182
4000019562048
4001052499677
33015841053
1005002347934102
1005002122323722
4000345297440
32913846590
1005001780101754
4000259837386
1005002432192521
1005002212187556
1005002377823616
1005002420086726
32958808705
4000967789054
1005002489510262
4000533429265
1005002382698394
4000033055110
1005002309012804
4000032161925
1005002074551428
32838701052
1005002393628194
1005001494410932
4000842697491
32909122632
32904571746
32860242656
4001293564335
1005002212444612
32996689894
32857304965
4001276193439
33056902002
1005001561348465
4000554798536
32967032715
4000173041764
32692035668
4000200248238
4001159827647
1005002240803976
32974061767
1005002359936246
1005002054659331
4001045461856