4001086266607
32966259377
32925067238
1005001771231246
4000059044713
32967103800
1005001816866694
1005001386331222
32894300608
4000894566144
1005001515399809
1005002258687245
4001287765392
32814092482
4000241807511
32828274676
1005001620007567
1005001645228278
1005001602430827
4000619274460
1005002409837069
4001009464620
1005002454348741
1005001463889342
33040377469
4000214903965
33036173541
1005001486911520
10000142875756
1005002473096677
4000271361698
4000708888828
1005002341313435
33049631886
32803577230
32998639118
4000243431992
1005001804178197
1005001937130893
4001159344478
32792542806
32870463102
4000902076890
4001291281193
1005002413087239
1005001303200774
1005002281740097
1005002417807560
1005002329731838
1005002426092816
1005002221005637
1005001985551398
4001130489527
1005002314044648
1005002288586835
1005002473133364
33020825028
1005001924273686
32968641862
4001006352129
1005001679664122
1005001441386979
4001298686932
32857234027
1005001665269221
1005001595105573
1005002234445194
4000937359600
4000504073452
1005002137441972
32361275577
1005002443112755
1005002252160416
1005002492901223
32882069435
1005002304791948
4000796237951
1005001954851915
32989771612
1005002084070198
32919076699
1005001393710188
33022854090
1005001704138969
4000670444705
33053581514
1005001729459738
1005002080539360
4001203102600
32801986315
1005001923472151
4001283348279
4000636139156
1005001446361537
4000289727850
32968026074
1005002397746195
32917497175
1005001702759920
33007471233
1005001903197212
32638253859
32952291775
32952783410
4000102782668
1005002394743930
4000236929817
1005001720485662
1005001994207904
1005002347770042
32594629828
1005002339817224
32861732783
4000253218169
1005001888402588
1005002412807024
1005001638252809
1005002487244327
1005002146929438
1005001912545394
10000002336840
4000726175636
32863987405
1005001457535946
1005002239049111
1005001971198280
1005001958342212
1005002350660930
1005001944661851
1005001418700437
1005002313557557
1005002275778764
33030848692
4000188244807
32581820793
1005001333457821
1005001950381163
1005001418272245
1005001423808063
1005001887862831
33058482676
1005002397806906
1005001693683086
32997408628
1005002289857968
4000341245216
1005001993073209
1005001829995922
4000361806649
4000954976715
32969029375
33015438351
4000682994497
32875527508
4000691640365
1005002224489063
4000470201938
4000729894790
1005002269954865
4001232316523
1005002071211890
1005002281669241
1005001763363834
4000244569169
4000256425605
1005002355694142
1005002177097452
1005002388525035
32640469183
1005001928900961
33010232491
32648977376
32854989747
1005002450604328
32984098038
1005001695597040
1005002278418645
4001047132503
1005001285684943
1005001420663140
1005002401834518
1005001530434947
1005002062187254
4001252835051
1005002421470145
1005002371392331
1005001749783969
1005001767855546
4001219576600
32837364322
1005002018289855
33018558676
1005002423314879
32659784212
33008527106
32812397971
32574415024
1005002245990322
4000349089097
1005001646894894
4000278293235
1005002334281574
4001315012713
4001275339896
1005002247487437
1005002090432934
4000263336313
1005001733108666
1005002369165614
32849916595
1005002256667251
1005001768542630
1005002296858420
1005002357049567
1005002449315922
4000370246929
32833170361
32966108942
4001122155868
1005001512479804
4000111945512
32908927590
1005001900516714
32875437417
1005001585993313
32905108677
1005001689866727
4001039851994
32840585551
1005001523482298
33005423094
32581634775
32837187345
1005002357192802
33001740239
1005002221624137
1005002388780245
1005002398403685
4000190042600
4000786862340
1005002334101940
32700774286
32891019192
1005001713801828
1005002326342039
32376851027
4000945125680
1005002300872335
32843796687
1005002292607639
4000435212262
1005001906177082
32972860858
1005002398802961
1005002175618552
1005002272391026
32891055724
10000397742062
1005002313992195
33057822244
4000510703972
4000404716489
1005001798034471
1005002361334694
33046587851
32994185171
4000859157772
1005002012280698
1005002428907443
1933446097
1005002339473389
32851339891
32888835790
4001299311130
1005001626826402
4001332606314
1005002474401465
1005001444881910
4001095886864
32871815419
33049544170
1005001703227117
1005002235189165
32979732706
4000270072613
4000666118357
1005001890067026
1005002314972373
4001136196346
32770257459
32975089073
1005002454372253
32813035493
1005002419973621
32828136477
1005001656645113
32985899705
1005002472919424
1005001393229094
4001062508712
1005002332470597
32616466222
32842535807
1005001845046207
1005002391034558
1005001998627231
32914822700
1005002387175646
4001280270988
4001167688548
4001252448842
1005002386021000
1005002278530872
1005002335069405
4000496771983
4000061469568
4000415919632
1005001797380169
4001081193839
4000245247847
1005002275474366
1005001867444018
1005002394200593
33057727671
32947332518
32904065376
4000974418509
32835543379
4001170576411
1005002225161139
32726539870
1005001522357297
4001104349046
1005001809279460
1005002097116675
1005002416795088
1005002477424564
1005002032407117
1005002461039362
32954079015
1005002320246334
1005002245097275
4001246956137
32976727260
4001349955214
32904768003
4000804139614
4001316080340
1005002172032750
4000178780448
1005001612980372
33050044953
4001290763712
1005002317677508
33018351505
1005002311057637
1005001576529265
1005001566048951
1005001670884237
1005002390845074
1005001355215637
32870269457
1005001621942552
4000752081995
4001089283596
32994079342
4001230811048
32258299163
1005002440047230
1005001279925373
1005001289894672
32893303168
32991159718
1005002454787221
4000094037354
1005001624568901
4000691740812
1005002364233404
1005002243925113
32788401505
1005002291256812
1005001763049684
4000270367002
1005001469470768
32859944142
4000144966177
4000780649203
32796023123
1005001627683388
1005002477469514
1005002267493226
1005002324120355
1005001937504782
1005002438788799
1005001875669668
4001067521277
1005002323711353
32954132958
1005001437597428
32997997582
32782014975
1005002308458154
1005002240302163
1005002490085853
1005002466498385
32917148282
33061311370
4000603319613
1005002267878627
1005002306116259
32893535167
1005002116577166
33002918652
32807448302
32819646821
33016857393
1005002307188417
4001255142243
1005002315523029
1005001603594338
1005002223871026
1005002116307137
10000341565112
1005002047085838
32962648792
1005002330463904
1005001872916648
1005002017467451
32911977351
1005002330299748
32969837197
1005002306362775
1005002187866563
4000210809459
1005001694551287
1005001504239895
32870877093
32495915767
4000148435104
1005002479044831
4001203919339
1005001457188444
4001048400046
32577955022
1005002346134418
554486952
1005002338753271
4000546581423
10000422991628
10000127045390
1005002334123203
32994436601
4000834215496
4000016174270
4000720178939
4000884756251
32974195876
1005001656723418
4001170972984
1005002311855942
4000917042743
32333335244
1005001375321625
1005002388521126
1005001320741464
4001162203327
4000397056586
32920005854
32809712085
1005002293434097
32973346738
4000790193523
1005002312665107
4001064811207
4001200103613
1005002289665081
4000040077173
33032672836
4000506983477
32994823947
1005001424926594
1005002496263386
1005001320322226
1005002289048576
1005001711415051
1005002371853675
1005001769067651
1005002416673490
1005002282390654
1005002314365715
1005002310661939
1005002337050796
1005002434301930
1005001859352763
1005002035388300
1005002198044377
1005002270486499
4000166987063
1005002369090334
32811174099
32748225258
1005002010811816
32947753473
4000266727062
32332470859
32302338058
1005002387854556
1005001453133860
1005002165020708
4000397439771
1005001972246007
4000169923055
4001161829822
1005002311641427
1005001785365065
4000156099932
1005002363848180
4001035033654
4001056650564
1005002082593551
1000001740731
4000153343146
1005001438812551
33042494051
1005002395581761
1005001810156139
1005001993772824
32654246765
1005001309008065
32819024552
4000220707353
1005002007836304
1005002297823144
1005001487448964
1005002059945448
1005002333602058
32879624987
1005002259564643
32957565339
1005002035842468
4001200422006
1005001804016035
1005002371677856
1005002319082526
1005002023933154
1005002304504028
1005002360311668
1005002448666619
32656208101
32968857370
1005002269272547
1005001653142956
32709506214
1005002483733873
1005002346509182
32909276151
1005001305342544
1005001418667463
32999031608
4000220338598
32967148984
4000917013442
32823628990
1005001350137118
32841765716
32991082497
32897596532
4000589305085
4000956237130
4001276941155
1005002293841628
4001160137886
4001076086023
1005002165664365
32917903590
4000739521579
32808858721
1005001791816927
1005001844278957
4000546109547
1005001287066583
4000989491006
1005002214979079
1005002380888833
4001285572118
1005002288075252
1005002264056974
4001060522317
33020372540
32820738109
4000331341888
4000404210398
1005002211670397
33013027913
4000923544420
1005002389441416
4001125644925
1005001472087434
1005001307831825
1005002399752121
32835096622
32808969573
1005002297775010
1005001656809112
1005002418631193
10000089185281
32682979259
4001153861388
1847743272
1005002078917208
4000701628120
4001204718903
33053764222
32997204898
4000257978957
4000538023054
1005002338673443
32987924626
4001228701353
32832996409
4001279002064
4000533292732
1005002395711220
32878585067
32968501798
32888803215
4001209717883
1005001499075962
32306099826
1005002466981234
4001208485113
4000993309164
1005001871400717
4000308189992
1005002119652626
1005001966357764
1005002284707345
33014079457
32961072140
1005002048675586
1005002226395171
1005001855945668
32506522827
32600832255
32865611773
32945985217
32803313676
1005002237855027
1005001973450549
32851578797
1005002316616772
4001234376774
1005001344932956
4000168058373
4000999302503
1005002448039616
1005002453357661
32517015437
4001023527707
1005001584788160
4001175518952
1005001598342895
1005002301399265
1005002457097534
1005002286570698
32919385163
4000443452055
1005001736654541
1005002330408456
4000895474292
4000545967742
1005002264212682
1005001436334076
1005001555676698
4000373227031
1005002122308584
1005002437017818
1005001447214604
1005002388253314
1005001975666368
32717743954
1005002376845328
4000826996030
1005002355973414
32601497815
1005002212743386
4000464007104
1005001413057741
32890449410
1005002182406774
32963943198
4000132974960
4001043235593
32822839986
32834960632
1005002417625115
1005001781189874
1005002383214290
1005002272043905
32825454544
1005001732211996
1005002362120837
32821061178
4000389239488
4000163705473
1005002346844991
1005002125996043
33008962607
1005002083623568
32958084883
32955928072
1005001698360664
1005002110394120
32961107907
1005001868548314
1005001858065621
1005001525705592
32820022367
1005002201720199
4001278894757
1005002316056848
32635423280
1005002316046446
32984218333
4000084057479
1005001629988408
1005001729396006
1005002288527177
1005002089576659
1005001616051189
4000960969145
1005002247780509
1005002399942408
33015838389
32428856401
1005002435900586
4000972270489
4000640932614
1005002357203852
32908185852
1005002193136925
1005001915297366
1005002311003548
1005002322954762
1005002085125164
1005002426090736
1005001957264327
4000095629768
1005001675038655
1005002363485725
1005002443685509
1005002263678263
32976365509
1005002206367159
4001188009250
1005002276412932
1005001594411431
1005001834441211
1005001997914335
32921506035
1005002004951193
1005001835647647
1005002241369664
1005001756446791
4000167425254
33049797799
1005002419168647
4001230825895
4000857334570
1005002432290030
4001237775526
1005001496241240
1005002345330626
4001230904468
1005002156192852
33059406340
4000155366878
1005001733052909
4000123586476
32964556580
1005002332769525
1005002376507292
1005002267522553
1005001529022479
4001225282624
32770702862
1005002282284568
32917928903
32995797975
4001128114184
1005001560761484
4001194497377
1005002171454315
32978386066
1005002064496055
1005002159012147
1005001891384748
1005002350507213
1005002246251015
4000781444180
1005002370053613
1005002330274603
1005002449262150
4000685158571
1005001415751622
1005002395144489
1005002247265144
33010991191
1005001959234965
1005002372225454
1005002170535482
32867242774
32946336617
32532462431
32982434863
32790233064
4001170410848
1005001380178240
32965816720
32842535273
1005002464491668
1005002181172450
1005002253691824
32851525735
1005001539625968
4000087078714
33004650455
32858089479
33002412991
4000715434851
1005002134105720
4001275122412
1005002409011426
32908451144
32831427260
32855755893
32902657509
4001242717282
32800450913
4001013123336
4000927119399
4000507159217
32920111909
1005002304201656
32487558609
33037967876
4000619763920
1005001621168900
4000977788134
32383320300
32652967574
32950121070
32950685893
4000420408312
1005002167655971
4001036591435
32698087762
1005001599392807
1005002056837178
4000216409679
1005002234224894
1005002265175854
1005002390099464
1005001322743154
1005002006038402
32973574972
1005002355771307
1005001972324710
32829534258
1005002316990139
1005002298021880
1005002261660797
33027178678
1005002454372558
4001150440415
4000843837473
1005002342841901
4001240519304
32656798701
1005001882618178
4000088723938
4000029177530
4001160704227
32788151084
32954676344
1005001726802868
32819609225
32407276148
1005002350214370
1005002258386700
4000022457422
32826446231
1005002038089905
32810764340
1005002271779082
1005002377286399
1005001702736755
32950763748
1005002201370091
4000563291582
33024117147
1005001992221623
1005001474037361
4000049882026
1005001670888186
1005001606102419
1005002378566028
32450171621
32833059180
1005002094600424
1005002264390897
1005002282007064
4000764605466
1005002280662135
32869634746
1005001840366074
4000001696872
1005002464985047
4000170434213
4000991137114
4001293996061
1005001948474846
1005001755483510
1005001762188450
32895241075
32649910147
32383980830
1005002266336524
33052418010
4001141209842
1005001452627678
32885195253
4000299025216
4001288952003
4000244535180
32890326753
4000804045226
1005002032171241
32846633973
1005001883590365
1005002419065743
33024906906
1005001490869827
4000698593651
4001208706013
1005001680539784
33038158574
1005001594522931
32891107582
1005002133871842
32971109749
32992293118
4000103807529
32977406549
1005001853327496
1005001968755088
4001095634934
1005001934778890
32962256318
1005001802799238
1005001416655366
32303493593
4000907929563
1005001813417122
1005001629390801
4000758010578
4001211811454
1005002329031450
4000315901044
4001214713733
1005002315352331
1005001280099765
4000905529336
1005001271114402
1005001785717397
32918259286
33011370229
32946652476
32947820754
32991283516
32850789789
32998078048
1005002465678919
4000802108017
1005001986886954
1005001604577569
4001323256058
4000360401849
32982892197
32857339721
33052699483
1005001929150202
32967435675
1005001721186154
1005001499001469
1005002210137022
1005002270667503
32985647699
4000774259086
1005002291049166