4000315271594
32809214988
1005002306408882
32951088733
1005001360580797
4000509385085
1005002428933727
32919583748
1005002092297913
32849698627
32987994999
4001114589412
4000705934095
1005001670586868
1005002439073585
1005002299283270
33038425876
1005001958510522
32875927765
32761497056
4000226423666
1005002252042601
32818583464
1005002313896779
32972194056
4000982731848
1005001683396885
1005001708683202
1005001714316128
4001093652751
4000711503264
1005001464477869
33045358418
1005001726472519
10000151398799
1005002028392355
1005002321130058
1005001539824715
1005001483695858
1005001878314695
4000341029665
1005002435782740
33052270690
32957768757
1005002074538749
1005002255962882
1005002288855779
4000989999555
10000376359828
4001302401520
4000144361510
1005001844500832
1005002495953277
1005001452253006
1005002232789163
4000395537139
1005002331014630
32971021967
32882503059
1005002388714899
32940620287
32824363016
1005001600659203
32673614862
32821515703
32816636307
1005001392860229
32912355384
32861452362
32919497798
1005002496384434
33056122559
4000113218745
1005001506051481
32517095625
4001285713091
1005002227827659
1005001304535425
1005001627959246
1005002027526364
32960431933
1005001970547422
4000176717168
4001189884967
32849427435
4001011253158
32955577645
32815804020
4001174717896
1005002488150562
32890057513
1005002262385904
4001054268084
1005001976735476
4001150268967
1005001464058368
4000250825669
33000388926
1005002461748857
1005001468925865
4000236135165
1005002312639798
4001105971813
1005001686260288
1005002281958154
1005002282541357
1005001990310939
32852585484
33014424672
1005001580257446
32333920553
32912723165
1005002224970938
33010761545
4001202000604
1005001412385091
32653222049
1005001721477164
32867985806
33008755911
4000036864152
32969822128
1005002396802718
1005002212865246
1005002179914422
1005001834272897
32886342926
4000235955254
1005002397743886
1005002288964153
1005001927005855
1005002409950073
4001249841205
1005002319177085
1005002182359251
4000529518946
1005002352460790
1005002014636075
1000006122506
32968433275
1005002355601136
1005002306213680
1005002292425899
1005002430760752
1005001380862467
4001339558902
32808625518
1005001868451674
829115098
1005001835136837
1005001880478344
1005002344811759
1005002320205560
1005002315986850
1005002253243057
1005002292901771
4000458894113
1005002319571724
32799344056
1005002481460983
1005002449142833
1005001763970732
4000230542835
4000761080242
1005001348749375
4000589995972
32459610110
4000960289714
1005001464941905
1005002459640890
33006700434
1005001388287961
1005001899989379
32833261150
33032710690
32811336895
4001038050709
1005001727439998
32897264791
1005002222337996
32907087520
32962691339
1005001385840170
32996956924
32912550745
32882769480
32969282757
1005001604232515
1005002117627183
1005002096421273
4001091831674
32577626175
1005001939255661
32828158966
32987194630
1005001992565769
4001039171863
1005001987671673
32868357004
1005002377217271
32983310012
4001043610331
32623541736
4000086868476
4001100292144
1005002122498595
33040368239
33039361626
1005002334672268
4000470582194
32811194682
1005002423410741
1005001703232746
1005001612400126
1005002000326362
4000722922639
10000379521332
1005001537903109
1005001587178565
32816203635
4000388428150
32831376441
4001271357973
1005001581226518
32658471599
1005001844895491
1005001271295866
32568176766
1005002029161201
4001082783000
32968926213
1005002304397490
1005002317633781
32949185052
32893257477
4000503213543
1005002305207462
4001258836070
4000630349844
1005001529892935
1005002369390986
4000712967570
10000160739169
33020137693
1005002384424799
4001230632145
1005002253637421
1005002342404383
32848543067
4000693215551
32988053427
4000230906352
1005001573331508
1005001763641225
32836072695
1005002363942911
1005001699661409
33033881280
32241999086
1005002387773182
32701179133
1005001907064465
1005002255986377
4001200067793
1005002035845220
4001272133072
4001214295149
32883926798
32389505749
33027063826
4001270781188
1005001792145592
1005002315816133
32475464362
32808326102
1773098807
33035289891
1005001632460965
1005002297911097
1005002298187212
4001209834754
33004966803
4000383501368
32816795504
33014130133
1005001269924239
32966841085
32789118129
32869834342
1005001441427594
1005002176133074
1005001451598287
4001330341836
1005002279004832
1005002454734608
32862065020
4000860779378
1005001966519534
1005002390906563
1005002500486261
32919325623
1005001883351700
32853679245
32838425164
4000114416641
1005001584562956
32568283089
4000267292294
4000993822651
1005002285642691
1005001763534075
1005002348663882
32800887997
1005001444473092
1005001817125013
1005002022279710
1005001834895352
32825719950
33007658476
1005001457453031
32974861106
1005001736529484
1005002212606473
32786638455
4000694180762
32869915034
1005002440398856
1005002314052616
1005001651633786
32916849595
32784231739
4000922428062
4001218499986
32913036748
4000852802204
1005001556487217
10000055655504
1005002332723510
1005002383784704
4000267355429
4001208982564
1005002351487857
32857556156
32661562707
1005002453382255
32901275489
32976461845
1005002387020281
1005001644968271
1005002301198243
1005002302514916
32561777792
32917122294
4001220506727
1005001792875218
4001237887221
32890565952
1005002176636027
4001222675576
1005002206576402
1005002139323844
1005001420919608
1005001416945350
32963515027
33062950171
1005001761939842
1005001686268182
1005002442639846
1005001532145573
4001223892940
1005002294056580
32971968398
4000841168977
986851788
32478845802
32624547175
32343027912
1005002340788208
1005002271714602
1005001289676328
4000855570879
4000528860077
32907208367
32864010090
1005001375294367
1005001950594376
32645498653
4000708835156
32853908734
32975823599
10000084870505
1005001368787173
32894176980
32850151287
1005001314544066
4000365167679
32956824692
4001345397351
1005001871911660
4001259112590
32962068315
4000237004324
4001064951534
1005002333613644
1005002313965577
1005002413686457
4000818685591
4000772864455
1005002170795529
1005001638667093
816213751
1005002270896456
1005001402117447
1005002289150578
32823978275
1005002468565888
1005001524180143
1005001531910518
32771009961
500434181
1005002376518208
1005002314867791
4001028310991
4000318186713
4000837735471
1005001438794620
1005001470236719
32873288589
1005002272211270
32598134691
1005002247317940
1310050985
32537013885
1005002273925252
1005002324036783
32888871615
4001174678579
1005001809497813
32929074080
1005002496965221
1005001937642322
1005002348354066
4001290757898
1005001999389155
1005002317770136
4000990777956
4000562144676
1005002193873642
1005002382662808
4000548201562
1005002488148740
1005002454387548
4000096469058
1005001913390544
32998450789
4000721013073
1005002394857119
1005001463220680
4000584847038
10000199235619
1005002478169698
1005001813173776
1005001586785051
1005001792300505
1005002476236579
1005001456699775
1005002185841712
33027537307
4000715377741
33028467761
1005001703041463
1005002071347125
4000780790937
32837311683
4000070705000
4000761868522
1005002170823121
1005002395691236
1005001979643533
1005002233537612
32588510749
4001233765614
1005001698379388
4001153625787
1005002270556695
1005002220241997
33016818779
4000029217783
32817989115
32955660119
1005002359703127
4000994466978
32982792447
1005001989292249
4000826891343
1005002305521826
1005001273487802
4000379223228
1005002323446460
1005002474968097
4001165683545
1005002125709171
1005002317480057
1005002441660590
1005002490304629
1005001703442009
32977957490
1005001906834531
32897176042
4000203679795
32887478944
32396368408
1005002417885211
1005002365135808
4001141798082
32229569763
1005002332217469
4000268693278
4001062090075
4000370169768
32897078440
4000130699451
32962659167
1005002052269000
1005002476759318
1005001685823355
2049536040
1005001883268954
1005002238478248
1005002311436630
4000654079735
32908043646
1005002342836307
1005002276459716
1005001629528669
4001065957157
1005002264338758
1005001588106823
32752684737
1005002253802960
32923856355
1005001840175776
1005001265581179
1005001376226911
4000877828022
1005001871996257
4000489343265
1005002045037685
32828078390
1005002442832634
32843447751
1005002357574213
1005002469117436
1005002346867497
32826768014
1005001993648354
4001066345036
1005001874314581
4001294056519
1005002496804263
1005001793355512
32967393256
32800109510
1005002107399790
1005002320601555
1005001534994437
1005002337855038
4000606651086
1005002233745437
4001209972620
32727924400
1005001726202263
4001268293259
1005001483942361
32470772276
1005002347099112
1000006054662
4000182314700
1005002315209388
4000763449265
1005002212768838
1005002413096691
4000465832811
4000837468971
1005001632570543
1005002240892305
1005002234215166
1005001891838950
32839899658
4000816902549
1005002342483869
4000960586952
4000586045380
1005002224721621
1005002484144353
4000899178145
1005002292437096
1005002364102956
1005002318382558
1005002265596449
696969706
32806901137
1005001690347965
1005002376962678
32920526867
32964224535
1005002204859615
1005002426090738
1005001644322493
1005002220038216
4001064769120
1005002474620073
32910152831
1005001552375438
4001141789432
33063083215
32808722718
4000837477033
32813582405
4001084842175
32968179179
1005001346977830
1005001626204552
33048613261
1005001647057980
1005001732356798
32973583983
4000655974077
1005002166924014
4001069749712
1005002409204734
1005002261292143
1005002289220049
1005001362047443
33027493892
4000116985195
4000916477999
32357430290
1005002386560463
32964644889
4000143827694
1005001847055052
1005001510994915
32331321186
1005002400020750
1005001639009819
2038782367
33014579434
1005001365501537
1005002185159570
1005002081090462
1005002235164843
1005001596378662
1005002259580150
1005002318774749
32948275202
1005002285980133
32964887608
1005001978675996
32722143216
1005002425813186
4001078946213
32842715867
1005002310663322
1005001942933569
1005002180283781
4000174770558
33040532851
32899686688
1005002034048718
33039106359
1005001846255913
1005002014380554
32858970904
1005002407996716
32969116699
4000075487676
4000297242656
1005001272749339
4001105625926
1005001726418750
33021871123
32946588561
1005001540098136
1005002314853173
1005002350551243
1005002388070913
1005002377928759
1005002313500248
4001208609932
10000404190011
1005002254922679
1005002368971789
1005001488949654
1005002271277826
32811772110
1005001405251798
1005002286706047
32319437210
1005002370101915
32933134200
1005002238705897
32907228846
1005002268728973
1005002442511685
4000073479827
32995578098
4000807747060
1005001814226627
4000086837498
1005002457045735
1005002103285660
1005001368896335
32827458904
1005002364632799
33010648513
1005001780343244
4000220470526
32697631581
32725071473
32780009079
4000377035351
1005001633936739
1005002314552643
4001309710495
1005002382846136
4000093606426
4000983671777
4001280644527
1005001592449917
1005002314349434
1005001473788568
1005001603023486
32962005299
33026678419
1005002393621051
32881526335
1005002351071986
4000849804211
1005001635863215
4001050581477
1005002290517742
4000777182949
1005002023656416
1005002298068322
4001015143705
1005001959812599
33002779380
32834269506
33000244255
1005002167732763
32953546772
32779513812
33040256497
1005002012410748
1005002191821984
4001163168137
4001126473185
33051404544
1005002107113832
1005001890847435
4000234184074
4001201773322
1005002351068184
1005002478552051
1005001415485417
32819916510
4000129259066
1005002198795113
1005002105143492
4000863111903
1005002198769006
32972229893
4000400509006
1005001792824122
4001270315904
1005002314279401
1005001672413527
1005002490990344
1005002487285189
4001351185295
1005001451827618
1005001982909764
1005002337555277
1005001941033228
33028272276
32784210243
1005002312924604
4000357691609
1005002351896851
1005002399963378
1005001793035606
1005002281932919
1005002006673601
32862063918
32928633243
1005002377504334
4000638117190
1005002027936941
32836714328
32812394675
1005001422976227
1005001474034039
4001212605991
32959400326
2045464163
4000570722806
4001192561412
1005002052346384
32347462348
1005002293965346
1005002236534125
4001177620816
1005002352596334
4001031508048
1005002396303702
1005001469297493
4001242053119
32990820834
1005002373300056
1005001966723474
1005001360370790
1005001629346194
1005002264742018
32474688440
1005001591250331
1005002393774353
4000130557849
1005002443142985
1005001667230307
1005002220473145
4000123386886
4001144088088
32937817178
1005001496406885
4000773338630
1005002337969130
1005002349531971
4000849812102
1005001913884924
4000958614271
1005002052600246
32865247431
4001238774044
33003511372
1005002401267401
32837987305
1005001565235172
1005002381510549
32839748755
32900581625
1005002166460095
32895119387
32629044545
10000323300992
33046896242
32999559072
32820674519
4001062452562
32970682156
1005002382705180
32800534946
1005002443648634
1005002315953184
1005002013125473
1005002313455388
1005001507519925
1005002362279493
32911545519
32860238069
32978414997
10000052727632
4001296816318
32681571155
4000426892389
4000282737440
4000030762701
32350466462
4001201690994
1005002506912358
32971000293
1005001928659984
4001218283007
1005002281881499
1005002393223349
4001230953256
32898709963
32864532353
4001272844323
1005001280877704
1005002333977098
1005001308572537
1005002315082849
32998479339
32464269185
1005002381129723
4000079596378
1005002290297367
1005002339901762
32585174532
1005001512942185
4000249296231
1005002264938420
1005002068397922
32829900369
1005001576446506
1005001999702006
32825582965
1005001288295097
1005002001568930
1005002413016432
32903149160
32812780189
1005001694300233
4001078127762
1005002123281803
1758345020
32421685785
33013414732
1005002280633296
1005001645677451
1005002298564611
4001225239457
33047544528
1005002242143910
1005001900934792
1005001731183445
1005001859464128
32731408283
32919524072
32659705083
32892348874
4001277620935
4001176912052
1005001287036996
1005002296515898
4000387865855
10000359025085
1005001890362315
1005002431442244
32371332456
1005001750121321
1005002340609028
1005002060282938
1005001775715427
4000056185551
1005001455791806
33045468347
1005001790495223
1005001430540453
4000922259736
4000684819886
32706708872
1005001580250695
1005002332273730
4000466956774
1005002339550291
1005002173280211
32905323038
1005001841711664
1005002454369627
32924494304
4000012251587
1005001332312994
4000254232108
4001069765510
32991139473
32723220751
1005001592066302
4000807211992
1005002072293491
4000271610988
1005002288021795
1005002240534764
32990196845
33023596508
4000544340909
1005001828565550
1005002042157766
32840716757
1005002129861170
4001175112891
4001197665120
1005002085800127
1005001775165224
32848976491
1005002424309607
32887398178
33027178851
1005001814818191
1005001977196141
32946020203
32962517290
4000344085533
32790213251
1005002079322431
1005001394897418
1005001942904273
1005001593941188
4000889668968