1005001989866853
32911778758
4001111950244
1005001621839744
1005002329930885
1005001686019869
4001285875628
1005002122436213
1005002172594159
1005002310820515
4000401517110
4001277497489
1005002284109644
4001015230098
1005002350449298
4001324325972
1005001405390309
33031942878
4000595259505
1005002291208316
4001198195274
32911806180
1005002478784336
4001270433353
1005001929246148
1005002266377892
1005002259531092
4000907315144
32977686267
32852032500
32972272424
4000268886435
1005002004815593
32968034905
33008184621
4001228656765
1005002483849873
32861328864
1005002352266638
4001302903871
4001115147388
33044105620
1005002250580001
4000381091706
1005002348556640
32851095612
1005002289932345
4000599558269
4001178469861
1005002315423010
1005001758512806
1005002325926767
1005001828614997
32981157241
1005001725755974
1005002457354149
1005002359911045
1005002042702520
1000005273539
33012526340
1005001469402776
1005002417015707
32649439293
32953222354
1005001615311545
32938361211
33006023743
4001284273592
1005002140530122
1005002328272153
4001224794772
32922092336
32847031549
1005002382362707
32377785377
4000786438066
1005001608884483
1005002419313553
1005001689678783
1005001620425918
1005002059530038
1005002282176585
32955862581
1005002330076702
1005002356907845
1005002298435879
1005001573718993
33021308857
32916295513
32817985535
1005002403870926
1005001858105190
32899759450
1005001639957660
1005001585965857
1005001830957705
4000258583982
1005002282492102
4001273267198
4001009322195
32967677373
1005002191214809
32972197915
4001224979220
1005001780658062
32933390836
4000674732066
33028092237
1005001676302779
32539802851
32688178934
32960414206
32872831204
10000013511320
32993609832
4000934744103
1005001906828975
1005002447105907
1005002177480449
4000377727297
4001043293719
1005002300478876
4000479378697
4000788472219
4001221776317
4000221212962
1005002083908316
1005002332173152
1005002122336829
1005001341580496
4000843022026
1005002340083979
4000034112102
1005002201935611
4000050813472
4000371255236
1005002433446117
1005002312514762
1005002010935560
4000220166616
1005001551613479
1005001966460418
4000549255152
4000990798913
4000181938021
4000657010488
1005002362826111
32454807656
4000297086110
1005002231832775
32833874552
32933350069
1005001913432586
1005001823814911
1005001921662146
1005002425706786
1005002341913186
4000533106827
1005002485889349
10000402346546
1005002272329630
32813012659
1005002287877141
32868529230
1005002256541495
1005002122674471
1005002261988929
32868368545
32993824789
1005001307966348
1005002205198122
4000597333845
1005001299482211
1005002305459895
32916713166
10000352465784
32947711586
1005002274175055
1005002071069448
4000834480281
4000926741427
1005001682472599
1005002353466720
33031941701
32825029484
10000008052916
4000881633366
1005001865738365
32464813167
1005002389507193
32989557302
4000751926420
32834329315
1005002481645936
4000221971493
32889630163
4000744649734
1005001612326950
1005002134762769
1005001967572125
1005002460545159
4000918226340
32840082199
32956892886
32946385422
32862410951
33038920447
1005001968471399
1005001431886292
1005001430665902
1005001962370912
4001248706219
4000111022919
1005002113202523
1005001474762546
4000834250330
1005002323517373
1005002312140381
32784567147
1005001599227317
32948130971
1005001512184189
32912868498
4000810035554
1005001779790205
1750051034
1005001670846528
4001175393848
1005002341232042
1005002139914544
32976516617
32468307671
32769110315
32849666427
1005001992957315
32825336073
1005002047498060
32479360432
1005002363999866
4001214965279
32971722577
1005002365014166
4001143580520
32851470527
4000803613487
1005002301045269
1005002230043166
33000846824
1005002142947582
32878276530
1005002167754850
4001278519185
4000747901574
4001015104194
32975422819
32958375996
32897208689
4000552820349
1005001603718115
1005002142790523
10000386811190
1005002316705092
32986352450
33007339359
1005002393908045
1005001332329527
1005002476950065
1005002018649048
32954216799
1005002490056994
1005002396504290
1005002297711446
1030921159
1005002389979423
32985818669
1005002291730081
1005001560771413
1005001340362377
4000752239749
4000326919559
1005002291999122
1005002405788654
10000043891060
1005001834779252
1005002007331380
1005002115859089
32899739175
1005002314328542
4000849874976
1005002245558209
1005001495185504
4000794440057
1005002404308642
4000850653240
1005001683182330
4000382110943
32371680979
1005001835553043
1005002382913446
1005002105534427
1005002372781562
4000936358509
1005002110487192
4000507174083
32847744863
4000898910914
4000849018720
1005001772069114
4001257835453
1005001948656429
32920022751
1005001941943841
4000508504716
33057320441
4001253429611
1005001834049161
32900387631
32639413936
1005001808332730
32959163112
1005001424156024
1005002386427448
4001227857117
4001062987940
4000080457211
1005002428518273
4000784829377
1005002117162737
1005002420515089
4000186484271
1005002166973907
1005001638897614
4001252768621
32444103508
890812804
1005001315741022
1005001671160771
1005001901909207
32688912283
1005001987053212
1005002328908607
1005002040385886
1005002065430439
4000826545668
1005002234161115
1005001325591623
1005001997043670
32608405468
32914915842
32849612155
688120626
1005002342621198
1005001579000302
1005001573332974
1005001883214967
1005001721761865
4000473744592
4001209421364
1005001495121901
32595420338
32406371790
1005002313524510
4000327234435
1005002234105739
32999701328
32656130759
1005002269254616
1005001787463493
4000591550452
1005002480749599
1005002454324468
1005002420662860
1005001893232578
1005002293315374
32876172505
32705867048
4001240928978
1005002314380247
1005002150787366
1005002404783566
1005002260728721
4001222936039
1005002312543646
1005001907122205
32843962074
1005001394182031
4001183285514
1005002279060536
32833034193
1005002346244516
33001141933
32851357298
1005002442485496
1005002174919693
32969991451
1005002497069977
33058072177
32813959307
4000905668260
4000042190687
1005002409736466
4001096125893
1005002403587898
32638580900
1005002378455473
32620274702
1005002030971313
1005002293886707
1005001382376796
1005001598368099
1005001710320157
1005001834341020
4000630734591
1005002357143548
32888281224
1005001264756583
32945873605
32968770396
33054522647
4000484282402
4000661104104
32756855892
4000990236144
4001013236151
4000593710451
1005002346393299
32983059192
33027800910
1005002332956179
4000153100358
1005002347066323
1005001402857309
1005001984474226
10000032395303
4001183909804
4000097111496
1005001858792134
1005002043321805
4000607781035
10000400023908
32855367364
1005002289500325
4001037041272
4001165095631
1005002314489065
4000542992893
32852368293
1005002465080745
4000876935022
4001098346251
32777588948
1005002271760731
4001320616965
32975239950
4001247852787
10000155642138
1005001781291735
33029512043
1005002283180510
32726083839
1005002333633967
1005002232942303
4001138092760
32918521142
32983713907
1005001490450003
32932808440
32906936175
4001280604232
1005002287640548
1005002012128681
33014246970
1005002125142118
1005001993379388
1005002319400513
1005001966242343
32932863398
32878019999
1005002438860856
1005001529586857
4001064710780
32881199212
32273011705
32920818919
1005001992225514
4000150144523
1005001868435914
32366389757
4000264636681
1005002427351796
1005001397746732
1005002408391350
4001350117303
4000105094126
4000589326453
32468010892
32797098684
4000661005496
1005002447125233
1005001561066465
1005001670951063
32538619568
1005002317684330
1005002259689450
1005002010597577
32859306063
33004832451
1005001470643398
4000233744101
4001257341903
32919709730
1005002315908586
32815665923
32857064550
32961916629
4001278209519
1005002311696917
1005002399723009
4001171875479
1005001452391174
4000282998063
1005002419995002
32818484258
33004081937
1005001967002540
1005001949007026
1005001835410165
32895442779
1005001708373139
32549907650
32920645086
1005002356956294
4001211258443
1005002318268039
1005002286143513
1005002482827014
1005002182302432
1005001728049856
1005002234812942
1005001430501971
4000307053346
1005002145187190
4000740916839
4001214710710
1005001527293393
1005002074802162
1005001829283574
4000161208980
1005001431850392
4001205688126
1005002421037575
1005002288101712
32968221146
4001149295493
1005002477689520
1005002356263523
4000706131142
32975976408
32994974216
1005002303778906
4000785890138
10000329667237
32831941445
1005001689058604
1005002368452837
1005001636266646
4000100358997
1005002341416677
4000683567273
4001118878781
32966065752
1005002406150302
4001163112331
4001112216799
32863513344
4000214790965
1005002267397402
4000733044993
1005001588344995
4000689539703
1005002269101384
33050591822
1005001308728658
1005002405542654
32970711456
33004708577
4000595677682
1005002454904716
4001130756524
4001216805231
4000080332944
32860250694
1005001880292109
1005002029968914
4000217365786
4001142801419
33057419146
1005001640711453
32838739483
1005002240983732
1005001976311371
1005002224125989
1005002220659418
33037991845
4001228722191
32825107112
1005002457064438
4000415124623
32712178510
4000230747902
1005001286955886
1005001658134187
4001118515512
32837073035
33000339050
32972069532
4001227125379
1005001943345402
1005002325133388
4000465892567
1005002294417422
33040761531
33049927151
32857624417
1005001937488935
4001310808724
1005002324527163
1005002459885515
1005002318966665
33022126510
1005001686049651
33063295134
1005002222265523
4000839527676
760198652
32903053233
1005001873421794
1005002227556715
4000811009757
32806857576
1005001714091117
32947404653
32980664503
32984895767
1005002191768507
1005001478081690
1005001845826875
1005001910294411
32887222266
32354635673
1005002316666562
1005001754018628
1005001603826502
4001041231817
4000944968629
1005001620978507
1005002335084463
4000340753242
1005001302523850
32828371588
4000734181146
4000293170079
33002465953
32237948508
1005002245851375
1005002295180437
4000626354454
32385798337
1005001775600842
1005002120682824
1005002345048162
1005002254787753
1005002378825220
32910478502
1005001680408937
1005002269084436
1005001804859400
33050363658
1005001977079008
1005002314210716
4000042665148
32856757769
1005002258446787
1005001768396790
1005002386939780
4000824601650
1427285018
32827701481
1005002447654962
32743220418
1005001915285373
33045766098
1005002324398006
1005001386773800
32817951529
4001227867624
33006537645
1005001353229043
4000552510213
1005002396389486
1005002425632370
32922691929
1005001732350826
1005002015406724
33035638869
32870934361
32898130516
4000869562351
1005002068167963
1005001351151946
1005001916041489
1005002080200609
32891946190
1005001266050651
32972097171
1005002279703341
10000351542638
32867852976
1005001636419428
4001238621470
1005002398459190
1005002347316816
32832260056
1005002273814726
4000466685028
1005001651997354
1005002462497776
1005002408355915
4001097343078
1005002367792712
1005001317512335
4001156745591
1005002120582999
1005002033236732
32852510846
32975710099
1005001823118679
4000415239977
4001041055760
33033402645
1005002390421030
4001237802633
1005002003098878
1005002022875861
1005001792588937
33031847548
1005002306301977
1005002447963976
1005001839279292
4001149843630
32950566056
4000106771129
1005002497304999
1005002318003927
1005002467181826
32966362955
4000334509488
4001096471165
4001092078761
4001154594116
10000190194951
32874924208
1005002357792885
4001228505960
1005002299315418
4001030073652
10000032372536
32920987630
1005002293336247
10000029414534
1005002395571055
4000616590093
1005001612867783
10000402918747
1005002111110780
32818680041
4001153441545
1005002319442519
32910830042
1005002305161385
32659804039
1005001567287876
33021096578
1005002399752925
33022963520
32947733560
1005001562873833
1005001867255738
1005001889551700
1005002387025126
1005002236348698
4001039224349
1005002453307456
4001150030025
1005002426411228
1005001995549036
1005002444059903
1005002287068974
1005002348572093
1005002475012690
4001274461867
1005001460216946
1005002315813234
4000345663428
32832195906
32952620730
1005002310077063
1005002500115818
1005001678335855
1005001868563378
1005001359610261
1005002335754607
32918812533
4001339412976
1005002443332178
4000498309165
4000453364263
4001262422646
1005001552926280
1005001470318348
1005001694212610
4000334754193
33000093382
1005002220389415
32830407155
33008934156
4000448922407
329979212
1005002358114806
1005001834466710
4000119275713
32951424547
4001229143647
32931733055
1911719186
33045949983
4000049655417
1005002095964839
1005001302602384
33034217286
1005002077487265
4000120052569
4001130841069
32993741194
1005002055396278
1005002176225910
1005002133010338
1005001495956684
1005001999765240
33007032897
4000283985229
32953237179
1005002363769301
1005002384187234
4000159929761
1005001962289069
32898721846
33029507760
32870284417
1005002345020132
1005002239367948
32971831713
4001204949253
32985111427
4001177182012
4000960679125
1005002314412052
1005002318055852
33042836383
4000036260637
33001768340
1005001551921371
1005001893744019
1005002394482749
1005001855469973
1005002386115501
4000813593120
32812842203
1005001275593709
4000062887692
33057106638
4000504634256
1223297639
1005002340876723
1005002291562950
33002645547
1005002477077024
32610285232
1005001921843149
32632716767
1005002491748428
4001232085346
1005001406117553
1005002313981309
4000822348087
1005002442431845
4001096846700
1005002278119351
32899172533
1005001330290315
32909514759
1005001864440466
1005001878344932
1005002302453211
1005001763672812
4001315563336
1005001424749418
1005002389695898
32892775246
4001115498455
1005002399516127
32861424825
1005001565216593
4000223993470
4000917497613
1005002401313654
1005001345274223
1005001526035143
1005002464912971
32662704571
1005001619837512
4000628793834
4001160309511
1005002498834311
1005001993776971
1005002396017971
1005002147528065
32955167922
32915812780
1005001458327258
1005002439267017
32828008950
1005002231740165
1005001942223799
32955192052
1005002014472864
1005002387650901
1005002378783552
1005001333835091
1005001271213668
1005001562594590
1005002136889259
1005001868552327
1005002271740490
1005002307558402
1005002317550944
32223082310
1005002162823866
32999566133
4000088986130
4000544807049
1005001859096203
1005002255077307
33037805328
1005002318978586
1005002233499161
1005001576249907
4001209003099
4000206687770
32969117465
4001290735986
1005001803044777
4000369878841
32693614883
4000194564209
10000004748901
1005002185627231
4000385031588
1005001961327746
1005001908004772
4000107414841
1005001389504818
1005002125234345
1005002315920047
32679373717
1005002353786081
4000482670912
4000469116312
1005002290516566
1005002245130623
4001170073136
1005001890644030
32880743489
1005002352637424
4000715078317
1005001765249692
1005002066417400
1005002245881205
4000318382541
4001291570914
1005002029924231
1005002343258660
1005002418830085
33044635286
1005002276788447
32540295936
32968644038
32844922183
1005001572143280
1005001297496503