1005001525364585
32627092518
1005002495237576
1005001704416847
1005002319195249
4000253294250
32800114013
1005002097411906
1005002322690441
4000545832949
4001214261963
32833299847
4000706451597
1005002341699342
32952685807
1005001695823819
32809526585
1005001683017600
32853494249
33042040517
1005002421616175
32665499894
4000205900275
1005002321382844
1005002317825327
1005002003428768
4001275745701
33039648595
32949357022
1005002100982207
4001036796318
32808366511
4000009115001
1005001883136399
1005002046999553
1005001273338883
1686606814
32779885745
1005002430668409
4000586438440
1005002197122495
4001168603305
4000959252425
33013236303
4000315097056
4001153481318
1005001665804651
1005001833942200
1005002329875800
32275527877
1005001582814822
1005002348664650
1005001337968109
4001100713479
1005002264969665
32762273323
32522284918
1005002285744438
32888682849
32367748547
1005001288172066
32970632831
4001316289184
32875968880
1005001604358094
1005002277700990
1005001639146446
32972621978
4000394213366
1005001949036447
1005001475734753
33048574186
32996655547
4001015175429
32922012943
1005002050767288
32724159230
1005002311707209
4000537648986
4000287247024
1005002364362331
1005002353609385
1005002333771896
4001170771787
1005001286868274
32799010154
1005001867257794
32810661649
1005002337429732
32956834868
32967631115
1005001871445541
1005001489423309
4000118843766
1005002113027304
4001103983369
1005001831096215
1005001958722706
1005001571556690
32848984080
32588885817
1005002219219076
1005001598853181
1005001992536038
1005002431171231
4000315598993
32966082034
1005002381432939
33021552486
1005002318762325
1005002334012337
32908085760
1005002318521929
1005001482379561
4001038522237
1005002001822608
4000970465620
32960425934
1005001344447825
1005002381979703
4001234525717
1005002237929912
1005002336269871
1005001762082749
1005002338507813
1005002475613231
1005002259858304
1005001638432631
1005002496710100
4000329346154
1005002443149188
4000126155042
1005002426452198
1176942312
1136915015
1005001647946268
1005002465428848
4000727751840
1005002484804024
4000826006806
33002793484
1005002082810088
1005002481462824
1005002305924574
1005002292438465
33022434591
32849969342
1005002481591035
4000669323459
4000996072973
32968127403
1005002007366041
4001273991924
1005002190670470
32230261522
32884927072
32809266548
4000850506894
4000680196968
1005002299607139
1005001523931913
1005002282185426
4001204283016
32640335988
4000279914109
33027380791
32773287174
4001267028245
1118493195
1005002249031036
1005002386401989
33023011523
1005001965573188
1005002053155854
1005002113053898
4000380661912
4000218357162
4000917476314
1005002387989261
32974625508
1005002314405101
1005002317967827
1447640848
4001064263401
4001274999967
4000639940466
1005001848384809
1005001666964774
32908301098
10000088360004
4000983864077
1005002432711962
33031419011
1005002261140286
32836329178
1005001861825092
1005002254312294
1005001303636702
1005002400772000
4000616043198
4001112306165
4001072607838
1005002203914526
4001037077474
4000808341665
1000005513858
4000088423796
4001094600219
4001038317509
1005002213654184
4001013847636
1005002244401761
1005002291172300
32974691952
33027497971
1005002404900598
32779369720
32970098125
1005001850218551
4001248049378
1005001883412854
1005002277970795
32843302913
33032090056
32811450498
4000721009403
1005001824798330
1005001362106762
10000402392900
4001297604941
33023275386
1005001762077030
4000842412585
1005002254569520
32825688339
4001021664602
32948780053
33052373017
1005002316314147
4000333506237
4000944230123
1005002292353270
1005002313603617
1005001847758608
1005002452786576
1005002311857283
4001230390068
1005001561690230
4001003057000
1005001923227685
1005002029727588
1005001699158562
32905057839
32893386829
1005001940861546
32697773166
1005002314204969
32968653793
1005002205363311
1005002388973268
4000865416180
1005002424579896
33050641698
1005001335493581
4000927248448
1005002406444847
32831896345
4000690429705
1005002023828770
1005002212112656
1005002246580695
4001188859554
1005002448730870
32616276732
1005002389472894
1005002350205533
32824954203
33005141140
4000164344747
4000544597209
4001122644302
1005002395058728
4001335644873
1005001530352342
1005001448704820
1005002384412866
1005001414154015
1005002496645665
32960365007
1005002418337549
4000710331977
4000150957758
4000241053461
1005002211040513
4000102135544
1005001784538198
1005001438816451
32870319139
32814013764
1005002359837451
32858550687
32814281362
32830290383
1005001771460147
1005001506677590
32840431816
32706530616
32286729323
1005002328770155
1005002418610758
1005001648917965
4000693735239
33013299722
1005002283978692
33022654611
1005002478514873
33044272137
33042514803
1005001695572171
554489736
32962107051
32535203868
4001282775723
1005001266736196
4001100631441
1005002059702141
1005002350843530
1005002199493105
1005002396297393
4001061031863
1005001632233956
4000344814934
4000269224668
32993174443
32871803762
32969360231
32686396861
4001347065066
32342347852
1005001447087797
32744486647
1005002330845277
1005002419834852
32994382293
32894999358
32958338348
1005001678620315
1005001576855190
4000790291385
1005002423503408
32834328151
1005002018910849
1005002442032810
4001290517520
1005001494304747
1005002332463539
1005001869179311
32998362921
4000587012066
1005002414032068
1005002440317113
33038263322
1005001844558785
1005002283105474
32560695709
4001249991321
32948212577
1005001664265589
1005002282534110
32869518279
4001135133945
1005002420955532
4001261311201
1005002454290342
32801465904
32923956497
4000157077545
4001135201230
4001205013708
1005001947842482
1005002066211727
1005002306133875
1005001560670581
4000849358744
1005002146063663
4000334615276
4001354517936
1005001288808328
1005002291620991
1005002367244426
1005001802033966
4001131067174
33029758991
4000897738319
1005001816493893
4000990966822
32999902490
33025389232
4000334971150
33063631028
32911868251
1005001338701098
32835537723
4000449800573
1005002273680448
1005002323193954
1005002490316800
4000844454345
1005002373262785
32809456157
1005002101627454
4001147528718
1005002314387863
32858170195
1005002043298549
1005002440158416
32889204896
1005002489977345
32824693762
1005002263827013
1005001464585481
32949816250
1005002446877078
1005002382776973
1005001604050079
1005002485059230
1005001819452174
32989625952
1005001603327314
1005002285873620
32924556005
1888614683
1005002142902693
1005001793360343
4000545754347
1005002346717916
33024890189
32809170304
1005002400507209
4000935163136
1005001848949665
1005001946633022
1005001616280692
1005002211782395
1005002372000694
1005001666672768
4001161682627
1005001397090458
32813819645
10000196508362
1005001635892303
1005002433386619
1005002129140018
32985321634
32970167219
1005001988346980
1005002029074011
1005002369899723
4000999101408
1005001793221604
1005002342553586
4001155258004
33052384642
32856317619
32869550007
33012016025
1005002288113895
32815322872
4000533223961
1005001923031134
32850070160
4001257907435
1005002231911794
4000382382485
4000704291049
1005002023478354
32825308117
4000712014181
32996270580
4000499148511
33046992362
32915094302
32945212737
4000397533539
32973414919
32855930821
1005002197547518
1005002374883042
1005001542822826
32556578250
1005001388519257
4000113755386
4001192840393
32997958721
1005002241035523
4000291503955
1005001872507052
1005002438278381
1005002431429858
1005002490152907
4001293935654
1005002271988408
1005001810649137
32859588309
4000209824598
1005001333751225
32920777176
1005002337821703
32979803434
32902027288
1005001519645268
33025258364
1005002442196331
1005001898865258
32787437114
1005001671073044
1005001388167547
1005002053782871
4001286468455
33059233357
4000936522400
1005001921219786
4000699916366
1005002454608181
1005002453112829
1005002339045826
33029761773
1005002431332881
4001320589022
4000812706554
535482922
1005002267980247
4000665957738
4001065000008
1005002014647079
1005002146393450
32483701674
1005002386812227
32799108972
1005001581806232
4000813279736
1005001286948564
4000743990203
4000396246599
1005002094122776
1005002007948494
1005001808027108
4000603279377
1005002241028469
1005001615813904
1005002120898505
1005002301158457
32834088223
1005002192099593
32991913741
32950738708
1005002122454345
1005002368568699
32981872142
4000505050923
1005002325559553
4000066699418
1005002027148572
1005002390366012
1005001445979299
1005002340902355
1005002229637263
1005002362588197
1005001954858659
4000552033206
4000158623721
4000359793909
1005001565763634
32962492898
32859674804
4000962538491
1005001704159381
1005002398582500
32905528742
1005002070825909
1005002468789347
1005002233407520
32841048035
4001208941128
4000025041794
32700014295
4001333435777
33004517056
32367004450
4000640622503
4001283057750
1005002473760312
1005001779542813
1005001694119878
1005001637580888
1005002289522575
1005001523644308
2019350896
33044228141
1005001287089298
1005002481268354
32878586798
4001347494933
1005002144810134
33014410451
1005002191610404
4000324463614
32986353747
1005001365779821
1005001703668939
32789684314
1005002369520232
1005001700422549
4001240079611
1005001854655308
32705520903
33051155848
4001131264455
1005001689657588
1005002482953989
1005001462377544
4001075457505
4000834103648
32974629663
33039185778
4000778977855
4000248005019
32903049222
4000525420929
1005001928856504
1005002488099678
1005001429336572
4000212510940
4001189647737
4000611251198
32890003376
33002483627
1005001731781497
1005001702925569
4000640628082
32883170209
1005001912447478
32456986277
1005002286892385
1005002278875369
32309870511
1005001632103237
32726123242
4001355661079
32819350328
1005002282440693
4000856266469
4000785640193
4001234412049
32771623860
1005002353510844
1005001525483233
1005002005092312
1005001652442367
4000388268906
4001078801740
32974049672
32776550879
4001174646010
32703011671
1005002393861560
32969105245
32385350560
1005001787155156
1005002247589179
1005001888029930
4001166047904
32863979295
33043510967
32893636761
32212821872
1005001441360380
1005002233916165
4000015281922
1005002293926461
32944572441
1005001809622250
1005001422921463
1005002476614091
1005002399552951
32971594905
1005001430789392
1005002320379846
1005002258638657
1005001305505129
1005002337002892
32949756639
1005001960415432
4001287021106
1005001665781155
1005001448869178
1005002390231695
32818263266
32887103207
32969419249
1005001340133222
32802395921
32970111819
4000688589900
32974853868
32951549046
4001247976086
32772977101
1005002442314547
4000106467199
1005002291567927
4000864855390
1005001519336740
32910486256
1005002007181127
1005001356992447
33045890163
1005002082297203
1005002059996910
1005001549888273
32899287769
4000138498620
32975028735
1005001757001870
32975513353
32988026954
4000028643140
4001285275603
4000067279156
32855316051
1005001333617923
1005001457233855
33021851497
1005001998891405
32460716185
4001223020043
4000986653509
1005001516487501
1005002110994984
1005002235709693
1005002252838170
1005001809487129
1005001649191062
32960820986
1005002378924064
32670699650
1005001346987089
4000207353936
4001228607174
4001352472426
4000747167786
1005002290934756
1005001763885438
4001243925994
1005002282208149
4001154832924
32836932727
1005002425672124
1005001381804922
1005002095380669
4001048357104
1005002424888858
33055797557
1005002422057901
32908227981
1005002363389304
1005002213656196
32960209757
1005002297789160
32569086246
32910702594
32856313531
1005002496753482
1005002294289622
4001179492109
32995854744
1005002311440344
1005002281458880
4000630307290
1005002172508497
10000146324247
4001238103374
32830405584
32541722907
32950017837
4000402163082
1005002238049488
1005002278251229
1005002336269210
4000295623286
1005002112900943
4000693659485
1005002485182671
1005002310326609
32797046130
32792869879
4001130964319
1005001620501671
4001148799721
4000318360282
1005002263576908
4000947857329
1005001581502456
32817982056
1005002125643970
4000116272512
1005002314522369
32920720649
33000669183
4000641223277
1005002271849408
1005002400727654
1005002326459688
4001089460045
32947302149
32951944659
32816644654
32815707778
1005002297631226
32787617891
4000441880454
4000755252223
1005001445740658
4000244647293
4001217600380
4001278807724
1005002384536505
32388385635
32904328349
32934666318
1005001693661436
1005002478440355
4000384502800
1883464020
32925021492
1005001355162100
1005001758335066
1005001634319764
1005002381997452
1005002413668166
32968249605
1005001556289172
1005002345093818
32942775810
1005001281006425
1005001799172894
1005002239498699
4001267585559
4000850560912
4001259657266
32868852844
32907217753
1005001457649343
4001192624335
1005002435447464
4001129440482
4000107187878
1005001511180140
32792917325
32884947764
1005001838295232
4001186834532
1005001469322671
1005002237999946
1751652388
4000434293420
1005002000174623
1005001664439782
4000434982911
1005001460425173
1005001637560354
1005002468092277
1005001579888560
4000495483826
1005002471430011
4000168910058
4000552048145
1005002405566246
1005001722338747
1005002213100177
1005001316969856
1005001895447335
32820847154
1005002460503723
1005002221544408
32956154840
1005002466777855
1005002218304220
32863948437
1005001577069384
32451951122
1005001762926197
4001315966379
33018327092
1005002327836612
1005002317454534
32607526883
32589725223
1005001333963645
4000709053766
32883048870
1005001997371347
1005001881459919
32883202394
4001153056316
1005002191317990
33017615310
32272921106
1005002147650399
4001079227607
1005002474206281
32906437711
32914824880
33002686843
1005001584344591
4000400800271
1005002060853460
1005001830478802
32639036746
4001189783259
1005002097151209
1005002443032883
1005002352029825
4000120898330
1005002309391240
4001156591334
32910622388
1005001544895320
1005002311018215
1005001840580135
4000905734051
10000354506614
4000464518444
1005001500531221
4000846070350
4000688487704
4000965653311
33061102082
4000781891207
4001231572259
730859049
1005001848826097
4000790334186
1005002422068656
1005002390652436
32953396740
32546553915
1005001550777022
1005001780531725
1005002328695352
4000917286223
1005001731878412
1005002364966643
32905152543
1005002350121958
1005002292506287
1005002368619689
1005002122413814
33004345082
4000693971745
1005001682011308
1005001913091976
1005001474112178
1005001762117812
1005002179924950
1005001596735018
1005001365809363
1005002292642359
32920691479
4001273277395
1005001440055426
1005001308834183
1005001893394379
32891618598
4000929666663
1005002438784094
4000579939125
1005001524097336
1005002276706330
1005002359203537
1005001976847133
4001341812460
1005001359834514
32749499969
1005002421386535
1005002269181137
32949559946
33045977282
1005001869956559
32968722545
33003356831
4000834413005
4000694133745
32916787858
32956908082
32900551004
1005002288018867
32992765229
1005001781264901
32976347399