4000035633956
1005001728196816
32710896231
32876142304
33014055302
32816301447
32886405196
1005001692510527
32963012243
32774874265
32947365166
32919129511
4001115790690
32981029341
4000824602639
1005002342546739
32721675618
1005002245861711
33014260824
4000867741321
1005002427808915
1005002315579948
1005001670949180
32393690784
1005002381539223
1005002334785161
1005002343600332
1005001860721594
1005001727661818
4001195510887
32883771138
4000388746246
1005001819182053
1005002482576852
4000704875201
32889702027
1005001446023049
32949438716
1005001572647242
1005002413652434
1005002384270157
1005002355697342
1005002219709475
1005002281589386
1005001706590261
1005001997107832
1005001495625151
1005001304343789
1005002312601127
32998466883
32794970032
1005002246862258
32910188003
32233261663
1005002417911869
32340416346
1005001290657397
1005001619760657
33054644837
32916335358
1005001571774394
1005002190741421
4001218434718
1005002312696719
1005001616601209
1005002470965905
1005001840915507
1005002250250546
1005001689742985
1005001333647723
33047626594
1005001499181216
1005001723174542
4000590073316
1005001622609573
1391807281
1005002384126317
1005001350250178
1005001786841096
4000468440598
1005001419656464
1005002206166850
1005001468999703
4001224382525
4000828878144
1005002414635428
4000212521997
1005002335461625
1005001731674927
32758289889
4000340164360
1005001648739096
33036671135
32863530859
2031369294
1005001379518456
1005002198021666
33038623904
1005002081737193
32888707740
4001365433737
1005001484731405
32965848608
4001059735810
4000764830812
1005001460424638
1005002309988672
1005001664463302
1005002475698779
1005002105648674
1005002262786714
1005001803673511
32882623703
32885861005
32722985995
1005002265575457
1005002313247813
33025386643
32834342444
4001358549020
32809333356
32760390988
1005002368698029
32423778485
1005002190756662
1005002111076003
1005001439112423
33057422364
1005001914092536
32862722237
1005002354113193
1005001570687753
10000325217581
4000465909814
1005002017530492
4001038631946
1707789739
1005001670984007
1005001470811347
1005001943123098
1005001900261644
4001058112459
1005001431621373
32864624202
1005002292148101
32950991501
1005001910218916
4001291661801
33024261683
32997454447
32909511687
4001269794288
1005002337052476
1005001696145001
1005001298352020
1005002100895135
1005002320874976
4001233982228
32970036715
32620721103
1005001451343643
4001094462629
1005002316612838
1005002438731046
1005002342228819
4000096826439
32905595766
1005002262210946
1005001695431562
32897724571
32900143388
4000861495208
32832696401
32945165940
1005001950077323
4001280076703
4001149598431
32746024960
4001262676440
4001247581123
1005002410527907
1005002137038154
1005002259963296
1005001657979181
1005001515834376
1005002280440579
1005002328552977
33003083193
1005001756379532
4001244110005
1005001473473646
1005001979952377
1005002440058208
4000794281494
1005002276545576
4000971262728
1005002280523364
32853928388
32540547464
32898998322
1005001630773069
1005001477920975
4000227876499
33010895833
1005002280701354
1767451182
1005002313856569
1005002214922331
1005002313752065
1005002068966010
4000032363988
1005001404941285
1005002081329917
1005002301169464
4000850177689
4001304683230
1005001920679831
4001006909490
1005002318837360
1005002265317679
4000233557132
4001149738213
33011198102
1005001792639758
33056873383
32923479766
1005002363588518
1005001289830316
1005001798565720
4000290625533
4001243633397
4001149303807
1005001995753642
1005002306216953
32846370945
2051910179
1005002311130982
1005002431671170
1005002060758790
4000026625665
1005001972715691
32961996445
1005001659069468
1005002228081214
32798665873
4001271374491
4001146750210
4000909481813
1005002399926369
1005001865060804
1005001316406313
32965178539
32906285009
4001062301568
4000029936896
1005002449406961
1005002353550948
4000745019380
1005001494874048
1005002008217506
32978562039
1005002423402814
1005001317284750
1000007810763
4001193275562
1005001995380345
4001118543862
32753916381
1005001567239625
32896249135
1005002340543538
1005001425473180
4000749466536
4001215604273
1005001775414182
1005001808437961
32973096909
4001278938064
32815845331
4001294465643
4000345839791
1005002026963341
4000521771291
32766977293
32419724962
32853038148
32846654945
4001150289464
1005001495405903
32709429184
1005001941268192
4000853256344
1005001604530839
1005001705466580
32803282698
1005002122460047
4001267066507
879306227
1005001588005478
4000167987858
32966561260
1005002221220630
32823080231
1005002303895296
1005001291038540
1005001296415965
1005002497398176
4001354922374
32828093884
1005001418094387
32967339200
4000516804004
4000850584590
1005002091247903
32986648575
32619374199
32875090271
4000234558809
32887555989
1005002201151296
1005002359110008
4001284354542
33045757908
1005001515050721
32849909347
4000681150480
1005001524036191
4000423167781
1005002259068143
1005001803898995
1005001954632773
1005002334798516
32976154059
4000557961990
4001154091874
1005001983617228
4000926384231
4000543012997
4000574809133
32889193366
4000022265897
32853848541
4001320557518
33006216607
32835416521
1005002228452720
32358397768
1005001345192966
1005001966473687
4001214043656
1005002234466972
1005002235448017
4001331083950
32849402377
32821367878
1005002306160185
1005002291018399
1005001488575034
1005001731191945
4000116151334
32958370337
32271549460
4000078808263
4000960373187
1005001791753961
10000138097189
1005002207971462
32969896710
1005002351690651
32997532832
1005001633528866
33058763364
1005002263339419
4001041110674
1005002443520534
4000321346220
1005002327209968
1005002246472016
1005001474043141
1005002240422062
1005002306114371
4001181410994
4000974636743
1005001326733651
1005001714516933
4001135210735
1005002227026248
1005002020420560
1005002268258691
1005001445944374
4000842677321
32922086719
4000765605282
1005001799267000
1005002340282434
1005002382982069
32902798748
1005001626294146
1005001585709714
4000805405645
32919918735
1005002168096909
32432965609
1005002147114953
4000118617518
1005002459207623
1005002099415526
4000033497858
32841724357
32823462489
1005002258168125
4000200657142
32955807030
32700104459
4000090573167
32905370378
4000900036435
32885358018
4000130486623
32591371081
32848145331
1005002091217009
1005002357426329
1005002215100042
33054206618
1005002192027423
32723705602
4001289798566
1005001448621555
32977282862
32958717875
32601153250
4001201876531
1005002304299945
32888803540
1005001823716885
1005002319086532
4001024478034
32993229522
4000859023121
1005001878127035
32966393233
1005001297376671
1005002396333921
32896646261
1005002167823572
4000690935850
1005002454299203
1005002395838323
4000989753296
4001145544377
1005002314342012
1005001677052021
1005002434903826
4000470793875
4000035724157
33012373627
4000291503935
32961295392
32865091603
1005001975821853
4001282560989
33024039920
1005002219501438
32970726845
1005002394340689
1005002007608575
32700035340
1005001416832134
32856934639
1005001514916423
32955390074
32701955985
32919811737
33051783437
32265549486
4000325590989
4001049924448
4001172481119
1005001802804442
1005002446963228
1005001555651888
32914262644
4000801002983
1005001604718002
4000449871886
32548165548
1005002262454731
1005001922504785
4001221413907
1005002069748303
32887478838
1005002293184719
1005002312196723
4000032950687
1005002339264155
1005002353530462
4001042914523
1005002223135771
1005001424997171
4001271031110
1005002389658101
32610039411
1005001460704275
1005002287382749
1005002291145078
32370913321
1005001954814751
1005002356412688
32909030706
4000731600032
1005002061908631
4000304640832
1005001848815095
32799125237
32781752856
4000850710049
4001286554305
33012246634
1005002081610897
32356437956
1005001869349592
1005002357718218
1005002320164546
4000837387053
1005002264698536
1005002411638795
1005002419146538
4000207737974
1005001555832989
4000920399131
4000641337799
33010954892
4000955063402
1005002393970955
32951945827
1005002337206626
4000043798968
32821287820
1005001991716679
10000395867168
33032900923
1005002304520968
4000842371807
1005002388829584
4000269783738
4000052582228
33032721646
1005001737301752
32835736665
33006413177
1005002458383133
32961850599
1005001445591484
4000433431572
1005002461287350
32990403465
1005002315836873
1005002493873288
1005001468329784
4000497159113
1005002320902807
4001207009910
1005002180955141
1005002305558746
10000314694878
1005002431123607
1005002454411039
1005001848813890
1005001368136612
4000345825238
1005002264811721
1005002264095608
1005001344530545
1005001905668893
4000240594054
1005002224514165
1005001996780949
32837937577
1005001803786652
1005002361777477
4000179682576
1005001571704498
32725713816
4001052951412
32982641966
1005002432666202
1005002390924322
1005002456803722
32939549133
1005002314346869
1005001495858269
1005002306907873
32926035135
32772652803
1005002408441145
1005002300174097
1005001494657687
1005002063670011
33000518822
1005002208430535
32819071068
1005001409110945
1005002311029712
32553133762
1005002326943644
32950743559
1005001448147994
32756407002
1005001901800352
32833408190
32889647128
33010370230
4000336805656
1005002310236628
1005002276270281
1005001458182677
32903503974
32869598762
4001225174471
1005001719136048
1005001474426596
1005002286848544
1005002298068819
1005002394136129
1005001793133463
32900365654
1005001958670736
32891669558
4001094289474
1005001418686316
32813578434
32828902062
32789804342
4000292763243
32870523345
1005002432871163
1005001546494913
32851333065
4001365637450
32824931750
1005001429222240
1005002400252432
4000991339423
32977645707
1005001702490864
4001119242226
1005002320066052
33048414443
4000970637225
33011613741
1000004729053
32901063398
32995809567
1005001302742670
4000152604422
4000009820408
1005001411566073
1005002125669532
32892227265
4000174204123
1005001860613634
32889706327
1005001956818574
32927208534
1005002244816573
4000038376092
32276687094
1000004725017
4000469249656
4000264336576
1005002111976760
1005002116498930
4000405575324
1005002242376072
32909364367
4000037311108
4000108866608
1005001264816986
1005001527223257
4000703254996
1005002059343516
1005002334321156
1005002076505201
1005001450998510
1005002330485960
33024910993
1005002310901411
1005001999437873
1005001525353707
1005001718252499
4000084824377
1005002336801367
32855155097
32423135756
4000944658569
1005002484851773
32987457298
4000544777740
32981541739
4000101207961
1005001397394255
1005002413967991
32968714797
1005001866655170
32383109892
1005001483920293
4001144576104
1005002114768258
1005002361163009
1005001941016958
4000400432742
32813976965
32964243838
1005001565086428
32794861342
32921099531
32921559131
1005001658771636
4000459848464
4001170435410
4000773762736
32826404368
1005002323110341
32981952389
1005001605478114
1005002367510035
1005002071788147
1005002322456303
32243222064
1005001641078097
1005002313424906
4000717310503
1005002389822005
1005001773425679
1005002487543140
4001045525862
1005001995566651
32748381653
4001085143072
1005001799720667
1005001941811418
32962756185
4000902908739
32692112074
1005002339537249
33000757715
33036836882
1005001825078444
1005002053592579
1005002448497437
4000961333653
4000599725447
32971104601
4000007545596
1005002458381969
1005002170958649
1005002368349543
1005001369487986
32908350287
1005002176464738
1005001895280327
32881034010
1005002484083517
1005001993289907
1005002329807641
4000467820840
32922743410
10000150657024
4000780319626
1005001621401365
1005001430671121
32897893073
32983229043
1005002298424341
4000449403203
1005002260728700
33040039221
1005001678573173
1005001525321698
32739721738
1005002370216622
1005002310072066
1005002252835274
32951009514
32989480873
4000404231518
4001085902132
1005002030480673
1005001865065792
1005002389350746
32882388977
32717715254
1005002237766686
4000424010334
1005002282767383
32888808893
4000008112091
32315904167
1005001995083518
4001359778480
1005001305259961
32985158150
32619254518
32914316289
1005002315036113
4000072260819
1005001405313897
1005002427797700
1005002399388758
32887114867
32607470858
4001270541072
32961484723
1005002409440887
32945628313
4000915726002
1005002198660927
1005002326608524
33046258922
32994636694
1005002441568597
4001257219873
32833510628
32858579048
33014050293
1005002129875219
1005002392905662
4001197937819
4000335821721
1005001835860116
32956790677
1005001494476454
1005001500768262
1005002465445304
1005002278055689
1005001287546114
4000987387522
32800513360
1005002288440241
4000922139974
1005002439511615
32821296774
1005001568445663
1005002303760382
1005001479199327
32825580493
33047682988
4000051918143
1005002442694383
4000232628958
4001035188821
4001132369931
4000946271254
32796423956
32814679071
33017583587
1005001456085390
32822317603
32815371083
1005001588266496
1005001466826744
4000930252634
1000005987059
1005002253541407
4000398128945
4000712775415
1005001788683996
1005002344469753
10000089310640
33021963091
4001225183893
4001216332694
4000277656616
1005002492702390
1005002131289205
1005002044568645
1005002001684645
1005002326247888
4000362352461
32904518281
4000526393036
4000284215051
1005002156012707
1005002452895046
1005001447492526
1005002230169134
1005001447272486
1005001440994057
1005002427423857
4000278099222
1005001525407390
32952938816
1005002345710902
1005002290021120
1005002326864457
1005002065439033
30000001219010
1005002270343773
32815617931
32948322674
32858793884
4001005604425
33038501955
1005001656726132
4001294202350
4001256418728
10000399956671
1005002413315292
1005002387150902
1005002317568145
1406088918
32616814330
1005002311805468
4000474579552
1005001718072303
4000985131621
4001273527487
1005002378083254
32868305787
32911778611
1005002016826759
32803989919
4000280044984
32959490477
4001109066787
4001136057223
1005001808989977
32914515764
32994256026
1005002458436358
32266932843
4001270504094
4000112821872
1005001364819152
4001189114571
32958841923
32998598689
1005001446605024
4001036245039
4000111200577
32989683505
1005002260598963
1005001972331662
32963833713
4000915621965
1005002460072044
32994752734
4001062578884
1005001457814071
4000584409599
32822047001
1005001887722202
32848272824
4001251842587
4001228248417
32816496751
32528294181
1005001526208795
4000576243880
32877335067
32918208814
32992349152
10000397720754
32911999405
4000177768923
32951616211
1005002304825795
4001037589545
4000105578924
1005002372303018
1005002364267717
1005002489191522
1005001823778795
32864076596
1005002314473340
32811517623
4000326991385
4001214157939
1005001695647155
4000503749344
32688906148
4000890051934
1005002460595484
1005001824129469
1005002373463117
1005001692817556
32996357231
1005002113658592
1005001558357537
4000908633506
32376847116
32811980178
1005001833787779
32961504638
32985898785
32946292141
1005001806261302
1005002318793278
32882766599