1005002098912914
1005001375132947
1005001787634582
1005002319195138
1005002275285698
4001327175434
1000008473133
32859604010
1005001437583351
33030290106
32958580481
1005002333688822
4001266843122
32861460834
1005002116415944
1005002482309620
1005002470773197
4001279963197
1005002316587867
4001247734922
4001152684138
1005001567458997
1005002266396656
32610046764
1005002186764653
4000475059426
1005001698617546
1005002393409219
1005002233100686
1005002430115285
4000955141242
1005002232675003
32962864149
32842880835
4000262801991
1005002402675188
32804159280
1005001424351035
1005002347053497
33043988923
32729524056
32839592453
33029832459
1005002380533866
32744754873
32972771176
1005001302130386
1005002314109251
4001197420573
4000192261348
1005001393484393
1005002005767391
32888236692
4001174626191
1005002384210478
1005001588029446
1005001900637595
32873413275
1005002383164262
32796744272
32919665539
4000040876580
1005001705592192
32831644611
4000008675204
1005001780456042
1005002316208823
4000073250725
1005001289832099
32329610009
1005001289803629
4000978801869
1005001315320778
32863665598
4000700808903
1005001466163321
1005002266712498
4000725525989
1005002388790528
1005002314460089
1005002237774213
1005001278193402
1005001779806815
2012345667
4001209916292
1005002241060165
1005001623774207
1005002448313667
32721737928
1005002350089093
32988995483
4000404788525
1000005356369
1005001859812681
1005002324109479
32800013981
1005002304494450
1005002439954534
1005002317849091
1005001963738257
4000093148009
1005002298487106
1005002402513759
1005001954998117
32971307159
1005001808403906
4000120721343
1005001582649118
32384139106
4000111815273
1005002325033387
4000714601491
32968356044
1005002302735435
33017134990
4001026605898
4001217104115
4000251477888
4000334789907
1005002357760320
4000196119932
4001224485217
4001212344899
1005002432243698
1005001631951613
4000764624135
33022264881
4000032467232
1005002073183248
1005001529927015
33017271872
1005001923056459
1005002477396525
1005002332130683
1005001585898681
4000199790916
1005001763356712
32287713783
1005002369698137
4000300943301
4001003273815
33031859641
33000024063
4000990856161
1005001552792254
1005001926394263
1005002492391910
1005002314312858
1005002277659182
1005001612554151
1005001525514054
1005001584621315
1005002307069348
1005002333906592
32884661102
1005002483996735
1005001860626131
1005002271999477
4001142815488
1005002110048728
1005002495631122
4000989383031
33030159473
4001032284393
4000660328280
1005001888496105
32833726615
32880468727
4000760970135
1005002328183301
32699567727
1005002073960039
4001108155175
1005002465863691
4000761556077
32951375980
4001145293338
4000850440567
1005002362547073
1005002245344568
1005002165927592
1005002430321214
1005002426286409
32868789829
32990429685
4001122878334
1005001856508383
1005002410237214
1005002346091025
32999018206
1005001793031439
1005001356104841
32791043328
4000045254817
4000008071771
4001038185024
10000360454012
1005002461572503
1005001518453610
1005001349951421
1005001678861050
4000903785384
4000365460327
32979085326
1005002407824125
4000382649407
4000563612957
4001259606772
1005002450544456
1005002120985692
1005002191949895
1005001907801954
1005002453725426
4001010103572
32995909623
1005002347584941
32831433759
32978400054
1005002413123953
4000726695560
4001114985439
1005002281094844
32774181868
1005001561238014
1005002324314046
1005002080570202
4000175509601
1005001812466475
32978713586
1005002277710794
1005001568446431
1005001970974531
4001221675559
1005002311418664
4001039969545
1005001710713350
1005002277147647
1005002341266964
1005001475594932
4000498284717
4000350181582
1005001889762395
1005001996906393
1005002301056807
1005002201043552
32833367332
4000217965830
4001341669584
32906128319
1005002238522484
1005002454366845
32961149066
32952895809
1005002284678448
4000661047825
32782005435
1005002328062802
1005001504955143
1005001617344234
1005002431292307
4000068255512
1005002398910227
32961196052
1005001762502223
1005002298973683
1005002245086202
1005002309091624
32359164001
1005001457200867
1005001977336628
32962060113
32913349564
4001028019183
1005001399005860
1005002367701134
1005002306762861
32948174034
1005002462280565
32985221733
4000316008226
32580378616
1005002388980468
1005002490434095
33053842125
4000032866079
1005002167662957
4000044125308
1005001666562246
1005002367738212
4000762430046
1005001571690621
32457598165
1005002207518654
1005002338824924
1005002313807633
4000940460083
33048668015
4000193551184
1005001935255948
1005002276998868
1005002270142870
1005002335230004
33002080203
4001280563716
4001205481150
1005001742546229
4000565977168
1005002341351115
4001112080600
4000139383853
32961059961
1005002408418404
32970658823
33009264786
4001244251596
4001238396498
1005001587283742
1005002467712540
1005002265279266
1005001873135906
1005002344230517
4000615173588
32821917238
1005002399082478
1005002314602606
1005002304465660
4001228637859
4001195595121
32513523280
1005002226514647
32962089518
33047868318
32994885857
32705915793
1005002268161332
1005002256809284
1005001882280818
33046091930
1005002341952155
1005001824958949
1005001924157772
32825609184
4001119470903
1005001927998934
32823690637
4001288670213
1005001678117234
32537382658
1005001273996922
4000701712758
10000248525342
33032147981
1005002304614381
1005002295412589
1005002378426632
1005002383537668
32648557738
10000293463949
4000330613183
32494374883
1005002306253128
4000036304930
1005002327283324
32840702146
1005002283964231
1005001891385846
1005001473995927
1005001627839105
1005002323952827
32617850257
32947755916
32796201449
1005001985378540
1005002167505578
1005001580072003
1005001757655247
32965009115
10000032406335
32983271439
1005001873346108
32403674796
4000402797640
4000932383117
1005002408914976
1005001915868849
1005001726453908
1005002074623737
32971487168
4001189164448
1005002247789410
32941195747
32976647705
4001173800591
1005001561759336
1005002328229887
4000429574898
1005002253944193
1005001482491723
1005002323948944
1005001305745122
32955260742
1005002320469029
32886286586
1005001477911822
4000868554654
4000141109285
4001149207580
1005002274250245
1005002286632157
32967604710
1005002283497366
4000626697384
32901946850
4000574333156
4001278839773
32515782143
1005001506124925
32973809037
32973225422
4001272171915
32347932759
4001163028445
1005002382614668
1005002343883968
1005002461362865
32957284713
1005002065097341
1005001668089054
4001073897689
1005002239462625
1005001458240523
32283883324
4001229817252
1005001952568670
1005002298247097
1005001762319643
1005001504313329
32910039806
4000110472013
4001259058600
4000077645265
32638927173
32886956187
1005002305070977
32922757777
1005002363859938
1005002359447856
32272247461
4000002333794
1005002423363530
1005002426706516
1005002313708223
1005002053143448
1005001981433951
32965328245
1553949384
1005001311289578
4000936416836
32839573018
1005002465453031
4000530122346
32978985987
4000017041783
1005002314243282
1005001792904667
32367399225
4001064819272
33036889543
1005002264625010
1005002307704150
1005001464946984
32983618033
1005001960198691
1005002353842666
10000395803926
32954272843
32884215845
4001054881227
32960109768
4000650580388
4000933199325
1005001507452852
1005002205486372
1005001961001045
1005001391824095
4000216838191
1005002266406300
4001248875131
1005002246739621
4000523625413
1005001456182316
32756118187
32887058238
1005002426986324
33023634844
1005001452765417
4000048542168
1005002233247451
4000296456126
32639847672
32942323720
32849399259
32988727671
4000936155861
1005001465091512
4000489909830
33040661214
1005002074756883
1005002191747423
1005001757155135
4000215617090
1005001875994179
32927682809
4000732237805
1005002375917877
32821707573
1005001423057652
1005002406321890
1005001689615898
1005002308722578
32963291718
32958167309
32898801686
1005002234691442
1005002007521660
1005002238425697
1005001775645217
1005002270986073
1005002314529049
4001191497482
1005001588608357
32884122576
4000830027602
1005002068206668
1005002370274738
32810493955
4000228210384
1005001520331690
1005001552185860
4000001739338
1005001965111200
32598982996
1005002324135486
1005001651321774
1005001792937307
4000392713719
4000115322659
1005002053837891
32903102511
4000401672294
1005002350576939
1005002232087174
1005002258644568
32888998613
1005002378744541
1005002170889027
1005002114938335
1005001341225622
32840979448
32847190861
1005001884607574
1005002315370566
4001236585899
32906298201
1005002315006827
32956501421
4000385683798
1005002250200786
32741985230
32905016607
32949848146
1005002265970203
4000835981835
4001089084722
1005002488645049
4000829913232
1005001329646008
4001017787990
1005002388887320
1005002423382404
33057109482
4001273536167
1005002248853003
33004120459
1005002388786564
1005002418571899
1005001941069392
32566246812
1005001808075706
1005001812028043
1005002366992075
4001068624062
1005002416988515
32946116522
4000925544620
4000420975352
32850713599
1005001763948522
32821377581
4001079854116
1005002073361964
33014470283
1005002061718771
4001058702922
4001242475664
32956074813
1005001576729419
10000404827267
33042277069
1005002408530344
1005001552015452
32947223147
4000877179927
1005002120408885
1005002449517799
1005002344268631
4000068114488
1005002277962974
4000419721852
4001247734653
1005001365375133
4000988649896
4000749642345
1005001494372586
1005002285846818
4001130817303
32946665764
1005002394310042
1005002111953749
1005002293614485
1005002406206180
1005001412595727
1005002238036247
1005001481488106
32421187270
4000687190839
1005001515620116
4001296018640
4000909687054
32827344452
32948356392
1005002322228102
4001262472166
1005002055486477
1005002271671947
4001234035510
4001320893578
32958218996
1005001548711873
1005001961414454
32823820545
1000008673535
1005001406863080
32950893503
4000996785703
32846832458
1005001823316173
1005001908511674
32653438403
4001217516597
1005001680477769
33001292027
1005002210887961
1005001988699382
4000314044954
4000892033144
1005001736659189
32621800242
32675487051
32989488521
1005001637920047
1005002357605483
1005002351714761
4000685132649
4000744293311
1005002293847952
1005002405873376
1005002433587851
1005001705146359
32815063392
1005001278173148
1005002247164858
1005001893574715
1005002449090699
1005001992645139
1005001515963249
1005001602686417
1005002326788289
1005002377330209
4000977800265
1300183334
4000855243026
1005001996697158
4000522443645
1005001942958313
1005002300233101
33046049406
1005002282570991
32838005978
32782208685
1005002313825540
1005001877531238
4001281369486
4000019008638
4000242685590
4001241469788
4001097765617
1005002388045693
32908233585
1005002289017726
4001219535125
32816971596
1005002097457841
4000891235102
32848171804
32804003368
1005002243737056
1005001590574098
32838279419
32795351127
4000741740293
4000636507268
10000395823600
1005001845632569
1005002092401211
32864594411
32810678407
2046254336
4001119649811
1005001343253085
1005002260236768
1005002322066769
32845429436
1005002432248468
1005002443495568
1005001650441640
1005002287973663
1005002204784073
1005002318576790
4001257397456
1005002488930035
4001130707130
1005002485294349
1005002369985541
32959438363
4001270745837
33039352154
1005001291375636
32608126366
1005002119743085
32945737486
33011419953
4001219543916
1005001873039932
1005001450326161
32826741875
4000267360481
1005002213104997
1005002109619615
32818794613
1005002042182707
1005002346851568
1005001704096037
1005001893198973
1005002316640792
4000216275868
33036938658
32850909951
1005002224178997
1005001494989815
1005001718674485
32653713686
1005001802546989
4000850290361
1005002259460520
1005002413007963
1005002462455151
1005001338516885
1005002259826791
1005002085501303
1005002288772164
32802731700
1005001680365906
1005001505589669
1005001436842807
1005001957678101
1005002313998883
1005002196973721
32921167990
32808865229
1005002318763776
1005002228668289
32830838106
1005001388800884
4001242001067
1005002410568937
1005001368831675
4000087311488
1005001966425927
1005001619829557
4000382333969
32803768513
33057968734
32643768618
1005002351722976
1005001671034291
32882079544
1005002265142879
33002533933
4000834543202
32623036297
32998249370
1005001883072793
1005001360126127
1005002011832400
1005002272356454
32846652261
33017795829
1005002377512655
4000489505529
1005002238768532
4001171917862
4001359959258
1005002254478542
1005002371688524
1005002342947119
4001268940121
1005002314355719
1005001732297922
32764596165
1005002341477831
4000138074668
32987455941
1005001773925523
32817941332
1005002369227207
32818849581
1005001738076698
1005002007369681
4000244926170
1005002387720517
4000409832257
4001022495801
4001200060604
32856160035
1005001609971786
1005001780767370
4001259639466
4000478610382
4000856263534
1005002298504767
32997472323
1005001427045741
4000318053580
1005002442765894
1005002393561031
1005002330255600
32902485932
32986652407
1005001905288157
1005002167845323
10000391138579
1005001525513061
4001257100186
32295898519
4000469945689
4001362047430
32873646673
1005002289516621
1005002104346870
4000523783512
1005002316954191
1005002393002166
1005001845196102
1005002353578716
33015978557
1005002494526722
1005001639066990
32773530860
32974661199
1005002099960801
1005002456406553
1005001464018829
4001052895893
1005002498879487
1005001699209141
32870167693
1005002489661874
1005001387218456
1005002256665698
33017666236
1005001644706023
4000227600628
4000174772283
4001131555603
1005001867329538
1005002159553322
1005002290916705
32917065810
33009870975
1005001597034027
1005001418863900
4000957663141
4001228514921
32830517522
32794047804
4001349307981
32957863182
4000979586003
1005002254476416
1005001591699980
4000988281287
32916642772
1005001607594927
4001320516706
33008531381
33033905555
33057791441
33033225460
1005002001253790
4001334844094
32832565007
1005001469424212
1005002426378226
32922418364
32907622700
4001138479241
4001085971722
32955689377
1005001934339437
32906747207
1005002252426983
4001125121676
33014578123
4001172022664
1005002206174656
1005002063555769
32886675683
1005002483047514
4001125558110
1005001817052049
4001003304233
1005001880911217
1005002356082033
4000726758709
1005001994999706
33025267907
1005002336975797
1005002313892669
1005002295796635
1005001930962032
32959519309
1005002232022822
33056252270
1005001458202279
1005002347378336
4000684924147
1005002384288785
32221688571
1005002224290957
1005002356140652
1005002254096119
4001233678643
1005002126362074
2012743675
1005001285193056
1005002164985343
1005001284824719
1005002107920250
32691218535
10000185329045
1005002260510140
1005002287472010
4000437846104
4000228015259
1005002347341570
32729666409
32842952011
1005002364212464
1005001617417470
1005001300257645
4000826588239
32955618312
32815599690
1005001878515177
1005001752283511
33054628672
32855749927
1005002314205934
1005001704156709
1005001981726511
32930913987
1005002136929399
1005002382529621
1005001689486790
32854927163
32891100989
32835660809
1005001871924766
32990848667