1005002306431625
32960174200
1005001411440845
32782658485
4001158745885
33024659388
4000392816511
32853438495
4000191786578
33020762700
1005002450571831
4001041819313
1005002377998888
1005002314543643
32620168296
33050513008
1005002239198290
1005002435532092
4001130160206
32918606726
4001094638441
10000098611692
1005002270902016
32829125057
4000528352020
1005002314303872
4000215923680
1005002368966065
1005002306031253
1005002250111652
4000784644758
32969265414
1005002232913488
4000085549399
4001346122910
32807047098
1005001797719044
32645418856
32917446346
32829178924
32681701813
1005001997523383
1005002355417961
4001222681120
4001232780396
1005001485592170
4000244826208
1005001302416206
1005001639255656
32952059014
1005001707992156
32966455948
4001310145693
1005002358566015
4000435199796
1005002378555689
1005002228235665
1005002309350754
32898365892
1005002311852129
4001283507520
1005002282348561
32810034771
33038146498
1005001657921337
1005002405673226
32887454615
1005002073913476
1005002353087977
1005002393497944
1005002278559161
1005001520912515
1005001678242695
1005001354475324
1005001713893334
1005001587883857
912252842
4001090309405
1005001277886587
1005001638566894
1005002294091487
1005001701319730
1005001873431466
1005001971391728
4001277656703
1005002322426811
32698965952
1005002448657528
1005001487178125
33053982287
32960974454
4000443662942
1005002267403479
4000729861512
1005002273432590
1005002347823229
32902720030
4001136501515
32789795555
4000677457123
1005002253330430
32813516362
4001295990308
1005001434462689
4000543412872
1945254087
1005002143488567
1005002054655454
33031867311
1005002119218281
1005002287775638
1005002282284072
1005002365186868
1005001334510534
32831945337
1005002357750059
1005002315679823
1005001872734023
1005002238453698
32833691686
4001039911323
4001325883620
4001040842943
32572129161
4000771264283
33049934069
4000250805471
1005001815724372
1005002342416448
1005002198715913
32854206533
33004263064
1696680591
4001233835685
4000378884207
1005001526885363
4000856763122
1005001806406571
32692802860
1005001418461712
4000640438435
32962465673
33058494413
1005002314459784
4000229338428
32998764851
32866243486
4001019076674
1005001540989551
32862457152
1005002098995732
32375662928
32829773243
32905163072
1005002276366395
1005001463815106
1005001499134373
1005002298500105
4001350541068
1005002409586051
1005002316204761
1005001533475553
32821553699
4000103977674
4001066440465
4001138303006
1005001734119538
33029717920
4001240132393
1005002262216169
4001232814683
1005002336858439
4000393069695
1005001450571195
32999731514
32988867343
4000151552775
32862443651
4001316524540
1005001620982854
1005002375471503
32710966320
1005001349792945
4000256144757
1005002318801012
4000146768286
1005001760066014
4001216860478
4001068220875
32840796163
1005002344573230
4000798012044
4001294573143
1005001723165372
1005002103240021
1005002332036172
32563660297
4001039368994
902564911
33043564726
1005002265446984
1005002312291572
1005002357393532
1005002272237837
1005002477556980
1005002321041819
1005001950226040
1005002267959517
4001179866829
1005002167783518
1005002378378885
32987978263
1005002334392623
1005002241662212
1005002381794967
4001164327243
1005002442326263
1005001928828948
1005002263942703
1005002190807212
32728293222
1005002284425077
1005001943078294
4000334795858
32945216781
33011711487
1005002386052957
32891693879
32889316157
33001176150
33036800250
4000495308988
1005001387482903
4001050667756
1005002317934733
32769618858
33040844672
4001237649609
1005001825394571
4000566909178
4000086191406
33036984766
1005002022568066
4001189700970
1005001731245609
1005002427616618
1005001334519392
4000456255061
1005001815732366
1005001299416725
4001361279673
4000056258976
4000498302894
1005002471318880
1005002167975146
4001154044905
4001110694664
1005001999022613
1005002432676101
1005002350777811
1005002468806090
1005001419452723
32598423073
32626676501
1005002494371823
1005002293684322
1005001273696677
4000044405244
32993124106
32997906175
1005001680411867
1005002265371411
32973954664
4000148194340
1005002382644373
1005001694640041
32909824766
1005001315439346
4000472045025
2036128314
1005001348693311
1005001717280435
4000627568746
1005002214587857
4000175903575
1005001793702015
1005001355258866
1005001383358648
4000795186801
1005001948750245
1005002224634421
1005002455080793
1005002284265030
1005001896398808
4000037213624
1005002315607919
1005002309155680
4000521934690
32895468459
4001081189596
1005002298199323
4001050322067
4001351986526
1005002440079491
32812619374
1005002033336344
32788676668
4001041116021
4000029798597
10000002735712
1005002225832066
1005001749953801
10000395839919
32964810832
32696391037
1005001671011319
1005002347703647
1005002073212850
32960117493
1005002388785204
32989426981
4001278238804
4000523580985
1005001621466257
1005001834029317
32975327785
1005002309135978
1005002449855140
4001360897216
32959488003
4001298959742
1005001593473332
33014044571
32993403992
1005002196917105
1005001809557145
32378024473
1005001839631878
1005002190470015
4001090224677
32856936145
1005002314357624
4001053641970
4000766111568
32533912615
1005001503800868
1696311507
4000874674781
32968463067
1005002275760408
4000205823304
32849244446
4001028272425
1005002337241943
4000090222869
1005002055004802
1005001795215821
1005001804112118
32898668889
1005001895048677
32776093129
1005002372287373
1005001581133106
1005002275081907
1005002314353756
1005002302396105
1005002482967243
4000910240686
1005002358541975
1005002393095860
32888039874
1005002462805940
4000970068733
4001042223588
4000703037929
1005001483294913
1707724089
4000924257082
4000262093377
33025250662
1005002457625602
4001151133546
33044479790
1005002365495283
1005001804653070
1005001630880240
1005002256260666
1005002381554097
1005002198463359
33019769602
4000342115080
4001054046063
1005001729625217
1005002316747905
33030207455
4001270811855
1005001946728097
33034177039
32703731171
33056051903
1005001830460249
32832604949
4001230881627
4001316864498
4001076245938
1005002362256872
4000957579118
4000803325646
4001292845746
33043294743
4001066761574
32915070122
1005002228597565
1005002337369338
32867601572
1005001621302349
32358526584
4000672203853
1005002397975960
1005001458597024
1005002299001305
1005001304513396
4001294585498
1005002196652613
1005002177817638
32770466870
1005002469190506
1005002270249690
33027808782
1005002362620465
1005001893314659
1005002055005344
32324373555
32870103508
32715864352
1005002310939593
1005001392462986
1005001838298868
1005002177523722
4000709794248
32838087388
32808965592
4001173332101
1005002220747644
32970544825
32800926622
1005002332067864
32664685327
4000850186989
1005002054098878
32869062132
1005001271621452
1005002417051493
4001076247420
1005002443442642
1005002038256678
1005002301549117
4000012558265
4000497908028
32958337365
1005001587249811
4000829501961
4001177016976
1005001893259727
4001224107955
32997444498
32975494013
1005002284032209
1005001743175448
1005002490054453
32823045315
1005002304511102
1005002305466422
4001269192885
1005002313946866
1005001614325815
1005002381529497
32945741894
1005002295263968
32635644756
4001270880316
4001167947344
4001036581586
1005002380931246
32884052152
1005002428046930
1005002421281579
1005002314355804
4001047764786
1005001940651234
1005001402036046
4001224770747
1005001379287779
1005001577479344
32973893094
1005001834704493
32967480012
1005001484094598
1005002310534531
1005002150101712
4000955903119
1005002386626097
33016646630
1005001493656505
4001316646394
1005002333080263
1005001579929856
4001320765523
4000133215836
1005001280133283
1005001704148632
4001002466342
1005002228027551
4000910423160
1005002106749950
4001292748873
1005002220875991
4000529526278
32681468195
1005002314429262
1005002245779195
1005001348096194
4001226507221
1005001597242965
32974238317
1005002056603545
1005002346841656
1005002395468694
1005001990685818
1005001749010349
33030625775
1797654991
32809940294
1005002289324262
4000402232570
1005001296843347
32822684864
4000960910859
1005002278995971
4000127253275
1005002307450844
1005001721844662
32993234329
1005001993748705
32803331777
4001331148529
32863215222
32797815226
1005002401375687
1005001710777591
1005002073412641
32955841389
1005002400175682
32848851786
32409780789
4000084276783
4000077486055
4001107364911
1005002297769640
1005002355546620
32972799776
1005002391360753
32916932409
32952702540
4000043114772
33013627688
1005002460180954
1005001659610790
32954013388
32814192560
1005002344235781
1005002311864290
32409352319
33022612119
4000860336274
1005002192016839
4001223404728
902564888
32696798347
4001320525719
4000885915890
33032338054
4001142070639
4001163357927
4001150648187
1005002471208875
1005001430155083
1005002009119595
1005002247429412
4000025642870
1005002252376327
1005001505542799
32274820812
1005002310613690
1005001451987506
1354080438
1005002449693867
32973848359
1005002490837105
1005002454197914
1005001627414410
1005002406184659
32926103155
32983359937
1005002314344139
1005002344213610
1005002334572218
1005002483042597
4000392203359
1005002353011161
1005002310206822
1005001388608283
1005002314963702
1005002172923951
4000785144009
32665355951
1005002310980308
1005002466466769
1005002012131169
1005001716522851
10000398195262
4000672190689
1005001953235408
32954955034
32892382387
1005002388307630
1005002086079820
4001365192443
33015108151
32827299544
4001224166984
32387111450
1005001896836296
1005002235746824
32782441494
32915880376
4001276066876
4000344528988
1005002316313218
1005002122546359
1005002322555591
4000046342759
4001084888253
32730162475
32903732726
32854645534
1005001731744720
1005001758616586
1005001943019279
1005001506581501
4000145965411
32821521260
4000278990166
1005001742369933
4000736107914
1005002110084274
1005001686075564
1005002418379544
32985306120
1005002318484772
10000027897689
1005001880267336
1005001579720832
32674377271
32707331899
1005002292743301
4001016178183
1005001427019901
4001218131420
1005001737523803
33008421020
1005002246991008
1005002435200483
1005001725532218
1005002060070174
1005001848086079
32829068150
1005001697804982
1005002264007062
1005002320966743
1005002312824409
4001211206174
1005001515526544
1005002454321101
1005002427937760
1005001502899557
1005002359497995
1005002316898299
1005002477506941
1005001814939078
4001216514927
10000203517797
1005002364818458
1005001958307963
1005002334062626
32997165989
1005001718789079
1005002310315771
4001244397648
1570576037
1005001718853606
1005001840173237
32826631242
1005001953270627
4000019631383
1005002413236747
4000235935440
1005002420713408
1005002367638548
4001163508822
1005001763427471
1005001788789602
1005001828584375
1005001838486145
1005002491860839
1005001306201448
1005002454366307
1005002205472066
1005002336826063
32852672240
1005002353707404
4001143321269
1005001631345527
32947197605
1005001868964414
32875042780
1005001645760923
4000282857025
32888743382
1005002434560162
1005001887756055
4000228182284
4000155840231
32998223131
1005002081836517
1005002439525782
32924343640
1005001835245839
32954971016
32973186493
1005001728701219
33054991398
32879969845
1005001987939487
1005002259058724
1005002447715508
1005002241429059
32980408348
1005002286595494
1005001997293410
4001271905983
4000447288893
1005002443617862
32832483122
4001062897619
1005002156697695
1005002099044882
32946201937
1005002224139995
4001114194064
1005002017457661
1005001626202972
1005002362409148
1005002319576384
1005002065510686
1005001843625039
32853588225
33002120077
1005001525968878
1005002080371938
1005001913969881
32963087671
32972692824
32972548223
32656439857
1005002400219213
1005002226297496
1005002353157349
1005002329277147
1005001341331074
1005002469025355
4000152396104
4000039023244
32955376753
32885854793
1005001808266679
1005001988641713
1005001337470384
1005002234931535
32975184953
4001114927064
32806596334
1005002066097178
32909488114
1488174307
1005002281698804
4000203001953
1005001879194039
32627395118
4000835290925
1005002026327375
4000786867498
1005002233807163
1005001908269604
4000990823526
1005002326607588
1005002465304493
1005001540921768
1005002350761918
1005001970595946
1005002033961927
1005002312247635
32905751401
1005001619332348
1005002449279499
1005002206344931
1005001909753982
1005002006420764
4000875712259
4000187472515
1005002488844621
4001198341584
1005002416712892
32983002691
1005001389484702
4001037576626
1005002373113310
32602926013
1005002293615278
33054041275
1005001419133838
1005002463889179
4001017973087
1005001708148882
4001131828681
32776362233
32756173959
32983478173
4000986471360
33031898799
32929127620
4000842663637
4000682628699
4000068255246
1005002247031558
1005002313869882
4001013810226
1005002304911379
32695954819
1005001957234460
1005001975192872
32979440411
1005002345141483
1005002425744442
32975321610
1005001436786715
32965709764
1005002312486532
4001264357068
1005001657775081
32706955686
1005001534579779
4001083993597
4000534435383
4000849374285
1005002341355023
32853345784
32856806055
1005002167106629
4000469770961
32943553651
4000235149134
4000685685400
1005001632407205
1005001668189336
4000048929603
33053310120
1005001364850407
1005001575437821
1005002330978674
4000443596424
4000944028548
32342255179
1005001593706234
1005001560898467
1005002265634398
1005001842077165
4000169234796
1005002288617473
1005002450381851
1005002224878006
32844537956
1005001302462301
1005002492316104
33062955177
33006413277
1005002433533031
1005001300689612
1005002205598585
4001144422610
4000921939302
1005002288277381
32907434717
1005002335325514
1005002314320197
32769759268
1005001577596360
32529810803
33023209250
32972643341
4001314540591
33004335817
1005002388111280
33012471398
1005001936251264
32787520442
32611480445
1005002344914012
4001094318983
1005001496893980
1005002199249825
4001247853084
1005001714493111
4000484248550
1005002442959394
32967304439
1005002412976437
1005002416797958
33061143624
4001036641259
1005001998058762
32410311039
32920164880
1005002316569514
1005001597609989
1005002467476950
4001211736528
1005001868400486
33056765597
1005002458237998
1005002289430903
1005002359400952
4000388403981
1005001889832067
1005001616861768
4001254552246
1005001552436741
1005002142982236
4001033808264
1005002384249023
4000626948947
32813643131
32902088849
4001305628955
1005002244179082
4000201677545
1005002349200189
1005002400857883
1005001793210047
1005002400505948
1005001919217783
32791086737
1005001737614840
1005001731225339
1005001910652203
1005002495916926
1005001927121789
4001089815708
32767596127
1005002382720439
32960036612
1005002296689954
32837949993
10000050306981
1005001579771619
4000960782786
1005002314393666
1005001654310646
1005001877704982
4000724045624
4000286927341
1005001603720041
1005001525484108
1005002384413084
1741304346
1005002341327506
1005001407611202
1005001692710599
4001090194297
32850096278
33055325075
4001211829339
1005002224009381
1005001351482541
32926039025
1005001470906508
1005002444461690
4001013688407
32860651263
1005002228594822