1005002309987833
1005001785856956
32890969574
32905394354
1005002221484093
1005001697851835
1005002336752630
33003473932
32879541664
32859543399
1005002167793500
1005001834730373
32972874085
1005002309581331
32972294231
33012065372
4001222533099
1005001779765804
4000570952321
1005002087673723
1005002224298350
4001040922699
1005002377940547
1005001265725509
32896649104
4000065813102
1005002321139008
33024930148
32861551880
1005002352354519
33025961955
1005001650679236
1005001286769803
32971850349
1005002006034473
1005002275973444
4000912877680
1005002482979687
32597079814
32844582329
1005002376875786
1005002282633411
33042743938
1005002363327558
32828478970
32870598689
4001085125208
4000068951538
1005002273429403
32232449710
32955160364
1005001639736243
1005001833566589
32577317196
1005002278200793
1005001611822786
4000271208281
4000804629663
1005002018619274
1005001924870237
32885738289
32812682729
10000365773610
1005001873646053
1005002067915842
4000163710982
1005001790244648
4000223793260
1005002348674035
1005002443458439
1005002366908830
32851091841
1005002328212658
1005002058320731
10000127542663
1005002381032019
1005001438856618
1005001957327745
4000858505574
1005002322013959
1005002318292195
32610436473
1005002448041659
32899626765
1005001930989187
1005002386333316
32871460702
1005001611841092
1005001622806307
1005002315779703
32844064708
32852044520
4001066130938
32773711493
4001084982355
4000209990381
1005001307412724
1005001830340451
1005002289579424
1005002315773886
32975450471
33011399267
32879968651
4001145750050
1005002218971765
32819493238
32821851530
32889519086
1005002221733093
1005002330380945
1005001615258557
32598062390
4001296745977
1005002072369799
4000026046601
1005001599186705
32701471103
32863335361
32857225369
32928191909
1005002327429496
33006825986
4000070515768
4000074740518
1005002193316909
4001332049709
1005001860790768
4001046970505
32847726919
32974956397
1005002442252618
1005002205518996
1005001678126507
32963857877
32803134367
1005002283732892
4001113011836
1005002388398858
4000002479047
33047808461
4001064550230
1005002457578427
4000271964295
32788853256
1005001804393056
4000980268710
4001317053396
32365056844
1005002144101569
4000215462002
33054610027
32663517201
4000850578409
32420541416
1005002190820762
32973397545
4000733150293
4001259917794
1005002314432254
32910935601
1005002401507525
1005001762287868
1005002133069333
32881214734
1005002133869742
32708895006
1005002239049906
4000516293803
1005001588562121
4001220166303
32890707048
10000163215412
1005001877060503
4001181414165
1005002338689890
4001022924242
32988799675
32967484769
32882560587
1005002346926312
1005002227781894
1005002490857913
1005002433639622
4001267858872
4000033749054
1005001288156127
32970731849
33020041551
1005002418430492
1005002313076040
4001062164342
1005002346642946
32999110334
1005001518354343
1005002452253164
1005001482599657
32972443408
32854384658
1005002013020902
1005002256488106
1005002394128105
4000261753906
1005001575449307
32982559941
4000282941184
1005002023075320
32853225005
4001143924428
1005001570354810
32896043978
32760494680
32919963980
4000991927043
1005001536566622
1005002314212611
32788837681
4001112485988
1005002265012522
32269535157
1005002288257655
32950131712
1005001623082696
32997954971
1005001813712783
32889065978
1550957402
1005002298726226
1005002261662186
4000785156915
1005001757189025
1005002166220836
1005001415479491
32829631423
1005002397857101
1005002461336492
32866281848
4001048386428
32917676535
32915775056
4000936120407
4000270546550
33012078567
1005001438841651
1005002258051734
4001311012004
1005002465838461
32355866974
33024796145
33063618249
32998295481
1005002448348614
1005002346654944
4001365280142
1005001518459809
1005002495830697
1005002233238516
4000899266789
4000408675368
4001051599871
32767537181
4000022020690
1005002049611467
1005001621835071
1005001495108617
1005002026405893
1005001616573817
32688103685
1005001920811619
32846392022
4000917477798
4001327504326
32671231529
33001474411
1005002276597348
32724530347
4000906183632
32869956402
32968626781
1005002380917083
1005002492171368
4000941479984
1005001398735212
32971342379
1005002314354497
1005001302669695
1005002245930564
1005002278950584
1005002264479610
1005002457104884
32741327272
1005001688485527
1005002419101107
32816469389
1005002443552314
1005001924842523
32788401484
4000130446458
1005001999141789
32968906591
1005002109734574
4001205161841
1005001721740696
1005002456742700
1005002319895679
4000551298331
33023279731
32347864811
33054472852
1005002461326085
1005001298256993
4000465960149
1005002292971568
4000857511303
4001238924572
32810268000
1005002308673608
32839248741
1005002471101894
1005002335743477
32331313676
1005002259427720
33050712366
1005002272998969
1005002347639827
1005001835434583
1005002360053812
1005001520452077
33014905497
1005002293953141
1005001912883324
1005002264662127
1005001980707168
32935187033
1005002319481592
33023354580
33056578901
32827957552
32995249970
1005002428136562
4000808455571
1005001433463501
32869514359
1005002443085803
32513899097
1005002007786026
32958608556
1005001599189106
1005002335004627
1005001763835093
32993572455
1005001882580112
4000611697860
1005001495070673
4000058366817
4001179390622
1005002001642280
32834099380
1005002276657002
1005002043909003
33044147606
1005001915123181
32830832143
1005002395634469
33006017280
1005001671466210
4000698683749
4000444521165
32965005715
1005002333313866
32952559280
1005002208514039
4000992792326
32326901212
32847752374
32810015207
1005002457580021
643597424
4000400168267
4001135418461
1005002288502986
4001255153937
1005001763213033
32969306786
1005001702607198
33039026783
33049427441
33035564194
1005002348803487
33004585415
4000342850241
1005001729664372
32977929488
1005002248714916
1005002113103647
1005001934829635
33004045598
32857054690
1005001687735305
1005001596411524
1005002311693932
1005001813457299
4001189515527
1005002256489070
1005001386348416
1005002388943985
32856012546
4001221498397
1005001797876656
1005002264398930
1005002258282568
1005002054233619
1005001700476668
1005001948013362
4000183592978
1005002330771173
1005001470456801
32958066472
4000874729001
1005001980430956
1005002233055524
32837614426
32322674644
1005002314408730
1005002175682235
32868878129
32852186281
4000803794722
32696721932
1005001694009094
4000689547083
1005002413365478
4000032362274
4000941655069
1005002002270074
32838225269
32802351488
4000038573344
1005001297614728
1005001479919847
4001265036378
1005002409050156
32467741134
4001044086616
1005002388887550
1005002384020100
1005002332972670
32668270755
32862681384
33013855773
1005002314414100
1005002275417221
33011540437
1000007385343
32978348669
1005001942791827
1005002021422978
1005002335186692
1005002282705321
1005001604445779
1005001979717817
1005001835694016
4001304556505
32950371635
1005001678318520
4001117749335
4000955425856
4001015245080
32951028141
1005002074928631
1005001929419374
32917022174
1005002454422355
1005002381582505
1005001516711571
1005001543671252
1005001452592903
1005002388333983
4000928670329
1005001860922146
1005002396704502
32975113940
757976268
1005001434228215
1005001344932973
4000195905183
1005001309447916
1005002293002420
1005002340462071
32818333790
1005002337277958
4000698755598
4000404678171
32811771769
32949586809
1005002492639509
1005002395119862
33019642521
32539324748
33049332937
4000546592689
32852258670
4000852748738
1005002314251798
1005002494567709
1005002489619336
4000238781681
4000175111307
32865721629
1005001405253322
32915627115
1005001972147546
1005002394394052
4000550188959
1005002007974497
4000087311001
32919327751
1005002274085339
33040882861
4000304838411
1005001918842282
4001003316973
4001326166894
1005001670742797
4000138848360
1005001718429687
1005002365379815
1005001505971603
1005002312173379
32881902507
1005002198485059
4001228058840
32959573776
32920684636
1005002387138161
4001320400467
1005002222104304
1005001794788048
1005001457754667
1005002360018270
4000662582386
4001225177829
33061171324
1468318533
1005001313560798
1005002340657128
1005001452081588
4001238168979
4001202867116
33057993683
1005001507536350
4000689116629
32955559545
32871243086
1005001288213076
4000047935454
32918702266
4001121451346
32834859520
1005002357204981
4000405871646
32347920652
1005002281739959
1005001274055991
1005002408427122
4000153866923
4000786868521
32843672351
4001015284217
1005002301409526
4000187034409
32933506610
33026097610
1005001804034553
1005001603995739
1005002261704500
1005002362743503
1005001374196493
32848761563
1005002482503936
1005002016649770
1005001345606078
32809708759
32956625612
4001040712396
1005002397719703
1005002234702121
1005002166759301
32882572789
1005001304331965
1005002419134181
1005002253408583
4000245249484
1005002330069157
4000602763613
4001327688862
32772123746
1005002371682916
32982766942
1005001441499121
1005001602325169
4000147677460
4001297349286
4000726686829
1005002017146365
1005002147245688
1424111182
1005001505418892
4000032009976
1005001765137392
32948334144
4000169180135
32553269037
32887822481
1005002265219208
1005002272446217
4001041977686
32681147250
1005001320291346
1005002454423990
1005001902784417
1005002045766030
33048328318
1005001511257142
1005001705252281
1005001307486754
1005002444226316
4001257135718
1005002496088615
1005001665359948
4001063054224
1005001325891812
32804947409
4000034013973
1005001803433312
32876089596
4000738624731
1005002441876397
1005002187132846
32990034251
32637840095
32812171181
4000857919001
4000891685558
1005002332881962
1005002475443909
1005001310689135
1005001515898400
1005001482020301
1005002301576688
33056890607
32852276675
1000007438923
1005001481650250
32854680317
1005002370451517
1005002339321873
4000335979220
1005002101189255
1005001528888889
32871710056
4001156596382
1005001326270235
32838276815
1005002327851963
4000710992058
1005002006312073
1005002264444010
32913624837
1005002089300942
32998863349
4000727260721
1714657646
1005001840751260
33014623714
1005002304772358
4000834497542
32832753864
4001067222860
4000242794915
4000173335456
1005002315323402
4001202762423
4000055449015
1005002492091862
32965289196
32665943662
32851467731
4000665996094
1005001871850441
1005002383232889
4001143052581
32451619205
1005002311417575
1005001453675975
4000641364940
1005002286784272
32722663521
4001160257564
4000964974216
1005002323999945
33026003291
4000648811603
1005001748517139
1005002255857866
1005001413292591
1005002367925000
1005002286212279
33038065843
4000789160622
1005001761567940
1005002353546804
4001162131071
1005002068279425
1005002235575422
1005002035945555
1005001849221105
32953844540
1005001616043543
1005001494174804
4000834428181
4000816855351
1005001889881705
1005002452035861
1005001923591562
1005001966786634
4000599360111
32860698272
1005001631828652
32793826692
4000452221124
4000930090601
1005002324773767
1005001989738391
1005001453773619
32945064898
1005002349656303
1005002377086941
1005002427405829
4001264691961
4000956026555
1005002025039591
1005002368782901
4000593861051
4000541967020
32391457973
1005002238021737
1005002490219739
4001228637211
1005001421013981
1005002473276044
1005002275356346
1005001779636201
4001162132444
1005001433943964
4000986277644
4000858952005
33011336446
1005001934595200
1005002006675522
1005002381597456
32914721904
1005001651481726
1005001871858843
1005001672120551
1005002238582912
1005002357042920
1506287847
1005002467782422
32450964711
1005002300183118
1005001843440428
1005002326916156
4001010464489
1005002464867758
1005001437175859
32963591817
4001121855333
1005002112470235
32870147038
33055609929
1005001627329494
33044563055
1005001488909015
1005001466198883
32968781952
4000177839710
1005001631477139
1005002198614157
4001225988447
32904877067
1005002441201199
4001150307009
4000690713168
1005001489732696
1005002363646000
32968521531
1005001979376508
4000132727331
1005002198502950
1005001734352862
1005001565068417
4001308065419
1005002389515023
10000003215505
1005002254902138
1005002411349520
1005002417945629
1005002391467078
1005001780721371
1005002339577610
1005002271361721
33005921788
4001278837738
1005002369400086
1005001715617709
1005002311903611
1005001346495057
32967330153
1005002329869026
4001267253391
1005002467292120
32728372132
1005001667303054
1005002492038479
32991885852
32741601286
32828324511
4001212873892
32818784223
10000027343000
1005001788758757
1005001452319729
1005001565238021
4000146008548
32998370818
4000917684168
4000412222540
1005002416935958
1005001704942942
32818036269
4001312936917
1005002481541842
1005001273699081
4000307629977
32855745683
1005002345821469
32956418744
1005002016785834
4001260822535
1005001317291785
32826674382
4000837415758
4000003598972
4000174473192
32972324033
33058514357
32857892124
1005002368044533
1005002275945463
4001280293264
1005002290963643
1005001402956682
1005001783492050
1005002125119201
32889553443
1005002252422797
32968038838
32835702204
32960342910
1005001723069176
1005001561981695
1005002469298662
4000837540799
32790895847
32856377497
4000990611536
1005002363270006
32836323510
1005002259207384
1005001817802658
4000796214674
4001252153940
1005002039049355
1005002496795551
1005002057383443
32850459817
1005002476873859
1005002179699078
1005001575263986
32835385537
32793235264
1005001599241822
33026901926
1005001612555256
1005001950381067
1005001526115125
32801364801
1005002450470966
1005002048608549
32951641959
32973912078
1005001891118683
1005002304400648
1005002082080643
1005002273201190
1005002294222507
1005001957429316
32965042909
32760612320
1005001942581244
4000933824901
1005001392294713
1005001465972670
33010845927
32628427048
4001111811812
4000489839805
1005002341762170
32700294072
1005002458060577
32851953215
4001180292467
1005001680058776
32895605613
1005002316726700
1005002262348302
1005001853890614
1005002253661913
1005001736773387
32835773225
1005002213563746
1005002038128627
1005002459851711
4001314481682
1005002367100051
1005002344691360
1005002485061489
4001150974409
32982712342
32988429520
32377687672
1005002258233966
32821929652
1005001995016713
1005001575434490
1005002294347526
4000084005461
1005002102097385
1005001287424515
1005002053809335
4000709060688
1005001792143856
4001118312025
1005001956968890
4000340567160
1005001549866381
4001228489855
1005002454443157
1005002395454050
33055774994
1812841140
4000727813098
1005002348284873
1005001804550992
1005002449201930
1005002396989931
4000148922910
1005002266399827
1005002406872731
1005002438622857
4001159606913
1005002355677504
4000727492941
32966990801
1005001997774534
4000211155532
1005001834095312
1005002009591195
1005002398726121
32931013152
4001180220355
32901774539
4000866755258
4001365638745
4001056871541
32957791381
4001300118191
32951500760
1005002313473051
1005002281823751
1005001495064272
4000818166323
33003559575
32960670221
1005002314241566
32828040335
1005001895430908
32970307188
32920932542
1005001510933818