1005002359829266
32985714549
4000083507334
32563584415
1005002397779729
1005001721062662
33030268842
32967502605
1005001351840779
1005002473064973
32919067025
1005001649751514
33015068362
32950746538
1005002465500600
32838315389
1005001564717831
32956487949
4000023329682
1005002138424622
1005001678889329
1005002253424057
4000940102006
32888359118
1005002004947083
1005002359132188
32810962977
1005001309038574
4001064904695
1005002395635221
32470043813
4000880289207
1005002167773474
1958203485
1005002389193377
33041551838
4000479105027
32906463584
1005001675126274
32997962732
4001251012532
1005002171543387
4000032691207
4000010928502
4001228664636
1005002391126003
1005002387567332
4001232124558
32858520517
1005002448390497
1005001573744840
1005002425265213
4001092172269
1005002413472089
4000001500548
4001011146816
32812562581
1005001913928974
4001115352169
32826462852
32377021087
4000603145939
1005001406693320
4000593093123
32647135747
1005002126516955
1005001768411905
4000582699919
1005002382622475
4000129141141
1005002447708584
1005002254438900
1005002177710956
1005002056057558
4000474843347
4000197863488
2055060364
1005001329713581
1005002070779013
1005002304976424
1005001923247867
10000362559569
4000894360846
1005002328337707
1005002376019063
32607448964
1005001758834434
1005002307484673
32290854683
32797401429
1005002427912149
32595538356
32891076506
4000885098776
32853299180
32897781138
1005001627807855
1005002373426888
4001171065897
1005002240906091
1005001425447413
32870854962
32991247624
1005002245301341
1005002476590957
33062743317
1005001307237323
1005001416945922
4001350126455
1005002400205962
33034616246
1005002500477803
32995499317
1005001379859081
1005002395476163
1005001571949774
32882669575
32497294803
1005001851627310
1005002240478175
4000781974995
1005002319815750
1005001781300815
33044602899
1005002311384949
1005002100424195
32856030340
32801208103
32388975784
1005002357655687
1005001736795219
4001276007928
1005002337887585
32994855501
1005002364613027
1005002347180622
1005001641469256
32968498742
4001277798216
1005001697726296
1005002383086704
32796492754
1005002253328992
1005001441403522
32849136322
32962144454
4001061978631
4000538164758
32829295731
32973575728
1005002264475003
1005002284189157
4000543978733
1005001581521073
32977498296
10000348945176
1005002359434770
32921875461
1005001643903749
32947717612
1005001890680968
4001128230778
1005002259557047
1005001525362995
1005001692365576
4001275683591
1005001868652767
1005001961527677
33004813300
4000049531615
1005002241491317
4000168757301
1005002480286574
32852496933
32804033470
640514569
4000310467400
1005001567158410
1005002489199910
1005001733095767
10000212286311
1005001927397299
32832486250
32990432038
32882356816
4000795008684
32695337891
32990248530
32949149610
32560705005
1005002448604775
4000405053365
4000544435707
32879292892
4000734166944
1005002114936906
4001289798460
1005001949404171
1005002395864855
1005002027356398
4000335041011
4000850671493
1005002313755651
32950344716
1005002334955725
32985249291
32832804744
4000597862620
4000177397729
1005002370112234
33028598871
32919402936
32957370291
1005002091691200
1005002211389994
4000989649355
1005002454272801
32794826798
1005002080800583
4000551777897
32837312437
1005002496193838
32781178021
544978237
1005001670941094
1005001518469008
1005002317229328
2045927020
1005002339365856
32807087351
32918197253
1005001568573223
1005002270238493
33038586530
4000897366643
1005001557958858
1005002401238551
4001304669567
4001055984983
1005002383288713
1005002116543109
10000005629866
1005001319445577
32996574324
4000264475696
4001218259702
1005001718530955
4000811208274
1005002375206757
32813591638
1005002467731552
1005001704392118
1005002225222589
1005001748559158
33010421451
1005001608595535
32791622768
32959429092
33023269272
32870450929
1005002435174143
1005002454284429
1005001409012731
32916994344
1005002330475756
4001053175332
4001063699752
1005002038738438
1005002000084433
1005001714814131
1005002321239618
1005002476347685
32693463530
4000755368580
1005002395571135
1005001670919251
1005002318225632
1005001678103514
32816151925
1005002357656937
4000387725195
4000959631975
1005002268288277
1005002319166403
1005001965940279
4000093478288
4001310813514
1005001437565396
4000773235990
1005002399832779
33040752052
4000829582014
4000849775992
1005001266958965
1005001558320248
4001024570940
32993299206
1005002427369723
1005002286993386
1005002264816000
4001200272201
1005001287234386
10000089001685
1005002346617261
4001294216143
1005002448629351
1005002265501121
32608091165
4000556785553
4000372443519
4000957662141
32856799560
32843858251
32921116954
32947375685
4001226112964
33015729421
1005002481025050
1005001382381260
4001224644023
1005001858452723
32821243431
1005001988601856
4000159914301
1005002414617661
4000248252578
1005002340022977
4000989200502
4001227346876
1005002316332543
10000397751033
1005002338967846
32949756747
1005001918462745
1005002439708406
1005002381196865
1005001362598541
32988552200
33005744194
32812851117
32843785281
1005002380583114
1005001891622360
1005002293996518
1005002179963218
1005001289470745
1005002322215769
4001105633108
1993796607
1005001553691486
32892677412
1005001849465436
1005002474119037
1005001859490674
1005002334895062
1005002341427358
1005002293936706
1005001351682768
32770304150
1005002040620042
32965737936
32917527605
32957995971
32966987973
32865671282
33008054286
4001073280603
32840357212
32883832280
1005001942839879
32947249920
4001160649885
1005001510729244
1005001893253490
4000127275281
1005002393787706
1005001492983200
1005002319081987
4000528577731
1005001269503878
32527960682
1005002338788252
1005001525485138
1005002363285069
1005002239939474
32963889806
1005001438829939
1005001330147355
1005002002285746
4001009464458
1005002473638128
32879358783
4000086537226
4000014852700
4000272424005
32932900125
32813325586
4001213948994
1005001666220334
32919052491
4000923759147
1005002287949105
4000670190888
1005001798715092
4000558906348
1005002344843887
1005001687233699
1005001539660175
32625767500
32991466942
1005001986022952
4000614122528
1005002439177761
1005002381471158
1005001302879980
1005002326767701
32951427808
32976490816
32995334310
1005001889496136
32876183804
4000987396525
1005001620793986
1005001385554144
33005943195
4001275896222
32971782020
1005001472245033
1005002310317743
1005002263820328
32799912459
32957858818
1005002265130801
1005001942921648
4000132918697
32974260501
1005001368492329
32996286525
33056119928
4001044838891
1583229585
1005001999724743
4001304832664
1005001417008894
10000399960813
32858812543
1005002478704683
32957096000
32417148132
32599111577
1005001893758032
32946676025
4000562082566
4001302940193
1005002002377958
1005001838167601
1005001592549219
32994002070
1005002351703180
1005001826597757
33009046630
1005002190158162
4001217273965
4000746062446
4000304808967
1005001474647799
32915865213
4000972818709
1005001885322814
32973275797
4000314280468
1005001802149901
1005002369491179
1005001965492111
4001231459697
33023313167
1005002488991836
32904691253
1005002186058196
32809901619
32876431261
4001039264495
1005002084020041
32976060700
1005001598183270
32808565047
1005002221657228
1005001671172853
32868412526
1005001946159555
1005002100088445
33026922475
32885152983
1005001806498896
1005002294207444
1005001432446835
4000364038640
1005001813624605
32897756664
4000902308216
32823147906
1005002119152516
1005002272378425
1005002404505790
10000203617019
1005001822202493
1005002450504151
1005001515765840
906870803
32922160335
1005002284650155
4001109903834
32933698416
4000672630378
1005002192334111
4001345276891
4001058862587
4001113564464
1005001327264321
4000672917189
1005001493371980
1005002441120052
1005001915289194
32925763309
4000695436564
1005002354053364
1005002352801589
1005001580242892
4000515704111
1005002120343960
32218815846
1005002453385602
4000305772083
32965045729
1005001604448839
4000241651663
4000579730352
33019656932
1005001333389809
1005002293373869
4000123652261
33019310721
1005001349146909
4000973306125
1005002314834285
32892479882
4000099966513
1005001445047605
1005002383909684
1005001617090506
1005002359023825
1005001501086557
1005002475780163
4000764316029
33017771446
4000767311992
4000498466947
1005002357600176
1005001762835722
1005002454290280
4001076086415
4000458557747
4000817421153
1005002394110573
1005002314371602
1005001998981635
4000504794191
4001185121847
4000631548240
4000020261133
32398966418
32975827582
4000723507415
1005002305698626
1005002492175186
32843324537
1005002323365495
1005001593273896
1005001382630698
1005002308953609
1005002472385262
1005002483448300
1005001936537157
1005002014360049
1005002314811854
1005002237480618
1005001525351995
4001273438985
1005002363324663
4001317312242
1005002334161733
32972892614
1005002198796107
1005002289603658
1005002418553468
1005002421452426
4001267186872
1005002404124951
32841822567
1005002312433631
1005002375704025
32904906655
32719687776
10000402349210
4000755000983
1005001469022851
4000876873175
1005002171807371
32804060954
4000936438395
32281806651
1005001703316143
32828321313
1005002275451893
1005002311229824
32294450910
1005002438680826
1005002082462386
32918801288
4001333261504
4001200215354
4000397503733
1005001976929952
4000843629041
4001204904903
1005001529627933
4001355730050
32747246702
32956136438
4001226163642
4000904145836
32462246292
1005002142890482
4000177024920
32861123896
32637429767
1005001296518564
32917797751
1005002422090874
32568999182
4000863062986
4001320585227
1005001783037945
4000311367811
4000479277038
1005002264571906
4001167815808
1005002127483297
1005002489912334
1005002362496774
1005001813196726
33024746159
4000679869934
32969036880
32898478439
33006878383
4000382228679
4001085184046
33057022332
32678433159
33049307505
1005002014808911
4001251890104
32879975861
1005001450517058
4001147319717
1005002477768686
1005001530600777
32816497165
32974724431
4000140869283
1005001920318240
32841705551
4000318450734
1005002408371569
1005002454305340
1005001837624813
4001238962814
33006634731
1005002221122439
1005001772544268
4001200442837
32883503621
1005002434617102
1005002055640613
1005002347657395
32905458001
1005001994312482
1005001525369771
4001132589111
1005002336844122
1005001376075138
1005002355965407
32994910627
4000913315154
1005001814356808
1005001867517245
32566881572
1005002420457941
32703469712
4000052716407
1005001565559017
1005002462156635
4000484064186
4001203673193
1005002288066239
32800810763
4000666085678
32908765825
4000412278199
1005001546353812
33013233871
1005002387274394
32965995776
1005001343234156
4000960545894
4000410891247
32839234632
4001227880916
1005001343019895
1005001774394154
32838728651
1005002323597240
1005002233157547
1005002351668954
32860534741
33010068239
1005002345887736
32958892898
1005001577436390
4001153935062
1005002379708082
4000054511721
1005002454637212
1005002454230782
32825346105
1005002172304250
32903360285
1005001619531342
4001351754760
1005001441365362
32993621111
1005002399631302
1005001926457385
1005001793062795
32889499765
32664117014
1005002319100365
1005002139939106
1005001484259135
1005002228281368
4001045247058
4001119519220
4000191590005
32800988161
1005002316136400
32913115240
1005002269307148
4001001260181
32753021684
1005002323075511
1005001625259345
4001268259892
4001228107777
1005002115337717
4001216213736
1005001709530339
32890427489
1005002443305307
1005001682928818
1005001856982263
4000029658039
1005001840775597
4000256356677
1005001431810207
33006179122
4000594797189
1005002480953560
32861773401
4000173572665
4000089226968
33010428784
32785937889
1005002219299339
4001218897598
4000988232705
4001230319774
1005002333452561
1005002454439178
1005002456796300
32819296388
1005001670738882
1005001303946989
1005001689840766
1005002333555326
1005001526022679
4000056157169
1005002271510912
4000731469212
1005001389104081
1005002497305235
1005002384026873
4000989611088
33060838086
4000551295670
4000601931212
4000661077372
4000005533088
1005001833357457
1005001556148227
1005001593066433
32274382947
33006130469
4001270915434
1730726419
1005001592826513
1005001694996738
4001359498990
1005001705570764
1005002401635601
1005001763984407
4001090149497
4000986116910
1005002317993450
1005001460007250
1005002308123471
33005883363
33057536397
1005001946647889
4001220932472
32834395965
1005001850274517
1005001686111334
1005002495852891
33058840218
1005002475374106
1005001492814324
1005002324092365
4000743544384
1005001406578633
4000670214155
4000044825654
1005002007248092
4001316617480
1005002395848765
4001114079483
1005002474396934
32999035681
1005001749727959
1005002377100057
1005001786480044
32846283093
1005001721915915
4000448743723
4000011194207
1005002462532638
1005002339424407
1005002463446301
1005001488391300
1005001821838245
1005002039242230
4000641004607
10000031115256
1005002364112373
4000202052264
1005002428082320
32842444009
33005757472
1005002291567385
4000960224257
4001107475787
4001054071337
4000202048126
1005002222141098
1005002246681619
4001221821960
1005001450993261
4001122767454
1005002371917272
1005001693591491
32908749265
32968977609
32840773347
32980614703
1005002357682381
4000073596886
1005001716595696
4001221064421
4000322514132
4001102885376
1005002417239971
1005001869381522
1005001786733603
4001172107791
1005001873696670
1005002337175624
4001278974912
2055037900
32986109470
32958397335
1005002206178737
32919471051
4001295246573
1005001506269725
1005002043397002
1005002167029843
32852012696
1005002413434363
1005001266883528
1005001779207499
1005002245132730
1005001694054685
4001110334301
32657368827
32423135354
4001270256969
4000292375658
4000349273608
4001101484445
1005001653965154
33008549568
4000116863114
1005001456657253
1005002334933742
1005001823440663
32850054783
32473740004
4001127479503
1005002392420086
4000723361900
32799696658
10000384983412
33044021521
1005002392550266
32976178407
1005002317502355
1005001483498164
1005001855047000
32604972547
4001359752244
32949879483
1005002500048488
1005002314281632
1005001287627612
1005002441537027
1005001413246696
1005002268771154
1005001897384858
1005002325223640
32909818097
1005002241205042
1005002143046861
1005002217190312
1005001908654446
1005002331842952
1005001849337330
1005001657594779
4000297377411
1005001979960722
4001270841691
1005002280887617
32696228236
32911361661
32748912192
4001148213672
4000800566881
1005001319572194
1005002265007624
32917813576
1005002367614925
1005002347629157
32891452791
1005001698581049
33039248997
4000170521287
4000423858340
1005002311461866
1005002265348921
1005002469164152
1005001299107406
4001153814940
32234234739
1005002443710605
32927681969
32807054983
1005001854952579
4000122660582
1005001617485596
1005001475148742
1005002033607134
32884498304
32815622424
4000935628434
1005002467456094
32954088667
32834645124
1005001468262875
1005001465944714
4000178350628
4000853388704