1005002361509666
1005001569596661
32842805862
1005002315401410
4001313880128
1005001763816349
32971150857
1005001355549494
4001224244566
32799640782
4000304983879
1005002050984432
1005002435731968
1005002018944619
4000934897886
4000811525660
32565162527
32840323420
1005002279022285
4000740503230
4000850583491
4001058001682
1005002181226768
1005001880161239
1005002342012719
4000512296117
1005002339509106
1005002359904205
33063026286
4000996446226
1005001419750336
4000929785691
1005001585785252
1005002225674583
1005001841247681
1005002460879940
32902447546
1005001762484413
1005002386881637
1005001438858267
4001296594382
32854151251
1005002494434991
4000210050221
32793954205
1005002373255494
32670923435
1005001659322670
1005001582865113
4001052761405
1005002342951681
1005002465697008
4001263571749
4000562859541
1005002199342497
1005002298926603
1005002336695298
1005002331950462
1005001652116336
32953685259
4000424309180
1005002500450625
1005001695445475
1005002071759063
1005001461016530
4000456805094
4000242467687
33057696397
4000204036806
1005002276349123
1005002248989227
1005001617597301
32339600594
1005002449372550
1000008359699
32855477744
32952163752
1005002268232551
1005002315409263
4001221229281
1005002460652761
1005002242687538
32810151038
32989770362
4001031318577
4001115142847
1005001724021726
4001072138045
4001308010037
4000505169260
4001350843023
1005002395328423
10000274490766
1005002185417069
33046735772
1005001958865778
1005001943769569
32749501233
32849792184
1005002368335408
1005002311474493
32860005640
33054182638
1005001631371480
32326973242
33011754994
1005002329045373
4001257824907
1005002314693076
4000767623367
1005001304539508
1005002442066039
4001217375062
1005002341385029
32931213107
1005001525351538
32333742141
4000092604702
1005001634750731
1005002454507224
32920931922
1005002348264949
33018100936
4000404510001
33048255862
1005002317869748
1005001525109307
4001162199898
4001105235277
32880946125
32938543780
33001184421
1005002219389305
4000589503530
4000782094639
1005001504561491
4001308836312
32878425036
1005001447272318
32889019272
4001208035147
1005002277946516
4000742557314
1005001477773891
32976490724
1005002170859327
1005001446219088
1005001604040284
4000767466107
1569516684
32898806457
1005001942838343
32823833589
4001190587810
4000079338814
1005001698558111
32694357343
1005002435137294
1005002307236356
1005002278417213
4001355071067
1005002381032655
32976463957
1005002264311848
1000007822503
4001066057727
1005002096124631
1005002418935410
1005002292054557
32863077715
1005002239084874
1005002082205861
1000004898554
1005002220109091
32991845697
1005002265021075
4000320785212
4000127980473
32837804328
4001093401698
4000664034250
1005002325067540
4001111761501
4000782530756
1005001275010169
1005002302432895
4001038793881
32812742993
4000996506047
32920891861
1005002315903492
32348644879
4000511105979
32966863998
4001202696782
1005002482995401
32858992421
32844270014
32773307331
32983072803
1005001626273668
32986980098
1005002309886492
1005001922202093
4000893178692
1005001738115635
1005002281881455
32978109602
4000820111388
1005001709877221
33019624839
1005001934414416
1005002432768147
1005002213019399
1005002052549615
32966700444
32904403185
32968491938
4000230993739
32857617226
1005002287762909
32855695144
32991283718
1005001805922401
1005002258680733
4000402929652
33029806306
4001103956161
33041959100
4001127040834
1005002314297890
1005002065541469
4000781308068
1005001530286356
4000546602496
33045737998
1005001555117195
4000215426775
1005001614496878
1005002315489729
1005002332744097
1005002467721407
1005001351134257
1005002328533534
33019020115
32676318519
4001316130709
1005002468595759
33059969997
32948162785
32896848201
1005001300216855
4000512190374
4000843007205
4000841855325
1005001850773315
4000085498881
1005002049541317
1005001695443496
33005536306
32788530323
4000195668201
1005001566258861
4000902627891
1005002196854722
1005001381966150
1005002451761941
1005002202002291
4001283331876
1005001621370627
4001268800902
1005001469987452
1005002265373538
4001218605024
1005002314189497
4000501973448
4001288977467
32884873943
1005002344170682
1005001826104909
1005002408429236
1005002406587332
1005002291605690
1005002312642319
32858032915
4001093946591
32977550053
32571000914
32819816491
1005001877169489
4000711528885
1005002291366936
32793941542
32965280618
1005002033300294
1005001455957772
4000144659019
32720892711
1005002359838545
1005002212399701
4000262792656
1005001462810206
32272100567
1005002234071679
1005002491306489
4000311637299
33032735716
1005002064960109
32979769164
4000430212052
4000571807423
32843206252
1005002289121127
1005001713874847
4000548945025
1005002287767368
1005001880864289
4000941387646
1005002122358698
1005001669647491
32952825584
1005002482494441
4000929589755
32997878093
4001117074524
1005001572576496
4000983533650
1005001943502911
1005002211285615
1005002419960334
32875903497
32978827421
32892442711
32584223617
32710497259
4001092168975
32957788193
32391475670
1005002057072722
10000383874766
1005001560822172
1005002413027938
1005001995359556
1005002465172670
4001018865104
4001142261530
32779208017
1005001656795910
1005002310859180
1005002254034179
4000618356836
32630483509
1005002062013658
1005001741635404
4000203291565
1005001874001838
1005001775410879
1005002003689098
1005002450381663
1005001882655410
33028501660
1005001773370513
1005002425989750
4000954702585
1005002388565405
32317559968
1005002447075060
4000076767468
4001034367677
4000388108072
10000059552792
1005002247095296
4000166628557
4001031783724
1005002317653962
4001321804205
32984935925
4000849864751
32704262189
4001159454060
4000560621296
1005002355503117
33042570047
4000252643175
10000401548257
1005001713334226
32584140676
32806367778
1005002315379667
4000704970769
4001149470347
32733732896
4001276516222
1005001542937619
1005002192941669
4001242523412
1005002467446097
32831676152
4001245659776
1005001563172217
32832654836
1005001652229185
32950357829
4001043145678
32880893538
32720117028
1005001803832375
4000957301377
32942260506
1005001664989583
4001260383040
10000127411903
32802891921
1005001670686282
1005002345063075
1005001484441509
4000907322060
1005002444942947
1005001921268679
1005002356888925
1005001908628008
1005001551207590
32250344437
33012346537
1005002433070556
1005002392570019
32608774674
1005002490803511
32888256112
1005002474801850
32885106207
32323647797
1005002191586290
1005001527103856
4001144139344
32884813095
32825150250
4000408034326
4001070649602
1005002207874898
4001275414245
1005002239422366
1005001848096394
1005001670531814
32952475300
32921515150
32865763586
32967904708
4000898813265
33044102812
1005001700719375
1005001790671244
1005001488478345
1005001948023126
33028773721
1005002032179265
32888303864
4001350960311
32822093947
32715269738
1005001855000904
32949779180
1005002338057892
1005002081188032
4001010391019
1005001652712830
1005002333273755
1005002444658732
1005002333958376
1005002420190643
1005001894478834
32956107561
1005002475402321
1005002430579747
32882105628
32851494956
1000004614077
32827586249
4000902154212
4001093392244
32957817504
1005002481076995
4000937379993
4000245182553
32888682329
1005002485267667
1005002478552742
33022704393
1005001544636468
1005001751963487
1005001487429926
1005001778706922
4001250807169
1005002033265489
1005002459486138
32888396678
1005001437046519
4000317826709
32812206573
33024582003
2036876054
4000622170370
32965272784
32921103636
1005001615150138
1005002082700523
1005002314421102
4001287789314
4001167825647
33006160373
4001267574215
4000090449019
1005002299427154
1005002284133689
1005001411942191
1005002449508349
4000705137327
4000494658996
1005001522291084
32848368441
4001086645107
1005001737996466
1005001682267867
1005001496036826
1005002319075971
1005001265049087
33038644689
32896894207
1005002368553013
32967894791
1005002401128772
33012421732
4001230208513
1005002264943968
1005001868484122
4000666020091
1005001658332320
4000430728888
4000661069438
32351974422
1005001965925888
1005001326608900
4000539526699
1005001333148506
1005002310449455
1005001677463878
32904430414
1005002377187041
1005002317273911
1005001901013323
1005001368012263
32904609903
1005002277612311
4001236908734
32950043811
32895885613
4001252209823
33008410383
32715069099
1005002295253743
1005001355295193
33002383851
1005002314406187
1005002165697692
32995937229
4000450654636
1005001817782791
32896936494
4001167515980
1005001878726619
1005002374721398
32892111038
1005002419491179
32864165849
1005002243954579
33045255643
32961707084
33025427474
1005002492213660
1005002390407110
1005002362671317
1005002377016012
32986683753
1005001982201194
32802518266
1005002140153665
1005001285070224
1005001287436378
33027831497
1005002466279930
1005001789460116
1005001302491960
4000545760884
1005001472811846
1005002484189859
32865235233
1005002485863652
32896963198
4001313815452
1005002341380955
1005002030778082
1005002443110311
1005002369284195
4000328209066
32597252773
1005002350792537
1005001720986405
32913301761
32840167860
1005002353427030
33032803821
1005001566388344
32945817239
32957536793
32782744853
4000311901378
1005001901347705
1005001473799976
1005001817092048
1005002282016466
4001190052206
4000955033540
1005002252467687
32919616079
1005002220334101
4000126225007
1318166627
1005002281030686
1005002205769903
1005001947857733
1005002293119313
1005001506525086
1005001835377756
4001160332095
1005001501451808
4000571107350
4000114556926
1005001578847271
1005001561230963
32964388689
33027734111
32951518918
1005001594162767
4000663998171
1005001469967993
4000891662038
1005002289213670
1005002433601977
4001114485796
4001050056670
1005002258161080
1005001473995038
32918523107
1005002283220497
1005002234415048
1005001543762551
4000546516649
1005002400642269
4000266519388
4000057564136
32804556437
32822336148
1005001537906718
32968831495
1005002250388848
1005002421150312
32842949116
4000345207063
1005002468499810
1005002330781040
4000932645798
1005002271089688
1005001907704850
1005002233966113
1005002186310914
1005001593503549
4001166175669
32811859796
1005001650590125
1005002454198459
32966068491
1005002122313764
4001235589557
1005002277509245
1005001316736667
1005001495167888
32888887469
4000864052590
1005001303282112
1005001859337865
1005001572077919
32915056792
1005001882664469
32878548728
1005002099804092
4000479475476
4000099549445
1005002285873883
32972721908
33004339785
4001032304226
1005002356507415
32965133844
1005002240195668
1005002133922058
1005001413921993
1005002225338414
1005001775664798
1005002405181082
4001294144475
32962722519
33036288403
1005001615908998
1005002051993633
4000571108877
1005002322844741
1005002356226824
32984746340
32917550731
1005002427335718
32689049913
1005002122486118
4001075222120
1005002008183219
1005002485563935
4000155580287
1005002112213348
1005002462763662
4000705769730
1005001878483378
1005002177386811
4000808119985
1005001349346516
4001167940367
32450082486
1005001807236955
4000129838524
1005001823483185
32748781107
33021856718
4000626110605
1005001832048253
4001011748250
1005001447918316
4000169617134
32871878598
4001159078720
1005002451118907
1005001354137228
1005002392944179
4000302746579
1005001883905804
1005002281033008
4000484316564
32995388050
1005002264523751
1005002300149665
4001103502125
32761136749
1005001397223140
4000546649352
1005002392570664
32850773602
32888514293
32878297204
1005001943378807
4000928334646
1005002262951315
33031884139
1005002295275248
1005002304043567
1005001954781020
1005002241170347
1005002348526932
1005002361116664
1005001264765249
1005002271658677
4001243096069
4000180830200
32801999679
4000983363149
1005002316385476
32789504564
32666545256
1005002312052707
1005002218038124
1000006812400
1421870550
10000395855930
1005001504472064
33060108185
1005001625004380
32918767914
1005002350832806
1005001824727167
4000085501357
1005002260084849
1005002322596372
32820281390
33036613934
4000726551490
32838969634
4001235461953
1005002307893566
1005001463886154
1005001965411632
1005002319083671
1005001325020251
1005002487831241
32817985102
4000319035302
1005001602586018
4001066469788
1005001687722559
32720564267
32988734046
32960556822
4000039529544
4001205211270
4000047481219
4000031730096
1005001704807878
4000682703497
4001283671409
33027136341
1005002034391252
4000938959151
4001230281890
1000006068258
1005002373309963
1005002341454554
1005001643605501
1005002176067723
4000745118843
1005001365483082
32958622858
33059858493
4000785177111
32297336043
1005002309716597
1005002292923924
1005002002795037
1005001606070249
32963596441
4000656350073
4001098451022
1005002258998837
1005002334581011
32961867675
1005001515510289
1005002064107358
1005001604666667
4001278852576
1005001346230140
32811033289
1005002320848087
1005002323290921
1005002233554407
1005002418258240
32467263684
1005001572764773
1005001868567314
4001231554492
1005001771853989
1005001437554803
1005001881066347
1005001483529718
4001078650399
4000183041107
1005001264945325
4000462446721
4000171721185
1005002351898892
33010078233
1005001940923667
32771706515
1005001670197812
32990531245
4000593741462
32885127560
4000474782038
1005001694588763
4000098947615
33010240531
33017909167
32821126709
4000756782631
1005002395452341
1005001888563343
1005002197376092
4000682673715
4000437518749
1005002260799454
1005002072514301
32966417880
1005002440458388
1005002282473084
1005001669503446
1005002267635381
1005002124349275
4000341652103
4000106574906
1005002205600930
1005001627955945
1005001860407881
883623960
4001315456590
1005001918558616
1005001989254454
4000692868677
1005001913011295
32784217913
32346488544
32885328881
4000893785672
1005002007616553
4001066826422
1005001540377472
1005002181246396
4001061283607
1005002310967984
1005002406828821
1005001436340712
4000301114406
1005002497567151
32854151379
1005002292919052
1005001692486778
4000287877341
32448240464
1005001345025856
32974507585
32992287264
4001302271349
4001331224193
1005002316569441
32479027442
32816354203
32955205856
32968954810
4001038586016
4000396276435
1005001923224980
32894505221
1005001688708773
4000920247867
4001057010599
1005001329104183
32754288217
1005002059943153
1005001708282430
1005001813874591
1005002018877072
1005001602668647
1005002363449101
1005001854756788
32874996784
4000985255065
1005002398637297
32659247997
1005001553197207
4000860134124
4000249909097
33007130733
1005002398163730
32917773838
1005001941695604
32791510068
1005002233148771
1005001780757568
1005002460534802
32919624547
1005001688601730
4001052683895
1005002380648202
1005002244941599
32965048270
4000381032273
1005002475895794
4000170190702
4000861399766
32820960667
1005002327196495
4001065184001
4000580836217
4001018060016
32794244142
1005001771878298
33027505809
1005002286966059
1005002377567351
1005001860471051
1005002097877338
1005002320849033
1005002232001297
1005002296620764
1357782164
1005001938157673
32893317678
1005001671595809