4000197725078
1005001984953551
4000095083004
4001293830255
33020786207
1005001907147168
4001236366574
1005002119910679
4001278915379
1005002281905479
1005002345486034
32962164064
32293420020
32953293267
4001274825213
32947888811
1005001708451191
4000787226887
1387757851
1005001476383141
4000540004850
4000223092970
32988432764
1005002452968119
1005001882335977
32877060997
1005001697591544
1005002320569911
32828498224
32826799475
1005002219378855
32831852221
4001209731047
1005001804569002
1005002391017683
32859883506
4000874063650
1005002413259577
1005002442377774
4000242975507
1005001626585460
4000607403274
1005002461040818
1005002261070283
1005001584339307
4001093339558
1005002340190042
1005002291131964
1005002367186555
1005002012216978
32228801996
1005002047515408
1762183790
1005002319021478
32842380087
1005001670902329
32461277495
1005001273963496
32967429004
1005002237955146
32419568201
32991062680
32976114671
32827815951
32266108174
1005002257690672
1005002262328812
1005002232077714
4001009955500
1005001636702121
1005001670000937
32377988584
1005001475656166
32957435247
1005001619210986
4001234249239
1005002033177901
4001290203720
1005002480039982
4001134499277
1005001625918272
4001256310778
1005001475713920
1005001483727070
32535257788
1005002051927831
1005002416683207
4000385666137
4001263730972
1005002015384866
4000695176864
1005002482044473
33050642418
4000560942823
32923952720
32861683919
1005001458685353
1005002440988989
1005002032982143
1005002307894726
1005002112001618
1005001942576237
1005001728702004
4000347738970
4000768625094
1005002337289650
1005001971089466
4000930236114
1005002354175102
4000624149507
33037681652
1005002262071715
32835630884
1005002460020740
1005002219166070
1005002319181727
33001765048
1005001650938297
1005002286523141
1005002196910406
32970798567
1005001769127248
33004535881
1005001677509789
32823437116
1005002442064839
1005001326367269
32891805011
1005001414153290
1005001566948269
2020876980
1005002213597698
4001359046949
1005002282565088
32951199969
1005001517963007
1005002260308901
4000032863859
1005001888390156
4001168793229
4000778234272
32691299902
4001031097778
1005002379439679
1005001723700340
1005002016649717
1005002319565861
4000926350284
1005001327859808
4001177852948
1005002363584604
4000402110118
4000326512761
1005002383114062
1005002284031833
32945703891
32968005664
32987277838
4000598479624
1005002237791308
1005001657012084
32345423988
1005001456836439
1005001966515046
4001200216697
1005001899589514
1005001532284521
1005002458866674
1005002498789856
1005002478124456
4001111803526
1005001392627379
32877856014
4000380045610
1005002314324126
33024057552
4000545989720
1005001288051762
1005002478361720
1005001928823860
4001003083879
4001276285998
32922629450
4001088867574
4001152569388
1005002204488069
1005002358877783
4001284282256
4000115105266
33037609649
1005001567267724
32970506658
4001039429458
4000510307548
1005001644307573
1005001621363957
1005001566357431
1005001793118237
10000395937517
1005001867291514
4001249982497
32853211251
32818353793
10000185117638
4001130836143
1005002372364298
1005001368907371
4000437850072
33057528924
1005002357554257
4000030176106
4000803674009
1005002447284932
32542667083
32811762859
33022664228
32767243773
1005002227717361
4000278317774
1005002324142383
4001034247170
1005002432848147
1005001604502258
4000970559275
32805422303
4000159733428
1005001500109393
32265275566
32816352818
1005001930711551
1005002385834381
10000397717299
1005002325885629
1005002180394944
4000110222833
1005002340800206
4000751637831
1005002314621115
32995161724
1005001680509857
4001120839341
32954404749
1005002210101217
1005001883278234
32838596336
1005002160216179
32574000036
33061586793
32529985778
32983049476
1005002262897603
1005001858263989
32777654799
32954685797
33010308668
1005001591220044
1005002332621490
1005002234467293
1005002482972257
32805482282
1005001864414232
1005002333916318
1005002223799943
4000238516924
4000709278727
1005002311140333
32997088197
32383157854
32666741177
4000022058450
32771704791
1005002301328573
1005002405020896
1005002223946244
1005001430353840
1005002266145953
1005001688742683
32955754061
32811594211
32912141289
1005001885858543
4000267436724
4001130840214
32870686966
4000116617663
32997673600
32962644216
4001146885141
33016941109
2045687047
1005001873277525
1005001887294747
4000056430687
1005002234308999
1005001343796318
1005002358748050
1005001411838321
32799663826
4001276966281
1005001470181301
4000321206189
4000481344324
1005002358186175
32937629358
33017854974
4000677628324
1005002483659069
32989654867
1005001962273635
32805224762
4001273315045
32981003156
1005002422639894
1005002438080447
1005002327592194
4001137835492
1005002316731226
1005002306445039
1005002490240304
4001068643531
33046283139
1005001616209032
1005002236384429
4000142821357
1005001365577132
32226244011
33053912282
33043205273
1005001733212779
4000133342198
1005001488269632
1005001279642196
1005002079682572
1005001570820342
1005001708310738
32859151756
4000535338122
1005001355506191
32871306458
1005001399115033
32975614329
33041168380
1005001670707861
4001228632717
1005002295231870
1005002100362870
10000259606413
1005002115711134
1005001633287604
1005002353650992
1005002384971643
1005002378008602
32806965480
32868452258
32540257939
4000928117520
32945428714
1005002187615514
4000117402451
1005001893186039
32887154520
1005002199066919
4001065807563
1005002233374558
1005002388282655
1005001598745930
32857364419
1005001504247717
1005002398832891
1005002006522576
32961815028
1005002388853554
1005001967282825
4000472056409
1005001872705924
33036440603
1005002253555224
4000902584091
1005002281310118
4001075735432
32839996258
4000297981877
1005002267915596
32965993653
32992108366
4000094731371
32923852256
32797645015
32992185419
1005002417450550
1005001489726970
1005001927157106
1005002353552806
32867469358
32975112457
1005002042456455
1005001873079242
1005001902009004
1005001451542679
32952488206
1005001963563292
1005002253495591
1005002324660616
1005002210623089
4001111920999
32891929551
1005002253735627
1005002389890114
4000195453762
1005001348883432
1005002214775306
1005001423314892
4000711793730
33014079632
33045935268
1005002243412446
4000666112378
1005002121129497
32999946862
32817985463
4000387788843
1005002453207136
1005001863977716
1526909698
30000000656804
1005002074074659
4001241632250
1005002377918087
4001211530822
32910551191
1005002302697135
32705462072
1005002425866394
1005002398317957
4000117453462
32976842585
1005002389406807
4001060908530
32912311673
4001113076363
33048181800
4000175109327
1005001389075826
32985135589
1005002361415325
4000850658497
1005002286308148
33016254745
1005001584641518
1005002375441659
1005001670797019
4000063933208
1005001974967081
32965009830
1005002266793662
1005002249196069
1005002304351573
1005001349773470
32586739764
4000266053701
1005002291780818
32669660105
33060931056
4000232262249
1005001560065718
1005002307250641
1005002467493317
1005001596772385
1005002265252205
32858444591
1005002220032328
1005002235573418
1005002154635361
32873624290
4000891277159
1005002357641341
32715926426
1005002305174882
1005002246672707
4001034262400
32581075416
1005001902315369
1005001481906140
1005001382099823
4001187548597
1005001293207546
4000076260721
32794411861
32967872727
1005001499023061
33048427649
1005002344935597
4000001013046
32848823622
4001056471261
32847735662
33004623134
1005001968534716
1005002125280066
33004780164
33036307676
4000893667817
4001054620582
1005001914702490
32889599477
1943855454
4000973092177
1005002441868075
4000591874695
1005002424338823
4001055701373
1005002435387402
1005002320885112
32967358375
1005001880752747
33053804675
32658506621
1000008160429
1005002244425788
33058611703
32259048974
33014425399
32876701759
1005001339442280
1005002394362186
10000265135325
1005002500009284
32906972900
1005001485529733
32990211934
1005001664388131
32610215014
1005002317863485
4001171242576
4001338618669
4001066506586
1005002028720660
1005001605169526
1005002303314677
1005002415309588
1005001651580596
32820918263
1005001860970629
4001197486340
1005001465435436
1005002396619210
32999607156
4000549360817
4001205795398
33063275325
1005002358708436
4000762094452
4000901205532
32983285196
33012250990
4000235247399
4000114943053
1005001591613332
1005001745207391
1005001329806260
1005002245816993
1005002111569035
1005002072342239
32962505771
32893892674
4000437833566
4000089002344
1005002412517206
1005002289889488
32825424083
1005002314458165
1005002400586100
32943249793
4000625479418
32849815082
32921551942
1005001762068412
1005002400086921
10000022136137
1005001544100320
4000978790111
1005002343858858
4000780284419
4000548339163
1005002333197954
1005001721989588
1005002443122413
32960780334
1005002259196897
33048160992
4000098153460
32847465105
32818500180
1005002379287015
4000118813737
32983759605
1005002485125828
4000321473775
32980889660
1005002245701514
1005002394879370
32787809836
32888863335
32663802357
1005002488089694
1005002304425294
33007065490
32857667052
1005002134804028
32807199236
1005002205899385
1005002104848488
33011500037
4000302663238
1005002279499066
4000274478649
33064147728
1005002334097759
4000966709566
32862530953
4000857906179
1005001525588736
4000064802157
32591459836
1005001814137254
32854842999
1005002385977953
32815969136
1005002193924154
1005002280643087
1005002399046302
1005002250054799
4000223592662
4001344182665
32862958053
4000992905500
1005002125847651
1005002208064427
32999998705
1005001525065403
4000029908758
1005001488302531
1005002492680951
32962316290
1005002448658894
1005002307511936
4000326881618
1005002254441017
4000479081296
32574753106
1005002277313306
4000790348721
32970286052
1005002361338648
4001098591497
1005002298361935
32981272292
1005002393170264
33059836126
1005001816490939
32857844317
1005002488974264
4000774639340
1005001982505586
1005002179304292
4000432724682
32920931608
32955927828
33022754389
1005001724773897
1005002448736503
32890657723
1005002171920527
1005002311371722
1005002474909988
4000945192700
32983806436
4000923050421
32975286507
4000259664783
1005001577192724
10000181045316
33027224821
4000927820302
4001085923516
32978283541
1005002011669080
4001040864952
32893791545
1005001792912840
1005002394745476
4000493525657
1005001481590331
1005002055570396
1005002402201073
1005002312300674
4000881300933
1005002289427998
32844634493
1005002136819227
4000505380645
1005002394551971
32862642071
32852256458
1005002294904278
1005002392833091
4000099260177
4001271042161
1005001641156327
1005002357115486
4001129205935
1005002284507354
1005002277852798
1005001615060679
1005001835755824
4001262811500
4000514876003
33007010658
1005002465700326
1005002340987463
32919760313
1005002414048675
1005001691503048
1005001817154730
1005001430484464
10000342223453
1005002316043911
32824401495
32673546240
1005002154395839
1005002074240496
33043442190
1005002473203811
1005001493062010
1005002434890496
32617537508
4000955791558
1005002306697179
1005002395210343
4001294609973
1005001730645802
1005002178001917
32961806427
1005002028746279
1005001606183498
1005002330036786
1005001401795153
1005001286227453
32342637441
1005001935063974
1005002368353505
1005001524230745
1005002043736263
4001062223562
1005002459785650
32971590715
1005001588211741
32920077091
4000780570981
32985406441
4001186786817
32915785510
4000828334241
4001186018644
4001228826706
4000120204798
4000219392401
4001030984560
10000383845030
4001270684142
1005002350714807
4000215967931
1005001286882921
32852206706
1005002457519759
1005001559962441
1005001292559964
4001156652505
1005002386259512
1005002414573375
1005002492324408
1005002419940916
33001871264
1005002254735769
4000313589301
32960972228
4001143121526
32980037903
33022630888
1005002099301708
4000876561883
1005002407896837
1005001958743562
32949604543
32786088128
32992895065
33054259639
1005001441259979
4000072234209
4001350063006
32962897394
4001097728255
1005001530328838
4000699721975
1005002314352864
1005002289329351
1005001465912991
4001065070200
1005002397926952
4001123104326
1005002017321325
1005001768898920
4001268947643
4001256218552
1005001625352449
1005001570201424
4001218847801
33037687713
1005002318260602
10000033557978
1005001802192597
4000790360363
4001230403291
32900560017
1005001586680079
1005001868426903
32652148304
32956329140
1005001802597564
32805513380
1005002283454736
1005002316021128
4000582912149
1005002427866433
1005002369932484
1005002384428285
33008821067
1005002241999766
32884028520
4001145325866
32955128283
32913772391
4000672939800
1005002223809221
4000336646009
1005002306179657
1005002376730266
32755584980
1005002298173112
1005001639613487
4000780876686
1005002240993342
1005001493088772
4001010691314
1005001778887046
1005002362177614
1005001355463867
1005002409172220
4001305828000
4000159050627
4001142308461
32839371931
1005001580004016
4000175763235
32991784849
1005001595951336
1005002243918119
1005001867344438
4000036045161
32993161265
1005002400927862
1005002300789684
1005001980964968
32907993675
33049997151
1005002325115752
32695957394
1005002467659194
1005002357254236
32841441559
1005002293478686
1005002259260087
1005002276885099
33001356829
1005002144163418
32917854732
33013533643
32824160954
1005002449829258
32825125531
1005002312135137
4000902358990
1005002443056915
1005002494183229
1005002282335675
4000988912369
1005001567144093
1005002475277100
4001095851972
4000529582449
1005002242457244
1005002240199084
1005002383855925
4001298660727
1005002333679222
1005001872572020
1005002483069534
1005002314264090
1005002390755315
32261786261
1005001587364628
4001278947527
4001140047088
32854053602
1005002329582179
32860271330
1005002463813527
4001211064977
32992483145
1005002295319142
32968481214
4000643385530
1005001571170353
33017767041
1005002314395155
4000209386741
1005002491941968
1005002297511080
1005002312881950
4000377914176
1005002314957010
1005001324612983
33031356622
1005001652662173
33015029296
32821867426
1005001968671054
32276180915
4000381606050
1005002384934416
32868777038
1005002261275531
1005002290137406
1005001943280294
32994246139
32989217868
1005002389702323
1005001908370422
32952656270
32921973852
1005001330594627
4000755835456
32377985243
1005002454315395
4000666584049
1005002341355202
33012170643
4001313497447
1005002314338059
1005002381441780
1005002329428427
1005002404048388
1005002100797012
4001178948971
1005001867318474
32907313817
32923442029
32922427796
1005002369230433
1005002409625717
32868844599
4000842434943
4000272061307
1005001954319822
10000259432555
1005001860220775
4000011909120
4000429242687
1005001841911139
1005002395127716
4001146708946
1005001450653441
1005002320611040
4000706566908
4001232875225
32833405563
4000077013493
4001228457336
4000806230629
32893913683
1005002272578970
1005002252521413
32876998794
1005002454285851
1005002357762010
1005001843159333
4000971045655
4001171385920
1005002356238138
1005002023319119