32988884626
32841268844
4000866276904
1005002375708864
32957036937
32798556202
4001038482785
1005002198606182
1005001695409750
32883625360
4001035376325
32825088391
32708266510
1005002398830165
1005001618335397
32974632349
1005001348564467
1005002498429312
4001118425166
32674338791
1005001555420287
4001080008610
1005002334322679
32834612314
4000178266564
4001266891884
1005002361558459
4000299060027
1005001619576035
33013716349
1005002421286329
4000408948365
32978384113
4000345195969
4001116964156
1005002314452200
1005002314384232
1005001355790173
1005002453524444
1005002130359219
1005002167755476
33023459815
1005001507607682
32790336502
1005002370551213
32945332300
32897568877
1005001763668949
4000295752513
2033007609
32966139765
1005001407297124
4000718037818
4001278849843
4001095917656
1005002344135289
1005001736272662
32760850352
1005001339990172
1005002339410890
1850167004
1005001689527837
4000883254680
1005002218784783
4000762052971
1005001763363509
1005002387207674
4001278859751
32858449226
4001126436246
4001365815595
1005002283496527
32817933922
1005001824293448
1005001928078746
1005002290907736
1005002474650553
4000739309235
4000339937170
1005002075108446
4001144304446
32868339272
4000900426963
32881068397
1005001858649057
32996114364
1000008101906
32970039868
32581048032
4000075134151
1005001943417253
32985719086
1005002344827932
32963295221
32908515549
1005001883237388
32881915588
33051169943
1005001579149927
1005002388970049
32776627284
32970669847
1005002098708011
4000093360462
4001280491858
32911915211
4000863494285
1005001574282941
1005001989954162
33021744603
32900332067
33026818301
4000581468471
4000478641240
32974226606
10000354607216
32377056753
32821246547
4000252530765
4000672592669
4001114825933
4001277710232
4000989423979
1005002451104518
4000321199186
1005002296572610
1005001467745379
4000979396976
32997902093
1005001515946520
32949816590
1005001483737938
4000815620874
1005002021656672
4000880313433
1005002387964280
33035476329
32868449652
1005002488096948
1005001445576777
1005002234837639
1005002319572241
4001104108961
32656794525
1005002348294182
1005001700661586
1005002196200978
1005002314859457
1005002286536798
1005002344240815
32976660361
4000160986551
32965906771
1005002247617200
1005002490464261
4000810107438
2034827826
32961222437
4001282655238
32619254678
1005001489281879
1005002326745465
1005002350823816
1005001523816948
4000336294827
32903216234
1005001585309128
4000369743268
1005001853573184
32965846587
4000336628213
1005002452998704
4001038344217
32944756063
32833266960
32965821305
1005002401773893
1005001807757488
32857321552
32696390236
1005002208355088
32876237693
4001005174559
4001022567605
1005002347126206
1005002193660940
33025719863
1005002119225566
4000472293274
4000783887538
1005002240390216
1005002452669269
1005002363149351
1005002295578185
4001050007709
1005002411229663
1005001551952789
10000386864100
4000374096148
1005002276718318
32970626493
33018842355
1005002036026135
1005002337328342
4000960633373
1005001590360748
1005002388229512
1005002387075278
4000848867401
1005001651370843
4001361317731
1005001881841495
4000826293662
4001041192441
1005001529126582
32841601754
32952683424
32638701424
32501852420
32974816956
1005002210493548
1005002379214755
1005001890152134
1005001757291245
1005002260800959
32983152548
4000218304512
32748535841
32842694304
1005002458784823
33039739033
4001294458981
1005002320435968
32750514384
1005002260373646
1005001837755839
4001265012151
1005001332527119
32920663325
33063451735
1412072578
1005001877597166
1005002404917472
1005002208662119
32789800762
1005002102107150
1005002345928531
4000248210660
1005001290781425
32639359473
4000532700705
1005002474846494
1005001451820389
1005001971392385
32904911284
1005002235857290
4000246089285
32854214515
1005002353815735
1005002311767642
33034069929
4001356858192
1005002475831091
1005002262089597
1005001832110890
4001133017750
4001286759554
4000019464164
4000755747632
1005002277993798
1005002473496570
10000146614558
32867453472
1005002460277834
1005001722123535
4000039773543
1005001392672164
33032852465
32688650622
32878494093
1005002198837812
32849315497
4000403204157
1005002247287750
33004492295
1005001377773513
1005001998923366
1005001685529889
32997139677
33060233452
4000336578851
4001062725365
1005002241656433
4000717005528
1005001600156357
1005001781594546
1005001512719447
32968440031
32963527138
1005002167608231
1005002459947036
1005002334611716
1005001588128811
1005002355737233
1005002433599589
1005002357363906
4000423234558
1005001890335448
4001278816990
1005002392165405
1005002316107021
1005001556667926
32894363953
1005001320763963
32845431530
4000941491776
1005002239601940
1005001687830754
32991357406
32813176900
32882486933
32977759407
32790037243
1005002224929297
1005001670749778
32962368103
1005001302820719
4000992888939
4000779069103
1005002332100599
32723121466
4000278163491
1005001790049320
4001041281475
32993232621
1005002400092965
10000046554556
1005001908667996
32621907622
32848593729
1005002283540486
4000185937837
4000843265209
1005001445446670
4000317025010
4001106807639
4000997086081
33007383267
4000548845264
32824941369
4000672097589
1005002224558095
4000556153422
519845510
1005001589056121
1005001648587802
1005002223950619
33013129188
4000398532886
4000005007067
33034274015
4000005327182
1000005642513
1005002329534374
1005002423654202
33026777251
33057876728
32668704859
1005002413821167
1005001816667013
32819284598
1005002371598497
33022106112
33058566706
4000321916422
1005002253902295
1005001315449224
1005002238598265
1005002483707623
32961610862
32869372050
1005001713974090
1005002314268569
32905375049
1005001774298207
1005001515842614
1005002480098388
32883710020
1005002303604309
4000842656332
32967009569
4001242220514
4001220962871
4000889025262
1005001658818002
1005002389689334
1005001307853557
4000335638819
1005002122310556
32339381103
4001228809547
32989406819
4000736527722
4000241658645
4000734652761
32666465990
10000402355002
1005001554049334
1005002396138784
1005002003638351
1005002316358926
1005002400688579
1005002023054371
1005002265045144
32857900305
32847582629
1005001682249152
1005002254102163
1005002253787935
32851308561
1005002097525430
1005001602444405
4000015468910
32773972467
4001065242903
1005002060482154
4000789168912
33001954225
4000318104626
4000305191566
1005002119721717
4000790842824
32709354892
1005001765086089
4000250796481
4000097186343
1005001973091011
1005002090205477
32959591789
4000341937003
33000474637
1005001803472361
4000307314903
4000461378901
4000144675439
4000919810163
32999484650
1005002033734217
32853549894
1005001598631470
32906225186
1005002286060635
32874692347
1005001598502913
1005001559995814
33038944572
32623483310
33023874716
1005002375409618
1005001867227850
1005001714537426
4000266828560
1005002116403711
1005002413610324
1005002255019626
1005002366053780
4000811711602
4000114301505
1005001561228174
1005002353939972
4000142218503
1005002310938586
10000012910683
33012997505
1005002317573954
32531691827
1005001393458473
1005001980618936
4000270069507
32909108822
32960226912
1005001860629187
1005002254387496
32629227862
1005001329747756
32968580229
1005002277835012
4001351892875
32891847008
32803665889
33030200519
4001039274465
33048495847
1005002001732091
1005002192003984
32976148251
32972689854
32893296095
1005002300071794
32905695577
33004540039
4001337865340
1893729388
33058732020
1005001270244286
4000554477557
32378064111
1005001664316530
4000270959432
32805804136
4000429339571
32961079240
1005002100912232
1005001866846884
1005002288678291
1005002439813037
1005001966273243
1005002408810225
4000240668386
32975740433
1005001685395657
4000971507829
1005002394191620
4000133015421
33048465283
1005001780011114
1005001332294292
1005002253945904
32799875431
32829236328
1005002402011409
1005002161712304
4000725246571
1005002069934262
1005002001593829
1005002290930666
1005001736357708
32663501398
33001433956
4001214510088
4001248583342
4000151315418
1005001880823117
1005002257424989
1005002375999988
1005002296741670
4001157737179
1005002151826055
1005002114505022
32967308764
1005002012252547
32844039952
1005001692783495
1005002235941019
4001039369652
1005001997147668
1005002305267833
1005002314357407
4001155462888
4000024881872
33046834862
1005001473483986
32585688151
32989539807
4000723253668
32928207865
4001249357358
1005002311740821
32911775649
1005001828891340
1005001525484348
32957017800
32845806696
1005001700258424
4000265375750
32809381692
4000604224636
32915892810
1005001439202030
1005002439582396
32448991906
32812989032
4001221823521
1005002224043185
4000278073071
32882813292
33015235999
4001350318961
1005002272163835
1005002305428102
1005001797754604
32953087347
33033792290
1005001670751702
4000694299491
4000922879814
1005002315943518
1005002376544197
1005002319052527
1005001305873823
4000652212580
1005001943076233
1005002414671128
4001240573509
1005002271484094
32955923762
33027816550
1005002280651901
1448406374
4000479731004
4000072205165
1005001617088467
4001294664150
1005001515834814
1005002440439584
1005001899729251
1005001704596106
4000844953606
1005001616296262
32733818977
32849174350
1005001967266730
1005002306304606
1005002380535610
1005001578506576
1005002483305571
4000334769452
1005002339315538
33007894997
1005001516273167
1005002314307559
32948445227
1005001692806865
1005001299526053
1005001792669784
32681258092
1005002329661012
33056927291
4000812718816
1005002408439148
4000090140129
32994894534
4000888709574
1005001433313684
1005001566565138
4001275172155
4000946048620
32999774467
1005002356400860
4000237879894
1005002166946830
1005001677528307
1005002316381275
1005002167846361
4000857349490
1005002423823500
4000777980961
1005002207517711
1005002003110984
1005002313615184
1005001893688277
32997620864
1005001689543273
32812024064
32972181814
32863703786
4001141948446
32595821566
32813298759
4001331120520
32707068799
32846189972
1005002224948106
1005001914842437
4000268235049
4000113213624
4000777264967
4000074558197
1005002340697067
1005002122373885
1005002232129350
4000813066700
1005002428860238
4000081455502
1000005510572
32350178272
1005001965421882
32864938330
4000580879279
1005002375372065
1005002298843351
1005002396564517
4000007017541
32973534821
4000393550922
1005001446555259
4001277736882
1005002384075202
32704022699
1005001876305879
32995698121
32455573353
4000677551134
1005001265782138
33042165083
32852007408
1005001333804247
10000067543702
33027493996
32981414637
4000444494283
32962049985
4000865457355
4000685796712
4000045386725
1005002292615461
32979667106
1005001780885565
33042799788
4000874049817
4000900475508
32914380244
4001025507833
32644945264
1005001612078128
2020912307
1005001893254704
32898806636
1005002392799005
1005002499147985
1005002298989113
1093228624
1005002348309945
4000807680019
4001304382916
1005002395583937
1005002345142411
1005002455024883
1005002495759989
4000040699863
32954008579
1005002465648261
4000917495423
1005002411246434
1005002441997797
4001219363384
4000993485566
1424683401
4000777600830
1005001397919446
1005001878309845
1005001469556216
32959154811
32964631365
4000970165144
32879727238
1005002179731874
1005002484562459
1005001703936475
1005001518805527
32759323266
33028246062
4000708374657
4000369883777
1005001536685649
32986893744
1005002316676181
32303181855
1005002367270852
1005001973535597
32911940036
32615416877
1005002276587555
1005001625573269
32955977409
4000955839843
4000706066598
1005002490505285
1005001705611139
32827295613
32970118707
1005001635820147
1005002461086189
4000514078152
1005001874470349
1005002339722971
1005002265668195
1005002418086529
4000928128251
4000293984944
32885555654
32914454587
4000550608190
32837959478
33033334718
4001187241366
32908467659
32886671517
4001130713999
4000473786665
4000711566830
32868956670
1005001694562242
33004526858
1005001606362645
1005001954896424
1005002337372547
32921080450
1005002420218410
4000689067944
4000889604455
32953863245
1005001873228322
1005002281051157
32970626694
4000711897184
1005002271901534
32761811390
1005002262250653
32722158926
4001049646525
32903795172
32907487864
1005001985686551
1005002239064081
4000856980475
32872735666
1005001592008555
1005001586279489
4001130172464
1005002314138085
1005001896426007
1005002351351114
4000078718433
32808809631
4000026552212
1005001686179379
1005002383186883
4001004884763
1005002317865851
32807488795
32853130076
1005002378880772
1005001588347844
33037529434
32921278604
1005002405274928
1005002298521650
1005001839420930
1005001587705825
1005001809288070
1005002310543768
4001118252960
4000419985031
1005002447947336
1005001652501313
33015445008
1005002454406799
32930450825
32982555573
1005002388093297
4001259265289
10000400004857
4001281968747
32861310784
1005001402902961
1005002292619524
1005001686126479
1005002270426824
33052379484
1005002314233792
1005001858978311
1005001959943200
1005001907517272
32825783940
32292255605
1005002346724375
4000833378338
1005002413359890
32924670212
4001280568441
32964391729
1005001598558120
1005002375111502
1005002046875413
32889614625
1692798724
32748248575
32899887329
33054897661
1005001986425088
4000472461425
1005002454269507
32950779039
1005002125356625
1005002265445513
1005001682668935
1005001594761116
1005002476116233
33014358547
1005002042023450
1005002219807503
33064243588
1005002168036107
33011336631
4001069161196
1005001501143489
1005001313862786
32882187292
2032715968
32878372303
32856884072
1005001345945373
1005001679914973
32763366377
1005002090256321
1005002328952106
1005001887578973
4001005129351
4000711496277
4001161598600
4000113979883
1005002264719878
4000458335868
4001220299230
1005002315882515
1005002273663826
1005002327906448
1005002282662018
4000333537229
4000192957727
32904372862
1005001483948872
1005001779869774
1005001523969281
4001013133096
1005002394743656
1005002361606589
4000284143921
33038426020
4000511172388
1005002427890239
32901847200
1005001723500311
4000048169538
1005001576973443
1005002047154007
1005001761515604
1005001873753632
32811603218
4000437967349
33016899872
1005002438725140
32578441116
4000909674502
1005001329437560
32801810317
1005001903460746
1005002314546863
1005002352647562
1005002054533082
32862467614
1005002125672575
1005001432007679
1005002069350546
32888154286
1005001990581102
4000161689867
1005001961311935
4000024980011
32950568050
4000055813770
1005001685480199
1005001930580415
4000295496838
33040868043
1005002229569216
4001098797603
32915432284
1005002340336097
32278563566
33001016404
1005002022736180
1005002334853958
1454681600
1005001680457676
33002124918
1005001580334621
1005002233636391
1005001821685542
32825022758
33005309247
33046038962
1005002428100236
1005001927292635
1005002339461137
32842874774
1005002278261059
32921858298
1005001566713965