32991941059
4001108121340
491474707
1005001568760789
1005002364655102
1005002352907915
4001060443260
4000041944968
32962990567
4001262048556
1005002306621523
4000060828078
1005002227875401
10000423235634
4000874588022
1005002012252537
1005001369248916
4001272429686
1005002307629425
1005001423327725
1005002439837778
32720000148
1005002315361227
1005002303734711
32810021357
1005001505680524
1005002315439167
33009548915
4000018888694
32859167940
4000816851672
1005002312330997
1005002319781929
32994464128
1005002492660535
32946918285
4000834669409
32844956479
1005001930937320
4001162828808
32409290447
32997034255
4000850632853
1005002170945016
1005002374451362
32982980264
1005002313763852
1005001973470620
1005002002399692
1005001581413463
1005002356965493
1005002500118959
1005001844507552
1005002442441469
1005002033412574
4001227808316
4000959181857
1005001867359218
4000903766742
32873275024
4000970708940
1005001779867449
4001127881656
1005002490973370
4001097019601
32975787330
33010822710
4000398825655
1005002377935134
1005001879802894
32977807819
32835668031
1005001445771594
4001138250982
4001062137489
33044150836
32890314010
32562822129
1005002114298357
4000960634207
1005001799107257
32699386672
4000505417433
1005002286563082
1005002340585514
4001246490286
582745953
1005002210991026
1005002410278235
32903881168
4000702087747
1005001630796632
1005001689575291
32952548325
33044163911
32976252995
32973022606
32820286863
4000076730193
4000985115747
4000154619506
1005002443570082
32713312108
32557716489
1005002353733483
32889217442
1005001564685867
1005002083593657
4000434240602
1005001489483978
4001248282874
1005002418851329
4001217005361
4000280662578
1005002191474139
1005001502945152
1005002260514071
32836426914
1005001671139811
1005001742486117
1005001495777679
32905919877
1005002397448560
4001219862320
32611332660
32989369713
1005001968753739
1005002423441857
4000635379378
1005002260773565
1005001631038855
1005001350748802
1005002090336441
4001332049917
33050338450
32881438821
32668573377
4001145275478
1005002289836760
4000480237300
32842412161
4000726942012
32938434404
4000314849501
32809410227
32955252504
1005002314248202
1005001779388901
32792372864
1000008264021
1005002123983028
4000076292869
32949996028
1005001288146701
1005002428073364
10000307326514
32811274189
32971571636
1005002047505030
4000945993106
1956477235
4001236995847
1005001703679308
4000065000491
1005001604652724
1005002283503903
1005002282463870
4000682896889
1005001438868135
32813665177
4000955780669
1005002066280480
32763157979
1005002189556459
1005001332248992
4000738125664
32819547929
1005002372262745
1005001843178221
1005002263060447
1005002165985853
32843132710
1005002359568986
1005002350295421
32706888220
1005002353164798
1005002383547105
1005002243219926
1005002357421250
1005002312819942
4000943054489
1944962802
1005002383928799
32950658494
1005002313159074
4000834425500
1005002462162029
1005002322745668
32980485102
1005001441467131
32727513025
1005001560157064
1005002369295416
10000089160594
1005002074097631
33049012677
32439056356
4001163290340
1005002010885496
33045270892
1005001692834037
1005002312056515
1005001470333436
1005001470329838
32811046752
32605183226
1005002248794118
32957510581
1005002475647677
32910678290
1005002382588102
32976010197
1005002086922776
1005002390036985
1005002484533906
1005002377098910
1005001527651195
1005002492236608
1005001709866774
1005001630482632
32273381909
1005002275820401
1005002261856064
32942631878
1005002307614253
4001174083575
32665624966
1005002340243746
32673149147
1005002473474396
33053880858
4000274740386
1005002028106814
1005001779057520
1005001867935524
33004697498
1005002334845990
32864553745
32898523450
1005002246477357
32661880090
4000292416577
32381220631
4000124712871
1005002440906415
4000038321950
1005001946059941
1005002204593522
1005001682997788
1005001865064182
10000019744423
4001251448315
1005001802746708
32916706430
1005002146319047
4000212201037
4000990956273
1005001612961469
4000573960327
1005002246794463
1005002122370761
1005001360729654
32962818141
4000835042177
4000409931789
4001290716354
4001349560939
32946024689
4000672331024
4001186090910
1005002329024275
32859227370
1005002085215554
1005001411790306
32989906115
1005001483659550
4000849879070
10000059397377
33048132335
1005002433522913
1005001762952238
32339599765
32924082684
1005002351868506
33054969209
1005001266666628
1005001313666863
1005001952560462
1005001533903315
1005002342399115
4000855694074
4000442338795
32705514653
1005001706024984
32579159112
1005001813558820
1005002235111920
32301498131
1005002473644694
4001228607896
1005001683082529
1005001552402510
1005001425528449
1005002294485775
1005001869582317
1005002350227430
1005002254193833
1005001303951326
33000019950
1005001825346241
1005001844751625
1005002276815874
1005002033181482
4001197974719
1005001365822195
4001103998888
1005002429120721
1005001869672388
1005001473581498
1005002344189544
4000687082978
1005002318760702
1005002102174726
1005001339672620
1005002206940083
32966411603
1005002186995808
10000314278561
1005002345244720
33024065102
33027812367
1005001560777732
1005001980163714
32790117438
4000111115960
1005001682807730
4001116433311
1005002401003888
4001276625806
1005002103100548
32728182027
4000131349378
32880790139
1005002498875739
32890900261
1005002116923007
32974030584
10000025701425
4000269991970
4000113605331
1995531622
1005002333442705
1005002284666588
1005002122498251
32920202666
1005002300129253
1005002340620335
1005001848994438
1005001280261106
32835164802
1005002492876358
1005002318529298
1005002357657730
32976266502
32830559558
4000850515649
1005002228451740
32858508036
4000851065684
1005002344504572
4000239121632
1005002203320861
1005002318096978
1005002061418584
32926358448
4000067314082
4000927667393
1005001588201659
33016202174
32982465983
4000463068328
1005001977996918
1005001962120760
1005002138091500
4000069248488
4000144770499
1005002462393763
1005002225200514
1005002315976035
32820930337
1005002289158659
32867598948
1005001913041369
4001143689071
33018835819
1005002315405235
1005002242959106
32949977955
1005002171839572
1005002288483929
33029730169
32969135849
32717980905
1005001962474879
1005002357438863
1005002348944618
32982336510
1005002004091325
32982160282
4001341736056
1005001864243465
1005002378809356
33037663232
1005001893736073
1005002414523294
1005002418281715
1005002351636653
4000026198501
1005001644501424
1005001426304200
1005002254807223
1005001943105182
1005001987917200
1005001305276081
32233187006
4001127308718
1005001573052826
1005002488971166
1005002447237803
32513913830
1005002411837749
32593323552
1005002201241178
4001104473909
4001220742361
1005002392664271
1005001551234117
1005002464696321
1005002410952309
10000318925650
1005002389785837
4000125420508
10000372592537
1005002265958674
32956941958
4001156332801
32384764132
4000817341485
1005001849227095
1005002078589834
1005001597407905
1005001453429113
1005002357414256
1005002275320882
33009420822
4000258047562
1005002346021597
1005002347812471
32407315229
4000695343030
4000278726448
1005001756431148
1005002278685527
4000803595552
1005002223824937
1005002406341413
1005002048772597
4000829092098
2029327766
1005001834208294
32473422264
1005001677209469
1005002160455661
32790597909
1005001356392569
1005002313668245
1005002362570542
4001253003478
33046910709
1005001936558663
1005001584972723
32866668755
1005001849060884
1005002224435603
4001251126745
1005001406674208
33003177081
4000983122116
33044089027
4000372814912
32860152011
33041462039
32694474807
4000544954816
32956299224
1005002315925027
1005002341887315
1005002288421213
1005002281936329
1005002198718750
1005001672448507
4000441477717
4000804047721
4001037938003
32802070344
1005002359073794
1005002342333329
32917657017
1005001585363050
1005002362751901
1005002179609992
4000008628951
4000773708005
4001217312042
32994180225
32883547361
1000008649759
32979750693
1005002372421205
4000111720365
1005002334189335
4001286357556
4000255981616
4001297767155
4000664778734
4001228725536
1005002327375516
33034318846
1005001923908451
1005002397833268
4000818277035
1005001913094440
4001176344419
1005001355970894
4001057871067
1005002424742785
4000682628133
4001284209769
1005001469159881
1005001513959500
32781997701
331469078
4000470177847
4000308745835
32265477367
32950498866
33004462767
4000117031383
4000505683668
1005002304882584
32931237485
33005713688
1005002016920629
1005001511091748
1759538754
1005001597743063
1005002443920283
1005001723234562
32886323122
1005002356169811
4001292894529
32885233952
1005001652554271
1005002467865198
4001259795663
4000163455719
1005001551647615
4001314449829
1005002393806318
4000718706821
4000133166695
1005001333487185
32980580140
4001188747402
32819341537
1005002383236083
1005002245830034
32823306795
1005002313843787
1005001707862185
1005002287022800
4000781427859
4000717141030
32909975010
1005001828888550
1005002346057174
4001138517242
1005002309798430
32967030747
1005002487530792
32961563038
1005002434352126
1005002224368449
4001103277729
1005001482883197
1005002262273326
1005002024602483
4000357655819
4000463445968
1005001936414218
4000196650670
4000072730507
1005002059518435
32876431026
4000289095719
1005002179534495
32816823340
1835713517
32973432898
1005002384626916
1005002454863022
33056179848
4000342699702
4001237702539
4001150524436
32948831294
32814583209
32790727391
1005001996973485
1005002364180475
4000787247318
4001133936773
1005002405145533
32960127735
1005002394701846
1005002470000039
4000307612439
32823780609
1005002446813990
32978530109
4000660960510
1005002074198728
1005001865156155
4000283689324
1005001765945626
1005001333696598
1000005811342
32841252289
1005001716619212
1005002095189572
32960411731
1005001587111014
1005002334826485
1005001948040075
1005001996860129
1005002417638104
32904519113
4001181642623
1005002361212089
33027687613
32960148406
1005001604319056
10000384379263
1005002409357514
32845821974
1005002312092085
4000267746115
567795949
1005002368544709
32849752762
1005002375431240
1005002003664363
1005002383570533
1005002287318873
4001289284673
1005001713519834
1005001511709221
1005002334013727
33016658700
1005002478126850
32824472516
32947176302
4000132386377
4001000388713
1005001781340844
4000102383375
32954998749
1005002383215228
1005002333937326
4000960570336
1005002397742762
32355667243
4001238959517
1005001738300810
32809892402
1005001694836658
4000033098906
4000507122298
1005002333891599
4000170022894
1005002378571346
1005002240584593
1005002304287091
4000190897335
4000655903082
4000036799585
1005001825257124
1005002282970730
4000111968026
1005002364577313
1005002304561282
1005002454366413
1005002245439428
1005001873982516
1005002281176646
4000041072865
32864102432
33012194456
1005002239959363
4000955811487
33013542847
1005001884392417
1005001762956874
4000989279477
1005001651927003
1005001847139704
1005002273635032
1005001812053162
1005001566935017
33029661230
1005002388361839
1005002301511925
4000147641027
1005002083498660
32577955723
4000595666240
4000258394794
1005002348342279
4000386957167
4000675769495
1005002293114433
1005001817468624
33015148977
32949045762
32862004436
4000248990494
33031150455
4000761943346
4001228185209
1005002378063223
1005001354752253
1005002278113353
1005002426778041
1005002196461218
4000990908118
32836906595
1005002229611914
1005001966568132
1005002338591893
32905886646
32799024760
1005002384572388
32916193118
33039276118
1005002361880611
1005002449309799
1005001460646090
1005002238091696
1005002314338792
1005001750051121
1005001726483395
1005002400677555
2002722451
4001080034016
1005001669680298
4000483420500
32914126206
4000960656062
4001049603990
4000108598686
4000279014079
32810863187
1005002229113019
1005001792903991
32697353216
1005002481521407
1005002099301672
1005002047920719
1005002412434178
4000748527374
32842141312
1005002392376537
1005001639771029
1005002072907676
10000012891906
1005001736585816
1005001464835836
1005001843944580
1005002027719400
1005002247847478
1005001618188746
4000492853415
1005001800538644
32950415110
4001154439294
1005002281857440
1005001506665571
4001275638522
4000145664292
32988935968
1005001303966784
32493157113
1005001615746822
4000546040833
1005002245686508
1005002278501678
1005002319124393
4000842682022
1005002485018125
1005002032680422
33059988472
4001066079904
1005002339048385
32212670723
1005002328487569
1005001829278048
1005001727224405
4000172345112
1005002328056552
4000501591867
4001175428321
4001297136773
1005002341823144
1005001703732594
32877181270
32991199364
1005002264212542
32821315857
1005001727355040
32969583622
1005002340481680
1005002271298678
32805054254
1005002401119656
1005001614422992
4001275327622
4001205694120
1005002315325788
4001294137598
1005001848997429
32743395239
1005002227815472
2043764582
4001345763043
4000541803091
32983488354
32993345059
4001037081623
1005002180991910
32705584257
4000850692334
1005001495244184
1005002288384108
1005002276003954
1005002323203914
1005001627806999
1005002394513842
1005002377522380
1005002205452910
1005002382435843
32615534639
4000692162166
1005001608051898
4001259148407
4000729796266
1005001304890858
32834244777
32867205582
32833679217
32864960696
32826340974
1005001730872770
32863655868
1005002294458959
4001272393687
4000726280985
1005002190504939
1005002223942709
33046272497
1005002311677325
32802663613
1005001525376810
33003463379
1005001593578059
32956822005
4000698148808
1005001631879245
4000391591891
32956840469
1000001546151
33001814574
4000559657769
1005002002677427
32887529186
1005002297431582
1005001584942593
32987917241
1005002068976481
32910228139
1005002220994499
1005001471439761
32847719549
1005002493218157
1005001978611995
4001279003104
1005002204165620
1005002442823940
1005001717748775
1005001441859088
1005001947524594
32861079542
1005002171956999
1005001578807992
4000308350548
4000503989838
1005001848660829
32639506245
1005002276116060
1005002293464389
1005002473696874
32879289035
1005002267937840
4000820693526
32916050221
1005002264727176
33045531858
631378632
1005002196571593
1005002089981349
1005002263739582
1005002341851794
1005002340910836
1005002211586125
32888669577
32569315073
32959781281
32863541875
1005002329824760
1005002119623648
32980644433
32961638356
1005001955069142
1005002317163423
4000929245137
32860419276
4000723508543
1005002321165699
1005001973588245
32853460138
1005002405088358
1005001857993744
1005002238311737
1005001615763076
1005001785049536
1005001301669459
1005001309127448
1005002167828706
4000173517576
1005002406210663
1005001717606431
32962454492
1005002282406958
4000569133215
4000569039929
32949228413
1005002058364674
1005001286113560
4001222861909
1000006066125
1005001493234978
1005002037718572
1005002368502365
33046776562
1005002286231691
4000068236504
32891656892
1005001444531252
1005002471842677
1005002466681026
1005002365251998
32935644037
32792555344
33029720734
1005002442776667
1005002459851224
1005001897466426
4000279754390
33031464526
33058016487
1005001695350695