4000241301130
1005001661367258
1005001933546877
1005001902101188
1005002392118858
4000982604623
1005001299079792
1005002027074361
1000007890034
1005002180390301
32827011013
1005002314127179
1421771919
32914267532
1005002361842442
4000192183363
4000257706202
1005001340120063
1005001865149005
4000248622848
1005002491556410
32969520226
4001230207997
32825945772
1005002311246225
1005002260496938
4000483422316
32893596751
32700155607
4000245975536
1005002324476145
32951772124
1005001682004174
4000855452525
1005001884488412
4000263524357
1005001602700329
4000136444556
1005001901011209
1005001423620019
1005002418417376
4001278527162
1005001762139594
10000269634858
1005002077176803
32892219457
4001149454458
1005002436234162
1005001419653993
1005001592552749
4001189834234
1005001645899636
1005002286924063
4001263988206
4000881106840
1005001700451763
1005002165104296
32309782781
1005002054605318
32953670657
1005002060290756
1005001885509684
4000327530662
1005001359121247
1005002245389505
4000438562811
1005001425435217
1005001424456561
1005001775308983
32822099025
1005001446919655
1005001429213238
1005002426689904
32588605173
4001106732530
4001338499108
33022011397
1005002258665601
1005002487539904
1005002259192733
1005002278198712
10000354772786
1005002276689402
4000770340833
33061103468
32916367558
4001156518596
4000726106226
32635783880
32747372584
1005001494971828
32357320986
1005002458446381
1005001860694962
32810648901
4001034838144
1005002245357609
33047930570
1005001953809508
1005002301241289
4000335561442
1005002265086870
1005001831061330
1005002359650192
4001220756711
4001301633665
1005002310800982
4001278603688
1005002337589077
1005001765843003
4001013013533
1005001933396771
10000067468319
1005002362819739
33062219806
1005002378058761
4000938543138
32861067629
4001225245480
4000377034066
1005002315646234
10000400036382
32823421706
1005001958974210
1005001817972517
32832517982
4000268770162
1005002378675441
4000939565739
32747811302
1005001717655541
1005001962254907
1005002320268422
32509033729
4001058201167
1000008135708
1005002400235730
32815245973
1005002237963618
4000686613580
4000751615279
32947244117
1005001895937929
4000317030743
4001112037698
32365347809
1005002287503172
1005001834955819
1005002454746358
4000827097221
4001060183398
1005002087050840
4000860115990
32912622774
1005001652013547
4000043346578
4001021108788
1005001999670392
4000546579606
1005001525431268
1005001626816819
1005001616370929
1005002429534267
32882290289
4001211136001
33008793564
4001188797998
4001218751550
1005002047045756
4000760035333
4001044541249
1005002469207634
32658423239
4000626053115
4000504894830
1005002265052184
1005001852097058
32869252326
4001137065150
32800287485
4000959464568
4000508638747
4000922595215
1005001994053538
4001364585936
1005001596514872
32826091124
1005002254151293
4000045673868
1005002245851920
32875781224
1005001873976961
33019429055
1005002418463534
4000022285837
4000074394467
32913036762
32515624048
4001104046290
4000083882843
32880925242
4001188765718
1005002111082104
1005001401733848
10000395955196
1005002326617745
4001176360960
4000941506459
4000521708114
4000397472825
1005001525389665
32317489774
32879344626
1005002452964478
1005002107979932
1005001300308716
4000255458580
4000397538390
1005002105292143
1005001817040182
4000386295278
32976461720
32838035833
1005002346979867
1005002291983887
4000689180105
4000695428793
4000033998985
4000666249804
33000490470
32948140385
33063351080
32982615810
1005001361362117
32883257743
33019133846
1005001412569156
32847919025
1005002405928569
4001253022503
4000691544404
32954176533
1005002380346630
4001232628717
1005001679639246
32890722911
1005002277563898
1005002426213615
1005002465521548
32983554428
1005002119698937
4001209254779
32947083601
1005001988617219
1005002360384294
1005001553354961
1005001950080490
1005001289990249
10000279581212
1005002270149544
1005002028605245
1005002197200546
1005001616719509
1005001597449842
1005002253222640
4000458497704
1005001644197505
32954027817
1005002286178419
1005001359748336
32881006419
33046191733
4000004942216
1005001870041742
1005001560927361
4000248624822
32473454157
4000801425009
4000216322846
32848839551
33040247940
1005002413623100
1005002372879736
1005001670540587
4001355401217
4000510783326
32997002501
1005001884500177
32982344840
32847442662
33018215860
32883665027
32953574032
4000595052060
4000516330345
32869268939
1005001567335577
32972535163
1005002008194840
1005002283796813
1005002344599400
32853985148
1005001932834635
4001115618747
1005002301546932
1005002420306515
32963701667
4000629893889
1005002053290401
4001179698157
1005002114682182
4000164856523
1005001510091167
4001284098367
1005002447094355
4000200710593
1005002312146646
32850762049
1005002399185227
1005001623650288
1005002369099431
1005002339454401
4001263438905
33006703001
1005001407635434
1005002350817973
1005001500220236
1005002458716454
1005002307756017
1005001685997858
4000678272623
1005002009140529
32998165721
1005001626931072
1005001811967281
1005001954681037
4000100632517
4000142055464
32975454263
4001223964285
32668064948
1005001868822277
1005001285145702
1005002304152902
32861772992
1005001717626323
1000007416419
1195232129
1005002046567850
4000834243061
1005001350713937
32890354164
1005002162231364
1005002269013178
1005001664083751
1005001868975182
4001109395868
1005002238710031
1005001374040419
1005002293366214
1005002401268886
4001225209124
1005002398294158
32637465626
4001195122055
1005001624655694
4001125590067
1005002395308291
32990378851
1005001664542794
1005001907137176
1005001989736251
1005002368819430
1005002466132315
1005002350680671
1005001960452399
1005002394079762
4001217067068
32610663964
32935982526
4000930794809
1005002376201494
1005002059556389
4001144111717
1005002459411200
1005001962314167
1005001672002904
33040787304
4001162879641
4001307758951
32920782481
4000971856223
32909303596
1662987379
1005001656824560
1323436787
4000848164584
1005002298699390
32828004640
4000167349881
4001037378231
32843482559
1005002412579401
32997820766
1005001987185330
4000946323176
1005002087810554
4000619312050
1005001335055697
1005002314722240
1005001525446400
1005002063527502
10000008330315
32893037026
4001009831754
32856495254
4001035655113
32900030983
32837156852
1005002321282832
4001151058937
32590245799
1005002278925338
1005002357239965
1005001267186832
4000988130106
32900445009
1005001438659414
32814629201
32842607193
1005002362543393
4001145965854
1005002288462122
32797768234
32967564078
1005002318189375
4001173792079
4000830372956
1005002162033282
32923588124
1005002357679549
4000244056899
33041194667
32568841500
4000296753980
4000267228869
32933006079
32804207132
1005002099868271
1005002314288697
4000335880303
32701124982
1005002304379264
4001334879038
1005001555586550
4000905647342
32571059791
32843868569
32850187350
1005001297680518
32848098652
1005001344958859
4000954422979
4001251669595
32912347926
1005002291399753
1005002486176526
1005002259384182
4001008010621
32895008132
1005001326697850
32968814654
1005001462823350
1005002294229286
1005002314235523
1005001797099592
1005002293996384
33027537344
1005001840338512
32718228779
1005002426822355
4001320797034
4000772030542
32832453245
33026618187
1005001895871455
4000906546776
1005002480408053
1005002171032340
4000382225857
1005002373350025
4000324446571
1005001967289061
1005002476207090
4000925678518
4000777480268
1005002499642057
1005002279216225
1005002394023618
1005001439199066
1005001912508394
1005001858834965
32999254058
1005002318900451
32630927307
32803883611
1005001812171058
32837425079
1005002401127397
1005002369082342
32752598624
4000545933725
1005001501305570
4000219148675
4001251706243
1005002201825795
32956575157
1005002236080596
1005001867243874
32681440122
4000864189427
1005001973018216
10000399549986
1005002284563096
1005001295287820
1005002441776103
1005002318633891
4000812677140
1005001486725353
1005002288890572
32964429179
32898560968
1005002358980568
1005001340912739
1005002359000955
1887698713
32787244945
1005002311780527
32960604985
1005002260225507
4001041456183
1005002277200589
1005001495983112
4001023617944
1005001288819339
1005002394145144
4000421430806
32903544790
4000287643187
32927280582
1005001696043844
1005001867330610
33002703608
32733318141
1005002301618322
32919437224
1005002448087325
4000773004155
4000271722295
33057803338
32814814672
1005002494423766
1005001333383855
1005002359652600
4001139314776
32684698791
1005002309978672
32968835055
32951193895
1005002252327561
4001056994701
1005002105752965
4000846611721
1005001633266914
32862472139
4001000545884
1005001999261130
1005002390507026
4000719554981
1005001386776079
1005002386529365
4001200636917
32912709593
1005002214629410
1005002462394844
32590850818
32975048029
4000963472577
32859833109
1005001957304861
1005002484707505
1005001651499341
1005002292526023
32965443256
4000875385976
32854421380
32804580759
1005001525574040
32967043843
1005002286291826
1005002286296299
1005002394705534
32820576237
1005002362834303
32947140062
4000185755052
32947417805
4001234296889
1005002124849240
32565003390
33059378357
1005002387689738
32975721439
32953692338
1005001968619333
1005002353345776
1005002425290956
4000093871323
4001275811742
4000284566547
32967378954
1005002032064553
1005002481919289
1005002105617439
4000776212583
1005002314271388
1005002272915746
4000557812531
4000837484792
1005002139073071
1005001823305929
4001311838041
1005002454089665
4000303840561
1005002313401361
4001041170005
1005002314315258
1005001414433053
32901425938
1005002453930588
1005002454352253
32958265639
32809613840
1005002346735850
1005002270636997
4000979626223
1005001779861369
1005001778461332
1005001954588322
1005001669319291
4000258830910
32853146236
32959178979
1005002318700977
1005002399161637
1005002130131205
4000642073048
32858667056
32863828721
1005002140224112
1005001463478489
1005001722264861
32655819062
1005001292668714
1005002045848387
33028400959
1005002287527902
32993995463
1005002401105297
1005002475983748
32978818009
1005002219634825
1005002467816498
1005002281256273
32968899824
1005002426647298
1005001479139451
32958024416
1005001356030126
1005002396218773
1005002206098336
32816488901
4001271807059
1005002031958512
1005001479168041
1005001953093310
32813427057
32898165189
4000492515110
32887789389
32874268939
4000842223154
32891219710
32870859018
32967247009
4000960595962
32852765722
1005001683669520
1005001722829993
10000150727986
1005002334066977
4001233849835
4000065467183
1005001946568542
4001259652640
1005002190535720
4001030553691
1005002383759724
32894583259
4000937387189
10000364735578
1005002434163766
1005002425002324
4000314482909
1005001703285082
32963936125
1005001278527872
32980013838
1005001525634493
33023668492
1005002315533521
32974181042
1005002468027536
1005001949233678
32844600267
32602327040
1005001479122498
4001174872010
1005001864047291
1005001525396674
1005001521036461
1005001334999369
4000057904451
32883106508
1005002343965211
4000252071736
4000126030020
4000028523890
1005002289922802
1005002432459617
33003983535
1005001429633209
1005001603807514
32857283919
1005001935435654
1005001652672865
1005002392262329
4000174324681
4000027990004
32808780175
4000341150685
1005001566974655
32228979496
1005002254335238
32802884049
32790041802
32904735468
1005001462376408
1005002225162540
1005002470035083
32967100104
4000545542021
4000985449941
1005002085853801
4000065872159
1005001495075964
32368971351
1005002243990365
32918128044
1005002265798394
1005001838218158
1000006100744
1005001933119444
4001186823372
1005002059041986
1005001845962024
32766419613
33030405103
1005001698336535
1005001836642196
1005001317000714
32670948813
1005002259833368
4001174222184
33060902547
1005001584221937
1005002076455860
4001291794513
1005002356362420
1005002350336060
4000832219689
4000356864716
1005002262214954
1005002333577851
2044387898
4001054556965
1005001652695695
1005002451027381
1005002090238751
32543721561
32376723573
32924086937
1005001430380432
10000123785901
1005002033863967
32906879086
33005959130
1005001391391354
1005002281819677
4000619211600
1005002082678788
1005001349524977
32978951415
4000177146335
1005002310071095
1005002027368978
1005002259249568
1005002224881325
4001254493590
4001250795984
33057667285
1005002265747523
32811621018
4000297750188
4000781710767
4000626128346
4000031137803
1005001780697455
1005002314310867
32994004830
1005001619760929
1005002240393963
4001253707336
32715451636
1005002332902423
1005001494766573
1005001602526513
1005002224366026
1005001671950327
1005002097204490
32796588068
4000789248679
1005001524278995
1005001565420806
1005002020021547
32957252293
1005001873121345
1005001884706132
32999995575
1005001850053920
1005002133353803
4000788734185
4000830624028
1005001626021642
1005002490221747
32954335872
1005002190693463
4000313227270
1005001617244773
32989625876
32820827431
10000401506363
32974560126
4001228638976
32791439272
1005002122280775
1005002239253541
1005002306061105
4000222383241
1005002306115212
4000492956581
1005002412618489
1005002005355123
32822263449
33003299308
1005002358608060
32859468734
1005001420629131
1005002382696940
32796621174
4000393705316
32951847400
1005002124269812
1005002257899029
33055427125
1005001624790433
32849100746
32815965330
1005002003618773
1005001830817323
32963724682
1005001769417155
4000828466363
33059404457
1005002350618345
32972049065
1005002465154069
1005001391942372
32784107727
4000042522401
1005001573727685
1005002380478708
20000003845970
1005001907260753
4000452349220
32817984210
1005002100249423
1005001455711753
1005002170397775
32820859954
4000776592295
4001111873931
32917529486
1005002327276673
32973456249
4000340110574
33031871203
32842892779
4001076562173
1005002315630462
4001134866613
1005001807465540
1005001716161118
1005001847900166
32961302814
1005001682794729
32808513707
4001260052231
1005002386708166
32917774912
32832087474
1005002364361004
1005002480918310
1005002491636165
4000098950518
1005001419026181
1005002366158821
1005002260635226
32856572186
4000819499571
4000965890333
4000760268833
1005002240168166
1005002168753386
1005001899747648
32863060363
4000632028299
1005001391897768
1005002314339012
1005002371961252
32977060129
4001359873114
4001365437502
1005001392218380
1005002387298941
4000562144408
32614579070
1005001480203762
4000111840278
1005002122402770
1005002250201920
33060302983
4000083414836
4000675064935
1005002258871012
1005002175949847
32952663095
4000222597175
1005001671142244
1005002297776587
32995396746
1005001382482225
32895169190
1005002374701650
1005002443410911
32959304466
1005002420211046
1005001923320511
4000012893446
1005001514513452
32348110164
32364065527
4000796860844
32982619791
1005002423570196
4000770806031
33009102673
32426894620
1005001632693792
32582494898
1005002381955388
4001267152775
4000238549544
1005001840329968
32854887284
1005002304568157
4000903440575
33021005296
1005001704029847
4000868992766