10000188748663
32865577521
4000626945756
4000723275958
4001333519317
32858682917
4000083552919
1005001854163559
4000414632830
4001226737578
4001287110894
1005002289643746
1005001339287869
1005001718017977
1005001632480414
4000287710295
1005001615568120
4001105285909
1005002484605182
4000884199365
1005001909182605
1005001285786627
1005002392682946
1005001867367614
32629267239
4000105840434
4000628060715
32855170513
1005001758384035
4001037899261
1005002276414611
1005001913177047
4000864508405
32951962645
32958498086
1005001927693252
1005002340720886
32996548186
32869907475
32809584156
1005001501286459
33062782439
4001165684429
33016700723
1005001893947452
1005001697724430
1005002348455539
1005002418342381
1005002275258423
1005002394188363
1005002393255167
32750300287
32954212836
32952915843
32876073606
32794195666
32785308967
1005002339555041
32977199971
32921944977
4001284076573
33063579879
1005001807041057
4001190112297
1005001656989857
1005001961852130
32797720525
4000074003678
1005002248727324
32830008853
1005002116352120
4000887507390
1005002107896113
32998946931
32840451882
4001112841928
4001043507734
1005001693295629
1005002363949942
4001315484782
32860907533
4000657112822
4001088367247
32933195567
1005002242996718
1005002036249515
4000599412207
1005002350716366
1005002340236913
1005002399038179
32917742721
32679949604
4001278868496
1005001586365099
1005001591469401
4001162718146
32975871424
1005002333882623
1005002300078057
4000073868557
32982793598
4000269429971
1005002404405721
1005001408077614
32917750905
32850894043
32985719561
33007747019
4001161093014
33041109174
1005002172804945
4000818041861
1005001646751216
4001234442810
1005001413086718
1005001603628482
33028564760
4000990790657
1005001297215160
1005001413209851
4000330074070
32868149826
1005001803727670
1005002376432618
4001185984183
32846709429
1005002448932160
1005001948457361
32901082890
1005002252835144
32350170054
32998508032
33051417474
1005001570333005
32829304095
1005002311419180
1005001657987245
32959186994
4000885165744
4001159407183
4001054536850
1005002234526317
1005002336475742
4001056681516
1005001670781759
1005002365235121
4000811020309
32861087846
32817810937
1005002224478798
1005002480174801
4001088093415
1005002375952344
1005001406965001
4001015131488
1005001908449875
33057332758
1005002333661612
32814080129
4000974390570
1005001527674639
32366838289
1005002317431292
1005002230163363
1005002326313685
32853651314
4001136109104
4001238447237
4001104777249
1005001545075793
32996807120
4000536823953
1005001537436691
1005001794125058
1005002245325161
33020876290
1005002380321321
1005002128386007
1005002417850825
32909521759
1005002258082859
1005002259475605
4000036315518
32963935004
4000311591136
32961393052
32681338798
1005001878600680
1005001370884982
1005002238146017
10000009705865
32953562850
32973315581
32860886059
1005001682939873
1005002443522580
10000395909329
4001295906262
1005002276611630
32697065183
4001214144996
4001080209749
4001210181800
4001130928841
1005001468050339
1005002460073789
1005002303352370
1005001381482953
1005002383061202
10000012905347
1005002281981134
32992939208
4000714696349
1005002168150356
1005002301457858
1005001908364196
32973831506
1005002424192858
1005002347264592
4000244736704
1005001817327475
1005001836396469
1005002091482807
10000179970734
4001174612455
4000196385612
4000434454855
924163531
1005002371741579
33030649005
32886551127
4000736104737
4000179989888
1005002157566999
32705116916
32917591370
4001052626132
1005002224835707
4001189048955
1005002095838726
4000231226539
1005002228188800
32530102508
1005001515363608
1005001703269765
4000994294239
32515233145
10000416530401
1005001813448322
32948557396
1005002394055782
4000113921473
1005001613136572
4000562695011
32868445500
1005001954924295
1005002340557990
4000920009957
1005001865054240
4000552117494
4000132607992
4000954981156
1005001813693391
1005001566686490
1005002340802349
32991127521
4000187627401
1005002075058679
1005002307085672
4000264517294
1005001952074972
10000395950139
4000527578727
1005002398434731
4001118253104
1005001459989763
4000360000108
1005002072692724
32632627362
1005001905716151
1005002180355850
4001000402697
32886998883
1005001287437827
32975863059
1005002454349187
1005002298988765
1005002237590654
1005002292566697
32365020821
33040580755
1005001280492825
1005001614265756
4000781661094
32960778078
32888916878
1005001349993627
4000030434625
32971888882
1005002054294774
32844972862
1005002204750939
1005001489196355
709504696
4000938227303
4000804312204
4001187020900
4001142986114
1005002051912043
32248160844
1005002454272983
32840550540
4001154995898
1005002405738157
4000807861260
4000155879090
1005002473715943
1005002366488167
4001014574047
1005002488939304
4001198134141
33019871912
4000666880469
4000960542932
1005002337716604
1005002083941452
1005002431630288
4001340507478
1005002446684981
32833287991
1005002088554737
32987546024
32982206836
32820125602
32696061038
1005002319252950
1005001346436875
4000718344335
1005002318841455
1005001918346107
4001226037512
1005002317073501
4001203132960
1005002425241783
32962946972
1005001750382039
1005002144541124
4001272384842
4001251336892
1005001804403646
1005002065047549
1005002238848210
32948537186
1005002327231781
1005002346838705
32666949990
32831694487
1005001553200872
4000598959733
1005001843800029
1000005364329
4001272367015
1005002313086236
947586971
32534067840
1005002443570150
32828527076
1005002400171324
1005002405569415
1005001749744977
32801652362
4000641248598
1005001689265528
1005001497255180
1005001625126350
32949679845
1005001433620204
32968901505
4000657034467
32865627029
1005002019156214
4000117980284
4000666037441
1005002372559004
1005002485387033
1005001843831652
1005001693699419
4001190557541
4001249070506
1005002485868586
1005002443028919
1005002324134151
32861656163
32827722218
1005002364442691
1005002489703547
1005002468080453
4001177930590
1005001469386466
33027088912
1005001929967207
1005002336244117
4000917815019
1005002342908016
32849704361
1005001569989947
1005001616692367
1005002438407074
1005001949973088
1005001508403015
4000751952022
32721652299
4000443390014
1005002043999396
32986643343
32854549191
32847397517
4001333672619
1005001678016422
1005001349507860
1005002277732624
1005001968968570
1005002395507926
32606837091
32919094145
1005002363321186
1005002296718806
1005002256600905
4000505696432
1005002317602661
32872443421
1005002255131191
4001238335761
1005001640554241
32696413288
1005002168159700
1005002387561931
4001017536196
32696058324
32806919689
32574778216
4000960551903
1005001357462213
4001155337537
32917544985
32844303721
32840975343
4001048865185
1005002318089104
1005002328697817
1005002314295489
1005001703829537
32744835305
32829707381
32951101493
32847360595
4000704244482
4000071013536
1005001644871531
1005002289026788
4000544201514
1005001457999380
1005002197454622
1005002499307576
1005002428445736
1005002289576869
1005001968893818
1005002170578121
1005001642694983
1005002099383272
1005002475920820
1863050091
1005001773186633
4001326067724
32790785144
32817728409
1005002227935236
4000707523741
1005002014708484
32671879920
4000597253748
1005002488096765
32991865024
1005001769831061
32985983559
1005001770011092
32793506625
1005002108769551
32670577320
1005002319844650
1005001831735058
1005002408298864
1005002376703685
1005001934640699
33038102119
1005001621376979
1005002300049561
1005002357715698
1005001769925315
1005002277905610
4001053198937
1005001297058461
32848076446
1005002467000872
1005001432214014
32965824055
1005002262252857
4000689264705
4001200504908
1005001520210809
1005002305942465
1005001313944339
32822790183
4001088447546
1005002413281477
1005002228017019
4000629063699
33048804540
1005001950161310
1005001899514065
1005002430764913
902564834
1005002090742803
32581109191
1005002447486017
1005002447125577
32758708139
1005001742615215
32779482353
1005002358271322
1005002254296433
4000253313178
1005001983219600
4000843256274
1005001439388487
1005001631338417
32966299988
1005002312558343
4001245035116
1005002317617366
1005002447856322
1005002395096870
32869671327
10000313551734
1005002314137933
4000129779863
32397645241
33009004753
4000808571783
33059609454
32940719925
4001016680255
33008970716
1005002400066666
4000169728807
32889667006
1005002240522995
4000116724244
32861048204
4000261118780
4000903700866
1005001966292421
32606774138
32936017421
1005001708203439
32984722217
1005002187818885
1005002361946404
4000726886201
4000533590415
4001308912901
1005001838119662
1005001586851201
32492217634
1005002116661418
32978809594
1005002357371808
1005001856959124
33018207477
1005001447239712
32913772058
1005002396636090
1005001777705512
32921106658
1005001596706430
1005001882193646
1005002337312655
1005001670946238
1005002003458802
1005002433449752
1005001490250388
1005002357894958
1005002433254972
4000450656453
32910541899
33008306079
1005002404809508
4000703303856
1005002084364682
4000602237099
1005001918806064
32919238754
32878104601
1005002107148303
1005001880440716
32975816608
1005002394911306
32916501001
32931410282
1005002476649992
10000023287105
4000934808209
33021950391
1005002205787839
32957284401
1005002322872257
4000869478668
33045789042
1005002350792691
4000938399660
32860760613
1005001533598604
4000079070431
32611160551
1005002398828866
32811659906
1005002312334491
1005001476460330
1005001350795531
4001039323500
4000792686867
1005002345025339
1005002500396601
1005001692846241
32965184373
1005002039137931
1005002124346937
32813535307
33061122490
1005002271558126
4001137102177
1005002319084753
32297336665
1005001889871363
1005001713868914
1005001520431297
1000008235222
1005001714213833
1005002015391261
1005002490462411
1005002347386000
33018234798
1005002465973270
32914447322
4001221215724
1005002164373101
1005002313656773
32912784427
1005001386647434
1005001868404906
1005001794161178
4001219653511
4001333536609
1005002176572545
32881622492
32901145376
4000755365685
1005002304272248
4000175089261
1005002344563464
1005001734556613
1005002208174530
1005002301949514
1005002420146976
1005001775055225
4000780405932
1005001869580735
1005002400852386
1005002136863053
1005002426522348
1005001447874431
4001062086892
4001071565397
1005002112069925
32870154624
4000112515465
4000738923745
4000849720774
4000440473464
1005002340646024
32913525501
1005002224014087
4000206121921
1005002324107200
4000973182533
32413155554
1005001550012012
1005001978325352
1005002206659652
32894758921
1005001494883836
4000602217207
1005002311663587
1005002334791179
33002562780
1005002335753252
1005002027078353
1005002344998985
4001205050455
1005001354504207
1005001303347328
4000638204711
1005002329628881
1005001278561367
4000990811540
32262857925
32872783253
4000906690957
1005002275504676
1005001603062317
1005001948653920
4001194490818
32962497498
1005002372208718
32968538984
1005001940198545
1005001321868711
1005002464267909
32978992300
1005002350574688
32790855911
4000691039978
32637481303
1005001757649239
1005001348636966
1005002490638450
4000993613548
1005002309209790
1005001265572598
32969643263
33024757893
1953027293
1005001709411406
32997649121
32956797119
32662836071
1005002321058475
1005002205722688
1005002238043619
4000133438117
32944205028
1005001296363887
32945711827
1005002449386973
32860049264
1005002442316648
4001088530139
4000244424219
32921279141
4001077484367
1005002343687840
4001037813196
4001111978784
1005002469143967
1005002409867739
32979345672
1005001287869668
32889878216
1005001888233368
1005002364374883
1005001349791107
4000039607018
1005002315971098
1005001423899304
32805398302
1005002332150486
1005002221887348
32575722648
1005001429973942
1005002259540462
32269817571
10000397747610
4000886140439
32852257674
1005002111433413
4000689392994
1005001323502794
4000686884976
1005001499429557
1005001885128621
4001358488528
1005001968374935
4000096102452
1005001634883153
4000843008126
4000134571834
1005002386982097
4000533006055
32966629387
1005002316615250
32879734043
4001184625013
1005002307087981
4000302751934
33015718369
1005002240611387
4000532371657
4000656863875
4000124466589
32825799045
32978406281
1005001957860726
1005001704012894
1005002287255578
32961551587
1005002369191813
4001061827738
1005001469037094
4000087945339
1005002353421759
1005002392431575
4000771185162
1005002099404153
1005002290857887
32835325741
4001299784045
32897015653
10000396905091
32922143437
32886844396
4001240242649
33046288530
4000852601623
32602965139
1005002357262914
1005002362603861
4001271872503
1005002313587633
4001359098860
32923926461
1005002273603192
32810674201
4000661099841
32807805265
32897140802
10000395834680
10000212634286
1005002232100483
1005001585884727
1005001867245706
32888141818
4000315383607
1005002283842769
4000769443275
1005001565105131
4000525383048
1005002362318100
1005002349564119
1005002307444314
4001183979016
1005002364561447
1005001432732652
4000311741188
4001343843266
32666741015
1005001838102413
1005002316165829
4001362534696
4000159250698
1005002399009273
32979356795
1005002131870640
32714920318
1005002483412625
4000240788291
4000489283430
1005001636395747
1005002107274403
1005002239708276
1005001892472558
1005002315324720
1005001717957576
32879473735
1005002122568210
32831224743
1005002304792839
1005002379964005
4001364319801
32993461572
1005001984604226
1005001990610697
1005002330668795
1005002203642954
4000843010367
1005002277823419
1005002387035843
1005002419067406
1005002292369491
1005002408795899
1005001579252570
1005001437218586
1005001799260730
1005002430226612
1005001869638383
32889332098
33003665524
1005002354056621
4001049191717
1005002217757178
32810947403
1005001811827596
1005002422620741
1005002232699491
4001221244005
1005002361675264
1005002477023318
1005002368937142
4001365375135
32919843007
1005001625461275
4001346045297
1005002394559553
4000776487989
33013057741
4000370068628
1005002399670670
4000901823985
4000307800863
32912791515
1005002341286634
32818907367
1005002198463149
1005002337672182
4001131919982
1005002085055082
32980674693
1005002443056505
4000785413762
1005002284850181
1005001567364323
1005001933294698
1005001717624378
1005002225199359
1005001640380350
1005002357592090
32946244744
1005002383874421
32796652834
4000777553153
4000555065071
1005001273680693
32955735759
33054100378
4001230964001
1000006764345
1005002357988333
32875727263
4001309267215
1005002418960088
4001267394323
1005002006266460
32778767282
4000189908893
1005002291009457
32613769957
32960010231
1005002408067239
4001296305570
1005002233819315
1005001926560154
4000193106263
10000395260537
32855064218
1005001701056525
4001266109054
1005002264517545
1005001883170079
1005002214256046
4001274485229
1977246091
1005002268447276
1005001645550467
32915722941
4001014992190
1005001900341878
32864592257
1005002377295608
1005002051987532
1005002260005023
1005001930126639
1005001865898794
4001000001675
1005001946512054
32923848337
32982536310
32967012765
1005002337229051
1005002131974850
1005002334272308
32782054951