1005002132685280
1005002352436363
4001241446756
1005002399365388
33022649951
1005001663847766
1005001900006437
4000244555495
32356578063
1005001812164497
1005002313351958
32946819937
32843895662
1005001787126786
32728860851
1005002232722689
4001280140082
32839425376
1005001557006505
4000308810030
1005002280631255
4001231427131
1005002385141024
32301554787
32828366815
1005001382390222
4001094503095
1005002421092967
4001107410516
32966513635
1005001502826214
1005002028774984
32390340877
1005002148674572
1005001692764479
1005002313353671
32817559446
4001285373482
1005002324917852
4001118140252
1005002460137612
32699006253
32954450366
1005002483926593
1005002346308914
4000886243955
1005002298839438
4001211060308
1005002219341955
4000684652807
4000863898358
32843506395
1005002307742125
1005002314380320
32952014375
4000499339427
4000907694957
32841742379
1005002365518700
1005001484734616
1005002426803641
4001228671044
1005002212197161
10000334390569
32847630231
1005002398802111
4000138255508
1005001774732261
32924817845
1005002269529120
1005002329932788
32844996853
1005001345859929
1005001678720100
32836377380
1005002375859166
33037610580
1005001949486807
1005002430830915
1005002287109464
32627162619
32883148453
32998668028
32964374953
1005002314394273
1005001327703861
32949690548
1005001690121746
1005001649272600
1005002246853583
1005002006233944
1005001721774758
1005002049952092
1005002389721573
1005002219383157
4000248676071
1005001312865596
1005001592011048
4001090154802
1005001279837227
4000336724758
32250411436
4000289449933
1005002269063104
1005002463273399
1005001838554690
4000197025322
4000685559076
32999147168
4001089379261
33011494647
4001114297041
1005002439862826
4001048052889
1005001457463620
4001041165030
32800089518
1005002329792655
32605472881
1005002168236411
1005002356710367
1005002271989688
1005002239374922
1005001393275769
32913573385
32858718192
32968080874
4000224490449
1005002388077467
32990850524
33016340351
1005002291449354
1005001626814425
1005002144398682
4001193790725
4000098735455
4001056034821
1602029378
32986271237
32809539759
32827197543
1005002330435651
1005002278809265
1005002122484147
1005001973831306
1005002326441894
33022088750
1005001418002555
32805797769
32770007075
1769602617
4000449792871
10000399950515
10000332233367
1005002071125069
1005002314494484
905506710
32860114731
4000177309907
1005001627181351
32856742570
1005001393111885
1005002316904268
4001205288852
1870499231
1005002219459128
4001193056487
1005002476864625
1005001517203470
1005001998263553
1005002458255254
1005002377236253
1005002466681450
1005002213345270
32989510843
4000279779876
1005001528908368
1005001762350192
1005002059485620
1005002236498328
33038445827
4000032355897
32973421979
1005001946337402
4001052441897
4000666120772
1005002298342866
4001139413831
1005001511070633
1005002454892734
4000576011555
1005002369722277
33034492213
32929365956
4000943314620
32969510244
1005002275623727
1005001835584063
1005002262790900
32754852486
4000021406184
4001294625197
10000117882828
1005002010065413
1005002284410152
32819249130
4000019594722
4000219129263
4000078071117
1005002344302743
1005002490157587
1005002363214881
1005001489331484
4001166773389
1005001853612759
1005002340239629
1005002238796016
4001190034832
1005002388628346
1005001725843931
1005001375486052
1005001742566657
1005002357050007
4001228025755
4001298940472
4000771188120
32371109291
1005002281783859
33030554581
4000851076699
4000238121744
1005001671103248
1005001946573523
1005002363378334
4000204748895
1005001575283095
4001017900779
1005002361566653
1005002239973286
32951035385
33003851565
1005001501476197
1005002475084296
1005002316256262
1005001707841837
1005002314467273
4000197173040
32793304931
10000060517695
32733896921
4001026486481
32799320853
1005001731063800
4000364327071
1005001775874087
1005001285895036
1005002401481546
1005002077742308
1005002028090333
1005002341282787
1005001942073138
1005002117200618
1005002114257412
1005001704149793
4001240869141
32944645843
32823082047
33043379626
32876247022
32879718331
4001083131778
1005002197159868
4000919630436
32589581464
4001211268596
4000833704554
4001238033873
4000990815688
1005002323438282
1005002334587933
32238886275
4001008164900
1005002449819290
32832030142
1005002352821458
1005002332518278
1005002370789163
33053461360
1005002253648579
1005002307954285
33012014634
1005002246817050
4001195382843
1005002294883568
1005001447929961
4000154689410
4000704379131
32886351040
32902046799
1978987114
1005002433941773
4000377439428
4001138516480
33018585953
32805725255
1005001722746290
1005002256710711
1005002412355504
4000788578294
1005002387849674
1005001867215933
1005002282157115
32541328852
32873143603
1005002436840394
2031483064
32757427882
1005002259344293
4000604271014
574325215
1000007496197
4000219415299
4001245073803
1005002365343929
4001276340037
32886090110
4000922359735
32920755139
1005002435744509
1005001902893362
4000544119146
32690838812
4001286091022
33014482358
32868102230
32880645651
1005002413251748
32864256658
32585779336
1005001321157123
1005002356208118
32997327987
32832268379
1005002282719186
4000243229940
4000940820609
4000538119393
1005001757033550
1005002347113534
4000027464152
1005002191440420
32715683292
1005002442809892
1005002062994320
1005001605144068
1005002450572698
32741340210
4001098717984
1005001621468900
1005002381876976
1005002383160353
4001159679412
1005002161935402
1005002483089629
32889284999
1005002294255243
4001132046047
1005001964852821
1005002228613688
1005002340096429
32910075653
1005002320138762
1005002214083470
1005002285844657
1005002387100201
4000333653822
1005002210028568
1005001775456266
1005001772211187
32856480672
1005002454262617
32824543395
4000085668514
812721955
4000604329208
32914096052
32954583597
32981533847
4000235031529
32879939780
1005002368922753
1005002314437668
1005001505522265
4001025431049
1002203984
1005001265507986
1005002412567106
1005002466996779
1005002471350481
1005001280638060
4000424501238
4000231011032
32949403950
1005001490639394
1005001928671273
1005001568494111
1005002265282250
1005002238016697
1005001524036812
4000867803236
4000838109483
32486542569
1005002286335172
32908795106
1005002314410024
1005002315653910
1005002345724124
1005002395360192
1005001561767772
4001312750214
1005001493591692
1005002104649554
4001228668588
32956978111
33016898726
1005002289963365
1005001425347231
1005002328173600
1005002324194537
32813258912
4000854521628
1005001516724795
4001250676077
1005002382914866
1005002306790800
1005002238206185
1005002299741000
1005002252182358
1005002467605401
1005002471046675
32999153951
4001083426580
1005001965656494
1005002362147472
32735400591
1005002064830912
1005002017663361
4000655831983
1005002482433226
4000472127087
1005002418226182
32781307149
1005002238947581
1005002302324959
4001286092162
1005002226895931
1005001680430680
1005002046655427
32862986615
4001041856393
1005002246694094
32808616601
1000005725225
32958300032
1005001797940139
1005001669863518
1005002103424420
1005002352837313
4000308009774
1005002395986164
1005002050499593
32956871071
32465569303
1005002432987137
1005002477425997
32968611057
4000858993399
4000837070653
1005002489970386
32792830786
1005002399720619
1005001737238003
1005001995810824
4001143575003
32789389375
32979443743
4000987321541
1005001429237971
32788528249
32830352184
1005002457469741
1005001965705759
1005001707816464
33012014838
4001289942846
33048069694
1005002312930980
1005002212325132
4001233241472
32873415314
1005001622228227
32879386933
4000388217323
4000850249046
1005002327710820
4001080623977
1005002372998172
33038477261
1005002323817840
10000356422175
1005001380869323
1005001351243692
4000339982493
1005001566020642
1005002233398176
32705183384
32902363003
4000545171605
32978583540
32826984989
1005002392820350
4000582536220
1005001796965278
1005002362996480
1005001597683400
1005002296693985
1005002315670962
1005002443645701
4001345869291
32961249655
1005001581308424
1005002333044825
1005002064578601
32790953695
4001201367803
4000808136022
4001332429747
32975074654
32962429671
4001078876794
1005002337316768
32924342594
1005001632661545
1005002265476877
1005002492729294
1005001893967170
32853266674
32831605923
1005001431529533
1005001354136007
1005001313174412
1005002303676827
1005002038624003
1005002368871036
1005002330562835
4000107460003
32960001547
1005002304535240
1005002254624790
1000008615251
4000170755008
1005001914781700
1005001594961329
32676242831
33042867702
1005001743647957
1005001693408208
1005002361595706
4000211475287
1005002434523553
32894973443
32892700677
4001209787206
1005001790137503
1005002423456740
1005002325055791
32794825305
4000005736722
32813858930
32354347382
32901144409
1005002488642645
33006084333
1005002211507784
4001170833479
4001034041330
4001061903170
1005001831213050
32976029596
1005002126347684
1005001506145796
4001340835637
1005002246806340
1005001682825109
1005002297691241
32851693645
32833622919
1005001556850103
1005001835252388
4000795013975
1005001446817083
4001031733432
32970661333
4000943259656
1005002314049051
1005002319238602
1005001458206830
4000251731156
4001282493673
1005002281772054
1005001587186321
32960690342
32359130737
4000479766511
4001125508546
4000049566375
33063515279
1005002350489570
4001044415842
32378985345
1005002282970996
32861217044
32904086491
4001258826339
4000057710668
1005002383308238
4001028514204
1005002388812433
1005002291712438
32719447016
4000574507975
1005002376657991
1005001540480881
33013485063
1005001731602292
1005001326029020
4000631128432
1005002306880151
4000317235829
1005002273947554
1005002198874126
32971552852
32855388858
4001098729789
4000926538640
32828942742
32954589687
4001291060065
1005002498142513
32913898050
2021048193
1005001989402151
1005001702951117
1005002408927266
1005001924314660
4000354174587
32956020927
1005001631295580
1005001725777121
1005001993452112
4000922068621
1005002409356741
4000883756787
10000384050996
1005001844521084
1005001529587364
1005002492775808
32959430043
1005002282437177
32795166750
32944744251
4000031643141
1005002284093739
1005002382359793
32800229638
1005001598709425
1005002374743066
32919480734
1005002361193249
32872781043
1005002246572059
1005001270320074
4001037682792
1005001902426048
1005002341156310
4001092989166
1005002065020871
32880300368
32856563662
32811196867
32502604263
1005002310390818
1005001596152703
32849694847
32788306637
1005002420396001
1005002358872095
1005002306280188
1005002464858884
1005001617341858
1005001926568883
1005001721301742
1005002288876029
1005002437609740
4000062065036
10000053355835
1005001682620060
4001133302064
1005001343890209
1005002034489116
1005001547385068
1005002076750006
1005002368600873
33038361283
4000466167327
1005002420359143
1005002319335968
1005001587723802
4000937712186
4000666359783
1005002367252857
1005001620179371
1005001708610851
4000856085228
1005002304465938
1005002265316585
4001095271843
4001288016284
32897989435
32837663679
1005002146368469
32965390291
1005001721927863
1005002284302450
32242140956
4000024272102
1005001958750535
1005002107641259
1005002388838450
1005002475475934
1005001810654703
1005002496577066
1005002180973613
1005002306012175
1005002428443534
1005002281987129
1005001290001330
32796238128
32513137983
4000545823857
1005001910820786
1005002346947511
4001299380463
32853457483
1005001955000203
1005001407091326
4000001247605
1005001288184274
4000218821296
4000211565796
32901961833
32971497849
32978651131
1005002289093213
4000695254680
32915561750
32692053181
32997371035
32945837147
1005001792244504
1005001501674268
4000623585764
4001299255711
1005001961526192
4000064954561
4000865451682
32958100947
1005002305939788
4000442482530
32830367833
32791632879
1005002008152501
1005002283467465
32881729469
32794295744
33042437636
32972850597
32842006799
32851725676
1005002198665783
1005002293624066
1005002072519452
1005001604159820
33026940480
32981347136
32821888401
4000102991202
4001226116993
1005002440966434
1005001493257810
4000801627753
1005002167898156
1005002332607174
4000390922276
4001115054207
32988851007
1005002231267060
32805725343
1005001579720524
4000767817475
4001196319644
4000310176789
1005001576965251
1005002381818992
32802346891
32972106254
32838076590
1005001430609545
745451399
32846171515
1005001657174948
1005002321175078
1005001868747681
32836437068
1005002377895103
1005001319330936
1005002341476194
1005002244118427
1005002425230852
32961755580
1005002446634545
1005002205934476
32781844755
32990869150
1005002319363078
33023477435
1005001477895694
1005001947791636
4001207480801
1005001936684690
1005001596872178
4000938526054
32946940459
1005001943060131
4000958855530
1699042298
32964378253
1005001958492840
1005001678155918
32391134588
4000743005495
4001122976472
1005002278699045
32946950051
1005002342455789
33034172830
4001312863872
32918332426
33019013110
1005002368629657
1005001502864652
4001298549946
1005002330810647
1005002314307670
1005001685430148
4001215831462
1005001315243612
1005001665945469
1005002312076232
1005002211363108
4000866748134
1005002316069193
1005002321871140
1005001798907245
1005002337311551
4000597840874
1005002211035898
1005001841759416
32589318638
32699386582
4000307211104
1005002315433237
4000358892807
1005001447328409
32323508911
1005002302285104
32503977364
32507506897
1005001579779564
1005001422968968
4000996513371
32790928881
32520598113
4000099788789
1005001848634774
1005002314879504
1005002204510320
1005002141014786
4000338856060
1005002337327908
32823979217
1005002297387916
32955075539
1005001711544418
32286196315
4000350033586
32746488842
1005002338104389
32368458668
1005001899353984
32920533413
662804973
32911798370
1005001291769225
10000024743558
4000319610161
1005001351674206
1005001790537556
1005001343318971
1005001296150935
32398649547
1005001724042189
4000078031580
1005002051623716
1005001903198323
32988216097
1005001523913514
32812755589
32864074773
4000990973632
4001162277312
1005002365536138
4001265804239
1005002321277022
4000576771307
1005002043034944
4001240876838
33003776376
4000458959341
32812977605
1005001732899724
33056654976
4001096467529
1005001558235400
1005001807474886
1005001611644349
1005001738573603
32954379147
2001963719
1005001291591647
4000786225451
1005002303867178
1005001693018290
1005002334279907
1005002433065825
1005002167904072
1005002337224281
4000575704532
32875544111
1005001632230510
4001272039482
4001283905994
1005001515204915
4000960537285
32503637101
4000716022566
33055639459
1005001731260144
4001219141430
1005001854966973
1005002213339023
1005002181440217
1005001316355755
32890546873
10000022849059
1005001495044943
32856755534
32899719723
1005002267665874
1005002088167339
1005001413468948
1005001623198980
32798870077
1005002474702696
1005002376452653
1005001435842749
756069540
1005002263829413
4000585038596
33010223347
4001181506165
1005002259434848
4001106110870
1005001704078589
33055736316
1005001466002735
32967415462
32765794680
1005001864870329
1005002259451532