4000593609165
1005001343521136
32921762559
1005001813070692
1005001808093278
32958811662
1005001525283960
4000188879907
1005001289987037
32810148018
32958272680
33000238936
1005001273439714
33019397034
1005001602782384
1005002368960489
4000060418188
1005002394720880
1005001808827341
1005002252631260
1005002378344163
1005002378750746
32923882671
33008255334
32856174102
10000400042702
1005001905104402
4001153834438
1005001648332857
4001135144804
1005002483050272
1005002073959417
1005002298695699
1005001636375200
1005002236209760
33000707439
1005001438927362
4001230303837
4000178173799
1005001826938735
4000619654617
4001317634054
4001338276580
1005001518774179
33046923238
33014023495
32974946927
1005002271348449
1005001736606897
33035037119
4000744717539
1005001803585842
1005002457916206
4000429554255
1005002424914453
1005001620636712
1005002094047335
1005001688081511
33039921948
32973447802
1005002309652388
32954328567
1005002247269760
4001157550388
4001013029663
4001293696711
32722475701
1005002185296441
1005002200876144
32800703195
1005002400243928
4001042481780
4001283384114
1005002404556295
32992422016
32902181284
4000224073162
1005002297787945
32450719755
33023294362
1005002286580794
32955048048
1005002346235928
32824270841
33021154127
1005002376235405
32676710582
1005002454661512
1005001952888274
1005002471781503
1005002280870523
33002837684
32782136503
32586882891
4001359564297
4001282543268
32870342182
32996530623
1005002356705907
1005002417951671
1083951100
1005002379011997
1005001812327989
33055205615
32798597977
1005001360254319
1005001611247759
1005001803241902
1005002298493066
1005001481432010
4000930261142
32853229885
4001224069475
1005002231911923
32855150679
4001271025950
4000756121778
32944430940
1005002219539451
1005002333351440
33015567939
1005001836317033
1005001850149933
32598029170
1005002283295263
4000765065666
4000829951954
1005001326517756
4000170967439
1005002345845076
1005002459676498
1005001880899393
32912577957
1005002440853668
1005001439061852
1005001608857214
1005002363127646
32858579998
32468118101
33046667021
1005002296887449
1005002286441070
4001317471150
1005002369127734
32656039283
4000546068171
4001040025583
4000550381215
1005002313964404
1005002372210148
4000867812072
1005001519852049
4000052141083
1005002346009557
1005002427900253
1005002439411700
33002063741
1005002310831853
1005002322761112
4000077152034
4000053792115
4000709031987
1005002426107493
1005001377300813
4001136208404
1005001286588262
32794126454
4001154557324
1005002291008308
1005001786981274
1005002252623346
1005002406080253
1005002437078101
1005002294322643
1005002483290144
1005002328547308
32864681461
1005002361506578
4000330506204
32444348015
1005002321018550
4000282346780
4001131922796
1005002113199491
33007210204
1005002372212799
1005001515872620
1005002316429235
4001230300742
4001027822728
4000699405534
4000583134370
1005002247682192
1005001970224629
1005002311009074
1005002256455694
32437604111
32761643724
32859400294
1005002039407961
4000929846334
4000138899447
4001130821156
32897699330
1005002030877824
1005001703408330
32998575686
1005002022940488
1005002081893696
32792444036
4000300334963
33022117745
4000256466361
33051843118
1005002003033603
1005002413260611
1005002359391142
4000174745716
32956287183
1005001547372031
1005002314327102
32812331666
33027824325
32957476607
1005002100919752
1005001834736460
1005001909168565
1005001671116875
1005002433088514
1005001496083033
4000367965630
1005001880073815
1005001931617686
1005001971404321
4000386968474
1005001923480639
1005002363353930
32919361867
1005001436601195
1005001311104662
10000284434726
1005002321609377
32993581346
4001324042714
33035027443
4000486602508
4001162758667
33059572626
4000446163895
1005002283383114
4000449735349
1005002193713650
1005001970279286
1005002424610165
4000866335922
32851559264
4000990871574
4000111949541
1005001317462868
33005048929
4001050871362
32822951869
10000343373228
32973052094
32946845845
4000548657684
32921733801
1005001848833398
1005002278339646
4000736028224
1005002288654270
1005001921690768
32843222342
1005002316314907
1005002203520919
33014834421
1005002023385402
4000257600590
1005002377893720
32967490476
4001161255402
32864648848
1005001377002700
1005002295491322
1005001678626529
1005001852476428
4000904060261
1005002432719504
1005002187441078
32812116262
1005001980850137
1005001577044598
1005002433577333
1005001447305144
1005002238120450
4000881352601
4001017397415
32919252741
32881377680
32999276495
1005002468428837
32827215993
1005001468123655
10000149450547
1005001756858803
1005002116656685
1005001357306410
1005002329841859
32624361688
4001335568325
1005002400448558
4000192497390
1005002227908336
1005002304503122
1005002277538700
4001261625548
32656281939
1005002497306466
4000385572462
32657162939
1005002239286354
32856372964
1005001415474170
4000423949271
32824294217
1005001809534833
4000090389919
4000623939183
1005001476635324
1005001345602886
4001147712029
1005002482747870
1005002314088005
1005002449712107
1005001848774045
1005001997600882
4001037751607
4001294226346
32751967832
1005001529663886
1005001871141657
1005002243299824
1005002239009097
1005002283003177
1005002438473199
1005002132988177
1005001900554982
4000153776009
1005002339147787
1005001922735512
4000979440886
10000210502236
1005002347614315
1005002017670684
1005001431347501
1005002466486339
4001037217291
33045393666
4001046287510
1005002450995160
1005002460768113
1005002452941107
1005001556570258
1005001752261175
1005002390518561
1005002457969823
1005001822887716
32901301920
32968076610
4000073812047
4000557611915
1005002129818346
4000220109230
1005001764975568
33004813323
32902276869
4001255510527
1005002337807931
1005002394884089
4000028873948
4000959704253
1005002252885232
1005002276957407
1005002365074507
32969033521
1005002291350474
4001167522320
32992153089
32287975721
4001022587945
4000955842382
33008972589
4000865006449
1005002316454676
1005002288440702
1005002311466422
4000784847697
1005001887518964
1005002336656168
1005002351138389
4000867921060
4000311766730
4001210804865
32644108055
1005002293338132
32838218055
1005001757345984
1005001603475725
4001061127345
32893824232
1005001797959035
1315317067
4001207252467
4000546070778
32670067789
32971398553
1005001479163581
10000088402782
1005002371078858
1005002358966014
1005001590616200
1005001625681103
1005001571097314
4000241844412
4000288959508
33009512552
1005001625355869
4000001742758
32889509262
1005002351412341
1005002055394854
33057419995
1005001705189861
1005001557265058
1005001450134510
1005002291594772
4000959736332
33013755063
1005002371503354
1005001498070460
32978947481
33013690075
33038787299
1005002383188661
1005002428294969
32807882628
32858226592
32758423313
4001283036461
4001282981267
1005001558540169
32967952065
1005002386559336
1005002174652718
1005001721680439
32780828467
1005002333999806
32897613888
1005001606135785
1005002230382240
1005001478206711
32275942893
1005002068913000
4000074842680
1005001644992115
1622599149
4001200751259
32975163639
1005002025346435
1005002034672361
1005002286624306
32866612248
1005001982251925
1005002314110524
4001112394232
1005001688057329
1005001966778020
4000507058253
1005002453648398
1005002337322481
1005002314445005
1005002180333408
1005002340674623
1005002274005739
33031859420
1005002286400282
4001042025199
33057297731
1453537791
33061951939
32464776408
33036886403
1005002298645786
33061423136
4001147248856
32952617858
1005001817479789
32928340081
32800802949
32945448987
32498485677
4000799011909
1005001441457204
1005001737029931
1005002275800495
32787409946
4001225914612
1005001452254871
32970182695
1005002025658243
32377503249
1005001686019982
1005001492734945
32976863344
32782398992
4001320339703
1005002362929458
32949520674
33051862097
1005001812799524
4001069672315
32996011004
1005001600505003
32447751906
1005001621396243
4000976204817
1005001851238028
32647384268
1005001877799767
1005002348711933
32979423988
4000710076853
4001052647457
1005002281625245
1005001567046324
4001216472938
1005002314009935
1005002442743279
4000537088434
1005002260100054
1005002256229745
1005002317457042
1005001447265997
4001083383228
32986320037
32771885174
1005002191603898
32852655034
1005001890121156
1005002296936126
32971927689
4000049734995
33008885790
1005002405356688
1005001935722771
1005002432341856
1005002316726386
1005002477539777
4001231296831
1005001965050904
4000625751521
4001067088216
1005001586264752
32690524189
1005002287434310
1005001817621547
1005001502728086
1005002313842437
902564915
32868377381
32978803634
1005001566514828
1005001596242311
4001003893704
1005002484666103
1005002297005089
32888307067
1005002447896065
10000186940017
1005002496725059
1005001732118037
32956683932
1005002074051060
32956097369
1005002387710597
4000109582493
4000842642644
1005002411524118
1005001348790612
1005002084819698
1005001812448868
1005002328275314
1501541768
32973616734
32974583974
32975434094
4001148474886
1005001792612267
4001248929541
1005002285693121
4000546568830
1005002326372241
32974102632
32950604691
33058311818
4000308502269
1005001829867303
1005002336715391
4000888962782
1005002316959569
1005002167880526
4001334148375
33011452884
1005002316251748
32836203821
1005001614492001
1005001806358102
1005002301135772
1000008701655
1005002428179298
4000626599512
1005001385639693
32863323640
32855082803
32999816041
1005001799123206
10000145925206
1005001721576736
4001066608556
4001199639588
4001347969195
1005002338458410
1005002419087251
1005002245626544
1005002055414212
32376790811
1005002323137143
1005002496650266
1005001871091752
1005001593200617
1005001889988976
1005002341157543
32603905609
32231260126
1005002257121637
4000321490123
4001124624132
1005002468450276
32955342770
4000706210992
1005002450452288
1005001813689446
10000032928378
4000699318329
4001070673387
1005002380898287
33039349004
4000547665241
32670786255
1005001990604340
32376522513
4000322319302
32913547258
1005001481332751
1005002247422558
1005002323569898
1005002401777781
1005002364294602
4000143587712
32882215623
1005002170868979
1005002190499683
1005002312030508
1005002301364222
4001259499925
1005001658882441
33005975025
1005001859448454
32947654909
33022739516
1005001355025387
1811484084
1005002306278690
1005002361475165
1005002239260005
1005002354293811
1005002346287472
1005002406427802
4000166622105
32924006756
32831867790
1005002438263295
4000234306563
1005002387301874
1005002246841459
1005001383688063
32953394864
1005001653242696
4000503671579
1005002287716902
1005001604070352
1005002341358187
32822695414
1005002064604533
32993944474
1005002284245400
1005002181847076
1005001779534490
1005002264363650
1005002449264184
32846970623
1005001341327183
33005362006
1005001279800818
1005001850792358
1005002360075472
1005001614321874
1005002465432688
32858730853
4000922381492
1005001359724810
1005001992191840
1005002130105400
32378875405
1005002231403385
1005002264045483
1005001405520202
1005002096467473
4000989638398
1005002291086020
32974917458
1005002450331224
1005002475824685
1005001402893666
4000341444039
33045316559
4001167811830
10000400010056
1005001516759430
32736944726
1005001525994352
1005002429421148
4000536999657
1005002259514527
32376093758
1005002330776318
4000574994784
1005001797758165
1005001667110303
33042982394
1005002049822797
1005002270130700
1005002337269841
4001179708015
1005001380750508
33012841568
1005001587550974
4000037852810
1005001593931799
32633514533
1005002375179703
33025618921
1005002265169662
1005002108694094
1005002000260218
4001127707342
1005002289574898
32837472269
4000934993635
1005001710307477
32853759796
32811527934
32766087961
4000711843619
32794636050
32822768369
33027353717
4000055377161
4001204415046
32514010598
32878300111
1005001713688556
1005001412823638
33015687328
32916141815
4000782194154
1000001673562
1005002120333384
32918050328
1005002346147477
4001100728056
32895570296
1005001626428604
1005002351551516
4001205208104
1005002262390153
4001057276293
1005002348674601
32963795121
33058188219
1005002399451555
1005001922814576
32926379073
4000429603163
1005002413025175
1005002380608380
33046826334
1000006975368
1005001825260211
4000808168498
1005002305268767
1005001538729166
1005001639222862
1005002314359553
32680914054
1005002113258326
32849379531
1005001324736554
1005002311191143
4000346974350
1005002283482473
1005002312205944
1005001803188812
1005002284337533
1005002490563966
1005002357044908
32623881508
33054614159
1005001361355731
4000115948043
1005001972392513
4000447501072
1005001971936602
4000910483765
1005001286716923
1005002023531530
32938396046
1005001804123802
32817526411
4000402729167
1005002302351251
1005001931406696
4000704024215
4000805097606
1005001616884321
4001033225846
1005001280406002
1005002354532967
32965367603
1005001677512538
1005001265684246
1005002111033842
1005001772165962
1005002124329955
1005002307724334
4000510382850
1005001333888056
32884627501
32843911444
4000674885477
4000941500534
1005002302318049
32981752856
1005002368595144
1005001700962976
32870824697
32848392772
4000500333217
4000269000974
4000983581711
1005001663154077
32576288890
1005001705384051
1005001808873501
1005002239381923
33039249308
1005002425333393
1005002489473426
1005002357645641
4000432895674
1005001640662322
4000324430467
4000813599061
33013833135
4000704096229
4000101337244
1005002310099019
4000344264219
4000270659023
1005002283619267
1005002442813885
4001178829898
1005002443506908
32668347581
32961332915
32758279900
1005002006260598
4000683313571
33031847704
33046226178
1005002454740551
1005001698705472
1005002395196705
1005002436012601
33023463830
4000204758526
33063366302
1005002443509068
1005001611371964
33037492095
32822552988
4001101559601
690531399
1005002250576458
1005001703156572
1005002424100089
32995014232
1005002367497194
4001061440533
32919833272
1005001424630664
1005002289123184
1005002096047728
32728937693
1005002372648922
1005001364864215
1005001549209952
32975812935
32873648468
1005002003022224
4000844878636
1005002482811188
1005002074825474
1005001851965750
32922220108
4000248209073
1005002257910856
4000693610305
1005002378263629
1005001704564747
1005002377346584
4000822751289
1005001359345643
4001251294036
1005002120050047
32863987282
4000277932080
1005002425668380
4000263588976
1005002174474698
33039819401
1391694653
4001085050604
32970674878
32605235196
1005002054651897
1005002332461346
1005001867905428
4001050502266
4000714432914
1005002409869129
2030490898
1005002066070304
32776372008
4001214027315
4000430308471
1005002359746019
4000280693044
1005001920781922
32299957743
1005002338582325
33028556214
1005002083532684
1005002339808454
4000788724597
1005001603978382
4001327355564
33003064995
1005002406210026
1005001974046075
1005002073395959
4000777447005
32902898605
32980812057
1005002313433320
32994672600
1005002327991881
1005001588602698
4000080367728
4000314558053
4000264798211
32861811416
1005001546566107
4000411125361
1005002060965304
32784774523
1005002482338453
4000507402404
1005002239699014
1005002259604768