1005001451655269
1005002253245234
1005002447891092
4001057868280
1005001645233954
10000311312974
4001149364778
32769469298
33005235507
1005002264658899
33015838853
1005002337288807
32819456972
1005002011217687
1005001976529831
32840554740
1005001765983297
1005001417541946
32826709439
10000156986712
1005001570324926
1005002322519516
32908899197
32968063749
32794149133
4000348108945
32960112517
1005002264342613
4000118765516
32999133634
32901398024
1005002320597028
33023410819
1005002239893858
1005002443580081
1005002284093009
1005001613191278
1005002136442780
1005001666423842
1005001616875230
1005001304455107
1005001392395690
1005001595752515
1005002285499937
1005002095402437
4000811340203
1005002316434279
1005002303853221
1005002314619241
4001074294997
33052612530
1005002208489461
1005002298661333
32962804126
1005001525471471
32983265128
1005001374533210
32962365397
4000029025364
4001272177884
1005002232125017
1005001598951005
4000695157824
1005002395132156
10000125916246
4001138424510
1005001360922026
1005002271162082
4000953661771
32911837589
1005001693284432
4000852763030
1005002448461704
1005001656673400
1005001939796087
4001039271679
4000034084209
1005002069801913
1005002276463410
4001065500120
4001181203680
1005002458631324
32950220984
4001080025541
4000729664331
1005001832222555
1005001354298565
4001142304346
32583469704
4001139033256
1005001525269833
1005001450302488
1005001642633917
1005002327278143
4000084606460
1005002483119228
1005002457602407
32996929653
4001012656636
33007521693
4000068807424
1005002356989871
33056562830
4000849305042
1005002277798713
4000537463234
1005001338351390
32901557702
1005002395934770
1005002328471906
4001360526273
33021357075
33055095128
4000162891822
1005002413223954
1005002254548013
1005001525488446
1005002357778176
1005001781345826
4000469443981
32884566703
32820040664
1005002314367221
1005001750770655
1005002171808027
33040265160
32658361225
1005001585651455
1005001319803210
32854530772
4001365324393
32957789272
4000598618839
1005002329746723
1005001882529326
1005001988589335
33002306579
1005001694699674
1005001918601151
1005002329996170
1005002028709523
1005002343448394
1005002436388818
32877415661
1005002408353373
1005002006558344
1005002394043294
1005002279118401
4001031854006
32389335217
1005002328150833
1005002201625428
32564976102
1005001949405289
4001064309157
4000955822079
32784545683
1005002246703304
1005001692261844
4001066252057
4001125548859
4000250233878
1005002260924457
4000809449115
4000927306720
1005002221991042
1005002318451819
1005002271058112
32772847175
1005002210806217
1005001290388024
4000096624551
1005002295462696
1005002353311218
1005002303889659
33038070686
1005002082007095
1005002064084221
33011819495
4001179593446
33004868126
32821491522
32647193394
32968449448
32881587199
32953771343
1005002338277141
1005002268698235
32968979735
4001226992511
1005001503829966
4001282801715
4001054230314
4000585051418
4001283602588
4000588316566
1005002377073561
4000228407186
2024254782
1005001998008018
4000270796199
32997482321
4000310643453
33007666294
1005001447228430
1005002496187833
4000032918393
32981086517
32506531223
1005001670849399
1005002490975718
1005001927629471
1005002312498208
1005001600754241
32815829464
4000967005863
33014152644
1005002314776139
1005002053467732
1005001794450186
1005002486960429
4000150977918
1005002383058960
1005002402301031
1005002198298451
1005001678583238
1005001995053936
1005002258534153
32854628495
1005002175108811
1005002422176370
1005002495954453
1005002323076321
1005002318562944
1005002234220289
4000263567616
32858033424
4000172242987
4001252654514
32949782082
32788688151
1005001664096322
1005002459724772
1005002232725937
4000028352793
1005002448850135
1005002267731066
1005002424505472
1005002244634141
4000062580556
4000105876457
1005002412024846
4000364362766
1005002355562807
4001307663053
4001186202022
33053121778
1005001900846208
1005002490504060
1005001928542085
4000047987074
1005002389109047
32973951535
1005002299069447
4000207074732
1005002128387804
32844439189
1005002162434776
1005001425667177
4000721275885
32959432121
32953681414
1005001682595147
1005002312153365
1005001500071481
1005002253781745
32367129800
32978567488
1005002399747749
1005002310246324
1005001678321728
4000158042507
32861454368
33040320320
32920354922
4000986630564
4000033097550
1005001340006779
4000917714564
10000005012156
1005001621297023
32957493735
1005002018045406
4000017029972
4001061935239
4001023036206
32856547353
1005002225253315
1005002417935558
1005001420292703
1005001805371337
4000375902111
1005001655200750
1005001573878209
4001084755020
4000439288036
1005002288425325
4001106961070
1005001652452460
1005002073590075
1005001586942041
32954393921
1005001531272748
1005001505002016
32934791383
33015082181
1005001360421978
1005002363408545
1005001608729491
4001074248227
32782512427
32898846882
32809370197
1005002374607416
4000287986870
33025157655
1005002297238238
1005002314185542
32925762893
32847568929
1005002482418487
4001146802542
1005002340697250
32946016612
1005002059883372
1005002322679098
1005002080906548
1005002323988435
1005001955252095
1005002313352022
1005002253788288
32980110007
1005001380508170
4001244416929
4000371579121
1005001971923768
4000095375581
1005002275314433
1005002292375032
32968207593
4001280335756
1005002338935506
1005001585281242
1005002265100117
1005002288579541
1005001525306858
4000406400003
32859457707
4000333152650
4000680938194
4001151913080
4000735455260
32371896218
4001171322962
32856799712
4001220691656
4000926726470
1005002341771018
1005002367958251
4001039328516
1005001603581847
1005002255656947
32465190787
1005001809889557
4001135554326
32933146167
32881651736
1005002317301929
1005002343326540
1005002381238172
4000035298210
1005002364972920
32971039219
1005001727312414
1005002081197420
1005002393704869
32582131867
4000136261608
32843628395
4001056991489
33000077740
32894930394
1005002321824918
32670529224
1005002009422464
32921511290
1005002275311292
1005002011245681
4001021116269
32703996550
1005001630827133
1005002339025704
4000026034629
1005002367382921
1005002437564389
33054475348
1005001592466499
4000765117997
1005002467891972
1005002240124017
1005002494467727
1005002004259497
1005001333646203
32774804171
32798974348
1005002427623880
1005001698722223
32507513859
32580831740
4000072021173
1005001494137045
1005001682868282
1000007854316
4000336020297
32698887276
1005001848665848
32969277076
1005002103136485
32419073702
32846212528
4001005891852
32917823046
1005002095912084
1005001628300890
1005002462230271
1005001287982435
4000736589521
32801691638
32467885992
4000997325235
33037043181
1005002301564496
1005001441330673
1005001937687128
1005002481752083
1005002388768417
32954023846
1005002325498513
1005001394628131
1005002466038759
4000007235177
4000677332198
4000844829291
1005002315277635
1005002315674199
4000367321230
32971363406
4000303183485
1005002283157218
32900384148
1005002381443972
32704729109
33003418231
1005002217250589
1005001895858673
4000628856331
32998703751
1005002447664006
32475524940
1005001690695742
4001095985116
1005002484307626
1005002294235577
32739087293
1005002467515914
1005001793164348
4000288114951
32953104658
32921062575
32827430565
4001250679783
4000994146988
1005001328920083
1005001292724207
4000210535864
1005001455966655
1005001705436182
1005001547076648
32818559485
4001068963952
32276337356
1005002461224023
1005002483704763
1005002291601226
1005001425684795
1005002246384566
4001349597823
1005002372774672
1005001315478578
1005001943139081
32904210542
1005002314981189
1005002341101505
1005002297050173
1005001511009089
1005001900686474
33005256622
1005002119211791
1005001991745578
4001279123885
1005002254087348
4001085896024
4001156052227
1005001780030011
1005002499194473
4001244545033
32947367438
1005001820874072
4000850201733
1005001731208826
1005002449679982
32894848863
4000723092386
1005002116826820
1005002281676131
1005002495324507
1005002039596460
33057345282
32906814633
1005001899409953
1005001278430892
32950607918
32868173080
4000112093654
4000019525521
1005001626428882
32825984416
1005002022558464
1005002314007548
4000043662937
4001233730437
4000278086912
32214214417
4001154422152
1005002486290681
1005002034405732
4001322722436
4000341308983
1005001997133951
1005001779647333
1005002311067928
1005001420153497
32865432014
33003571096
1005001452729406
1005002500518221
4001309751355
1005002387044167
1005002433346978
1005001415996544
1005001875694132
1005002359161650
32781779378
32866127637
32863112057
1005002333144424
4001331158951
4001244601800
1005001494780472
33008951231
32798233968
1005002309036582
1005002444276622
1005001279053771
4001244542442
32231872588
1005001805990276
1005002097299817
32849913989
32717032624
4000167299036
32964183508
1005001722628923
32951000585
1005001934261541
4001134866899
1005002332989163
32849734040
1005002319389237
1005001829180742
1000005706748
4001002968674
4000090264754
1005002136529295
4000117659309
1005002293644443
1005002054525604
33058723584
1005001529107006
4001245568204
1005002234172632
1005001357427893
4000198280925
32920254718
1005001547827048
4001361896492
1005002412327925
4001278425265
1005002322043794
32817566730
1005002298439156
4000919283579
4001181032156
1005001677903842
1005002292977323
1005002277395993
4000937676886
32963920981
1005001316341796
1005001418130197
1005002255486440
4000252052919
1005001869458629
32462059614
1005002267648230
32923275399
1005002334324442
32842685436
1005001647105397
1005002424740608
4000990386426
4001057022180
1005002104850967
1005001291040191
32764518482
1005001563867104
1005002318367025
4001083705290
4000078655404
1005002373596331
32907127733
10000177891964
4001027050830
4001054730403
4000240687354
1005002483771778
1005002276181070
4001192053700
32966746020
1005001291236656
1005001567655122
1005002168031543
4000381010807
32880514012
1005002355215779
1005001469905836
1005002454270426
4000112452182
32900856316
32433411180
1005001578953630
1005002304156957
4000314412002
4000722009518
1005002267507898
4000215216845
1005001621885607
1005002348428113
4000910689101
32908317080
32796667421
32976702106
4000260230003
4000028132806
1005001867124989
1005002221259107
32891229123
32869989309
32635045028
32750447650
1005002345097209
32819336272
33053565391
1005001807324510
1005001874710664
1005002248760274
1005002029180662
32704692629
32799147989
1005002303597565
4000960627653
1005002414333537
4000149434961
1005001479402993
32862934887
32943613824
1005001456840496
33011331409
4000080240921
32358316097
1005002071623920
1005001794992780
4001261466222
32620757361
4001332916546
1005002487238681
32320996487
1005001616137825
4000668239849
32891287657
33029423288
1005002337177624
33014764493
1005002469312364
1000008681467
33010958168
4000453560458
33034637334
1005002298491002
4000387045984
1005001355263211
1005002290050865
32804641542
4001332725327
1005001437472291
4000081605254
1005001685359430
4001228775050
4001170981481
1005002011638832
1005002020478720
4000078554594
1005001567687170
4000183394853
1005001524503415
1005002265896831
1005002236065235
1005001877538809
32983087992
4000174078056
1005001600127717
1005001905871260
1005002351966364
1005002351648271
4001224309248
1005002258241192
33046311413
1005002080423667
32949234609
4000965917182
32831647214
1005002380429484
4000113531967
32882845303
4001217740872
1005002468444110
4000971208774
32799940359
1005002421441602
1005002435844051
1005001529975360
1005002244733933
4000212662678
1005002422151074
1005001944272959
33033607142
1005002315458405
1005002262423115
1005001688075971
1005002221314328
1005001518819198
1005002404588387
1005002328538273
1005001360470283
32958834795
1005002291521280
4001038372351
10000318166306
1784513759
4000026637087
32865096638
1005002363402144
1005001891200077
1005002220813700
32971803843
1005001741198163
1005001599650202
1005002142171359
4000815935131
1005001500870847
1005001907102889
1005001930260628
32819992988
1005002450235505
1005002371768339
4001326857324
4001135741083
1005002047534099
33034357865
4000069922077
4000725688257
1005002032112380
4000086844673
32918738869
33007470057
1005002363085490
1005002434500093
32864882549
33009584240
4001196467198
32694278984
4000183918925
1005002330007001
4001202748468
1005002398669073
32301304083
1005001776938104
1005002376961007
1005002443571320
1005002370521385
32656462271
1005002054907580
1005002314282746
1005002317094574
1005002002761222
1005002410145278
32851913398
1005002334182063
32610601600
1005001843594078
4001224324021
32743790307
1005001608556727
1005002291681278
1005001705288936
4000729585723
32920959946
32917460379
4001163046727
4001252138186
1005002263628427
32733798223
1005002351570427
1005002257935301
1005002394912089
4001208512749
1005002301177442
32961740106
1005001565097366
4000627078750
1005002382964088
32849100183
1005002457596892
4000334487859
4000591478256
10000089320042
1005002358248483
1005002190519860
4000155383816
4000715488132
4000739982780
32739533797
32814278649
32950741531
32968378156
32912268314
1005002328177485
32374751528
4001162781988
4000594592218
4001013074274
1005001458456034
1005002191798232
33056337284
1005002412883468
32981570115
1005002298345739
1005001447219356
32844107757
32843506605
1005001501285131
1005001556023295
1005001429476062
1005001510343119
1005002258799989
32964290587
1005002396796891
32850822290
32615208523
1005001268600747
32411667316
32957228721
1005002425901812
1005002448780011
4001207384423
32958393298
1005002352659325
1005001516036218
1005001463934834
4000770912146
1005001625642990
32810197530
1005001432745232
32994953383
1005002467422665
1005002407978709
4001245145877
32952042897
1005001843529008
1005002313828219
4000100633532
32978597899
33027525871
32812508007
4001042559075
1005002369460058
32623036087
1005002282251333
32896292741
1005002288437716
1005002185202785
1005002053373096
4001235832095
32964704857
4000192257419
32709957878
1005002389247923
4001014091499
32842688607
1005001441510039
32846213671
4000392151507
1005001820445290
1005002356083365
1795577078
1005002376758673
32951261896
32823070485
33023212692
1005001758970144
1005002265231538
1005002278421220
1005001450603228
32986243658
1005002205769081
32885838593
4000955834081
1005002326437958
4000095540131
32680027191
1005001813227288
1005002433569871
4000230746428
4000074440221
1005002200061710
32795118238
32952297864
4000377451342
1005002199247591
1005002433541940
1005001626318293
1005002038652787
1768984655
32951970149
32962170130
4000355310651
1005002012068121
1043509365
32516112678
32955012341
1005002392594188
4001211713539
1005002397796264
1005002454326935
4001014276419
1005002255841247
32830092270
4000040784647
4000787379518
1005002482466099
1005001493358838
32966563571
32793076635
4001149840207
10000269668482
32960077220
32836774739
32842906171
1005001490552376
1005001602261416
1005002197160540
1005001678375145
32850731726
4001287295965
1005002073808961
1005001425973919
1005001297567622
4001150555331
1005002448866593
32461429013