1005001847608034
4000955915186
1005002464819502
4000315113523
4000480256208
1005002264317826
1005002223896944
32897228133
4000833295850
1005002359111538
1005001685858177
1005002289967481
1005002063325660
1005002063855554
1005002245073162
10000342385877
32846221980
1005002206191438
4000917783702
4000099126956
1005002277807583
4001344694965
4000385345188
32976402902
4000699739747
1005002018162186
1005002422970875
32895146652
32958251530
1005001687772892
1005002234415698
1005002314715963
1005001838723811
4001283429933
4000101655592
760063859
32717873303
1005001454034705
4001226473733
4000314919673
1005002424009483
1005002293210795
1005002357333583
1005001785868187
32799269877
1005001514514394
32971036733
1005002369547424
32960482154
1005002228378949
32999555471
4000028195187
32791397033
1005001763508968
32979562105
1005001658565976
32809619147
4000919666965
4001112772160
4000526284013
32938893716
1005001893118935
32795513989
1005002274170409
1005001967679542
4001239721428
32953677306
1005001639977616
1005002384757532
32992304920
1005002258780754
4001304884154
32974907003
4001112106314
4001084391754
1005002103057545
1005001947029430
1005001936219085
1005001884815629
1005002412781605
1005001618184604
32967932029
1005002028628649
1005002277476899
1005002400853625
1005002246312351
10000287757123
33009200867
32669063797
4001021200741
4001226635306
32966243903
1005002454512115
1005002223725518
1005002294791977
1005001586001775
1005001775824191
1005002326895128
33015403756
1005001887897098
1005002282436011
1005001441385629
33056845123
4000746243217
10000381143065
4000831149791
32631939599
1005001660043658
32935462366
1005002400084466
1000007583684
4001136584124
4000594440171
4000641459250
1005002303209837
1005001992111903
1005002308907906
33005790946
1005002167817228
32912400505
33044282159
32974880540
33013676941
1005002377185016
4000482863193
4001209016450
4001061723793
32928414826
33025065684
1005002211984461
32921945898
32839134094
4000129106222
32955511735
1005002326109573
32969918389
1000005782074
1005002234923922
32973459830
1005001700909646
32698201687
4001038641427
1005002315708014
4001204119049
1005001957274826
1005001811005412
4000711930684
4000987445044
1005002125308394
32537572467
4000811554168
1005002293186781
32994804031
4000927540854
33033614646
1005001628605706
1005002181952853
4000969215614
32960727888
32815215738
1005001670941947
1005002277880498
4001023064533
4001035393683
32609650722
32866216426
1005002313094687
1005002087463965
4001278860821
1005001862960029
32682870229
4001049798443
1005002065542781
1005002168156191
32997646620
1005001958434355
1005002310825032
4000850580092
32306982981
1005002342594096
33035560992
32961071405
4000307520762
1005002237209783
1005002496105230
1005002200341221
33029117598
1005002400738137
1005001728649879
32802821547
4001178356469
4000062012334
1005001973009265
1005001947548278
4000924549463
1005001361273718
1005002198667781
32890178943
1005001676951117
1005002271558776
1005001723785580
1005001927615541
4000183656320
1005001456819503
4000409153419
1005001590648145
1005002331909927
1005002087937347
1005002252094928
1005001992011588
1005002239896966
1005002324880090
32919466890
1005002305722857
4000072488473
1005002488256633
1005002279955859
1005001305326652
32959565552
1005001571953059
1005002151446774
4000853344075
1005002477707421
32894850483
1005001888287235
1005002379435469
4000299724735
1005002182447419
1005002246268917
1005001481728371
1005002291019300
1005001560082625
1005001827423142
32796549353
10000383684755
33004720175
1005002337860136
4000224578827
1005001848537314
1005002351555127
10000330040239
4000969690618
1005002100624651
1005001957036962
32989521429
33000701996
1005002470166122
1005001852472043
1005001622981332
1005001679439013
4000917797969
10000289972866
32967580281
32838262704
4000674410940
33024602280
4000075166146
32952421423
1005001808507447
4000061424196
32854132032
1005002237596625
1005002424959856
32784646204
1005002346729652
1005002323401054
4000317321575
1005001997099377
1005001375530335
1005001831952089
1005002277803327
32300956178
1005002027681278
4000282108372
33003322609
4001250647689
1005002334214962
1005001526104193
4001026769639
1005002055645918
32792918631
4000850793143
32926554049
1005002333881672
1005002357582900
32578392579
1005001931011067
1005001573731373
32872317295
32989380658
1005001844279454
1005002313505261
4000237755009
32475305529
4000274851020
1005001854658822
32979679128
1005001393030554
1005002270996291
32964124832
32626279426
4000703356230
4000748073895
10000402399483
1005001589246458
32902631480
32964346331
32997601237
10000089297927
1005002168225715
4000235465412
1005002273545245
4000812254646
33032994624
1005002296875488
33004348106
1005002256227886
4001226801692
1005001531187109
4000805223732
1005001813374515
1005001743027766
1005002344724857
32708907740
1005001461811637
1005002364926520
4000222289932
32637827416
32612484293
1005001883144922
32823813574
1005002329432850
1005001758398805
4000415146982
1005001572331642
4000923092081
4000061955517
1005002347242168
1005002026886644
1005001790049741
1005001588274174
32918796515
1005002275826855
32967939452
1005002323459870
4001156201818
4001190777709
4001257197946
1005002396965812
4001343352741
1005002342158597
4001278132039
4000420100924
1005001733239296
33000628542
1005002454473053
1005002220953959
32960991100
32868140929
4000528190030
1005001878522116
1005002320278391
33052921975
1005002006737742
4000460707373
32893324268
4000983917686
1005002167848253
33001846200
1005001615537069
4000328235497
1005002311556891
1005002090105871
1005002310264487
4000809259862
32802787285
1005002334091229
1005002134911918
1005001806257766
1005002314276697
1005002350721231
4000885771200
1005001861012999
32848562282
1005002370132089
1005002035740538
1005001871955590
4001279435801
1005002421173307
32873470910
1005002413400987
4001248752934
32830200890
1005002225952256
1005002297861955
1005002448089395
1005001897416776
1005001582093266
1005002254355108
32785640928
32756086297
4001272866502
1005001625990898
1005002115764312
1005002443414790
1005001514419420
1005002356624293
32734967534
32997833093
1005002074217688
33006726266
1005002304320737
32696928276
1005002314872092
32842650315
4000708803629
32847930479
1005001616078722
32952037058
1005002190814390
4000510904622
4000682635800
4000448830851
4000670653524
32799840921
1005001337568290
1005002277262904
1005001982431517
4000003691069
1005002283121869
32746678546
1005001470531582
1005001640371361
1005001350938282
32999463517
32881262085
1005002319225615
1005002346809201
1005001887739604
32852290260
1005002280950141
1005002119658391
32849815121
4001125538057
4000155386129
1005002475443072
32989557357
1005002388569193
32857787952
33050759526
4000501890757
32801219052
4000945113936
4000238830036
1005001723957259
32848344522
1005002119219127
1005001377178271
33027725879
1005002408909254
4000111913498
1005002333173727
33045763794
1005002406815471
32847794492
1005002338113563
4001058309163
1005002495882080
1005002271129782
1005001451192721
1005002400820233
32589624789
1005002310529599
32920890947
32750414538
1005002310955393
4000199912907
1005002466182671
1005002500409892
1005001722082341
1005001560178797
1005002314195680
1005002043101304
1005002246521050
33012884028
4001310738978
4000073983966
1005002229265638
32301519591
1005001898761682
1005001615505006
1005002430394671
1005002409238854
1005002261111664
1005002168822559
4000351646124
4000666551480
1005002339231723
32833287710
1005002370278544
10000314238705
1005002247763138
1005001729297250
4001332212000
32950458980
32670366856
4001284003281
1005002346309457
32451065365
32818060264
32885894561
32956239455
1005001792985636
1005001642909909
4001044248631
32796021953
4001170256544
1005002012349146
33059442983
1005001533273773
32983751601
1005002165071149
4000704179753
32831670224
1005002337596504
4001333288737
1005002124791701
4000569841839
32928343517
32735691881
1005001908544913
10000395840040
4000686351513
32964259484
1005002322909487
1005001657049183
4000844735754
1005002261603292
4000055180710
32813816635
1005002426578329
1005001927496998
1694519379
32897837335
4000319558676
4000121061569
1005002474253344
4000023608144
1005002425738375
4001149894183
32842914157
4000004705200
4001294564632
32886537526
4001204126570
1005002357228314
1005002492815550
32951903254
1005002287944014
4000993060204
32857827101
4000274549491
1005002388559890
4001276283834
32820749511
1005002049517990
1000008561435
1005001351339681
1005002232593908
1005002285676379
1005002447424864
1005002388970377
1005002483545271
4000484051475
1005001328534475
1005001890526718
32756995972
4000190516079
1005002316934743
32824489648
32897551429
1005002340067285
1005002400451170
1005002345068991
1005002406490300
1005001521253797
1005002185371487
4000585756135
1005002316430254
1005002358542309
32904836162
32864609086
4000418249879
1005002432771205
33054620305
4000068046962
4000213986902
4000373865599
1005002315859562
32833126351
1005002447201999
1005001459308728
1005001891167232
1005002489840577
1005002348222409
33031744029
4001153874291
1005002333807543
1005002436009125
32900773178
1005001784995929
1005002314417081
32749802413
32323473848
1005001953554413
1005001929492427
32998832311
1005002170929371
33043541001
4000764468876
4000706787690
1005001580759519
1005001278977239
4000930212326
1005002296733645
1005002271758640
32985609556
1005002345084929
1005002454431252
1005002383655416
32993221239
1005001882320530
4000823312008
1005002419672113
1005001343271250
32991304641
4001273231472
4000772126924
1005002490336838
1005001338716166
4001150781265
32612751979
1005002408192003
1005001525396716
32954513829
1005002432469017
1005002338744929
1005001365452606
32966236679
1005002467100614
1005002232921239
4000377788224
4001012438984
32908822930
4001299163823
1005001350854130
1005002459212816
1005002281231758
1922246231
1005002315851203
1005002012330196
1005002247874384
1005002345644694
1005002253006698
32966696127
1005001355589443
1005002490435445
4001054050029
4001165550282
1005002204395520
32864276791
1005001796998548
1005002290942578
4001180342711
1005001977460187
1005001709629688
4001339597171
1005002335255589
32961156513
1005002428738156
1005002214126929
33030137610
32957477328
32794518327
4000554795363
33015188803
1005001292677605
4001271880360
1005001937176457
1005002330720394
33058276961
32994133968
32900581929
1005002412839903
4001153793621
4001038544659
1005002328152859
32735982879
1005002347244161
1005001424915971
4000115755061
1005002246749329
1005002161616101
1005002375477842
4001326226666
4000554841080
1005001714265802
1005002213215676
4001195654090
1005001763020051
4000297587411
4000556228731
32573373991
1005002353398012
1005002314031167
32500713122
1005001525442378
1005002255945732
1005002394421936
1005001831744701
1005001429353669
32968487306
1005002241720956
1005002198304574
1005002255161167
4000321461251
1005001896119447
1005001966738072
1005001566324967
1005001822417164
1005002250947216
33013511072
1005002470297026
1000008308422
4001130949128
4001186108251
1005002260601936
4000966387608
1005002294564713
2031454237
1005001656979281
1005002461187981
33018693878
4000945158320
1005001981378028
4000966499910
1005001505474256
1005001604292196
1005001880617284
1005002291964941
1005002373357738
1005002370167370
33017915359
32896011335
1005001473594825
1005002049198954
1005002272922109
33026849940
1005002352109776
32945601070
1005002202046108
4001201579148
32893598888
4000147097065
1005001495941696
1005002489018584
32951434919
1005001355199050
32874986556
1005002333392539
32839607937
1005002490501641
1005002317226716
1005001274639370
1005002333876537
1005001892072804
32836555721
1005002264594283
1005002214982843
4000626626842
32612429487
1005001928596778
1005002359587664
1005002060259166
32622078568
32964810694
4000850705103
1005002053510979
33004234735
1005002284209972
1005002416743945
1005002436143112
4001170782184
32977159964
4001309896282
4001161036581
4000730633133
4001223826180
33030629609
33011362199
33028408808
4000535128468
32912349694
1005002393028037
1005002442572298
1005002316633760
1005002295384790
4001294100393
32586595937
4001294969611
4000747393800
1005001756928308
1005001786136877
32784863270
1005001293219435
1005001446450338
1005002351450949
1005002276974225
1005001481976818
32923775137
1005001313629115
32821517791
32950581828
4001321461563
1005002350177048
4001195924032
1005001685001345
1005002121019178
1005002231562707
32975572208
1005002496334302
1005002460896039
1005001387839532
1005002262532363
32950475901
1005001617533394
4001131870661
1005002418225962
32856494621
4000433654569
4000983405212
1005002264500121
1005001619871066
32845509643
32627508859
1005002351679760
4001226379940
1005001670961740
2026423397
4000637032615
32838047010
4001276423654
32976736736
4000998930139
1005002322153856
32998899090
4000397434864
32816418647
1005002122438311
32992952682
1005002321289786
1005002405324317
4000990144131
32969169613
1005002315333197
1005002368738125
1005001953806426
33019165768
1005002237887689
1005001825878558
32874572897
1005001314204069
4001090537686
4001267559629
1005001524754943
33011348897
1005001287799002
4000670679661
1005001645208831
4000796628659
1462879357
1005001970542367
4000438586786
4000238680905
32616757517
32972471463
1005001963604994
33013559646
32916434336
32754537261
4000349260456
1005002192500729
1005001311320298
1005001456632244
4000814780765
4000111888441
1005002468416321
32638091558
32976256896
1005001860932170
4001095593173
4000324873869
1005002306044046
4000939682808
4000631644102
4000839807675
4000464773466
4000052455950
32378163629
1005001639394516
1005001557553176
32893763822
4001193230484
1005001290344312
32642024742
1005002229019087
4000279374192
1005001998952899
33008442169
1005001774884022
33002933407
4001111658853
1005002396507514
32968517538
1005001425570646
1005001953141418
32806857766
4001228106164
32832051300
32923479148
32697751621
1005001379573432
32912429726
1005001731321006
32962836657
1005002491412444
32856205338
4000703745050
4001273330208
4001179634415
1005001309241053
1005001801534415
4001258858960
4000864640912
32933299433
4001016299236
10000395867097
1005001477943417
32898457994
1005001685643228
4000905669757
1005001836040719
4001356828047
1005002240720847
1005001882386426
1005001611300311
32987042773
1005002264386580
33053806667
1005001934144652
4000320964003
32723549448
4000071625027
4001240424201
32864874868
4000623959951
4000147649299
1005002491768479
1005001918550592
1005002321122934
32837081432
4001264833532
1005002184840139
32954138200
1005001893206767
32996146542
1005001649360919
1005001867730025
4001280915390
32949948237
32855777928
4000983181266
1005001718019310
1005002395111001
4000889239570
32811887016
1005001435739752
4000492427914
32848744348
32836644559
4000030776413
4000571262472
1005002233590510
1005002164701170
4001246928383
33032590996
1005001406790803
1005002160349434
1005001853950168
4000472320883