1005001275702935
1005002480427227
1005001849901174
32905855141
1005002388875816
32579339601
4000539006579
1005002434343158
1005001953493986
32817204976
32798431094
4000824526128
1005001389105644
32671934244
32829010701
32836792759
4001231051764
1005001967277475
1005002289764993
4000212152687
1005001551025647
33009215913
1005002312546075
32965443088
1005002275078633
1005001334189212
1005002315434985
32890305853
32988833564
32837543889
1005002104784276
4001018065425
1005002446414293
1005002246624567
1005002317059574
4001226230419
1005001694080288
4000169648613
1005001859692070
1005001713275625
1005001579939916
32674075702
1005002305525541
4001289278182
32981177384
1005002317519479
32843375563
1005002317990899
33029076757
32985975943
4000557067289
4000104897468
1005002288776431
4001354612611
1005002340603388
32851582031
1005002233458561
1005002333720974
1005002399057158
32585297473
1005001868442746
4000118174267
32286987553
4000694426596
1005001568436863
32861223229
1005001726123041
1005002115450216
32983136212
4000196693577
1005002420640198
1005001299581555
33051143009
1005002303670488
1005001442205360
4000341350109
1005002402006319
32606079836
1005001422879982
4001094548089
4000188671487
32953581783
1005001295694328
1005002065598055
4000052101877
1005002352395867
1005001273927115
1005002342813388
1005002263590164
32834352454
1005002280599897
1005001670976010
1005002388759099
1005001955070009
32902521198
1005002367581181
1005002274082349
1005001673215155
4000002761347
33005543574
1005001645480195
1005002146159868
1005001265793563
1005002267343774
4001143464155
1932645734
1005002316150686
1005001305419635
1005002315291658
4000809515395
1005002441343118
1005001864693301
4000960597545
1005002239183548
1005002346350210
1005002276031516
1005002324170737
1005002338108063
1005001898725903
4000899009409
32895945505
4000687395397
1005002372186646
4000801004230
32829559940
4000824172856
4000389766061
4000760334910
1005001764057479
1005002330079683
1005002453314707
1005001351009734
1005002165079159
1005002336809895
1005001729080992
4000956205332
32674748669
1005002315167330
1005001992757838
1005001957637265
32806475098
32832215813
1005001748878841
1005002433788663
1005001670476922
1005002406302454
32817051453
4000381976248
1005001374487328
4001269778549
32663242451
1005002314166695
4000235917603
1005002409698830
4001240870110
1005001928175479
4001315235488
32713983802
1005001770625427
32887258718
4001327415982
1005002453170612
32649439213
4001115537394
4000955817778
32853454140
4000238809439
1005002091272477
1005001495879786
32849750168
1005001934166808
32328118072
1005002279154322
32794287819
10000395851234
4000629982922
1005001393517635
1005001666577837
32768106735
1005001970410670
1005002069230420
1005002438809761
1005002400780872
32948236172
32840513461
1005002465180431
1005001342675500
32980049238
32968530636
1005002347057964
4001018764072
1005002153327510
1005001483620534
32812008524
1005001941406608
32749588134
1005002306034439
4000883109105
32836679336
4001193577024
1005002043653786
32862791267
32975788002
4000127243092
2031178812
10000314730911
1005001895576080
32630287315
4000407302263
1005002229540989
4000635834287
4000323644149
32896028041
1005002278834010
1005002390722650
1005001597778632
4000491894519
1005001879999761
4000222427620
1005002203645773
4000057256087
1005002310080166
4000053022850
32914760227
32975233800
32887422039
1005002089504394
1005002095916940
32665425324
4001118619125
1005002012947033
32832989559
4000626757346
32953474040
4000627752068
4001129969389
1005002214478984
1005001424228010
1005002438323357
32878041306
1005001930811177
1005001580648258
4000776732129
1005001525419555
1005001888661189
1005001798547098
1005002208102548
32605474369
1005002265545597
33032627239
1005002291423933
1005002107112571
4001125432185
1005001862672116
4001317623439
1005001670818465
1005002313258604
1005002439179954
1005002384106181
1005002377910432
4001344000139
1005002224063448
1005002238739577
4000665998111
4000351517540
32850635005
1005001615001445
1005002398793800
4000390828943
1005002314380648
4000069583971
1005001576480206
1005002295135119
1005002192660374
1005002264755379
1005002377838065
1005002292517595
1005001275894275
1005002320676330
1005002304305886
4000991194925
1005001603349143
1005001825868128
4001248629454
4001298709648
1005002309371704
32913663329
4001270388388
32968067075
4000826287167
32405033803
32801320225
33017246832
4001057031484
33035795299
33006461220
1005002398422564
32899214864
1005002099185788
4000831342199
4000007301870
32975387894
32969878737
1005001834437222
1005002425179469
4001224175535
4001272364955
1005001868815097
32815340884
1005002027414967
1005001843064344
32626909055
1005002270243556
4000021042836
33049376052
4001025391539
1005002314321245
1005002269024175
1005002259413723
1005002102023380
1005002080180143
1005001321275236
32850473151
4000765102332
4001214434501
4000039981087
4001177483888
1005002329161751
32998189170
33041552817
32980704098
1005002220088889
1005002340932319
1005001425313507
32980111562
4001339580052
32702739537
1005001393648446
1005001567064327
1005001930454505
33014875359
1005001626568386
32966692768
32967982554
4000246279501
4000628980897
32895195608
1005002275202432
4000853649121
32834031719
1005002393657836
32954222209
1005001669312725
4001148215390
1005001812281064
1005001379482632
32911441115
4000547753916
1005002270688839
32883609508
4000474392028
32709424957
1005002236805553
1005002270542977
1005002280985039
1005002413289143
32801308177
1005001702762429
33048760943
1005002022251129
1005002420074701
32802942737
1005002287941953
4001042498469
1005002428048113
4001221476471
32970624894
1005001792079306
1005002089267371
1005001284198028
4001294067700
1005002310729188
1005002368446212
1005001439122490
4001347478538
1005001868744913
32978286866
1005002475578408
32778356392
4000934305072
1005002321280058
1005002017702275
32976405549
32634318937
1005002247387813
1005002311088009
1005001825114255
1005002418928345
32862429752
1005002311975282
1005001736699630
32957055568
4000842351803
1005001271050274
4000835137413
1005002059067243
1005002125156757
33047268453
1005001302894804
4000886015523
32778111619
33032312821
1005001997158301
1005001501371450
4001222977624
32951267567
4000988277629
32970128723
32843930767
32433227509
4000205978875
1005002392606585
1005002259764964
4000271819989
32437847523
1005001484846397
1005001726934723
1005002467732354
32657613194
32981318851
32880944796
1005002363061928
1724900420
4000999529933
1005002413928579
1005002304053229
1005002085314787
32706385834
1005001773596838
32826229370
1005001576458361
4001320465905
32882608649
4001143368493
1005001839556241
4000099918976
32982624802
1005002298571797
32962426176
1005001278319699
32905981756
4001360243711
1005001520974299
1005002388021796
1005002321324143
32631800557
1005001650938757
1005002324082625
1005002459904666
32832917187
1005002240923173
33004950741
32984994091
1005001321824088
4001034734280
572795393
32920056129
4000452283462
1005001859433651
4000464620392
4001091583513
1005001465299946
1005001338196163
1005002039321252
1005001340530499
32854593751
4000474666026
33017791418
33038363822
1005001656903827
4000543916862
1005002287920021
4000250190269
1005001385341578
32850959800
32819065056
914793099
33049039867
32831029147
32351178063
1005001458309233
32911791364
4001010487963
32805326073
32970446481
1005002348366524
4000384525668
32920776701
1005002304346233
1005002467149990
1005002345853144
32603025293
4000897418107
4000040785401
1005002357691192
32358388217
4001218116651
1005002245094315
32844418883
32951237799
1005001456968472
32851644773
32979598415
1005001488863918
4001302054810
4000926237790
1005002351287601
1005001463287578
33014955871
4001226580589
1005002372948368
1005001645633341
32820792071
32674031304
1005002205258522
1005002438168592
1005002395099928
1005002309652418
32965727214
1005002262514356
32763205689
32843257584
4001152149369
1005002233517224
33010614460
4000800159768
4000712168336
4000129745486
1005002356609760
10000402436215
4000678463260
1005002348814277
1005001897432492
1005001577779402
1005002471012813
1005001952260430
32953328186
1005001773442584
32876104331
4000850568299
32997058121
1005001466868027
32809523120
1005002166665588
32472280648
4000427498814
1005002398657515
32317061986
4000868210467
1005002318409838
1005001896480555
4001159402485
32942959586
1005002197850314
32736541659
1005002450752553
4000309636696
32841476772
4001305410733
4000972085211
1005001758842181
1005001726961667
4001067370138
4000036184218
1005001579631884
4001112943298
4000684483817
1005001602415502
1005002291546356
32945704136
4000271293107
4000722581740
4000151718278
1005002355311514
1005001867356487
1005002473677278
1005001873516984
1005002118774418
1005002420717728
1005002379411862
32947217943
33014820662
4000369911116
33025964975
1005002170601840
4000573988837
32991539844
1005002301034269
4000592603688
1005001567118804
1005002428399529
4000610025545
1005001302132496
1005002115832423
1005002454245618
32763431975
32859219738
1005002337864647
1005002315904225
4000113018161
32868493901
1005002310978306
1005001515941544
1005001846315799
1005002126708477
4000352869379
1005001307886993
32957535860
1005001899114863
1005002323404809
4000134799011
1005002337781517
1005002206343363
33007251973
4001209481464
4000718789464
32879617606
4000858975728
1005001491428197
1005001538942567
1005001665103081
33055192427
4000528960753
1005001373701481
1005001830366781
33012917922
4000853516514
1005002211167279
32902168732
32969331568
32581117443
1005001895576859
1005001623210096
1005002384935053
4001244201667
32999409224
1005002454328700
1005002347314191
1005001878560344
4000228395592
1005002045809783
1005001914882554
32918841679
33024803255
1005002316649800
1005002052310241
1005001971330460
4000099719751
32924250577
32843930691
1005001353830739
1005002365316513
32954175411
32854949087
32881759781
1005002314842294
4000714427901
4001355349676
1005001630876901
4000140763876
32947049154
1005002360204410
1005002146503091
32732456233
1005001284360800
1005001488920862
1005001972670876
4000403241443
1005002125206898
1005001705574367
1005001290575057
32991812388
4000225702136
1005002358649853
1005002277217963
32962483944
1005002425334354
1005001695070388
4001100626601
32751120283
1005001633361394
1005002306766003
4001224070740
1005002289176664
1005002345113590
1005002453633940
1005002426532239
1005001515511192
1005002304055704
33031504623
1005002376926305
1005002165584018
1005002276057918
32836114464
1005002300758388
1005002233996333
1005002499347031
1005001373141671
1005002416529698
32706128195
32428612023
32900341988
1005001437823923
1005002314925236
32874605099
32962891381
1005002380483400
32801605696
4000259124747
1005002284632783
4000445848777
4000955817018
4000236953110
1005001680495615
1005002208329895
1005002059458354
1005001866100109
32783983378
32770154491
32952085036
4000960032176
1005001679954838
1005001565778247
1005001573973648
4000662657649
1005001828420659
1005002212023092
33000417072
32999151367
1005002080908039
32908701920
1005002314316554
33037877608
1005001430757044
1005001650322934
1005001566319379
4001352776465
4001153660358
1005001913721939
4001040717715
1005002077018659
1005002320579968
4000098962877
1005002018380605
1005002491588327
1005002049838055
32861030973
4000764976258
10000264341913
1005001961326452
4000096562346
1005001324876711
4001255520144
32855847172
1005001349891497
1005002082489112
4001209975066
32922256745
4000928357450
1005002278902519
33032417432
1005002389950764
1005002170884932
4000726439103
1005001356084069
1005002446361626
4001091600343
1005001867262658
1005001426431984
32627488327
1005002235811791
1005002217626571
1005002264570205
1005002028450694
1005002267592015
1005002454243743
4000057285967
32832602897
1005002315786479
1005002330673807
1005002264383133
1005002263520640
32831727852
1005002431375698
1005002111862965
1005001428826658
1005002398859538
4001147639289
4000917368736
1005002337337316
1005002304866498
1005002345549986
32970766533
4000244264784
1005002460536370
32999862955
4001265230145
1005001763733452
1005002342078573
33058370495
1005002167930093
4000926869132
1005002314966017
1005001284791870
4001236479976
1005001966383297
4000701548232
1005001314773919
1005001908046445
1005002033633142
1005002331774378
1005002286338772
4000076567445
32965027321
1005001877644451
1005001266658526
4000960644352
32885826639
1005002107528687
32749009987
1005002272253374
1005002480743428
4001247255170
1005001630517878
32887761123
1005002307071093
32867937782
1005001770485977
1005002394717302
1005002443596999
1005002314194995
4000580231586
1005002228596900
1005001984271945
4001233717811
1005002001078645
1005001362642394
4001147396099
33045622123
4001078851786
1005001758677152
4001228054325
32903674572
1005002364166388
4000895454553
4001251449423
4001286761986
32681558225
1005002442736401
4000980186990
1005002060901626
1005001475988247
1005001516226873
4001243645345
1005002259600879
1005002393750290
10000306319795
4000884183836
1005002396478158
32948221893
32964227585
1005002169295054
4000018347622
1005001973704336
4000081005810
1005001965457472
32847957725
32819301430
4001149797515
1005002319118262
1005001780865604
1005002347719227
32856178902
1005002370099318
4001290307109
1005001993185191
32784914544
1005001693189819
33038234858
1005002356301155
1005002372194083
4000774792710
32879112134
1005001794688184
4001075654475
1005001998573372
1005002348352202
32596692546
4000140142471
4001031862228
1005002253082750
32824334218
1005001806055132
1005002240713169
1005001860795698
32880042669
4000767811342
1005002288837703
1005002351719598
1005002234879871
32896927067
32706691692
1005002272776386
32986535404
1005001591429773
4000059950796
32870700714
1005002473623494
4000693961979
4001038828757
1005002395151876
1005001688356255
4000423751790
32832321689
4000715498434
32954372896
32832119594
4000560924731
4000603096281
4001061695626
1005002081883099
32887072770
1005001889368315
33037807649
1005001333806533
1005001518853101
4000189676593
32994819847
1005002238905521
1005001807129914
4000119821920
1005001489854833
10000395832154
4000132764764
4000625482743
32926168370
32845121695
4001125367779
1005002262134261
1005002233442898
4000425211298
1005002313437881
1005002315834058
4000602226646
4000960659079
32871842475
32837417825
32838702577
1005001586670358
1005001525999034
4000345306981
32824782653
32961903954
32979965499
1005001585936460
32598483484
1005001624559865
1005002142662634
10000031123248
4001013922393
1005001987667986
1005001961780201
1005002354495728
32895005728
4000842720082
1005001695501437
4000288002932
1005002034556268
32997990959
1005002388510579
1005002382909117
33000564108
32950013384
1005001679223783
32801228468
4000867362221
1005001399408735
4000648151093
32805284479
4001294348403
1005002395499535
1005002090189228
1005002450474183
32889597335
1005002330475629
1005001722571173
1005001962380130
4000212661231
4001042811917
1005001451540427