1005002396834533
32966269093
1005001446558257
4000944582610
1005002276598594
1005001499768030
1005001298146160
1005001489279252
1005001632266653
32818834257
4000117490736
1005001914072256
1005002417094988
32815614368
1005001549419184
4000038116120
4001228407956
4000315274773
1005002264457923
1005002051724261
1005001865616214
4001255490280
1005002122434407
1005002414685460
4001153722885
1005002317017637
1005001856003994
32967948184
4000869318632
1005001571817680
1005002482962305
32992434450
10000180183337
32887326676
1005002314001698
1005002243019417
32965650452
4001136338728
1005001469813602
1005001313394145
1005002286833846
32995434289
32885023106
1005002063853450
1005002383871430
33038579121
1005002416575185
1005001670841071
1005001515301904
1005002253158682
32682572098
4000915678993
1005001407540842
1005002283687651
32918969638
32849749551
32997897992
1005001314501053
32838829628
1005001272908391
1005001299074427
32920706584
1005001936026281
1005001285686595
1005001343470169
1005001737703318
32951414410
4000323959975
4001070332268
1005002288522977
32845192609
1005002272987725
1005002430682377
32845937721
4000190481338
4001338953978
1005002306937965
4001157065027
32593722660
4000155379693
33038042715
1005001565632843
1005002496947170
1350832628
32845928998
1005001524217757
1005001620633887
4000031142298
1005001520376031
4001227433705
1005002315915563
1005001286303293
4001278166695
4001112777879
1005002347867406
32982031066
4001042101118
1005001707593501
1005001831707403
1005002382714850
1005001418877190
32711863975
32798655442
1005001392523860
1005002069485239
4000117938030
1005001901099178
1005002038131339
4000849932383
32986259923
32997501653
4000373469489
4000216641884
1005001848414413
4000252429305
1005002166960601
33005067575
4000067689152
1005002328021521
1005001431333897
4000640272540
1005002260071235
1005002239317156
4000833334068
1005001762372193
32869734097
32951075694
4000943566803
4000586373274
32783619842
32998108347
1005002371486886
10000339355312
1005002118829179
4001297784921
1005001689867019
4001000818073
1005001289884638
4000319885025
1005002239178958
1005002409240877
4000965953129
4000627502011
4001230383119
358711907
4001163375823
1005001963625922
4000112253754
4001046208721
32909854041
4000420168622
4001271673989
1005002289840881
4001332708150
4000798313574
4000519560693
1005002316402985
4001247064794
33014748280
32829059341
32922486251
1005002129445992
1005001732875350
1005002382546093
1357379358
32785858569
1005001644250930
1005001657811054
1005001315786998
32921151442
1005002432013374
4000429803557
4000358333047
1005002177458999
4000592313016
4001193488526
1005002259812756
32712541384
1005001577450101
32863822866
1005002399646191
4000604218716
32774114216
1005002394105893
1005001882443186
4000623413990
1005002288828740
1005001321577868
1005002314008755
4000711907820
1005002456962946
32476843609
1005001853968664
1005002311785867
4000099534489
32891094135
1005002011417127
33019820004
1005001291327881
4000157720020
4001124509451
1005001417985555
1005002313767525
32929526290
32905372934
32838780880
33013579329
4001150409899
4000848902087
32961104204
1005002277791987
1005002311234595
1005001623544499
4000069211953
32892911965
32987969549
32799627350
1005001763346622
33014878051
1005002283537325
4001233149069
32882443973
1005002100185892
1005002202873480
32886912814
1005002315275518
1005002404919698
32831976912
4000327185672
32820258787
1005001731222288
32252490538
33051630409
32806068221
1005001913944894
1005001408502849
1005001335919866
4000299961138
1005001334792803
1005001803784575
32317322439
4001192889367
1005001996026525
1005002376061058
4000767424335
1005001677379833
1005001619652998
32983514651
4001224002235
1005002281254322
32816807670
4001176337859
32916234114
1005002264156169
4000166496166
4001288183937
33047870966
32549959441
1005002290909827
1005001607449843
1005002439013818
4001138213087
1005002298055865
1005001649265022
1005002298376899
1005002467563989
32919931701
32783324211
1005002470662593
1005001918049850
4000662533984
32733948355
1005002224883255
1005002272315387
1005002284789637
32667769241
1005002467060062
1005001471769571
32906566836
4000039566541
1005001350610586
1005002289334119
32952150933
32837553328
1005002122546282
32845224563
4001316150479
1005002423951506
1005001425392512
4001189332578
4000075450122
32700474044
1005002280330734
1005001869912828
4000734534151
4001089528810
4000065837786
4000091818527
33001418278
32970752024
33024831840
1005001975021959
32944072907
1005002238915810
1005002011848096
33010830950
32983726977
4001219309694
32956750039
1005002283702480
1005002393344801
4000884207508
1005002240648026
1005002315355956
1005002065683857
1005002491933214
4000818813854
32822038847
1005001388764278
1005002266025119
1005002467809240
4001130508821
33001928028
4001157693386
1005001397019791
32958021310
1005002286071085
1005002328758703
4000166455386
1005002322126507
32920911064
32869550586
4001238019485
32650260198
1005002010986490
32809472872
33046365693
33016862304
1005002358030396
1005002470469120
32736331491
1005001988415453
1005002139673479
32848303726
32978316276
1005002345780024
1005002079069846
4001254965536
32902886354
1005002314372330
32972712363
4000628087589
1005001387804426
4001052860537
4001027181202
1005002259348820
4001265179173
1005002489871012
4000457966727
1005001627558853
33033691805
33004805692
32816681552
32630421375
1005002346445001
32980341457
1005002382839316
1005002313565805
32666818376
4000118814731
32788330784
32504086226
1005001920968638
4000033395131
4000345730139
1005001305403464
4000885603838
4000108144693
32999609736
1005002191847392
1005002315410379
1005002344350061
4000068370477
4000393212447
1005002362569873
32857539038
1005002395305223
4000866325983
1005001381073175
1005002275437855
1005001783390131
1005002257983082
1005001860351827
1005002224781290
1005002351811345
1005002398883593
4000463635490
1005001466614530
4000005207154
32881463615
4001007251399
1005002356600195
1005002121297318
1005002377467118
4001275733122
1005002265016512
4000358141085
1005002448841970
1005002094157986
1005001525373822
32841981186
4000312147541
32836873110
1005001786680978
1005001573349111
1005002494125997
32967214111
1005002307593682
1005002375127625
32796924892
1005002395110210
4001106541901
1005002474594743
1005001723201724
1005001758421143
1005001315365954
1005001279919650
1005002480230191
32322341051
1005002460536110
1005001430847241
4001020083909
33062079426
1005001858259951
4000689573742
32963004565
1005001422772958
1005001338998496
1005002357158654
1005002212813571
4000340616118
1005002315043534
1005002167804860
32892603327
4000308730683
1005002210036257
4000187564346
1005002173053208
32941969531
32957544416
4000790636346
32976888613
1005001640087631
1005002467012238
1005002310320055
32837900989
4000047333565
1005002072449612
1005002305485529
4001292874929
1005002060552663
1005002287756666
1005001958662646
1005002466177062
1005002274014938
33045182871
1005002394792815
32822779477
1005001343452945
1005002291228363
4000261443049
32860459937
1005001493261689
4000700034853
1005001808998377
32804252358
32861061911
4000327413754
32943999786
4000790443813
1005001374624394
4000133015815
1005002491840293
1005001344873428
4000552700113
4000671424766
4000220626889
4001084949357
1005002350013423
1005001809790114
4000714213818
32810911240
4001242475815
4000510426083
1005002277331672
1005001920776534
1005001742357113
4001021553774
4000593587281
1005001683017489
32926767480
33013119771
1005002231706275
1005002447406529
1005002301721960
1005002339397441
32994480032
1005002317988585
10000045770634
1005002292774424
4000759727672
1005002454343023
1005001551011700
1005002313445636
1005002460400570
4000909068552
4001068012305
1005002378565240
4001120166936
1005002046863207
1005002398570526
32987148235
1005002225926646
4001334096171
1005002249818071
1005002296046653
1005002473664896
1005001596692882
32954132941
32887305426
1005002246929754
1005001669722924
1005002212927717
1005002427992913
1005002239691934
1005002342475045
32818561722
33011391920
1005002407966402
32862893661
1005001393827194
4001247417088
1005002392790915
32853726365
4000104756576
32955460198
32970911354
32801086082
4001343861128
1005001768975561
1005001639096201
1005002284570200
32858905690
1005001577002671
32759848094
4000273178770
4000364515298
1005001500421513
4001251796306
4000969524096
1005001570416305
32789632201
1005001556175589
1005002283364951
1005002112327817
1005002212164348
32997518662
4001047404324
4000057200711
32806493267
4000142731883
1005001406796968
1005001869322619
32802081448
1005001972792386
1005001408573631
4001096962315
4000641922927
32890275858
1005002258320078
4001275017998
1005001858914227
4000194621173
32946917273
1005002072144881
1005001388767626
33043433148
1005002395047718
4001214330897
4000340626651
32798720597
32830525778
1005001721131536
32837365398
4000490154323
1005002446172974
1005001351844040
4000786297148
32730867862
1005001614552173
32825763852
1005001439066761
4000334843164
1005002480695876
4001150771909
4001281337612
1005002256962015
32809919636
32805530386
4000630018462
1005001899976969
1005002197661777
1005002271570061
4001361123743
1005002440506094
2044769266
1005002350716317
4000406340132
1005002344435238
33027633365
4000943122991
1005002171032364
1005002453593184
1005001899600831
32292183703
1005001684709831
32888100506
1005001907059900
32900323979
32969617203
32883180666
4001166482222
4000159889906
32649617958
32818439170
32842462641
4000067891266
1005002315949987
4000491949182
4000602535346
32923936067
1005001966825922
1005001420262839
1005001585327207
32898056868
32590135338
32892471304
1005002454351121
32984411928
32961234897
1005002346879799
1005001970368331
1005001529531742
4000809019154
1005002060879875
1005002027842185
1005002244755402
32961706947
1005001867337586
1005001402138561
1005001567513341
32848324981
32874649574
1005002314318191
4001278975081
1005002231965343
4001079852593
1005001650299645
1005002038563971
1005002047117641
1005001616628618
1005002069844989
32870958966
32944785497
4000585658657
4001268405546
4000390698739
1005002321006145
1005002363239979
4000891231904
1005002039401676
1005001876606894
4000562249474
1005002052287954
1005001731276356
4001217270309
1005002264665380
1005002122300815
32809350400
1005002357736919
4000997450470
1005001295766915
4001006319252
4001270733211
1005001876391492
1005002372420159
1005002389011236
1005002249348671
4000253650412
32885099539
4000865450578
1005002301568167
1005002497896404
32861371736
1005001884470736
1005002347340268
4000833273154
1005002131046258
32554376081
33039066138
1005002354266207
1005001592359676
32882608219
4001066619386
4000052216625
32873289263
1005001381067358
32313413308
32890187237
32809493426
1005001737008944
1000005737400
32986775286
10000134627968
1005001966486234
32844096690
1005002268122161
1005002271778311
1005001393446896
1005001722205900
33033583334
1005002475624362
4001233886363
1005002491719603
32610997459
33055118974
1005002004380338
1005002286784311
1005001871392127
4000175556383
1005002347021599
4000424799128
1005002388326074
1005002490064341
4001233113783
4000858895362
1005001627733392
1005002369786556
33031863619
1005001933920358
32757666688
1005002357133894
32921504182
1005001891181719
33016054729
2002364308
1005001350683876
1005002237798465
4000255377704
1005001958754471
1005001522194223
1005001973692402
4000778436513
32934867558
32927706680
1005002303840250
1005001381883650
32990255210
1005001317487797
4001365181547
1005002348707337
10000388643450
1005002473847515
1005002485752390
924160050
1005001475754262
1005002369071781
1005001694732153
32863508490
1005001815318214
32880495321
4001067885989
1005001829571291
32947796487
32982551383
32917325573
1005002204574062
32272315921
4000140920373
4001105250156
1005002167180256
1005002206451559
1005002314057530
1005002198110273
32355210431
4001021682946
1005002191232949
1005001574412044
4000823623111
1005002421422980
4000040040686
4000430189560
4001312936345
4001223826837
1005002489767029
32521037724
1005002428358819
1005002484629601
1005002370046288
4001065204623
4001224562870
1005002388841513
1005001286092173
1005001355154991
1005002431363784
1005001520062053
33047880153
32982815523
1005002441839105
1005002286081134
1005002259669431
4000960664177
1005002259847348
4000911391851
1005001617457152
1005002078628657
1005002350079126
1005002399934937
4000935722421
4000981498473
1005001452744018
1005002423577876
1005002112735600
4001242425847
32861580361
32890065959
1005002260836122
4000095814630
4000990941820
1005002337036908
32240555574
4001135631213
1005001998760579
1005001859826662
1005002476907143
32961978213
1005001441454217
4001198223057
32971638846
1005001303187835
4000603416642
1005002484467611
33027820282
1005001930225760
32917107297
2002029408
1005002467031629
1005002481492736
1005002352915377
1005002457817805
4001250679625
1005001987798297
32975001335
32831892537
32824257948
32889353209
33047304842
32948481538
1005002280747913
1005001525564066
4001096625394
1005001885431814
32954680158
32856477572
32848533304
32918137717
32881428949
33037442585
32406535349
1005001872629216
1005002259105490
1005001775314766
4000993236058
1005002272238755
4001349048707
32948602000
4000594793174
1005002270745871
4001170660245
4001071991249
32829687181
32973727225
1005001413109353
1005001763353606
1005001278070401
4000152320315
32683745001
32961184737
32976050902
1005001340981430
1005002309934806
4000599054225
1005002205822557
1005002320946514
32856629251
32680395151
1005001467640690
1005002466192456
4000219401919
32800731840
1005001286012963
1005002448373128
1005002315394877
33045729694
33050931180
1005001678728694
4001091684428
32999413875
1005002425196612
1005001469979890
4000800143108
1005001943068171
32841658356
1005001711209481
1005002256205974
32247662299
32742184404
1005002007488980
1005002264935682
4001122343993
1005002248432953
1005002090768898
32848062773
1005002386689908
1005002068424606
32982218466
4001309234159
4000271919953
4001162401856
4001269457545
1005002306794463
32665048109
1005001704388957
33051033094
1005001995761008
1005001604576078
1005002372043018
4000891171691
32956638587
32807304509
4000849869685
1005002386701536
32868898640
4000382656600
4001299442994
1005001561803820
32298077530
32922948006
4000191768331
1005002273469988
1005001965446707
32824253788
1005001703174875
1005002350719210
32790508621
4001259712000
1005002416571586
33003665829
4001127788377
1005002455167119
1005002231553892
32950458760
33008684453
1005001320469871
4001130915984
33007020557
1005002065954699
1005002282984892
1005002298821861
4000115739690
1005002395739716
1005002065136127
688120352
1005002095862473
4000990808142
1005001379707489
1005002458388604
1005002087218254
1005002321376675
32398954342
4001133216558
33012000207
1005001780652267
1005002364820215
32930728787
1005002413596498
32976367925
1005002265249722
1005002434830037
1005001284692635