32854697379
32971666276
1005002396364916
1005002324910614
33040025408
1005002080750875
4000032901279
4001025556871
1923414492
1005002461545021
1005001482577835
32902128865
32869342279
1005001636439187
4000029135777
1005002027565278
1005002037771608
32858766477
4001230522504
32593211096
32341424649
1005001813105009
1005002363729579
1005001474091343
1005002079458382
4000320474860
4000880078326
32982430742
1005002284764345
32887521706
1005001412597868
32988971083
1005001354264172
1005001935586088
32821488194
1005002310456787
1005002228438096
1005002268377485
4001115735100
1005001670328952
1005002384421189
1005002198224513
1005001848922631
1005002395491091
4001205035489
1005002490721805
1005001652633090
1005002129568268
32787024922
1005001948492990
1005002356485693
1005002114609658
1005002006522404
4001230253961
1005002351670980
33040075014
1005001606598025
4000785464503
1005002339122875
1005001758440672
1005002220151270
1005001679238675
1005002277842937
1005001993677969
32946879021
32878819069
4001320016619
32891635399
32916615141
32704791668
32983177639
1005002393463930
1005002350415815
1005001608243196
1005002370028226
4000748266053
1005002289424645
1005002320525690
4000340804019
32920908827
1005001645468490
1005001444915051
1005002255094286
1005001715566985
4000905702277
4000452192437
4000253953884
32837705142
1005002386424385
1005002206332663
1005001457927240
10000395915813
1005001929505160
1005001592448068
4001250906132
1005001370967841
32884865591
32890232579
32832491845
1005002461324657
1005002258462685
1005001658169598
32830421424
1005001620774241
32999623505
4000830914214
32859406465
32861095117
1005001901768026
33043811760
1005002428204614
4001192544509
4001272456980
1005001447126825
1005002294700591
1005002321401210
32548010000
1005002238071004
1005001836675057
4001228636588
33003738245
1005002291017604
33046734287
1005002301668911
32919832290
4000024346659
1005002358040119
1005001957701987
32887474142
4000088641809
4000894356072
1005002357429669
1005002022768687
4000912927220
1005002317609780
1005002172321358
1005001520109149
1005002369334788
1005001418017482
4000121742461
1005001769407354
1005002363208339
4000857359058
1005002406471863
1005002455264060
1005002359825179
1005002401364017
1005001541636249
33008784294
33026690010
1005002280495788
1005002084169281
32893366945
32874606296
4001103289122
32893983818
32916252906
4001228724292
33009501980
1005001339493739
1005002006510904
32896298646
32828493424
32951111297
4000682615607
1005002353542503
4000349247086
32867397180
1005001812580503
33007825086
1459837055
1005002361516507
33006977283
33010732125
4001088564936
1005002198636700
1005002175936664
32825024620
1005002357173749
10000323995553
32837570392
33020100766
33034893260
33001174899
32885200153
1005002198179948
4000937456643
1005002219544136
1005002330336204
1005001807750968
4000894097657
10000339282824
32982189969
32809636087
1005001525483231
4001145974899
1005002138857586
32852422627
32797086285
33045379633
1005001518599271
4001318401895
32882683848
33007103490
1005001473850918
32974969145
32964400355
1005001322575775
1005001571418098
1005002466757966
4000510579850
4001150104405
1005002254396563
1005001273078214
1005001672591677
1005002246498986
1005001807934563
1005002313803853
32977123764
1005001531719745
1005002314753202
32980489551
1005002499492416
32902780859
32826831399
32522392318
1005002289284585
4000036090468
1005001808421927
4001276138296
33033338535
32913986261
33042418038
32869538244
33012838127
1005001587739347
1005002467588414
1005002467083252
1005001515880609
1005002378279929
1005002450611349
1005001906235975
1005001774667392
1005002265183489
1005002322711298
1005002144077710
1005002250120738
32888126501
1005002363551916
1005002480570108
4000773312877
4000423103873
1005001626060039
1005001437071607
1005002050049831
1005002399405822
4001290846889
1005002166220945
1005001430415739
4001362093660
1005002125053491
4000788386613
1005001304456017
1005002242134104
4001290860962
1005002034572616
1005001525249946
4000239108038
1005001602912809
32959939097
33009762769
33003802810
4000973351548
1005002341179727
4000794059874
33032265180
1005002480822256
4000904264061
1005002296258822
32923525319
4000269101494
1005001709970546
1005001736812139
4000955020002
1005001758630116
1005002171021587
1005002336775889
4000174204864
4001064667836
4001191739916
1005002384427673
1005001966315388
1005002363256494
1005001419721279
1005001820441714
32627289919
4000357656837
32953037768
1005001699150845
10000098589680
1005002254006095
1005002428467739
4000207044757
32967129627
1005001586728913
1005002270503348
1005002315896340
32882470578
4000048332895
1005001326872920
32888688412
32733732459
1005001863240692
4000987385476
1005002323334394
1005001371053549
1005002211494460
1005002035566078
1005002101427534
1005002220401101
32970883435
1005002238119141
1005001763454382
1005002439763275
4000977340823
1005001731171488
1005001334846427
4000794806317
1005002346480488
32771109098
4000087017538
1005002090943458
1005002348592586
1005002276956392
33011775972
33003411934
32710836998
4000437991816
1005001867595672
4000410276876
1005002275598669
32907932971
1005002047077613
33018714397
32832884139
32990336145
1005002314404348
1005002497200317
1005001797896187
4000746995065
1005002344538360
32842812530
1005002347354065
4000680923050
32883918615
4000838991405
4000959409691
1000005538703
1005002366352755
1005002393857989
1005002398173797
32957813328
4001263814710
32918324087
1005002362318937
1005001864188770
1005002373197602
32921027761
1005001701214557
1005001683732493
4000780479653
32964911039
1005002323682770
1005002122609011
4000022359937
1005002400096330
4000717297639
1005002098974758
4001043381678
1005002462837675
1005002073791967
32858766316
32844390448
1005002361597233
1005001943802695
32894311891
32920720714
1005002171496943
1005002467191662
33052355804
1005002363078047
1005002417376610
1005002339391114
1005002386451588
32812367364
1005002133500997
4000838087370
10000160434111
4000464958727
1005002321782567
1005002332591860
1005002349921778
32866885377
32907381222
1005002276674645
32818822169
32885981152
4000153077257
1005001579158964
1005001477020431
32957749496
4000907049247
32591359148
1005002444189945
1005001901310370
4001149303580
4000786896733
1005001756821493
32982066527
1005002336764961
1005002090982777
32764044630
1005001520586647
1005002406474391
32918678387
4000429808852
32330007693
32991400719
1005001501857502
1005001859450957
4000597199029
32887266567
4001202122044
1005001682897552
32901189189
1005001437410837
33045234663
1005002374959849
1005002254433669
1005002287090360
32888823374
1005001686182218
4000954265261
1005001471192737
4000485710657
1005002108813523
32262186473
1005002113136705
1005002290001127
1005002459621129
1005002281296660
1005001977061939
1005001581170702
1005002175478897
32688783432
1005002327808277
1005002066443453
32969463875
4000233607266
33011675459
4001234007837
4000104284673
1005001560893959
32984039170
4000773812678
4001231201482
4000837328039
1005002467778410
1005002396063187
1005001416956766
33046345545
4001202072458
1005002474572445
1005002376796854
1005002272633104
1005002498296539
1005002267951403
32877850162
4000272134912
4000469315224
4001232137178
32848551481
32720104330
32998155121
32824034738
1005002483499048
1005002413522153
1005002333679709
32881289639
4001200873914
32901753237
1005002262417355
1005002313467128
1005002406287113
1005001528688864
1005002317516618
32950543021
32431074177
1005002198018785
1005001607743563
1005002475827430
1005002385160394
4001036309244
1005001939641424
32715409661
4001033595110
1005002347723637
4000955846393
4000726929720
1005002061189805
1005001721535955
4000258808289
1005001424572694
4001197327137
32785416655
32909574621
761297741
32956232942
1005002483170459
1005002095622799
1005002287801885
4000128351177
1005001338773251
32949039434
1005001696171827
32583303142
1005002433221618
4000849784460
32696668707
4000966126498
4001055552883
32716337031
33014663203
4001158843844
1005001742366893
1005001330299729
1005002180431328
4000052827393
1005001450313605
1005002359542169
32842916901
4000722785759
1005001387288530
1005002248900471
1005001828699590
33032403895
1005002008013634
32731473790
32971943305
32813559123
1005001670669358
4001179460530
1005002211820075
4001034241827
32967121194
1005002395792383
1005002382670921
1005001896359141
4000307854059
1005002057178268
33007734435
1005001617245987
1005001625939898
4000743139258
1005001405952317
32905800942
1005002074691435
1005001851146568
4001084849830
32815215347
1005001960423658
1005001434470765
4001209902467
1005002168052530
4000721032912
33023309640
32930754693
4001285683973
33064375687
1005001724349881
1005002271729540
1005002240117510
32969346986
4000182165168
1956907415
1005001990659405
4000396324612
1005002337807431
1005001552874161
1005001309802401
4000709953497
1005002102345099
4000198793778
4001359472060
32304892134
4000170019731
1005002317198342
1005002040549022
4001229840095
4000789572306
1005001656818665
32840951637
1005002329595300
4000049230196
10000267660496
32970190081
1005002426076600
4001058132444
1005001561464489
1005002475246054
1005001567526004
32922581936
4000625458492
1005002288149340
1005002388705617
32951011986
4001153477502
1005001907005917
1005001730675584
1005002312086413
4000475511629
33001485797
1005001841828971
1005002232169272
1005001944248561
1005002356067456
4001157346165
4001248592869
4000528792972
4000410021844
1005002065178901
4001263561313
1005002196648447
4000084766695
1005002192224071
32817819180
32954590289
32588992825
1005002354097048
33028474700
32841098698
1005001657076975
4000907746426
1005002311202332
1005002281914359
760806555
32883902095
32657936412
4001264018760
1005001516938252
4001231078340
32508072936
32821702435
32770054512
32984986235
4000747069669
4000369708030
4000133451962
1005002490484315
1005002405061689
1005002494700016
1005002373059040
4001291975181
32771563661
4001229177368
4000278694626
1005001646367825
32790538730
1005001405330178
1005002392202464
1005002246504543
32863919986
1005002408425297
4000096545322
32966036671
4000555909653
4000402173667
32997190891
1005002406880993
1005001793088404
1005002354556109
1005002469192068
4001169643224
1005002258696292
32888761059
1005002293544037
1005001671127170
1005001769870723
4000687839529
32853982867
1005001802511608
1005002007361533
32889285216
1005002315365573
32921721759
4000816923755
32971563491
32981013222
10000089168751
1005002497304641
4000090534321
1005001687369312
1005002443168163
1005001540575144
4000806453724
4000166445505
32592780728
1005002382289879
1005002313562337
33064251171
32358618186
32487130084
4000467382263
1005001888100447
1005001480246083
1005001850186771
1005002340156320
4000175492149
32618705381
1005002322108254
32964289505
1005002342531557
32850130122
4001040795022
4000509366423
1005002342471050
4001093659962
4001017302392
4001257286929
4001184494073
1005002307973109
1005001717084789
1005001682558009
1005001815637688
33023007845
32974304718
1005001329731180
1005001632543578
1005002167332517
4000817415777
1005002389335808
496214831
1005001494683857
1005001695456292
4001349371036
4000827044605
1005002340374896
32952701614
1005002454300746
1005001333570341
33012310728
1005001482805487
4001233423603
4000628978146
1005001587484391
4000464560557
1005002270494025
1005001792002982
10000395840213
32662384637
32583181442
1005001863148363
1005001774646135
33009772342
32794220028
1005002353299515
915068479
4001315400286
1005001345603640
1005002069765476
4001131927772
33057994494
1005001315700242
1005001985853597
1005002074577475
32729755375
32844706499
1005002293557576
1005002443066691
4000987356339
1005001592279660
4000841263764
1005002238170161
1005002468012144
1005002320723794
32882460831
1005001960248860
4001286086093
1005002385073050
1005002049771083
4001270354798
1005001515704042
1005002446897476
32970666222
1005001377192544
1005002308028065
1005001535212054
1005002481036698
32850156917
1005001849998231
4000761229866
1005001663052386
32663532184
4001015217591
4001045975350
1005002376130843
1005001280411135
4001104202638
32821080359
1005001699186376
1005002018125838
4000567256736
32903075559
1005002318514882
1005002314554224
1005001594196230
1005001489635998
1005002396502279
1005002001770841
32893751961
32802414282
1005002466998741
32840028907
1005002357279371
4000960601375
32909051777
4001159325707
1005002042138446
4000546621247
33019940016
32656021933
1005001606519161
1005002399855283
1005002381033625
4001219446137
1005002310105576
1005001349051060
32692172632
4001048837996
4000002730392
32868769660
1005002264346758
33032406824
4001007157508
1005002120181810
1005001515681038
32624647520
1005001362200250
1005001396994773
4000083235184
4001076260797
1005002114994442
1005001851390365
4000462909750
1005002315872483
32981181083
1005002185806547
4000102522858
33061926257
1005002334314446
32967516023
4000850671502
32889305651
4001079779611
1005002441590447
1005001758547742
1005001843860378
1005002317405835
4000123936087
33004335125
4001200793553
1005002347980405
1005001524454792
4000720149128
1005002428039634
4000003752479
1005002402135487
1005002328105622
1005002333718876
4000076324782
4000712639121
1005001418007717
1005001720378688
33059415084
1005001659086776
4000781945142
32239364959
1005002314441516
4000569303038
1005002388275502
1005001996658104
1005002361177137
1005002382266514
1005001414094462
1005002357185749
1005002186021647
1005002275410311
32908288364
32567753837
1005002301451196
1005002298606870
1005002332672740
1005002327385799
1005002179620864
4001354429841
4001036238606
1005001992139917
4001280757511
33053944044
1005002063485208
1005001388932682
32763920986
4000932426473
32898118525
32929467884
32787532338
1005002059752813
1005002318803147
33002704867
1005001428924917
1005001345391240
1005002339054834
1005002428065188
4000790176889
1005001386392287
4000144069731
1005002401995858
1005002275275168
32587667666
32974368816
4000459747470
4000155842963
1005002338700827
32830463654
32642308959
1005002260251416
4000586309891
32982611992
4000258694226
1005002492670211
1005002322228690
4001027481999
32852565343
1005002319334337
1005002223646724
1005001873878324
1005002146633520
1005001538389874
1005001699211670
1005002298161218
4000325545284
1005002244081259
33049033149
1005002475041295
1005002312099897
1005001678025350
1005001908711650
32963232673
1000001495676
1005002393895130
1005002314291389
32964146447
1005002376804263
33016852214
1005001690721495
1005002287996163
4000586381721
1005002245358680
4000933554329
4000141452013
1005002311289206
4000673584351
1005002258376946
32921596422
1005002442352856
1005002403837669
1005001606033792
4001326146311
1005001840635383
33043594680
4000282289140
1005002431526442
33027517653
1005001688717415
1005002044292036
32674612143
4000744813266
4001315766743
32815234959
1005002318808959
1005002326734350
4001112218671
1005002406966710
1005002128292718
4000340924696
33052230944
1005001446641761
1005001888134225
32922071371
4001362238919