1005001587503487
32962355405
1005002079004602
33027167537
4000202825872
4000707695084
1005002219153863
32442222488
32962407312
32756672530
4001240960163
32704018467
1005002447254715
32606172848
4000960866639
1005002288645752
1005002211341565
33027824272
4001191876516
1000008023500
1005002244711444
10000415503443
32939965026
1005001458460707
1005001338054045
33036953829
32852541963
4000712459871
1005002394239351
4000192161811
1005002291758171
4000566278669
32895456667
32947816188
4000790378564
32811728013
1005002074621434
1005002395336012
4001149390983
1005002014648814
33017862002
1005002433136950
4001308430377
1005002170932833
1005002134517339
33008549995
1005002022826023
33054288026
1005002428186842
1005002322085297
32852773373
4000017397688
1005002365155184
32871411870
1005002413858464
1005001495715224
32850921948
32898164439
4000917366099
4001289737346
32956188256
32648964151
1005001285286476
1005001692559313
1005002316836615
4001168150005
1005002122269838
32365338796
1005001957441344
1005002059483940
1005002454622608
4000333484308
4001196465664
1005002371432446
1005002316759297
4000826065637
1005001884015586
4000324636205
1005001835901278
32256312704
1005002439213166
1005001488814788
1005002352640082
1005002412718537
1005002340466766
32663750239
1005001584550211
1005001477989575
32515515800
1005002225167207
32960995140
33051888508
4000127454245
4000838378571
1005001810714249
32833254858
32974049805
4000783077888
1005001652198000
33002747263
4000574947898
4000993732528
1005001928365752
1005001859395175
4001168219936
32856962567
4000166087968
32790046726
1005002306375380
33028570645
1005001529714961
32831771399
10000034458900
1005002065538972
1005001555818926
1005002004096462
1005001522185394
32892626849
1005002435217130
1005002018398810
33021361951
1005001604736803
4000874831865
4000418258336
1005002008154355
1005002263674727
33029808355
4000788297091
4000803507249
1005002480979336
1005001999255414
1005001899244321
32839045790
1005001670085304
32900303310
1005002377066505
1005002372138305
33057946956
4001236790651
1005002357536008
1005002460119988
4000171475047
4001344970337
1005002212130104
32521839826
1005001651390429
32756453517
1005001931177585
1005002296883067
4000111608092
1005001597594675
32359700185
4000405810200
4001240702055
33033800532
1005002418391550
4001228622630
1005002206423297
1005002320565675
32922743467
4000227053519
949616267
32920524603
4000033602907
4001019257208
1005002324129785
1005001302682038
1005002227949490
32826250782
1005001587129231
32903563918
1005002312168741
4000505341581
32855989913
32726673009
1005002345643519
1005002371738538
32867442318
4000579758524
1005002276267990
32937141148
1005002219217891
32437955569
32840785973
4001310601731
1005001923715086
4001257429903
1005001999343338
1005001703054618
1005002260176486
4000093014012
1005001290721726
33002056866
1005002496637677
4001091306549
1005002356534395
1005002198840369
1005001642762379
1005002244724812
32975416381
1005001295340392
4000771222534
1005001591721231
1005002348663978
4001090156032
1005001798166781
32348122943
1005002393031856
32994229168
4000538526515
1005001438908020
4000384910828
32956721751
1005002054382175
32974884671
1005002197934940
1005002258649797
4000071301110
4000510008570
4001137882297
4001060076493
32900525502
1005001802654562
32895500157
1005002396531247
1005002278657664
1005002258251973
4000488595013
4001294567924
32623595369
1005002307651091
4000277687247
32947697845
1005001370739290
1005001566006295
1005002285744869
32852589172
32849304977
33002186237
1005001406210441
32848702217
1005002435964834
32916147301
1005001573444900
32529769543
1005002096226794
1005002427443146
4001210659050
1005001381406561
10000420604096
4000557941769
1005001662008260
1005002134097191
1005002281823299
4000863425033
32965233054
1005002318007526
33029894589
1005002293135727
1005001623558103
4001127249518
1005002222229644
1005002454456469
33024961414
1005001355679730
644431037
4000044371643
32789584617
1005002383172763
32987937650
1005001687733324
4001160197439
1005002241455597
4001277712187
1005002454394901
4000067452608
4000175724089
32945884017
1005001884455435
4001119746188
1005002330724452
1005002362619822
4001353024703
1005002287353402
4001268630710
1005002362476319
32961037573
33029754493
4001217021504
1005002174845644
1005001578325170
1005001305323590
32748395401
33037142907
1005001469451707
4000152332108
1005001882877627
32830698106
4001221600877
1005002406315727
1005002177521308
1005002441051640
1005002114491152
1005002460069068
1005001797240866
1005002283102588
4000044008927
2025934140
1005001386692409
1005002397816312
4000273791523
1005001620830022
1005001464729816
1005002454322065
32901124307
1190063547
1005002363318270
32789297717
1005001908238297
32916952354
4001042794345
32987242531
1005002108522884
4001281910249
4000768522904
1005002317520436
32834940662
32643601767
32882278809
4000594369454
1005002440760576
32732577940
1005002431016295
1005001625698228
1326493771
32859424612
1005002327399495
1005002275636214
32614125600
1005002379125460
4000698018683
1005001890724279
1005002206203509
4000216655571
1005001870400195
1005001586341491
1000001549817
1005001628022482
32979449953
32908079760
1005001314828271
1005002023889097
1005002247190007
32889641319
33005962329
1005002297986600
1005001966899047
32838246212
1005002254938959
32846705029
1005001899268871
1005001525314763
1005001303465749
4001345499716
32602643918
1005002277408522
32861161010
4001208519270
1005002475183063
1005001301588262
1005002399881376
4001276122423
1005002461977648
1005002393677726
1005002337968459
4001276005988
32933062109
1005001757235970
1005002388802589
33026171288
1005002337731903
4000859368463
1005002206116716
4001155895766
32968891682
1005002454978095
1005001375907939
4000324948357
4000153975274
1005001616307793
1005002293591112
1005001595944853
33013839342
33000574364
4000705732762
1005002318324584
1005002027599131
1005001612212927
1005002393601718
4001166879173
1005002243903772
1005001870371695
1005002337413016
4000936540300
1005002162955646
1005001504284694
1005001652846445
4000174758223
4000990073129
1005002436955364
1005001850813143
32680067144
1005001415752041
33022292010
1005002462545611
4000250158716
1005001893139882
4001290088426
32527606541
1005002172265715
32961684908
1005002129601132
1005001762794655
1005002232973269
1005002048628331
4000922441606
1005001397653893
1005002474112005
33060226381
1005001728945697
32872462898
32995679538
1005002320584126
4000965068806
1005002278167662
1005002161932390
32970674247
4001100835775
4001054301221
4000013370497
33007460147
1005002283377841
1005002311120128
4000545900887
33002376769
32805870220
4000071593140
32953891633
33024542251
1005002477549949
32976678646
4000215531555
32827974977
10000207272820
32967046813
1005001490599798
32602089352
1005002076780467
1005002342209582
1005002468921948
1005001377381690
32688934656
32846335250
4001209677330
1005001411461541
4000540962393
1005002383233190
1005002388439766
4001334081527
1005002377891998
32972308776
4000365402490
1005002022475434
1005002161478312
32790616724
4001092070134
32969910903
1005001906032965
4001043499832
32857122051
4000623430907
4001025947320
1005002314333195
33048645000
1005002454728204
32914240935
1005001361329410
33043514054
1005002490469047
1005001619978570
1005002033409962
32867148673
32983041402
1005002344963787
1005002001754052
32893719567
1005001481890915
1005001444875768
4000035365463
4000727852989
4000477066718
1005002313027979
1005002352930024
1005002258589060
4000151913745
32909264107
4000093577814
4001316152684
4001200863763
4001192888598
32805027691
1005002171481707
1005002358688725
1005002325163071
1005002490256495
1005002413297351
32807480037
33028424532
4000450520153
32667605811
1005002378314084
4000350802389
1005002007696234
1005002348437353
4000985068615
32896162541
33062018959
4000045903027
4001227688351
1005002408822818
1005002345757449
4000589633093
1005001655213590
1005001671070331
32791028497
4000504349380
1005001830808789
1005002477448904
1005001341265172
4001038219320
32384922518
1005002254509351
1005002022679647
4000636494947
1005001368838306
32823448000
1005002121828596
1005001761716274
1005001568664667
1005002447789444
1005002280579340
33038756202
33027781131
4000759731660
4001199602731
1005001359185019
1005001686244167
1005001762421196
32835264059
4000035643763
4001283606209
4001135950678
4001248240141
1005002271551613
32918790343
4001127283501
1005002356737070
4000856242935
32887815542
1005002435503415
1005001402980190
1005002395273320
4000250350228
1005002394112481
4000546614553
1005002342717752
4000267070299
1005002370243648
1005002026736853
1005002334952553
535773350
1005001522500105
33006892664
1005002314251961
491243449
1005001703789721
1005001639679047
1005001688698881
4001118262719
4000236699932
1005002280816150
32973941204
32989647334
1005001948981168
32868536977
32899731564
1005002316076747
1005002239899269
32761397311
32380785327
32753025805
1005001901954544
32232050869
32954046825
4001038861543
1005002344035314
1005002033723597
1005002353545973
4001322676205
1005001923146660
32817519778
32968160864
33013772947
33015299115
4001115681974
1005001333619780
32897844287
1005001704328797
32974801134
1005001953787664
32979792402
32998437707
4000712523371
1005001833417552
4001230683993
1005001862722705
4001194542327
1005001815095839
33004652572
1005002377587954
4001242869794
4001265681044
1156429924
1005002375169666
4001143338118
32751886379
1005001978866138
1005002409327294
4001153345752
1005002352742836
32865575360
32703490454
33035265496
4001211941773
32966140878
1005002398874972
33038360894
4000721120473
4000442143609
1005002288353495
33022970527
1005001763931088
1005002418023978
4001187046338
1005002046318487
4001275257514
1005001584607783
1005001723377770
1005002495373613
4000229471339
4000579852795
1005002096715985
1005001627649251
33057083633
4001359488018
1005002355571598
1005002434131855
32899702915
32962076070
1005002337703229
32835319817
33057149777
1005002476758818
1005002400209167
1005002339771987
32949820472
1806454744
1005001552077708
1005002192942448
33060410846
32951682111
32864424008
1005002346622308
4001278936401
1005001495102003
10000395835025
1005002397827744
32944745823
4000437557490
4000253940580
4001171127911
1005002287798541
1005002276504723
1005002247261489
4000922087372
4000771557024
4000146062502
1005002276526802
1005002474517197
1005002327039581
4001062535557
1005001500448731
4001176454099
4000203320921
1005002356994260
1005002389534893
1005002304068709
4000127872391
4001009669862
1005001402714780
32855062655
1005002047186132
32906149078
1005002340044541
1005002258999331
4000202914943
32861354016
1005002363808937
33000067503
1005001447245593
1005002128882087
1005001368129989
1005001651089517
1005001987075336
32967664286
1005001965159756
33031899770
1005001501989916
1005001645515058
4001286438985
33059477874
32956502450
32933045565
1005001978164657
4001145375565
1005002353346384
1005001809037774
1005002411034760
1005002467481708
1005002050154890
32929467478
4001294143713
4000468654133
1005002376935614
1005002255161917
1005002233034247
1005001646148524
1005001436579132
4000132257674
33005289253
32971887302
4000167435256
1005002323399217
1005002443655901
33022677770
1005001346391214
4001302492552
4001141747259
1005002276068162
32880208260
32894499030
1005001729307779
1005002198643596
32774413779
1005001942984307
1005002363339198
1005002253355112
1005001871025682
1005001884323675
4000266567302
4000535137677
1005002342874875
1005001568895676
1005002292404700
4000641122295
1005002447605904
32966643276
4000108483587
4000878368149
4000884356630
1005001914965233
1005002340607425
32780539174
1005001965017860
1005002032962280
4001109411508
1005002431407296
1005002287314241
32803823563
32959210451
1005002282449641
1005001773546960
4001114299337
32521316568
1005002400925373
4001187146066
1005001499006455
32904384071
4001125678285
32776159473
4000891324222
1005002327852563
4001218880297
1005001788553826
1005002302335588
1005002381616610
32917369267
32883834477
33042020983
1005001901240508
32960236413
32858905445
33022325879
1005002396750294
4001038401595
32807567218
1005002376603947
1005002369715008
32996177648
1005002285611807
4000443865638
1005002385036138
1005002239872159
1005001792915850
1005001775833979
1005002386728066
32742674509
32852779530
1005001584739836
4000166727403
1005001658531758
32787009141
4001213639795
4001230033418
1005002314269224
32889238379
4000430351908
1005002335232057
1005002031772348
1005001688227399
1005002284872021
1005002314406346
32858213024
33017442288
4000456007443
4000215479797
4001146210879
1005001683859754
1005002448090824
4000984439541
1005002255065044
1005001323237114
4000926862110
4001270655171
1005002464727943
4000031335179
1005001351311153
32804532523
1005002315729826
1005002309595886
32674055787
4000400466954
32316371470
4000195635261
32848788803
4000513309644
33057140314
1005001492965691
1005002004878653
4000009867560
1005001921567446
32980357601
1005002276300560
1005001352212855
10000127330405
1005002333061608
32800904237
1005002043336846
32884747143
33000184418
32840718801
1005002345995399
4001344831603
1005002301841795
1005001677814247
32976898426
32895194363
4001139223875
1005002109963554
1005002340697449
4000018098857
4000169119267
4000063728985
1005002443774981
33060814574
1005001602486173
1005002398407516
1005002305624375
1005001733302083
1005002310289959
1005002304081111
4000310800617
1005002223967452
1005002374982317
1005001940009847
1976634641
1621501977
32515823252
1005002270365304
4001271900715
32954363260
1005002185556874
32596431961
1005001670655989
1005002406293230
1005001954197156
1005001587070050
33015943725
1005002289784998
1005001954805533
4000763867828
1000006301907
1005002283592723
32921892448
1005002399323593
32782350571
32993330049
1005001511088947
4000913061943
1005002413619377
33038752761
32797845250
1005002375529871
1005001573869927
32718840419
1005002293916958
4000349479830
1005002238235243
33027812685
33016096744
1005001704222409
4001274728852
1005002417780879
1005001545085514
4000368425644
1005002054577843
33041388534
1005001619663474
32976546538
32559053479
1005002376619246
4000594999019
1005002259946377
32862908755
33017161840
1005001817874756
1005002286323909
1005001955072808
32803728993
1005002409822421
1005002404226471
32844059737
1005002283424546
1005002263614255
1005001532023917
4000843091876
33021405700
33001861545
32975260538
4000168695965
1005001406588368
1005002333618219
1005002313868112
1005001670195741
1005001782855500
1005002212912887
10000069480794
4000785265088
1005001625653629
32961390721
1005002273615216
1005002389632288
1005001490107644
4001237203516
33033816059
1005001831799053
4001086612473
32707142247
1005002338279671
1005002170988687
1000008428831
1005002254733542
10000382243712
4000308115236
1005002103657161
1005002353663041
4000048729876
1005001504309377
1005002024965012
1005002136243188