32991759018
32856367384
1005002393377092
1005002484102422
1005001998730849
1005001482605537
1005002317529403
32626414451
1005002392969542
4000038219732
1005002136652570
1005002426341095
33063255271
32964379145
10000293309531
1005001950065020
4001178113848
1005001625369335
1005002272498029
32761887504
1005001612041850
32885724359
1005002425106175
4000239900627
4001191479941
4000040048289
1005001623087507
33016101264
33032540628
32822123389
32659627708
4000714101701
1005002314960257
1005002314176543
1005002313694506
1005002046584423
1005001686285082
32819881147
1005001694197796
4000401441324
4000722831462
32860464528
4000291371710
4000293848503
32759665317
1005002459695637
1005001484076130
1005001703842920
1005002314244906
1005001548819881
32934651694
32699056526
32413247663
32863042104
4001054185077
32779373296
32844973092
1005001579987295
4000285408159
32970335344
1005002357528739
32559423290
33024959480
32799436913
1005002256441663
32406287278
10000027057408
4000231661860
33003681191
32977108968
1005001873461341
1005002125517782
1005002367056659
32980960424
1005002497344225
4000043270566
1005001832116897
1005002272184930
1005001443567059
1005001946554581
1005002291376154
1005002225437608
32745088024
1005002240261629
1005002118952354
1005002342611779
1005001515857586
32812323177
32959067504
1005002179385991
1005002043391828
32968256914
33008545738
32813588479
32876294020
1005002482936902
10000316407404
1005002221560599
1005002226247978
4000853641152
1005002279823936
4001016181330
32796245095
32850667478
4000307280188
1005002332247474
1005002038446893
4001189003281
32983149501
32791058327
1005001582677708
1005002361336662
1005002394985229
32828529350
32964576569
1005001676276636
1005002304358486
1005001726572382
32998734736
32992458739
1005002363188464
1005002274241641
4000744313200
4000627364257
4001254251496
4000528488474
1005002293525344
4000353020926
32798006346
4000784434962
32699073836
1005002423701134
32982543523
33050325494
1000007655097
1005002275943533
1005002457140020
32953373714
32679253105
32959531361
4000110950760
1005001670766750
32570551397
4000891172800
32965076698
1005001389045992
1005001659306367
4001291926441
1005002316814089
4001153815781
1720465212
4001171764361
4000987406030
1005001343632983
1005002316549244
4001043636212
1005002234778134
10000402384922
32847379112
32926558603
33050979876
1005002011027395
1005002390037098
1005002069867640
32948780214
1005001998625647
4000310062922
4000157066545
1005001941032093
32951338538
32929657893
1005002314316189
4001315381910
33038370268
4001354697709
32808854000
32863180059
32881764138
32665815407
1005002372543558
4000034247435
1005001997366148
1005001649541604
32961807765
1005002197999534
1005001282428790
4001014752412
1005002363215421
1005002388905712
32790617754
32477920188
4000036846399
4000155892850
1005002299113639
4001244258318
1005002293879086
1005002362443743
33039160056
1005001578893328
1005001371248894
1005002359752921
32913854539
1005001483690389
1005002301676053
32824972487
33008917765
1005002313789352
1005001680500782
4000991369162
32919542439
4001028104022
1005002424890995
1005002116536986
32961211590
1005001490133608
4001114885818
32825163273
32517924474
1005001429040168
1005001900080129
32831680365
1005001873346435
33002645449
1005001901626652
4000955890536
32972857116
1005002246294945
1005001575614635
1005002493645944
1005002488059769
32956349063
1005001608213918
4000786980383
32962579279
1005002314244210
4001160995470
1005002245143180
33027668647
4001007724487
1005002348585336
32796826852
1005002337268930
4000704309060
1005001586330192
1800473435
1005001279986064
1005001823600026
32851056834
32964454631
1005002229759667
4000886131528
1005001820863190
32987689734
4000683458896
1005002215205269
1005001894599866
1005002340943797
4000578497488
1005002369409352
33058506103
1005001926545889
1005002316200804
4001315364230
1005002000286435
4000945432657
10000395856501
1005001970303401
1005001863675195
32973800600
1005001761896949
1005001430937562
32940636904
4000843023784
32943523470
4000083679685
4001339721366
1005002300058165
1005002264642850
4000255733749
1005001536598420
32974171956
1005002292319250
1005001338783403
10000089276813
33016926570
4000784241932
4001072282061
32469861700
4000382143398
4000464664987
1005002165772269
1005001489039339
1005002156787230
4000519714459
4001271342551
33025552646
4000128411932
1005002107577931
4000955862256
1005002282446417
32971732825
32848950971
1005002054961445
1005002032777033
32865106538
1005002314315747
4001102780147
33004759018
4000392430204
1005002458140294
1005001364210431
1005002489871418
1005002006433037
1005002428562823
1005001713644073
1005002396785288
1005002495188476
1005002214262624
1005001990295027
1005001270615723
4000393252915
1005002372168918
32850690641
32914557011
32779277223
32546693040
1005001621336692
1005002353932654
1005002314348516
1005001962102368
1005001800469281
1005001627736923
32983584578
1005002268766555
1005002175029750
32977259472
33007620564
4000399662466
1005002484346385
4000311905130
1005001607446947
1005001556956921
1005001731430662
32947624662
1005002410144659
1005002274106482
1005001514538912
4001059046666
1005001500699028
4001217179031
1005001772059110
32954240614
4000837926652
32843435335
32961192590
4000405897949
1005002378669328
1005002240366357
1005001561240289
1005001425396129
1005002246357381
4000857235194
32973780108
4000127276251
1000007925608
1005001597573869
32844728400
4000803582354
1348537970
4001061754056
1005002347309186
1005002442058469
1005002227896080
1005002350050255
4001332776515
1005002305446513
4000725289010
1005001559247848
1005001804257499
32504147359
1005002137168564
4001201063602
4000151158796
32948987060
32854133753
33026004982
1005001556534217
32566725016
1005002443384179
1005002292434762
1005002402281394
32656714172
1005002421531973
1005002282653078
1005002265248979
1005001843389583
32996218871
4000706481282
1005002364590458
1005002392600664
4001217583198
1005001501257382
1005002305538207
1005002260850748
1005002341351584
1005002001967522
32433416838
1882835776
32812811878
1005001555470804
1005002442947000
32843660834
32840090495
32882274846
1005002293046584
4000425285074
1005001469917477
32910109907
4000411013136
1005001670855510
1005002232636915
1005001620583067
1005002289532997
4000793527904
1005002166083169
1005002339867540
1005002190535457
32929633446
4000032091877
1005001580419240
1005001970234480
1005001621266446
1005002119011313
32965532692
1005001413194549
4001187752903
1005002236373847
1005002252985438
1005002450804041
1005002243361604
1005001623123220
1005001930627003
1005002475190010
32884153998
1005002306925671
4000096581666
1005002066393992
1005001473496037
1005002334914905
1005001887709874
1005001859233586
1005001510752484
1005001656873119
32915534333
32579003359
1005001354966912
573169632
33048130119
1005002359942710
4000600167062
4001272577253
1005001566915578
32953659044
32741880310
4001010177104
32792036380
1005002329768672
1005002063236545
1005002395955197
1005002128644910
4000391882686
1005001682847298
1005001333562029
1005002055377173
4000829447766
4001270853098
32922311081
4000306673657
32736190864
32647170667
4000967985796
1005002428437853
4001121681099
4001044925613
4000810010926
1005002444114440
1005002410213257
1005001660469737
1005001627306720
4001295306832
1005001417585334
4000989484281
4000475474738
1005002300976580
1005002280707693
4001301767105
4000134138989
1005001473775343
32977439894
1005002328542006
33015966480
4000207195957
1005001709276014
1005001510647857
1005001954979643
4000130632823
1005002375345470
33027790105
1005002255890423
1005002477683215
1005002337410117
1005002000150917
33009510412
33046628348
1005002239340448
32865393475
1005002112685202
32993180688
32940102072
4001351546317
1005001652919960
4001241116170
4000151644667
4000825582752
1005002210372715
32848115244
1005001731103750
32975368858
4001236921214
10000146026095
1005001537065263
4001272474773
1005001374621608
1005002065286960
1005002412355117
4001138641675
1005002350013680
1005002147280465
32880683319
32624679515
4000026276218
1005002415747208
32995187041
32377419348
1005001709399768
4001058509804
1005001298798707
33035585266
32972931588
4000707152913
1005001278722245
1005002304450834
1005001861273588
32815836698
1005002110644153
1005002316947174
4000944699180
1005001680503892
1005002336282162
1005002387912345
1005002278801440
32714715618
4000459260802
1005002330988442
1005001934937299
32835292626
32933038231
1005002470704475
1005001471997239
33030049205
33036601277
33048842588
1005001349558201
32828449668
32506842313
32886320239
4000211119815
1005002300804056
32841359584
1005001645980119
1005002272797752
1005002409775279
4001334025198
33034634326
32864404334
32910883840
1005001267152229
4001174992106
1005002399163166
4001163032357
1005002372367050
4001270861238
32848266077
32887682056
32947511349
1005001602637353
1005002474217933
1005002304674835
4000861696817
32868752881
33063639190
1005002346531563
4001048936745
4001355635821
32569095150
32838689685
1005001329866196
1005001717162515
4001305770000
4001189143641
32651236132
32913119644
1005001804375122
32987625987
4000183367425
1005002196587169
1005002353397439
1005002134733020
33001149407
32796627564
1005002100141781
1005002122391474
1005002114567749
1005002037638044
32862668980
32885705949
33030088119
1005002196933256
32870094796
1005002434236706
32610628311
1005002319001398
32595568473
32812460400
1005002319342173
1005001849129832
32981764837
1005002318846453
32975593570
4001231552723
4000561444196
33057510962
4000385736090
1005002306260867
1005002221263586
32963755736
4001094268960
10000399999030
1005001865120870
1005002232944730
4001027658363
33037630787
1005002372104834
1005001386903361
4000549865093
1005002321799526
1005002474542290
1005002302147523
32962568826
1005002369216367
4001207642219
1005002258655778
4001327085271
1005001690783864
4000547418912
32914897798
32636227216
1005002090149349
1005001921559848
4001062088874
32878762977
1005001659969944
4001274570079
1005001441698475
1005001278577767
32619415906
1005002450510440
1005001721362944
32883851903
1005002425535855
32917403182
4001294407384
4000857239155
32813066521
4000235549044
4000780329935
1005001849204067
32840090700
1005001905377814
1005002340919922
32953179837
1005002340428178
4000278197581
1005002461975477
1005001495060155
32474289835
4000538106570
10000395860647
1005001417239625
4000731650296
10000128351425
1005002404169684
1005002159472436
4000691001888
32892418192
4001143159334
4001345875400
32623069727
1005002392421686
4000899571112
32969644327
1005001731177175
1005002030388177
1005001361096283
4000273089529
4001006139134
1005001383539916
32958551748
1005002278364023
4000926788879
1005001424842418
1005002282037244
1005002260899419
4001262717573
32837811002
1005002286345319
1005002291169829
32955943785
4000960602890
32860360824
1005002057983788
1005001457776387
1005002312002803
1005002280541862
1005001424874943
1005001981254480
33001867362
1005001385485805
1005002385337919
1005002273105139
32454879510
32855940394
4001013695626
1005002246284346
4000015926677
1005001780578421
4000040738329
1005001798151708
4000411050877
32839762535
1005001495095221
33003796798
33041329031
1005002316084498
1005002344929596
32565038625
4001326115283
32978699381
1005002372679171
32818727535
1005002356503602
1005001714317761
1005002488510567
1005002117243887
1005002263647680
32882999733
32725076298
32964514573
32796234020
32971247045
4001259812476
4000548571075
32858492030
1005002128675389
4000850554930
4001084518390
32888375931
1005001894508738
4001322098003
4001203548401
33020118905
701686138
1005002491417256
1005001337668511
32961815305
1005001850624401
32883874968
4001101493587
1005002449175020
1005002224841563
1005001457845608
1005002283094552
32821667012
1005002316389294
4001211543350
4001270443352
4000599190475
32917556654
10000149398822
1005002294087974
1005002281847558
4001017239634
33010300257
4000866416457
32996176733
1005002232202813
32829599361
4000284728980
4000684747100
1005001597322677
4000062930479
1005002238191764
1005001731821203
4001204992700
4000588866188
4000850572544
1005001501467155
1005001908903561
1005002258717732
32852924548
4000377307518
1005002368027745
32975267978
4001327580893
4001308408121
1005001650611685
33015250282
1005001590760717
4001142107445
1005002191310335
4000537196519
1005002246968997
32957666396
32670178494
1005001332861371
1005001998655973
1005002458651524
33056662860
32950518424
1005002369977855
1005001502926629
32953172072
32879731755
1005002483862169
32823674590
32757010748
4000640332015
1005002368322381
1005002397171194
1005001444313349
1005001908432106
1005002280736186
4000250565673
4001252062757
32771229409
4001300070261
32982207468
1005002304542224
1005001529955265
33011370508
32891074936
32983091996
1005002358889637
1005001768445185
4000263002150
4000893234776
1005001620908220
1005001877328577
32620204576
1005002016941833
1005001929290505
1005001744515112
1005002323376302
1005002315971477
1005002032039724
1005002318102059
1005002228476819
32909155401
32919626152
32788054347
32931201607
1005001981643325
1005002310391241
1005001721392489
32959180224
1005001598377540
1005001888297832
32683588144
32924730081
1005001474503692
1005002406171783
1005001365035952
32892873292
1005002310401926
1005001935095722
1005002450403931
1005001568525774
32973845663
1005002253659624
1005001691110333
1005002206660760
4000938065020
1005001642726563
1005001580604526
1005002263085254
4000519565886
1005001398699237
4001141500337
1005002108503785
32849209905
32868342593
1005001281275983
4001038525433
4000263580304
1005001693620528
1005001659537518
4001119606997
1005001859415147
32861782313
1005002239190009
1005001864989712
4000173691100
1005002374627158
4000756800010
1005002073812703
1005001780684131
32864113812
32899379766
32848348017
1005002408563594
32672495969
1005002443455707
4000401258841
1005002168787769
1005001882320779
1005002456965737
32900174941
1005002359420806
4000663732990
32999224781
32993553512
1005001267072330
4000183374711
33043933514
1005001663383014
1005002382790806
32863066987
1005001626056144
4000955043253
1005002157252282
4000804988770
32869014755
32893976388
32964712253
1005002425793813
33040999962
4001061617690
1005002436009285
1005001592046857
1005001393963788
32787387452
33021112792
1005001620324442
4001156776712
1005002363153448
1005001762639199
1005002288471010
1005002475214858
33047631484
33044391236
4000631705026
1005002469886875
1005002448214113
4000990803847
1005002424194440
1005002382930941
32925495300
4000001807302
4001192132590
4000017359761
1005001565598968
1005002426823739
1005001540818145
32900935638
1005001593634551
1005002378756447
1000008705836
4001075010278
1005002036850822
32769107878
1005001450209815
32963294420
10000027522943
32977060229
32790224087
4000205198524
32705349405
4000704752703
1005002122355949
32719627686