32995003512
1005001918127419
1005002288490918
4001118883526
32886194192
32844240269
32969927121
4001094212768
4000505745209
1005001626739593
1005002085818858
1005002287861280
1005002335639587
1005001361052933
1005002411622654
4000931084485
4001286588401
1005001616095441
4000677304971
1005002369803179
4001271137498
33056560434
4000900162273
32625656929
1005001836755362
4001270475966
1005002352026278
4000396024652
4001211046864
4000042067440
1005001300526621
4000307085226
1005001928126564
1005002421565972
32985373745
1005002304080046
4000626059272
1005002496480269
1005001659021962
32816005520
1005002159326465
1005001829271988
1005001878748995
4000206151791
4000991886552
1005002442528907
32220383322
33062251287
1005002434606992
1005001573352896
10000291337747
32603924021
1005002420251269
1005002484670697
4000282032180
33030317871
32697812494
33020644396
1005002318388322
1005002297064123
1005001640252796
1005001894487006
1005002245334323
32951773670
4001077315360
1005001571098762
32741670850
4000065190139
1544515075
32920790736
1005001280639621
4000602922119
32874801582
4000038752309
4001268935307
4001100546702
1005001653978456
4000055364701
1005001587476773
32991243258
1005002359784494
4000052148669
4000186016866
1005002409409461
1005002327119993
1005001615633472
1005002346283393
4000100204214
1005002335202834
4000693532935
4000963907101
32880412152
1005001592245330
1005002000009707
1005002318513968
4001102994686
32990425721
1005002432702362
1005001987229999
32865638361
1005002315894163
32957768856
1005001273378899
1852082418
32328816171
4000990949446
1005002337769389
1005002436536997
32978356670
1005002313568970
32859984537
4001325758134
1005001858388433
1005002373159140
1005002271439290
1005001521705868
32849518814
1005002334377575
32805453376
32462324699
1005001802102828
1005002318466040
4001218069468
32303066386
4000095836929
1005002350796461
4001229767123
1005001955224227
1005002289149436
1005002382873406
4000508228366
10000411579591
1005002064237445
1005001499733098
4001207275044
1005002315213611
1005002226046670
32848303005
4001271368154
32889944652
1005002043502956
1005002330129942
1005002341428517
1005002271875444
32887681277
4000156341100
32752187123
32889021132
32309635855
32654580229
4000231261817
4000510328966
1005002432203735
1005002287772810
33000012889
1005001869368790
32793448541
32793341264
1005001943054043
32804320517
1005002353121979
1005001450522158
1005002258730550
4001149251245
4000720247913
4001224785714
4001079265551
1005002368816442
4001254896383
1005002226489557
1005002315947274
32916073723
1005001556224212
1005002329036400
32622283893
33014871086
4000239503627
32879782111
1005002203592086
4001220617468
1005002461221533
32746617849
1005001846019339
1005001563686416
32967297050
4000706673494
1005002260225002
33043297433
1005002316591597
1005001994150510
1005002281923645
4000335606090
32683905212
32270501129
1005002468038742
32366681909
32298610110
32808107052
4000850222103
1005001561109220
1005002380467999
1005002485125313
1005002289921336
1005002334145020
1005002316716065
1005002394879101
4001177719315
1005002356654867
1005001936290171
1005002352083221
1005001420841563
33001225239
1005001405028850
1005001605214346
1005001992793545
1005002340537568
33048822050
32953609550
1005001936870059
1005001883759664
32976199990
1005001645261820
1005001621627204
1005001758250790
1005002337273021
33047860059
1005001300774737
1005002454407001
4001054543517
1005001891964462
4000305755859
1005001831261672
1005002484361266
1005001463883892
4001110791310
1005001774211728
1005001780683035
1005002310825365
4000778311484
32989354962
32969434341
1005002227706687
1005002454436261
1005002483130114
4001297843024
33010057489
1005001666513199
1005001437523272
32663038525
1005001295782291
1005001355491899
4001248176193
1005002198177595
1005002344223402
1005001985969572
4000443631114
4001288882408
1005001626368122
1005001309327139
32971371851
1005002317233120
33000625473
4000781710272
1005001659960033
32956567935
1000001540384
4000748241646
1005001994815215
1005002241913213
4000430114399
1005001693530147
4000844393443
1005001731099612
1005001792926928
1005001488040005
1005002398830784
4000925712016
32918840431
1005002256577111
32876524508
4001218235618
4001257121184
1005002056486781
4000324948180
33014932519
4000464216357
1005002320023338
1005001515529008
32626916911
4001001989735
1005002354589078
4001283043435
1005002181316585
1005001935644052
32872533409
32958969034
1005001688804413
32995795936
33048143094
32909490144
1005001353535813
4000627442828
1005002087369768
1005002317477252
1005002285991190
1005002330468818
1005002362818398
33034604621
1005002323087683
1005002260077739
1005002280363718
32817924148
1005002404015415
4000990810087
1005002356255112
1005002481417619
1005001412496624
4000467852460
1005001834840179
1005001433369974
33008024990
1005001671263320
32618956220
4001215666314
10000384680733
32659280725
32822067523
1005002386804393
1005002292830260
4000408287989
32883586088
1005002043236101
32262664266
1005002394904756
32949630293
4001088596678
4001241201157
4001113825918
1005002319206543
4000209903147
1005002077302635
4000584664512
1005002343050118
1005001638593211
32811302477
1005001645071994
4001036300140
1005001947272330
1005001304699310
4001010537756
32995929752
32908717093
4001341946010
4000722727248
1005001918157407
4000410858471
1005002333650604
1005002340439093
4001193830806
1005002258985717
1005001614414799
1005002182091874
1005001830748868
32875895301
1005001550736273
1005001967997081
32948887507
32983439865
1005001779283423
4001357096032
1005001653520416
1005002401736805
1005001561600813
1005002268018924
4000106886992
32732211622
32293643705
1005002227787346
1005002043995849
32832256233
1005002320872905
1005002319408130
1005002286501907
1005001977500423
1005001878791331
1005002068292881
4001169114601
32991857104
1005002441348280
1005001525472455
32948549408
32960689169
1005002304813818
1350590811
1005001860309756
32631896704
32657769276
1005002032083858
4000974749360
1005001698325650
4000415894220
4000959922243
1005001616792456
32784231534
32994021536
1005002351899308
1005002419419872
4001332459503
4000364817555
1005002457734042
32955836753
1005001637748683
1005002340447329
32862354726
1005002418418084
1005001866282058
1005002280623898
32877418045
10000032005857
1005001958796261
4001038004871
4000262356069
4001201203015
1005002108497933
1005002327554335
1005002287504179
33034165549
1005002317835704
1005001642298732
4000893520878
4001265477475
4000506314290
32884951025
1005002432036802
32986709521
1005002419579816
32990923582
1005002255437703
10000389364459
4000928140595
1005002121263010
1005002316266291
32920699501
32965893649
32948394292
1005002182020221
1005001365669503
1005001657516986
1005001316692953
4000853680713
32841055179
32969043124
4001272742584
1005002224479898
1005001588450184
33001809121
1005002239341247
32859348283
32686329303
4000801497669
1005002296927673
1005002402517134
4000542913892
4000760467440
1005002348035614
1005001971177721
1005001993854572
1005002497395140
4000718224220
1005002325955745
32958108399
32817445044
1005002198814183
32995417367
1005002434561658
4001117056274
1005001695851764
4000231597572
32796414137
32749510109
1005001308864138
1005002289677219
1005001826868040
1005002298663246
32848871377
4001151087641
4000311790475
1005002318756676
32968861529
4001219581689
1005001850595412
1005001913813255
32843795578
1005001863676262
1005001617704959
1005001547642992
1005001590437780
4000351996086
4000607421948
4000672832387
4000385086195
4000418518325
4000990278099
32705854464
4001050993132
4000354508216
32985675493
1005002454765500
10000117882747
1005001626023024
1005002264359566
4000695906963
1005001284782460
1005002405277612
1005001852330388
1005002450892136
4000224138090
32948598612
32977278814
32988164905
32899211275
1005002341047665
32971054424
1005001382096948
1005002265032330
4000182541831
1005002390236899
1005002192580783
1005001918169843
32976970639
1005002342429492
4000569945224
4000299947239
32841831529
4001219498916
33023668069
4000134031363
1005002306195723
32266722507
32639270443
1005001786028620
32891495025
1005001356036996
4000093867368
1005002381530117
1005002359767485
32944631450
4001147137042
32901936494
4001228735106
1005001967167884
1005002044559126
33058255963
33022585061
4001304826442
32855873122
32980128950
4000959703211
4000080641225
1005002318628489
32887479847
1005002223616112
1005002013031070
32998933477
32967498554
1005001786939922
32973861307
32933590709
1005002475703715
1005002363482984
1005002376995908
4000205342647
32863529782
4000159568190
1005001584547024
1005001601354996
32860234273
32768135727
32868578062
4000938881606
1005001420030314
1005002324578862
4000960644107
32964021654
10000395927455
1005002141012731
1005002134506253
1005001831802859
4001230332101
4001225030024
1005001266082296
1005002317700523
1005002454306576
33036953904
4000741889249
1000001500219
4000670170242
1005002344155119
32831580730
32891877354
1005001653882089
4001294583132
4000881700410
1005001446848874
1005002342769494
1005002006549863
4000827359155
1005002290869872
1005001652368105
1005001976255556
4000321001628
4001063344766
4000626218269
32797823097
1005002270567085
4001192473214
1005001693347711
1005001695509122
1005002454870006
1005002400816750
4000315259981
32792675507
33034784691
1005002277732393
32366875012
33004300009
33021941377
1005001817815991
1005001703241421
1005002270684349
1005002122578121
32680996300
4000443543991
4000288630209
1005002279722598
1005001476755500
1005002404202265
1005002003152550
1005002483404000
4001153503575
1005002427585340
4000028328065
1005001869043327
32904427610
1005001587052030
1005002259275893
4000357550644
1005002219332499
1005001303522000
1005002314051194
1005002467465754
1005001827388013
32954617520
1005002461068820
32828663944
4000709600997
1005002256210297
1005002317690876
1005001625216978
1005002443127166
1005001680500864
1005002305894285
4001014415936
1005001940973438
1005002433998692
32818635865
4001053108445
1005001657066073
33042740213
4000767830144
32886691429
4000586330137
4001095474247
33007297843
4000939518291
1005001610412958
4001364981246
32998936691
1005002306711675
1005001343784732
1005002466157779
32665909162
1005001279590923
33031960055
10000088367643
33038168215
1005001576144202
1005001678618295
4000809663827
32551160475
1005002394791857
1005002330232382
1005001447890446
32749552619
1005002270387818
4000103583329
1005002121222185
1005001550744519
1005002220167879
32870934523
1005002169920879
4000049638228
1005002409249671
4001220370753
32917573221
1005001687921167
4000891028577
4001050888099
1005002272182913
4001258687420
1005001658444217
4001270316693
32824060422
33048099149
4000005904458
1005002326269078
1005002465435778
4001119438730
1005001699039737
1005001332591781
4000280949574
1005001762832723
1005002204810446
1005002047586668
1005002311401240
32934213056
1005002452626192
4001065068065
4001088107167
1005002459538405
32871227056
1005002363314870
32837031911
4001125741910
4001040341013
1005001605887370
32800097457
1005001833582128
33008068975
1005001733552844
33006201517
1005002167907556
4001346907635
1005002080772638
1778925571
1005002311095265
4001216624792
32956009999
1005001596939743
1005002278803462
32987350945
1005001930725694
1005002314340853
32677143659
1005001284988153
1005001419094296
33014247119
4000449510314
1005002319364066
1005001854141664
4000392442041
32957734780
1005001852804482
1005002489134980
1005001398725768
4001285985361
33000566849
4001334763565
4000013212286
1005002032385250
4001272649312
4000296546292
1005001731294078
32845012151
1005002419243612
4000259693422
1005002260602821
1000004833557
33056512269
4001209439246
4000452386534
32790237162
1005002108581273
32820833814
1005002348639702
4000380841785
1005002315633243
33003758111
32677477779
32858921328
32986781413
1005002387388635
1005001802329587
4000468996704
32881294722
1005002453713263
1005002337325188
1005002055257421
1005001322799945
4001351612185
1005002434713571
1005001391980255
32847641698
32551602324
4001360980352
1005001736847132
1005002465118249
1005001842691366
32931537092
1005001610370933
1005002267443759
4001209784390
32443524230
4001125074511
32997454110
32974738456
1005002253057964
1005002316147533
1005002234087519
1005002398910238
4000650148140
1005001775078615
33011809164
32814169027
32883745760
1005002308790205
1005002247107341
1005002372997968
4001297273837
1005002315570794
1005002039908167
1005001609399274
4000935578914
4000081649676
1005001500527314
1005002434500011
1005001381546341
32701263863
1005001580742293
1005001898690893
32522391642
1005001422899083
1005001905483965
1005001949256290
4001150850961
1005001607986242
1411745789
32769515287
32991371780
4000412692547
33028466565
32818399034
1005002330310125
1005002432425704
4001300155910
1005001687815610
4001103005287
4001159752688
1005002359679395
1005002170592409
4001179506839
4000734645454
32986095678
1005001403641336
32833298948
4000308382196
32995673233
1005002306297764
32892765800
1005002129118308
4000852858523
1005002421006821
33026347372
33042163592
1005002234853922
32789289092
32892562847
1005002224387640
1005002327264945
1005001794955389
1005002301726271
32589417709
1005002244599288
4000516589817
1005001929666409
4000679862180
33003706770
1005002291621304
1005002292114852
33043465593
1005002372761282
1005001720724992
32537819942
4000168017524
1005002332731587
1005001427649059
32692845751
32952700122
1005001588390097
1005001898772378
32841285440
1005002371677436
1005002428694901
1005001281732801
4000722863889
32820484422
33018514100
4001204683784
4000163449967
4000510629445
32814587635
4000150110818
1005002321166843
32928798424
33016186270
1005001859298665
33015946122
1005001731413404
1005001982465689
1005001882175640
32885612203
1005002254259454
1005002092631027
33039840379
32855352283
32789172220
32890429224
1005002372659946
1005001693959289
32980020695
4000561621507
32880513374
1005002471344798
1005002029213762
32956997501
1005002265241912
32950814656
4000833180622
33051373799
1005001445341106
1005001670547894
32823416300
1005001678667070
33001593679
1872455566
4000123127576
33038259373
1005002233107674
32821921468
1005002411504855
4001110788128
4000872496317
1005002265214407
32804093309
1005001458400486
1005002460299888
1005002467661996
4001098242326
1005001948161522
1005001619933486
1005001563350145
4001217751267
32909023558
1005002055546385
1005001874005545
32852929962
32867605618
1005001848961554
1005002199099922
1005002273541675
1005001868655507
1005001953495934
1005002365588405
32856862142
1005001960845520
32966571716
1005001742532339
32698635095
4001313890019
4000960561563
32682214000
32828354984
4000404529829
32947612398
32958179998
1005002033812301
1005001352191253
32994469400
32920563155
10000069485097
1005001346144213
32949842969
1005001756466308
4001266186037
1005001528574856
4001215218771
1005002314420058
4001365748887
33010643820
4000321232789