1005002364092961
4001036391270
32846977643
33024247074
4000850865575
1005001562640313
1005002485263617
33030129404
1005002029896204
32847533641
1005002123887084
32916993716
1005001446389993
1005002365697542
4000666084709
1005001870720996
1005002232849242
4000941332716
1005001933714199
4000481770342
4000338039511
1005002296864550
4001112097170
4001014212355
32958631949
32674161973
33014808924
32964643452
1005002319625959
1005002309577295
32921098321
4001138860659
4000112207209
32894457165
32989180841
1005002025019763
4001230355621
1005002293646051
1005002247354551
1005002357167878
1005002302626738
1005002314436117
4001128663698
1005001332780212
33042874845
1005001680551431
1005002481186051
32980394614
32831964638
1005001830961797
4001158933702
1005002425273769
1005001869458545
4001268423707
1005001943351779
1005002348647105
4000456516430
1005002093832757
4001025119845
1005002072426531
1005001656733380
1005001464956466
32822853874
1005001942861770
4000971756054
10000120293392
1005002330792891
1005002252750899
33003164605
1005001509375832
1005002413088429
32885053675
1005002419613817
33000349404
1005001657690353
1005002397748646
32913774973
32867395773
4000023255287
1005002420341298
1005001597360290
4000464755950
1005001349565049
33054225777
1005002482860512
1005001829005325
1005002334332181
32968686407
1005001688580106
1005002354315644
32922756364
1005002344784666
1005002100237429
1750145901
4001294343948
32982216738
4000052474452
1005001852434276
4000226752447
33004395066
32898404005
1005001766421257
32991267516
1005002494476970
1005002359641849
1005002460354468
1005002328192058
1005001984398612
4000507573432
33054273061
4000381325959
1005001344750359
1005001469820382
32513609551
1005001300394427
1005001851476338
32866756510
1005001429312636
1005001493363095
1005002234863802
4000955833907
32996105342
4000336507572
1005001939968280
1005002272970424
1005002490437322
32829357147
4000435657797
32896600962
1005002143929345
4000161222900
32898742804
4001131788915
1005001386365404
1005002052637507
1005002337250399
1005002346238259
32819977517
4000411408940
1005002224327572
1005001524176533
4001220222104
33015231337
4000563478306
32836938737
1005001347035871
1005002404785712
4000849732556
4001042039473
32984846362
33004118691
1005002408578739
4001001281642
4000742546346
1005002306025041
1005001305306335
32866971635
1005002323198965
1005002075408235
33032931192
1005001683801257
1005001289065237
33042020106
4001120743847
32885389949
4000153998803
4000714789104
1005002077875195
1005002310066713
32713242858
32898262431
1005001941782262
1005002363460531
33000559932
1005001489972053
1000008332748
32833290704
1005001724596437
1005001841503711
33000733201
32982939079
4000166965360
1005001835069101
1005001852477075
32719101567
1005002354218528
1005002022993817
32840268802
32958313159
32855564861
1005001942885543
4000133464715
1005002377618897
1005002350705034
33039114225
33056529657
4001324231335
4001249859853
4001031445353
33043925461
1005001457817281
1005001324495857
1005001615388124
32890824132
1005002358845054
4000695899535
1005001642565581
4001069284774
1005002301794083
4000864809193
1005002356561515
1005002059865052
4000572605242
1005002277551978
4001010500709
1005001757463614
1005001280077924
32858412791
4001204698015
32820861628
1005002321236330
32921303225
1005002435216603
1005002399789967
1005001450360746
32958750033
4001154541797
32829378024
4000370965853
1005001551868224
32887514485
1005001817327687
4000960935351
1005002467250893
32921412739
1005001780543258
4000290656764
1005002426800243
4001304635540
32988833068
33012635523
33008362399
1005001581456236
32987516790
32610118408
4000146002959
1005002294038947
4000744988202
32865503554
32956618869
1005001337911999
1005002439022683
1005002027430623
1005002479021022
4000747909542
1005001656822442
1005001917744003
32606533251
1005001606230085
33011476881
1005001478888183
1005001515756302
32992695711
1005002409988279
4000059645629
32796140218
32901885065
1005002366076878
4001259374178
1005002326722704
4000176059635
32984254902
4000031627149
1005002398912037
4000989116801
32959894761
1466775394
1005002207728193
32863818482
32886346818
32753479752
1005002404681196
1005002484731494
1005002253601115
1005002232928009
1005002434647273
4001183432264
4000059112111
4000204707184
1005001560591315
1005002122336546
33041537931
32986173132
1005002333781648
1005002375590015
1005001298343510
32812979504
1005002489984915
32951765829
1005002297570044
1005002425670218
1005002258811120
4000220191237
4000463308277
1005001518684404
1005002009536868
1005001284693240
1005002395359474
1005002117672807
33051064385
32956241274
1005002252420362
1005002208049369
4000196347078
1005002497536717
33005524482
1005001625553424
4000556904528
1005001618321524
4000597459301
32649378742
32994986834
33002775918
32889029205
1005002234875294
32952456233
1005001804481743
32391546264
1005002496179434
1005002255867746
4000999318989
4001282463927
1005001760170308
32602938171
1005002261099268
4000054507601
1005001482595145
1005002204907210
32638846086
1005002319592466
33037232110
1005001600466867
1005002362951637
1005002104946962
33004310014
1005001834424818
1005002333930097
32612129295
4000887810006
4000710436064
32590810029
32956473682
1005001971712952
1000001180660
1005002405693483
1005002276625280
33011945425
1005001408632946
32620741460
2019550432
4001061076321
1005002467571608
1005002330882275
32892532926
1005001359462140
4000064983056
1005002292086636
4001355649341
32973580178
32584298564
1005001421552762
32854548592
1005002477292102
1005002496456004
1005001927624977
1005002382917537
32792993327
32917491946
33005845721
1005002440658431
1005002468111572
32806267477
32948375240
1005001494786611
1501456112
1005002496810619
1005002447786447
1005001968773450
32999544455
1005002310589280
4000958803633
1005002063409152
32959428037
1005001315388067
1005001297495737
1005001315771969
1005002315506945
1005002317987495
1005001513075742
32825945511
33003066666
4001159176332
1005002286563554
32855016162
32796080651
1005002277187365
32793119514
4000800941632
32865674343
1005002253014204
1005002108525720
4001270352919
32990300409
1005001830951825
33056565130
1005002236393835
4000860649846
4000173402863
1005002388293217
32876904195
32888913053
4001050754716
1005002003828618
1005002327948076
1005001391449375
1005002154837776
32887219007
1005002364292629
1005001978121140
1005002336973123
1005002433146754
1005002310742657
33008153318
32684431181
1005002456925516
4001180504426
32913562311
32819476235
1005002291581389
1005001863955664
4000685107608
1005002384588723
1005001775154029
1005002446972133
4000793148782
1005002270539746
1005002350600999
1005002498964985
4001003186122
850199887
1005001927621983
1005002451211233
1005002438764250
1005002263604061
32850090048
4000912855438
1005002313514641
1005002377261268
1005001640015913
32546870312
1005002273047254
33055806641
1005002313771970
32903795872
4000032926193
1005001711312079
4001075415540
32821493932
4000321995643
33051207053
32972669082
4001207339312
1005002398556694
4000015189111
4000211061071
1005002423066515
1005002264831801
1005002101860556
4000990852237
1005002380515920
1005002182537814
1005001592907299
32930616576
4000411670166
32995320385
1005002278685122
1005002314849947
1005001997686364
4000928571110
1005002266897169
4001073224302
1005001687709353
32857279274
4000259500683
4000925594142
1664654054
1005002312643014
1005002304902653
1005001608128627
1005002304114116
1005002352293461
4000022167975
32791975167
4001119835528
4000916902299
32315560613
33052238317
1005001909482143
32889965654
4000597362809
4000250101353
4001079201998
1005002389538025
1005002396455922
32864130451
4000734896940
4000505578359
1005002394023340
1005002273134561
1005002313018601
1005001424439021
32698397706
1005002389922627
1005001514484338
1005002408477264
32744831113
32819589787
1005002476252390
1005001718070338
32975693272
1005001305589888
32686265934
33015565111
32825896300
4000498602382
32818542708
1005001958641837
1005001439165264
1005002322252883
30000001550402
4000739679120
1005001682431293
1005001309833900
1005002453471573
1005001680160764
1005002263753511
1005002137407065
1005002476805759
4000112295510
33012733514
32803391467
4001163534750
4000970697035
32910023952
32862709569
1005001424478028
1005002368689544
4001127748369
1005002495604267
1005002032534954
1005002252252277
1005002312001776
1005002277611540
1005002364624771
32784605128
1005002453744673
1005002394040751
4000995961958
1005002377459627
32479598394
4000407319049
32912994675
4000468503351
32891111697
1005001627391456
1005001380642513
4000455985889
1005002365566945
1005002387345702
1005002033805015
33055516133
4001241734704
4000215585372
4001156443047
32927184684
1005002358008057
32830073586
32316194657
1005001334080280
1000007965965
1005001351227461
1005001889337506
32903073825
4000742551830
32976494745
32952176781
1005002314332630
1005001339167640
1005002440637997
1005001389094792
1005001294673437
1005002494462165
4000042203981
1005002317440795
1005001713386073
4000680268790
4000907597433
32987729778
1005001355469942
1005002196717364
1005001537054057
1005001487306072
32805676360
1005002124506917
1005001920935515
32910043202
1005002029066512
1005002440184469
4000833938700
1005001457934793
32863135349
32853620010
4000755533448
1005001604592501
4000547348002
32852332944
1005002368730871
32961453125
4000589023548
32658436350
1005002180059636
32710142368
32854613629
1005002015479917
32975782902
4000463550186
1005001529087621
32987801726
1005001900568761
32901078763
4001340673813
1005002051641624
4001050153840
1005002347321791
4001298984217
1005002239382926
1005002342499706
32359434065
10000027562623
1005002468758015
32759719363
1005002400173923
32604759631
1005001638572698
1005002315830611
1005002431407046
4001031939148
32960019366
4000828837149
1005002316607139
1005001505825657
1005001419150374
1005002427791932
1005002213231562
4000250866768
1005002108467686
1005001367913197
32977276043
1005001442443387
1005002333699520
4001217267848
1005001518961776
33001526075
4001115230407
4000322205832
32965227220
4000112215062
1005002400359380
32893625054
1005002425239634
4000740817401
1005002264232819
32832094967
1005002416681075
4000718503001
1005002313814025
32853288183
1005002406689100
1005001321962200
4001055903694
33030002676
32917947516
32861872178
4000857594406
32903600334
1005001419911115
4000901645176
32855787474
10000145925272
1005001953692274
32697458327
10000177854575
32847343369
1005002341359982
32956217107
32693095878
32649318925
1005001274985435
1005001356386188
1005001338273223
1005001361987066
4001109844705
1005002171968346
32712684973
1005001780518637
4001108010077
32961454950
1005002344851630
1005001742734371
1005002027108515
4000962127701
1005002472785550
1005001293037336
1005002308722640
32846795835
33045461497
4001285740034
1005002115909810
1569515796
1005002070458320
10000395822358
1005002311965478
1005001817506885
1005001800761616
4000592882112
4000595019594
1005001890326789
1005002175764026
1005001549437719
1005002171916099
1005001785414944
1005001825343056
1005002306771555
4001314641567
33000405317
1005002085349259
4000314824436
4001149619420
4001133935395
1005002246630207
32807622818
4000703634447
1005002254222842
4001034625156
32952924257
32869783559
1005002235057576
4000984998885
32984462518
1005001365921333
1005002359640540
1005002288874717
33058452324
1005002307761307
4000211541262
1005002329991128
1005002443002935
1005002362370920
1005002406295613
1005002340014431
32674987944
1005002172919328
1005002443721361
1005001863677096
1005002337673786
33059647306
1005001670703935
1005002393371486
32891085077
1005001356948868
4000777579126
32872543899
1005001491277175
32725193567
1005001621080756
4000148015054
1005001279231591
1005002395077177
4000306785763
1005001717483477
32886509783
1005002364541962
1005002433376013
1005002264477713
32689178747
4000116283916
1005001640818382
1005002100451853
32857823403
32889689081
1005002168907864
4000694528088
1005002245876942
1005001337685062
1005002233302962
1005002061463479
1005002222151469
1005002492437381
1005002412414126
4001178288785
1005002018824257
32785346858
1005002219974791
4000934271239
32609554859
1005002272202751
4000437362164
1005001345522069
1005002433223072
1005001652607469
1005002107964366
1005001790097147
1005002342061477
10000232120282
1005002164365576
32978837943
1005002482920587
32678544319
1005002291020377
4000522622009
4000414984921
4000782104203
1005002341385003
1005002369123318
1005002490461907
1005002404000162
1005002190670635
33022831467
1005002400249745
1005002454782820
1005002304132752
1005001653427904
1005002205512294
4000930306698
1005002322098500
4001207625344
1005002315262845
1005002316902546
32956785886
1005001804670949
32621739820
4001201171403
4001110707205
1005002090640487
33016939016
32905535982
1005001562573849
4001006509555
1005002275570721
32846728448
1005002282706693
32982617581
1005002413441358
4001074165354
32996141347
4001084771130
1005001304721582
1005002299946311
32954676599
1005002314365981
1005001947020054
32964436807
4001205037450
1005002289550152
4000184343252
4000623571310
1005002069809846
1005002383087100
1005001942006867
32967133272
1005001705736211
1005002240924253
1005001949802047
32977983271
10000374479800
1005001401618401
1005002425966963
32863700489
33052828541
32908054721
32960113033
1894367027
32940156544
1005002170805934
1005002132429564
1005001474142833
1005002316587938
4001261373574
32855377656
1005002117679198
1005001591321678
4000771496654
1005002385238675
4000033439016
1005002277330266
1005001844638231
1005002448831265
4000335548695
1005002439588545
1005002499527890
4001176237351
1005002483721759
1005001836666136
1005002103062707
1005002323504386
32898276092
1005002352260504
32900844919
4000057016823
1005002332488595
33002586934
33001407939
33006217495
1005001397213215
4001065217798
4001094547525
1005002100094953
4001184201889
32970165491
1005001441439400
1005002494313926
4000123356590
1005002314964298
32987350448
1005002383329813
32823891078
33038837436
1005002103766520
32745833025
32847332474
1005002260304151
1005001465038187
4001242839151
32884605810
32801217094
4001316378814
1005001885424187
32832678239
1005002142663986
4001243771442
1005002345357427
4000039914163
1005002329822849
4000928602009
1005002399639259
32919048183
4001015190441
4001078669775
32851860289
32782466119
1005001707851287
1005002253840041
1005001478807471
32883305196
4000773341058
1005001673929795
1005002308778593
4000038150095
33027080100
4000545264638
4000036700909
32767505448
4000832382042
1005002304447146
4000641379900
4000229608086
32809543829
33054225372
32992213633
33001051832
32938754803
4000344562050
32701445218
32288924411
4000053404147
4001344654182
4000013353181
1005002496728678
4001294194033
32860779537
1005001704123273
4001241141099
1005002394773114
4000990789983
1005002333939486
33017270248
4001038204988
32957356729
4000388967824
1005002066583769