1005002252325983
32749618926
4000791701879
32831237640
4000760476752
32994779464
1005002428469045
1005002018683204
32867531626
4000327196458
1005002313431318
32793809619
32726429115
1005001734111090
1005002431562959
4001084057623
4000858916028
33061591146
1005002258723846
1005002357285309
1005002498740296
32840191137
32958076377
32921038375
1005002449626457
4000521179511
1005002443553317
1005002119892823
1005002443473827
1005001320088892
1005001597659228
32727553944
1005002282893417
4000874380776
4000129949660
1005002120787303
1005002384492927
32858699220
1005002428203828
1005002175788846
1000008316627
10000177763866
1005002443113415
1005001438921344
1005001926966629
1005001920252878
32891221697
4001202989755
1005002340969077
1005002442902479
4001322079195
32804606137
4000466066173
1005002314102318
1005002350760040
1005002412713722
1005002363013860
32929577733
32978611328
4001067494743
1005002003570480
1005002377100640
1005002043376107
32962417886
1005001592557447
32984897488
1005001587187533
1005002003653598
1005002255220303
33064483927
1005002055779739
32909596609
1005001626507604
1005002475326191
32881813173
1005001305341561
10000400032906
4000159031064
1005001859098277
33024377616
1005002261483484
1005001591581623
1005002490091224
1005001982187976
33019223278
10000004086827
32530010270
32821543419
1890767431
1005002329271622
1005001785606307
4001068038532
32852687146
1005001368634687
4001054705647
1005002467331239
32866808807
1005001657227066
1005002414503516
1005002476027042
4000198134714
32572810078
4001121052420
1005002239003190
1005002196577919
1005001838322521
1005002226181165
4000313713870
1005001646888296
4001094506898
4001238379136
32953805387
1005001834317368
4001112574955
1005001392266354
1005002354565132
33042055733
1005002168899224
1005002387228828
1005001587471438
32863600799
33021428342
1005001417257367
32855684885
4001271622461
32952094293
1005002281356818
4000505626831
4000626107658
1005002386768666
1005001659693716
33003212635
1005001412128908
1005002260883164
32885994479
4001218910432
4000929452124
4000201211131
1005002334024895
4001159745612
1005001380912010
1005002234687696
1005001810431128
1005002318448158
1005002121604248
1005002393686984
32788386156
4001126910582
1005002273184535
1005002495716251
1005001337731161
1579395898
4000546109172
4000117682622
32890971553
32952910266
4001022573342
1005001340224258
32808079387
1005001331351830
4000154624740
1005002287394386
32801641609
1005001600097588
4000463439661
32817698573
1005001974909805
1005002322866357
4000396800393
1005002322231817
32950699715
1005002347208041
4000122969667
1005002303621868
32924358227
1005002028665468
1005002419150721
32764629513
1005002342218458
1005002345790399
32991537412
1005002378037247
1005002449208565
1005002244198388
32619989688
1005002351334720
1005001989016113
4000128545769
1005001287824752
1005002439607022
1005001571887604
1005001714782467
1005002386951191
1005002387979881
1005001855503545
4000215841646
4000954926858
1005001408490905
32970618523
32831655892
1005001781434932
10000420254555
4001267931140
32891550850
32801993341
1005002467518053
1580471689
4001015124834
32820143922
1005001906093329
1005001854171742
32979003876
32885889073
1005002205707100
1005002340249656
4000134817774
32948339226
1005002416260223
1005001649673201
4000625759154
4000129390004
1005001806237807
1005002353026054
1005001759431008
32967089034
1005002411605692
32252659076
1005002248672262
4000246086520
32825484053
32955041935
32863048636
1005002401025953
1005002357919321
4000715096062
1005001731450325
4001026835579
4000308130895
1005002435151248
1005001930813896
32991784900
33023837536
1005002451935765
32967695936
1005002497387100
32804069506
1005001652185823
1005002321638524
32609420641
1005002054549426
1005002073812935
1005001329803394
4000298333225
4000130345661
4001039232818
1005002438650997
32789780025
4000891864768
33030383567
32589181448
4001111798191
4000843269073
1005002392554440
33019042558
32954594029
32994683336
1005002364325157
32796103326
1752219945
1005002412748387
32934703559
1005001625640112
32950795161
32969523704
1005002428486158
1005001900323484
1005001369468407
32662960241
4000360501166
4001200741040
1005002281774867
32883682192
4000039130641
4000253111634
33044206913
1005001956645222
1005002491988245
1005002181145067
4001260348104
32921057801
4000717306064
1005002297979676
1005002361486525
33023862730
1005001966145898
1005002341214712
32848072086
33044603772
32964074723
1005002353526132
4000216053614
4001218172877
4000980304549
32848456496
1005001884309382
32956850415
4000067506513
1005002459153228
33012301580
32808961099
4001179553269
1005002432854078
1005002180624306
1005002460622191
4000935062616
1005001356544533
32852367678
32911573803
32807407745
10000312909481
33011203152
32879528089
1005002318886647
1005002394710934
1005002274095639
4001174827696
32855279342
1005002256124334
4000064720550
1005001930535296
32889001976
1005002375237643
1005001333692587
32860675124
1005001947588124
1005001732362603
4000912804866
1005002294598662
1005001436471863
32769938742
32810605804
1005001804050718
1005002384948342
1005001706617136
4000626197461
1005002417994476
1005002322541657
1005002301457671
1005002238937427
1005002320876367
1005002134179638
1005001295600084
4001307426551
33010626669
1005002276449441
4000557244404
32967859028
1005002408443181
1005002281068329
32982540694
32597747546
1005002395612413
4001064923047
1005002483818352
4001127566823
1005002337221372
1005001955051362
32912236077
4000128201840
1005002355562137
32861064687
4000054976901
1005002319169328
1005002234703726
1005002259025389
1005001862490180
1005001409290185
32905845109
1005002329865582
1005002136957161
1005001623124184
4000704567564
1005002320627230
32946461216
1005002357382664
1005001978243643
4000070228946
1005002420414930
33048503442
4000280301743
32599341354
4000387937102
1005001670934296
4000270047705
32881227080
10000024350753
32850998689
1005002408656212
4000661524417
4000860797783
4001322562832
4000717251546
4000987308549
4001294058749
4000151957940
1005001695120291
1005001516033205
1005002313947865
32960013574
32863611200
1005001722165316
1005002167843766
4001047642122
1005002170675971
1005001451809227
1005002275586277
1005001835424434
4001040600469
4000144780426
32988662398
1005002439584069
1005001830034813
1005002412903120
1005001873355696
1005002375409082
1005002190694484
1005002105728392
1005002242010129
1005002282430620
1005001354180786
1005002328284911
4000849767491
1005001612190537
1005001380585446
32802600803
1005002063818945
32897909246
4001337933040
32851988762
1005001905623412
1005002087287672
32573163820
4001233565082
32949714268
32972766484
4001264526875
1005002040710447
32949064770
4000200120899
32605183224
4000462715991
1005001384156712
1005001354657205
1005002316742919
1005001981591528
32810136741
4001065031331
1005002331724713
1005002264568674
1005002320522809
1005002317564008
4000732958740
1005001806680671
32731345409
4001041109822
4000799386351
4001331237863
10000402348606
33038302826
32688889142
1005002401312805
4000154612142
4000966816181
32811447803
32818371267
1005002380737325
32880794578
32773761795
1005002376312802
1005002337616315
1005002427015694
32847603246
33005267349
4001189410773
1005002234467611
1005002286868373
33034718464
1005002346485260
1005002299647395
1005002287687834
1005001642286654
4000788101116
1441403127
1005001561092237
32857767846
1005002358178734
4001340577521
4000308311987
4000564579815
1005002281902487
4000378657517
1005002059608611
1005002330655272
4000249742377
4000310017835
1005001608499225
33001037477
4000803618726
1005002488900693
4000479246534
32979322074
1005001588429783
1005002401308648
1005002282232150
32856751278
1005002272283932
4000739955515
32848572759
32949841439
1005002129521807
32851139766
1005001968468201
1005001278327040
1005002283610215
32828028370
10000090202694
32977415946
1005001456464880
1005001324728876
1005002334487641
1005001471084648
4000860663977
4001225247548
1005002328193816
1005002345429478
4000383286640
1005001632935002
1005002425696454
32795037818
32619308343
32967324725
1005002350123125
10000027905434
33013520383
32876031753
1005002109768556
32678143344
374947969
4000972340557
1005002414024089
1005001381829135
1065252221
1005001407447456
1005001330308110
4000369686263
33004439147
1005002032687025
1005001483133772
1005002372781248
4001154110616
4000466375985
1005002200691186
32874553685
32896402425
1005002202054069
4001179989146
1005002441753804
4001005622161
33045213503
33013923329
4000340036786
1005002346002487
4000335540843
32729288488
1005002001524060
1005002268584269
1005002298643773
1005001652211556
32944308258
4000817758996
1005002351562781
1005002425904260
1005001934453020
4000891526392
32821475162
10000088375476
1005001515078100
1005001361554708
1005002197185430
33047649093
1005002315074534
4000678417839
4000041245735
32865727308
33027529492
4000987106406
1005001764427208
4000936386685
4000595461807
1005001368781745
1005001865479411
4000678478140
1005001682339522
1005001592237540
1005002402354746
32986032189
1005002338327464
1005002125609356
1005002148207264
4000454499892
32770444670
1005002260800925
4001189675220
4001257107594
1005001441491260
4000217494899
1005001966618268
1005001518430602
32831269668
4000516795300
32961277539
1005002319137206
1005001364145134
4001079821229
32957635305
32992109934
32909118998
33001386791
1005002263995516
32805486670
32860602786
1005002439879619
4000397621875
4000293850271
1005001978135359
32797510419
1005002239944818
4001207911018
1005002461347498
33027797193
1005001472224880
4000582269711
4000960574358
33010295474
32938252935
1005001317216428
1005002084185638
1005002357109886
4000924970150
4001133708028
4001364975145
1005001343152396
4001052695521
1005001423589402
1005001699617604
1005002334060714
1005002187200403
32903567443
32869046464
1005001804358757
1005002314334089
1005002294192888
4000741867801
1005002261654654
32558191075
33013599667
1005002346072724
1005002400058400
1005002357442445
32832391528
1005002060868145
4001098590202
4001230311847
1005002364468713
2009462654
1005001779244900
1005002500059452
1005001490358587
4001311358731
33007261008
1005001478459164
32793345406
1383334583
1005002381938329
4000119790450
1005001960638385
33028358600
1005002165693909
1005002424132106
1005001787508357
32789516220
32984378519
1005001488974353
4001296510728
1005001930783785
4001153640048
4000528688899
4000704067622
4000544155416
4000583082213
1005002244744317
32836585841
1005002243540453
1005002476617278
32954257707
32790984936
4000034134117
4001225137589
1005002390395964
1005002414011183
1005001697920915
4001094798855
4001174411755
1005001905728869
4000771275766
4001287123855
1005002217472892
1005002446986527
1005002258471757
1005001825151444
32813214912
1005001387105329
1005002301603078
1005001519522689
32869589930
1005002382107136
4001364993797
32909648974
4000956200585
1005001615778024
33012187566
1005001444764947
1005002242039114
1005001783552009
1005001905858069
4000333199206
32911655511
1005002388921509
32986844749
4001179362991
1005002337554220
4000011891415
1005001993403998
1005001550028133
32844958590
1005001299737841
1005002372862839
4000738123915
1005002327947420
1005002239325413
32989537428
1005001350947623
32812064952
4001042060207
32893561842
1005001915069482
4000161256855
4001263801991
1005002304545663
4000185916570
32996138849
1005002320534362
4001164313659
4001259310035
1005002198257153
32859864005
1005001821069580
1005001338936217
1005002049935503
32801260800
4000696424749
4000184817745
4000197265271
1005002362444273
32842776595
1005002270754643
33037308262
32930784731
1005001313278139
1005002323582536
1005001524109813
32904282620
4000348882146
1005001855279544
1005001405414972
4001271342705
4000435090538
4000066042450
4000685754995
1005002489332124
4000759844807
32690511755
1005002494180948
4001037386511
32793813108
1005001955021106
1005002280522629
1005001329428460
32840028945
4001211794180
1005001345551859
4000374050990
1005001658132952
1005002227979280
32819874250
1005001520405239
4000945891888
1005002427106786
4001163347088
1005002400226655
4000860091401
1005001329667854
1005002255722801
1005002456651478
4001203525134
32867178650
32689724008
32797402578
1005001758495702
4001221825839
1005002426530770
1005002249325058
1005002433264919
33012184712
4000816614490
32856774030
32591879566
1741039207
4001095430527
32870760295
4000032256490
1005001841838592
1005002017454786
1005002285405895
33027505876
32757529881
1005002314452728
1005002443042928
1005002305184378
1005001877642206
1005001279076860
1005002360453018
1005001444880800
1005002255293008
1005001853936748
4000630519170
32945548233
33032844728
1005002457892434
32905810436
33025695924
32889770033
4000545948998
4000434344174
32980023092
1005002461261278
1005001386955879
32999718893
10000309277046
32919976551
1005002372848491
32975323880
32829501804
1005002021347694
1005001478064627
33010252447
1005002310975135
4000109475191
1005002291630367
1005002305939262
32865529446
1005002427847548
33034942643
1005002238155419
1005002125030210
1005001597530319
4001344629284
1005001329246923
1005002466070841
1005002405870148
4000888145931
1005001313341815
1005001854331170
1005002466888847
32998601883
4000193261253
33049099734
32877037677
32969154945
32905562535
1005001324966557
1005002353164217
1005002374329542
1005002042872456
1005002465623122
1005002305739960
1005002396601835
32662248747
1005002340919272
4000004600157
1005002425936275
4000589798498
1005002344843117
4000132596903
1005002112344238
1005002313065297
1005002461739209
32919422732
33031871045
32653910980
1005002122407525
1005001411425945
1005001997525944
1005001441271816
32839742073
1005001632545888
1005001664607842
32789492717
1005002363697335
1005002477491565
1764988167
32904911194
1005002363369111
33034613538
1005001356374485
4000679877582
4001272898555
4000755274722
1005002396815049
1005002475613280
1005002073984057
4001275067430
32880302164
1005002289472599
1005002018726223
32948618540
32968918092
1005002441448244
4001321375693
1005002378781545
1005001544032633
1005002468999299
4001170634335
1005002317344715
1005001626567917
4000154974592
1005002454354210
1005001607683190
4000131409259
4001236754339
1005001639895738
1005002314313054
33032829754
1005002210913734
32780736043
32886300125
4000290145994
1005002072459283
375047371
1005001557254625
4001227515891
1005002369603229
1005001487195007
1005002449598879
4001160810078
1005002396667652
4000371159726
32952949531
1005001880541096
33055313706
32842244226
1005002373196855
1005001458538909
1005002167234494
4000808812840
1005002447535386
32901807816
1005001588902241
1005002373147697
33001222935
32805681923
1005002323285323
1005002368708148
1005002452826038
33045465646
4000058733533
32897593885
4001136570758
1005002175456742
32839303358
1005002105107687
4001068345966
1005001928997308
10000367887012
1005002471951752
1005001392885597
1005002261930949
32910218797
32957920178
1005002246088339