4000237307450
33041602516
4000395816881
4000858929663
1005001947997977
32858877567
1005002446356766
1005001483343408
4000303818724
32363338565
32947207811
4000431310159
1005002350715739
33023515115
1005001640673253
32818146445
32716202460
4000467187555
32636749016
32808853290
1005002250857988
4001035373980
32985254999
33008939999
32809966742
33012800540
32905052892
4000706843979
32915755282
32958903182
1005002321420101
1005002259238959
4001333932367
4000558577085
32997903325
1005002273165189
4000038496554
1005002408689782
32838664735
1005002211100659
1005002454325950
1005002447673954
4001118376396
4001225210350
1005002453606746
1005002311806291
1005001813428616
1005002213507055
1005002311925906
32921064961
32892587618
32692154710
1005002294002638
32653187684
32923127748
4000287461317
4000063496593
1005001867688725
1005001521306296
32657915217
4000480067318
1005001672292729
33054525613
1005002324031556
1005002345044176
4001090326763
1005001525344539
1005002303807943
1005001524206279
1005001298963220
32999528769
1005002492488105
32838750390
32842435986
1005002247517994
1005001652577165
1005001805128270
1005001701732233
1005002358397236
4000126366752
1005001578893525
32840730136
1005002389211729
1005001369089335
32450158644
33001089234
4000987261863
4000234535015
4000571214128
33030435134
1005002165709375
1005002283374437
1005001736391050
32789390203
4001201420311
4000203350182
1005002473681340
1005002340880566
1005002425551072
32998809888
33005008263
32973659504
1005002395866259
32964171744
32936656626
32887535327
33024868169
4000223276993
33025853319
1005002027528618
32390514241
1005002318371720
32957663117
32894419697
1005002353054535
1005001278849920
1005001841256562
4001351039292
1005002316860284
1005002462969227
1005002208288333
4001294712099
32949414846
1005002050090509
4001204124820
32969988605
4001235971519
1005002357591443
32918944146
32718254651
1005001992692220
1005002334458170
4001316467052
1005002211365732
32985346838
1005002428572121
1005002377950054
1005001454160821
1005001913037052
32979602430
2047819127
1005001695631409
10000088413254
1005002145041951
4001223108026
1005002212966511
32854613694
1005001616701487
1005002475679778
1005002480927593
4000772752289
32656558315
1005002076486752
32996255915
1005002284642203
32918256948
32825606626
32900750751
4000283085081
4001272464835
1005002420456234
1005002301215139
1005001280423319
32866384560
1005002481498724
1005002284539171
1005001905893748
1005002294421134
1005002345941973
4000856272634
4000586934876
33036832204
1005002315667355
32864418533
1005002339677591
1005002326093541
4000849912025
32824132012
4001033661768
1005002351536107
1005001615218938
1005002192176068
32949475274
32833445254
1005001998586242
1005002359228958
1005002042411802
4001170799000
32340364492
32997447679
1005001882349029
1005001279918869
1005001992380265
4001272101698
33045239777
1005001645466042
32909637731
4000544063064
10000116429380
1005001954927571
1005002050807428
32982446353
4000154863346
1005002460135256
1005001627779625
4000047348247
4001119037904
1005001606995251
32275962522
32956126950
1005001763623548
1005002232651576
32844008820
1005001980068514
4001009987006
4000020122267
1005001893624506
32848395527
4000082558472
1005001808477917
4000944677101
32997283293
4001005045864
1005001304405549
1005001710699972
33029579990
4001136038497
1005002267500483
1005002435289108
33005061420
1005002340273719
32878961744
32969640462
1005002328135469
1005001747746228
1005001833659642
32999951740
4000152769395
32715235970
1005002277809312
32996180376
1005002198875537
1005002333501636
4000843895018
1005002441666070
1005001639603279
1005002312126588
1005002291367658
1005002314448429
1005001680185556
1005002279024181
4000415009905
32834602509
1005002491038129
1005002210997208
4000035901977
4000237969460
1005001775117717
1005001780511457
1005001603577391
1005001462323470
32903960552
32849282999
4001162807711
1005002306233887
4000661132690
1005002476315003
1005001424538284
1005001333806754
32882926246
1005001813526766
1005002224904372
1005002383526706
32833455721
32837979171
1005002412598396
1005002377996473
1005002390734171
1005002431375484
1005002260252360
4000802237817
1005001793503267
4001360642608
1005002385425403
4001162578412
32910472081
1005001952050570
4000774821024
1005001339317334
32887773597
1005002321788395
1005002193675515
4000177405930
4001107218661
32807959612
4000471323028
1005002090969944
1005002330279510
4000684956681
1005002326975109
1005002065577439
4000836933838
32994166735
1005002406253337
32313463226
4000891711548
1005002218584185
1005001763764300
4001252524660
32932926939
1005002364921833
4000789819222
1005002359644970
32581779241
4000368819458
33005986163
32852937635
1005001366993975
32655259428
1005002345080787
32977834016
1005001577080162
1005002441447263
33016340079
1005001391181757
4000203370126
4000530650735
1005002260064592
32832317063
1005001683774686
32811441483
1005002433881774
1005002454343288
4000309988888
1005001575600640
4001045431446
10000297303502
1005001633832674
1005001453214203
32824647188
4001304423805
1005002475688663
4001231472657
1005002363009438
4001062690264
1005001717960245
4000865366876
1005001942939547
1005001775750415
1005002329693688
1005002376626520
1005002333947391
10000377884138
32998857862
1005002254008560
1005002262970136
32872807828
1005001678188055
1005002261512339
1005002345676609
4000906131717
32834178751
32993375903
1005001906982082
1005002337260296
32879679982
1005001931179720
1005002055615721
1005001416700150
1005001883430623
4000323582689
32864612691
1005002328238757
1005002006244966
4000781936345
4001272689930
1005002392226057
1005002378745396
1005002476742196
1005002422882333
1005002336726647
32910614570
1005002294505124
1005001598797442
1005002170935083
1005001966830229
4000989028726
1005001893991558
4000624663345
4001320515763
1005002454863381
4000201953912
32534124632
32953856578
1005001850489730
10000346454158
1005002340341435
1005002417924409
4001237953385
1005002254883997
32888213710
4000273221192
4001285763956
1005002495371584
1005002395294781
33054020592
1005002324987008
1005002267848757
1908317568
1005002211617659
4001042001541
32945809804
1005001412790968
32811515950
4001186152315
4001350931307
1005002282608989
4000805806141
32469873530
1005002464929559
4001035293207
1005002414007186
1005002305133667
1005002429465084
1005001664586906
32839832374
1005002448440308
4001260828728
10000018016601
1005002324455426
1005002480741567
4000801602418
1005002417273690
1005001622970881
32876321389
1005002071746117
1005002322441203
1005002311628886
33023338826
1005002496208978
1005001320493602
1005002372765391
4001282885882
4001305705976
1005001786486452
33015534163
33019270689
1005002405359116
1005002309736606
1005001578929879
32810994529
32818832031
4000763352079
1005002365282285
1005002433668330
1005002115317296
33004952752
1005002167842318
1005002306668474
1005002262059780
32788510468
1005002196677895
32897296042
1005001335509602
1005002409177111
1005001373476675
1005001473638024
4000238757876
1005002254636260
1005002416968237
33040011765
1005002243098100
1005002406544158
32877911322
1005002000464519
4001310674019
1005001858411567
1005001298337332
32465108690
32674391920
32936531512
4001263782727
1005001920644373
4000739372237
32961589461
1005001859757525
1005001953602422
1005002125526677
10000382017958
4001021424103
1005001419326252
4000263207484
1005002220278813
33055940490
4001234380517
32431086761
1005002322386178
32992552770
1005001308573853
4001300378336
4001068192094
1005002255881341
32861054858
1005002311042018
1005001764551623
4001326741965
1005002454216771
1005001657370441
4001125494894
1005002122284818
1005001527050825
4000189295753
32882150601
1005002246519759
1005002354037551
1005002308982539
33026941719
4001213674346
1005002275924348
1005001976453741
32759637889
1005002238880988
1005001762477602
32921151412
1005001530573288
1005002378995084
4000823633034
1005002454380241
4000263039464
4000271584455
1005002207874539
1005002346103130
4000255450642
33052610025
1005002413455771
1005002252139743
1005002314321063
1005002288398195
1005001968280211
4000341717101
1005002395997716
1005002475640310
32967740523
1005002220422963
1005002417067757
1005001504966174
1005002306281651
1005001930717763
33060263062
4001010670252
4001113065741
33048575744
32798507621
1005002043759319
1005002314223292
4001197565848
1005002075171283
4000873122344
33004424272
4000024775179
4001366163132
1005002364350902
4000085530792
32959502810
1005002367572599
1005001877104459
32962090965
32996162215
32830381152
1005002057967495
32965702720
1005002382126049
1005002234809050
1005001960379481
32890232570
32911067086
1005002329178707
33000784098
4000170014114
4000687383688
32566970641
1005002382329422
1005002375356474
1005001475538268
32918045398
33017084091
1005001883263128
32948525438
32893162396
32917661146
32996847341
1005001452204409
32975184419
1005002440148825
1005002166310237
32859037783
4000990833272
33060363484
1005002292777492
4000319669559
1005002276469631
1005002388768897
1005002332356392
4000284272377
1005001927645588
4000077222243
1005002281432943
1005002485112171
1005001644160050
4000183302420
32793562379
32912507994
4000409021058
1005001370507033
1005002409955723
1005002247211228
1005002315605230
4001299382396
1005002223303260
32983703271
1005001692445461
32932344073
4001139471862
1005002392689358
1005002344608107
4001156331265
4000220579939
1005002497089233
33027456865
1005001968522684
1005002347598759
32919175898
4001021950284
4000143683902
1810419658
1005002369543029
4000162361499
4000838027414
4001092297398
32820620569
4001228376197
4001153476581
32921073232
33056870234
1005002466142342
32985261754
1005002381843070
4001295643812
4001074622294
1005001721712657
32906708386
4001270638236
4000922653609
1005001972118988
32906802433
1005002312076708
4001108148104
1005002165994584
1005002418837999
1005001664584606
32885029462
33024102209
32911019638
4000169292067
32956493612
4000146107458
1005002425090688
1005002298506089
32813821698
4001297126211
1005001627092052
1005001736250293
1005002485260051
1005002083911768
4001345437466
1005001869395002
1005001727642605
1005002370508066
1005001670772840
32958362655
1005002252284627
4000503851262
1005001587860246
1005002442473603
32822587236
1005001464592586
4001183260774
33032509616
4001242042263
1005002454311529
1005002201904129
1005002090875949
32833312650
4000211222166
32719482522
1005002254436093
4000883910171
4001219360393
4000341383954
32964690118
33027509737
1005002090603341
4000801051236
1005002235076909
32655137621
1005002311679651
1005001334192546
32584283801
4000028459372
1005001511636500
4000024335398
4000955773551
1005002425999494
4000069713556
4001219760187
1005001786447132
33039182245
1005001604457740
1005001585719768
1005002469017639
1005001335235511
32242808820
1005001648058555
1005002100358192
32974108624
32951244415
32888798198
32795351568
1005001354124623
4000353983399
4000641460063
1005002317970855
1005002226898593
32849021546
4001195708685
1005002368016746
1005001491575796
1005002211147207
32955623013
32918444212
4001111580397
1005002243432325
32971643519
1005002347255976
4000939813509
32910040264
33013249467
32885152984
1005002119070354
1005002359703981
1005002014073575
32366261595
4000038471048
1005002267686295
33060675304
4000241040313
1043941090
32821437931
4000680265832
1005001883789012
32759988990
4001037583319
1005001445796868
4000567294773
1005002352682481
1005002180930267
1005001617530798
4000210242920
1005002241060516
32896207038
4000313431707
4001010778888
4001270774909
33000534075
32829222489
4000035778753
32806324028
1005002431094897
32894283196
32920379367
1005002413678284
1000008685451
1005002122393485
1005002408293134
33042980810
1005002467565734
1005002401727394
32408397211
32854645730
1005001928146295
32975005352
4001245134797
32962604378
32992158752
32913997231
1005002303370682
1005001707840109
1005002332414971
1005001547800548
1005001797713020
4000198735247
1005002247652759
32799031570
1005002124919666
4001190743844
4000927507363
4000173052989
4000953869625
4000745127556
1005001487485035
4000690573688
4001219953918
1005002322885768
32770455396
1005002367905841
1005002494990667
32892775045
32712640369
1005002386510820
4001094509396
33059440126
32955670389
1005001633298392
4000034336456
4001215397825
32836579611
1005002353494513
1005001915793930
4001235600846
1005002203469528
32617295141
1005002166600506
1005002341326609
1005001581174377
1005001732407493
32979483117
4001139005076
32921875228
758478652
4000021501499
32920044689
32888745122
32837111674
32878004113
32507402148
1005002115050468
1005002289113844
33024218820
1005001737050735
4001139777115
1005001723875014
1005001371126594
4001234211405
1005002381175215
33006559300
32853621522
1005001496715786
4000055851481
4001031092841
1005002240256961
1005002240080712
4000772826979
4000758660601
4000278808434
32881040440
4001331839264
1005002318999724
33027796942
4001296805337
1005002333323255
1005002238176639
1005002297360850
1005002311794166
32578937767
33030296082
4000496262484
1005002072505420
32882212261
4000729972015
1005002305793075
1005001930334898
4000655877321
32890788488
1005002250625343
1005002466387456
32880041347
4001343912499
1005001539997040
33041660991
1005001867406106
1005002297657056
4000909528349
1005002146348430
4000517197002
32686591449
1005002064597955
4001257472908
4000959263057
4000944736317
32904439705
1005001941690065
1005002069532364
33002104418
4001272518099
32724835227
4000027758934
4000867865548
4001017969844
33005571615
1005002420290063
1005001423958522
1005002332080448
32866235341
32885813929
1005002345817497
33057983067
32795958522
33006479520
32828724398
1005002237992364
1005002382555152
1005001967225227
32817047577
4001069828617
33031643857
4001356230222
4001364366635
4001010447419
4001167865465
33031875634
4001130895571
1005001417316445
32852969697
4001197703459
1005002442790654
1005001823735089
10000406269054
1005001615360209
32886240920
1005002477116755
32834188542
1005001962822076
1005001883355773
32946619454
4001064971410
4001212447214
4000548645503
33060571679
1005001803726707
1005002488950151
1005002438550039
32888560856
4001094704881
4000549145869
1005002483320730
1005002320694653
1005002312210221
1005001669301813
1005001986125238
33022706273
1005002314497253
4001002343907
32764511076
32975600301
4000693621664
33052590616
1005002372518142
1005001426054376
1005002263115042
1005001350554562
32869620346
1005002404116178
4001038651219
33035634821
33001757125
4001290621077
32980344964
1005002421366400
1005002103554699
1005002299768394
1005002362380511
33019545525
32981665697
32352464144
32901967408
1005002049481543
32782095299
1005001560602698
4000835948789
1005001994136654
1005002332882925
1005001666647263
1005002427302338
32899463659
4001139382609
1005001685364447
1005002063393593
32889886528
4001244554137
1005002428209784