1005002319194926
1005001963426661
32971976640
4001257359574
1005002267889659
1005002055851817
1005002423343720
1005001425158330
1005001326223817
33002007335
1000004340723
32947367903
1005002364911553
1005001438858245
1005002349930506
1005002167307578
1005002424754879
4000932159589
4000206715245
1005002325109360
33057491287
4000510321643
32897673781
4001135670551
4001232158521
1005001953245531
32954260664
1005002305279992
32798252377
1005001603195017
32998869810
1005002254227053
4000394386136
4001135052282
1005002281915731
1005002398634776
1005001621102274
4000819004675
32380450932
32818709046
32975065153
4000989677559
1005002302961937
1005001295853831
32826081129
32945045244
32845923679
33029880073
1005002412968810
4000909052450
4000013650171
4000022144784
32338882440
1005001914321963
1005002380866927
1005002302410296
1005002357279299
1005001305351988
4001136463557
4001320693867
1005001279333939
4000293411399
1005001722910423
1005002332057577
1005001700699253
1005002444502438
1005002303636471
4000172817529
1005001824888774
1005001580205516
1005002243272342
1005001614214471
1005001606292061
4000671305161
32998022570
32905603382
32954451065
1005002357746174
1005002087727715
1005001369533416
1005002072405664
1005002302398495
1005001330274511
33052567378
32982277590
1005002301521970
1005002176039440
1005002376764838
1005002028515411
4000088948016
1005002500547774
1005002212590607
4000382062596
1005002002879012
1005001731770482
1005001541447409
1005002416923142
4001158867428
4000031587366
4000248741023
32825669164
4001134503443
32805461192
32863196253
1005001617416516
1005002295459333
1005002459370911
32419478993
1005002440458116
1005002122524315
33000593281
32814136589
1005001416497014
4000986875033
32812151665
1005002462071066
1005001367924473
1005001367656548
1005002194030718
1005001882296746
1005002282260354
1005002439527535
1005001670591904
4000717985300
1005001636732180
32856332612
1005002289432487
1005002069360738
4000250091564
1005002284103794
1005001724110922
32947225241
1005001684127947
4000480493085
1005002400403768
32808657391
4000548518111
4000040557595
1005002175972073
33018842505
1005002359285627
4000031664059
1005002286455109
1005002356379976
4000655772869
4000955275996
1005002500564246
1005001732376883
4001064640412
32483321463
1005002330297498
1005002005626620
32851301618
1005001586890104
1005002184303105
4001209874141
1005001958805361
4000928350587
1005002043174040
33037848265
32538445459
4001252436358
4000316427209
4001249955530
4001332240342
33055046882
33006387240
32869524680
32944562036
32866567654
4001102186758
33055929990
4000078273656
1005002388103886
1005002467055380
33030055049
1005002418826013
1005002314403906
1005002448833833
4000093375394
32834613717
1005002011944567
1005001834392401
1005001849623894
1005002245652702
1005001363958235
10000183260743
32921307032
1005002064097083
1005002388262018
1005001393139910
1005002243506577
1005001617269736
32963194419
4000455942974
33026432020
10000155589506
1005001798148429
33041921823
4001220324056
10000395821796
33038090304
1005002159120152
4000043271125
1005002454443176
32857879646
1005002314031755
33033903175
1005001978727658
1005001769488756
1005001749161472
4001205202751
1005001670770948
4001189587172
33014138361
1005002484809385
1005001868986327
4001045501669
33008498678
4000960669191
1005001962453135
32906834329
1005002436458758
32980892298
1005001859154709
1005002196922756
1005002370750130
32837804011
1005002167895684
32898559450
32983417548
4001272783605
1005002304223120
1005001299212167
4001316889217
1005002382919818
1005001459129812
4001234725024
33008547342
32714812174
4001035444624
1005002394064571
1005001839153111
4000040839223
1005002421184127
33029233450
32921625894
4000843778058
32929593750
1005002467497728
1005002409737554
32518714250
1005001521103291
1005002359301799
1005001670324412
1005002285839628
1005002284547029
1005002012284544
1005001955008142
1005001946120234
1005001515758757
4001269405292
1005002291933697
32825604630
1005002133635582
4000026074628
1005001999658571
4000738144026
1005001615779964
1005002110085067
4001289428172
1005002406183757
4001117945723
1005002331547838
32956741542
1005002090323833
1005002317071366
4000209929994
33055237953
1005002177574113
4000058264838
32586575714
32809337384
1005001878032373
1005001947297463
33014606823
1005001620390995
1005002289057827
32957618988
1005002320002597
1005002275623614
1005002399882111
32814867024
4000801985312
1005002402503726
1005001848002496
4001365570441
1005001972471834
4001290763055
4000955751722
4000066560714
4000234863465
4000536661979
4000235072513
1005001531223677
1005002352803872
33015026104
32763996619
4000875301407
4001360530030
1005002260690746
4000491983627
1005002001580605
1005001457889682
1005001931022269
4001143327453
1005002374508211
4001130980388
1005002213205476
33014649925
32718113891
33056531416
32845225549
1005001645662968
1005002457437461
4001207908239
1005002263351197
4000055312946
590526581
4001285738025
4001227531920
4000227090577
4000999422071
32797783461
32862313523
1005002059957713
33000552596
4001267976379
1005001841167906
4001286590768
32986855472
1005002309629790
33005764008
1005001865209097
33047010072
1005001794934824
1005002060382618
4000592301043
1005002281739977
1005002417873766
32622127790
4001086133202
1005002120172366
1005001640988968
1005001458777153
4000893197198
1905968151
32680494553
4001089161942
1005001425374255
4000242596811
1005002304950886
1667082547
32945349584
32969618436
1005001858481534
1005001502691009
1005002443398927
1005002058615559
1005001971348546
33013297540
1005002337392099
32902184884
1005001617692879
33006678053
32847550220
1005002051066975
1005001937344952
1005001728485277
4000023382359
4001250655128
32975456532
1005001413228921
32870478895
33033356303
1005002245696251
1005001493332081
4001035628753
1005002255206432
1005001501487622
32885689389
1005002317452483
1005001929771803
4001157872138
32906150659
4000559697785
4000865466457
1005002358785598
32899151757
33025065787
1005002261118313
1005001727399441
1005001627137780
1005001863755464
1005001406235116
1005001988908562
1005002418586956
1005002481815066
4000447922755
33026170337
1005001966237817
32840748542
4000629122409
1005001598393732
1005001900186294
1005002258810267
32843581051
1005002122320854
1005002272913607
32790285257
1005002415901335
4001228827179
1005001585743429
32901410122
4000129950617
1005002394077494
1005002362716297
1005001621083732
4000813041751
4001148575090
4000714846696
1005002238501011
1005001614896116
33039125860
1000007822279
32971569841
32946126771
4001230901656
1005002169590246
1005001817135058
4000361014768
1005001507983001
1005001301528802
1005002257760445
1005002440511914
4000045575181
32984915877
32976802978
1005002319002963
10000408382352
4000170525420
32868672318
1005002449580605
4001233708925
4000018838557
32963744061
1005002359844030
4000606699253
1005002376446830
4000910738978
1005002281897899
4000575420559
32621839747
4000071539635
1005002319139599
4000958804611
1005002397733777
1005002358271094
32919904300
1005002314406075
1005002283865794
1005002388319540
4000104102473
1005001565434027
1005001831158832
1000008183364
32666820817
1005002287656282
1005001716545947
1005002481184847
1005002182395460
1005001824907617
32863214045
1005002303234349
1005002294053269
32731982382
32724935875
1005002069972458
10000022407871
1005001334160932
33004313210
1005002244374618
1005001450942670
1005001570749627
1005001333576644
1005002329199929
4000741235051
1005002365448626
1005002358086017
1005001629214323
4000221003517
1005001631392035
4000715698202
32924492687
1005001686216303
32855370013
32749848905
4000939014698
1005001692795415
33019075110
1005002243041741
33012035514
1005001565861103
32922219361
32873061329
1005002387114580
32945504426
32971711644
4000744368951
1005002270916546
1005002246171299
4000039737609
4001038941610
32746593328
4000748179123
1005001763028381
1005001597427314
33001907195
4001268561801
32982313015
1005001708696078
32919294432
4000627061891
1005001922596886
1005001469897437
4001147651127
32860344319
1005002312103847
1005002328901770
32950057148
4001204102477
1005002208184780
4000474713420
1005002399373094
1005001564893574
1005002331570388
1005002444726064
4000928197205
1005002312556275
32854220466
33043168021
4001278808905
4001016934463
4000190875424
4000128112302
32978426510
32898074137
1005002482226563
4000695608976
4000156710923
32553066914
4000397454956
4001308320017
4000171004535
1005001686109394
1005001972111672
1005002326566730
4000709033788
32798024602
1005001338862870
1005002207512026
1005001824733371
33001062613
1005002345430992
32917673544
4000675599176
4000956189579
1005001669591708
4000152008201
1005001854439527
32899752548
1005002351609593
1005002301743596
1005002193829460
32874616641
623468513
32826727198
4000031533604
1005002280784184
10000155325639
1005001298389926
33017756938
1005001582894989
32851295039
32922275224
1005001477917495
4001316014849
1005001859913715
4001064821976
32762999701
1005002258589213
1005002394261625
1005001626056396
4000959675584
1005001284664655
4001038373110
1005001438803549
1005002314278636
4000267031980
32855713218
4001212381888
1005001515915427
4001268451945
1005002161988536
1005002348544305
33016347051
1005001650600155
1005002334952167
32439772946
32988320719
1005002425984176
32922678289
4000186174705
1005001954014861
4001156091454
4000901381837
33032555751
1005002298988369
32930419707
1005002460512338
1005002314457537
4001159711790
1005001744872546
1005002328669637
10000409669651
1005001818079099
1005002454273737
4000868325867
1005002341461318
1005002339598903
1005002268562147
4000040376052
1005002408385401
1005001433827028
32855946317
33026287345
1005001847818730
32826505830
4000031635427
1005001727437223
1005002421467233
32805912544
1005001947502707
4001222619366
4000773886284
4001039342804
1005002351151194
1005001291419362
1005002477731215
1005002357881465
4000783423065
1005002428230922
4001169645340
10000151045396
1005002100759372
1005002119418409
32963057242
1005002326582737
32985070322
4000707496115
32807648313
32953244320
1005002435984062
4001285205931
1005002317204242
1005002032633139
1005001793755320
1005002176025404
4000507148561
4001107851738
1005001351404895
4000294941607
32853505415
32646403687
1005001758157062
1005001829738816
1005002061351689
32908719795
32959099288
1005001781784944
32903552721
4000198896487
32765352402
4001009398488
1005002220026142
1005001270208116
1005001403026413
32811639559
1005002439909278
32902713689
33043702331
4001290674822
32900487081
1005002406520638
1005001731548556
33015792503
4001069069396
4000311096275
1005002064455414
1005002399166464
1005002320889934
1005002056589048
1005001947385777
1005002022121039
4001177964492
1005002340548536
32830423738
4000848894150
32844559838
4000781743782
4000909416843
1005001447211798
1005002252857046
4001125949536
4000492867098
4001216796083
32985475635
1005001702789128
4000786947939
4000591416889
4001276279329
1005002476506001
1005002040178010
1005001590871107
1005001550522659
4001042581274
1005001841711095
1005002333795183
4000985192700
1005002293558939
1005002286645900
32651826812
1005001621777934
1005001425775464
1005002434310304
1005002167713909
4001212290854
1005002452732482
1005002399526707
32966017881
33029257218
4001009736987
33059276636
4000720644138
4000674265892
4000703472945
1005001278520580
4000040257697
4000067203940
1005002276633151
1005001844076649
4000899220796
1005002282903178
1005002263781727
4000327229396
33012123689
1005001954177134
4000127631948
1005001722041575
1005002316443729
4001026224319
4000133918774
1005001582516017
32806741055
1005002310978427
1005001761733899
4000390258902
4000057888703
1005001670576762
1005001976958620
1005001638521253
4000444322294
1005002061896578
32801234091
4000176303407
33006046911
1005002467264867
32954324189
1005001613300861
1005002078627802
32803258554
1005002287684554
4000434065231
32997982206
1005002401485703
32983879556
1005002286670554
32660485055
32953424929
4000526039984
4000064344207
32860945933
32866108716
4001212035430
1005001636251732
1005001386388036
1005002381715180
1005001612410634
1005002279046790
4001056556308
1005001698016013
4001029178849
32809721092
1005001745448986
1005002065502500
1005001915683859
1005002315372976
32837811458
33049899722
4000761015827
4000264930938
32920869664
1005001456031540
1005001753900727
1005001682611735
1005001651427257
1005002357742973
32914132479
32600538677
4000903572292
1005002276716505
32825213820
4000209764329
4001139018325
4000925325213
1005002447321911
32965215316
32823553367
1005001316984801
1005002393064380
4000373387182
1005001588846413
1005002339319188
1005001812958802
32567782593
32898037397
1005001856773144
1005002309544095
1005002388791943
4001217320327
32821072887
1005001909746215
1005002260832095
4000172004774
1005002341458345
4000961326776
33027880232
1005002252417087
1005002171378152
4001009009215
1005001393160456
4000627170143
32820013366
1005001482283941
1005001478216666
32513669092
32886192018
33018467077
32973401757
1005002314808978
1005001776557720
1005002377313084
1005002389049148
1005001629126542
32784237440
1005001980931670
32791378331
4000060100289
1005001708333966
32969371452
1005002246158189
32902224441
4000726637981
1005001452204352
1005002399008097
4000926756733
32999925552
4001190142576
4000677626242
1005002091762353
4001263684841
1005001951820827
1005002353278515
4000561469158
32276460770
1005002372154314
1005002288689870
32915089980
1005001880450440
1005002282099672
1005001481903183
32893139261
4000008965895
32889033768
4000431914191
33023061123
1005002281428629
1005002314274576
1005001566510035
32615335971
1005002217507302
1005002450490597
1005002071340723
1005001974918690
1005002454318947
32871654595
1005001987132303
4001156956977
4000518624537
4001290371508
4001107757017
1005002268053185
1005002289794763
4000371547533
1005001735866106
1005002302565878
4000196406043
4000762396219
32521432597
1005002024487884
1005002495134526
1005002295162871
1005002073592191
33013020222
32976807038
1005002500049606
4000479296404
32763513447
1005002346827599
1005001679843850
32496013510
4001294034185
4000014816649
1005001942027773
4000046375951
1005002370015467
32902193322
1005001609228442
4000116718135
1005001935871027
4001354624893
1005002206446728
1005002316030639
1005001829322172
32800425285
4000992082535
4000311046687
4000149281840
32919618979
1005002399280787
4001104645012
32919542118
32947359816
33029939009
1005002467639472
32787442688
4000110460371
1005001382415591
32911192063
1005002033822883
1005002356023737
4000113258355
1005001596064266
1005001455842299
32970419285
4000643678655
1005002346346173
4000245003925
4000110959357
32997370337
4001050268521
4000374707988
1005002475840102
1005001767749927
4000321436560
32990308000
1005001603699287
4000287860131
33038999238
1005002256609841
32861157992
1005002247568923
32870378868
1005002327286343
1005001387884050
1005002365347482
1005001393079737
33058016464
32844014239
1005001795497243