4000291478195
1005002367765558
4001192124046
4000392282078
32998106570
1005001387272302
1005002315944232
1005001869125338
4001286779281
1005001664598041
4001085897132
4000020604649
1005001591125140
1005002327111039
10000033558189
1005002334125282
4001185913968
32784061949
1005001665642843
4000545662411
32440204505
1005002340777515
1005001899355542
1005002483501052
32905715523
1005001955118140
4000321639202
1005002495945158
1005002055155932
1000001549945
1005002423469533
32808540394
32762646045
4000978493252
1005002293803415
32963360340
1005002357628626
32835532883
1005001632860346
1005002116305310
1005001863783552
1005002323242468
1005001982425881
32780254548
1005001451523321
1005002442650302
1005002426690620
1005002489586071
4001052950215
1005001334322360
32699947783
32854635673
1005002410947424
32704680783
1005002265569121
32984242404
32975931142
1005002289925994
1005001382393572
1005001839212990
32483130000
4001026484331
572357469
1005001615330374
32821495668
1005002500330112
1005001686427552
1005001682219653
32990857061
1005002420610840
4000718311977
4000121628828
1005002003235093
32916467393
4000289718825
32448812107
32606521061
1005002302205771
1005002390470848
1005001854755127
1005002086193804
4000160073015
1005002388464890
33048399622
1005001565479030
1005002108381743
1005001344912185
32812879428
4000111268694
1005002469056326
1005001391433738
33002628103
1005001451726981
1005001997637468
1005002279374405
1005002414935962
33004617046
32608758295
1005002289196667
33001197104
1005001807437513
1005002367866937
32794632870
1005002065575961
33043131482
32917441856
1005001848752839
1005002167901186
1005002225170407
1005002253463106
1005001929077010
1005002492311092
32799830861
32921963072
1005001871981346
1005002247775725
1005002321754185
1005001386700491
32878633969
32979941129
1005001495269315
1005001446376253
1005002228029766
32998116721
1005001827082016
1005001736755129
1005002213573559
1005002388254714
32919630648
1005001524270412
4001146035611
4000750465895
2013460389
32997255776
1005002305943521
32774892694
1005001508454573
1005002477359955
1005002466187024
4000954950519
4000906396162
1005002181338543
33027077136
1005002386926250
32856690664
4000625942609
693451662
1005002321870364
32964870637
1005002279084016
1005002418678234
32962850399
4001149735983
1005001906038406
32796212686
4000764294064
1005001399270311
1005002311616989
32963535625
4001276784746
32837773771
1005001977005563
4000225744152
2004584337
1005002167964562
1005001512958648
1005002004409603
32922395385
32829914721
1005002129946288
1005002436450817
1005002386925358
1005002271842937
4000833969591
32834292095
32962382721
4000064738453
1005002270945664
32824182157
4001288853462
1005001356264067
1005002295342558
32882285243
33040244642
32848864397
1005002310881797
1005002289673556
1005002294396927
1005002032863778
1005002417175191
4001247679621
2005724485
10000089653331
1005001844182549
1005002109475881
1005002313827063
32546144693
1005002294079222
1005001930871645
1005001515509135
1005001315918838
1005002304989969
1005001759804133
1005002103564886
32964346729
1005002413337642
10000033576303
1005002424137723
1005002282823488
4001228856083
1005002307453169
4001304790002
32943281011
33014569284
1005002410950177
32970570793
1005002401936163
33026061367
32808902815
1005002298034438
1005002490327910
1005002280888151
4000463469674
33035245282
32892054892
4000095585234
1005002418563323
1005002147199623
4000131105558
4001016050173
1005001604928064
1005002314007396
4000798985741
1005002119297680
4000799095114
32888950317
1005002454349143
1005001407743422
1005002394346131
1959728177
1005001848972775
33059664247
1005002428185105
4001201249184
10000423734568
32831913617
32974864587
1005001774707733
1005001863001601
1005002348497517
4000777626110
1005002335949544
1005001628630270
1005002293979569
1005001297122723
4000959258424
1005002327859418
1005002228628971
4001285544951
4001114247583
32921524121
1005002038669587
1005002032785074
1005002224211191
1005002052564588
1005002480827812
1005002441906310
1005002254423294
32956491652
1005002271243703
4001046928859
1005002340214645
1005001787641248
1005001424541652
4000594990079
1005001730920498
1005002322579898
1005002252784532
33004929401
33040707912
1005002215375482
32905577246
1005001364587753
1005002133642247
1005001834654807
32963748249
32993589341
32787197023
4000953951572
32851961812
4000226682687
4001297437267
1005002024993094
4000945948559
32967445165
4001206727153
1005002393274836
4001053363598
1005002077048078
32896583367
1005001770006005
32968301059
4000141890710
4000894044028
1005002308009627
1005002419078975
4000224131827
1005001679954688
2038862138
1005002330661957
1005002258087214
4000698741381
32700709448
4000926822237
1005002025535019
4000278761639
4000056967508
1005002337248886
32988396130
1005002488159935
1005002068570223
4000459374637
1005001321451455
32908765879
1005001900782938
1005002298970067
32779373219
4001225112711
4000850488081
32611626467
1005001971414670
32823193786
1005002308062642
4000405559953
1005001608431582
32982780332
32730502272
1005001728696680
32891422483
1005001994043984
1005001809173349
1005002312264124
4000130487477
32975126260
1005002473672765
32848102299
1005002118471844
4000139317987
1005002314636226
1005002354644843
1005002334780159
1005002368992313
1005002321150271
4000928533873
32991251242
1005002351827171
4000887803667
4000289101973
32841472645
4000122230839
32968508302
32888296504
1005002225950176
4000175660957
32958758489
32889793157
1005001348561859
32985405020
32735564099
33027691269
1005001958872131
32945937288
1005002400039271
1005002284282810
1005002382787624
4000868549311
1005001625444974
1005002403127322
1005002344097422
1005001530891643
4000678110877
1005001962915149
1005001782220696
1005002258941978
1005001466855136
4000270100166
4000450714737
1005002351983396
1005002267949445
1005002167756794
1005002252474365
1005002358417761
4000725841658
1005002289738176
1005002382253816
1005002310135378
1005002254462696
1005001989144504
33010053411
1005002341106423
1005002072391081
32843966038
1005001380674928
4000859461935
1005002305881114
4001259277078
1005002180915299
1005002090790013
4000626162665
1005001970090029
1005002298870116
1005002206089335
1005001426780369
32971251099
1005002420659162
4001057171890
32872351166
33055858587
4000276114647
4001095670940
33060694025
1005001852918998
4000622403291
32957680021
4001251771197
1005002393387450
33011775622
1005001345098055
32843597560
33055340808
32814316766
4000850662762
4001189650496
4000959298116
1005001432421275
4000406175165
1005001325273897
32848000547
32445503465
33016477177
1768808716
4000989972444
1005001856929631
1005002126326733
1005002056016740
1005002310895610
1005002288873893
1005001997183675
32879717119
4001344989707
1005002049911516
1005002346119143
32721200927
1005001483679485
1005001777419426
1005002477985774
1005001918243726
1005002307088885
1005002440516684
1005002491206456
32809714684
4000629047279
4000302926852
1005002353139682
32906289841
1005001274169069
4000517941432
1005002333569143
1005002319338300
1005002324062979
1005002480120682
32946582617
1005002323295164
1005002297110674
1005001568602745
1005002394824902
1005002075146081
1005001803950379
1005002489424827
32897924813
32950942354
32872089269
1005002424314326
4000174080958
32837809433
4001346104465
4000927054375
1005002484409214
32756865456
1005001392216501
1005002297005791
1005002393835652
4000960582659
1005001505117526
32817088365
4000935458665
1005002467022774
10000012965649
1005001694203575
1005001633127676
1005001406415914
1005002246329302
4001300198505
32873798741
1005001901966052
1005002176772494
1005002430596482
4000752481361
1005002246495906
32699601689
1005001471844585
4001290248919
32877919398
1730549788
1005002072670644
1005002071481118
32853663114
1005002381694673
1005002457807372
1005002419501490
32967112173
1005002312051970
4000538615597
1005002372176146
1005001982968402
32922737136
32563584900
1005002039157870
1005002361980582
32995797585
1005002184331465
32916656643
32824980188
1005001523338152
1005001398142706
4000739740914
1005002223268198
32842314290
32888839559
1005001797568542
32961175505
1005001599808746
1005002186953371
32852662076
1005002238295301
4000189011901
32843517798
1005001859530542
4000346636639
4000784428313
1005002352137083
1005001901107615
1005002261141163
1005002258070787
1005001814387403
1005002418088208
4000088616919
1005001854351807
1005002477295477
4000139257630
1005002276602485
33029654988
1005001935205918
33000593752
32756450246
32703786058
1005002261677263
32846770370
1005002245133199
1005002000009754
1005001375338702
1005002357180383
1005002289865572
4000789141622
4000109006413
1005002235522574
4000042561285
1005002310899515
1005002000176746
32975265730
32904178857
10000349798328
32932284710
32993365485
4000263620596
1005002450462088
33033855545
4000230063237
1005002000069110
1005001611946590
1005002212453587
32948542831
4000442323290
1005002365251925
4000340585599
1005002264872320
4001079105580
1005002173176463
1005001581143171
1005002346005987
32405900078
32909317410
1005001581428571
1005001859215493
1005001867870179
4000755843911
4000803560048
32944677789
1005001437663702
4000545987273
4000229103241
1005002264022648
1005002228571104
1005002280601398
1005002443642892
32981423156
4001153058322
1005001930821701
1005002265900999
1005002180248181
1005002076457281
1005002292128152
32826502210
1005001285000306
4001116463012
4001015196840
32329058046
1005002146601321
4001277540055
1005001515571881
33043314002
4000907825428
1005001927148928
1005002242020056
32920928889
32564560662
1005002272233790
4001272268564
1005001756559678
1005002400401116
4000716689199
1005001810869406
1005001975484735
1005002272770837
32952183793
1005002421540190
32766648437
1005002475331338
1005001902912105
1005001650940715
1005001386843608
1005002213324003
1005001934271140
1005001303612338
1005002375079544
4000123241679
4001282768939
32814404842
1005001912847701
1005002344433777
1005002033397822
32854297480
4000129843318
4000150884271
1005002049382188
1005001487208904
1005002491784469
1005002462512020
32941771653
1005001474603381
1005002163020615
4001186817700
1005001767694735
4000718063019
32862902506
4000354135262
1005002167838159
32662734064
1005001893314242
32968101129
4001334837282
33005484149
10000190107180
1005002428424854
4000904395764
32383767525
1005002010924941
1005001351872909
1005001967710130
4001217789764
32968542539
1005001629185211
1005001639560149
32858689730
1005001767771272
1005001787740939
1005002224869905
32857428262
1005001886401858
32976295520
4000971288579
4000164780529
1005001548449244
1005002006518794
32909111065
1005002399840561
1005001682108839
1005002077794247
4000274534140
4001225093613
1005002441237911
1005001325422198
1005001687868642
1005002224793432
4001111630218
33047925721
4000855283085
32934951814
32860675248
4001153836993
33007288824
4000374271015
32989179444
33015054597
1005002278192801
32995967678
4000779983205
1005001349235361
32565058734
32863611601
32812807789
1005002353110133
1005002418837946
32584433160
32825816620
1005002371716071
1005001927412113
1005001494943569
1005001868442319
1005002253955031
1005001615840279
4001271662467
4001132949693
4000116066680
4000099460814
4000561575277
4001253710608
1005001537662818
1005002111492328
1005001457931618
1005002276653759
4000399748933
1005001309202065
32791643659
32953491040
32983121002
32869528002
1005002289197379
4000639520736
1005002467604855
4001280386090
1005001842074234
1005002308967462
32973471611
4000204894410
32789390078
4000664033156
32944551472
4000850533419
10000323323770
1005001901295519
1005002292324423
1005001474197330
32835096124
1005002473647356
4000922955756
1005002325396524
4000383036765
1005002304382391
4000096649761
4001247764627
4000925637692
33010699545
1005001883746170
1005002370447126
1005002356596375
32711586807
1005001829857684
32909256397
4000902865814
4000977001573
1005001529318475
4000642978914
4000098250897
4000327693000
32813535331
32956529563
1005001451268590
32660469715
1005002053848951
1005002176862436
1005002488205189
4000990879319
1005002314383360
1005002348105600
1005002129156941
1005002238187460
1005001768369992
32816754395
1005002425832956
4000850494046
1005001515887168
1005002315391159
1005002059485772
1005001845475736
1005002293862324
1005001845048322
1005001996989789
32448870892
32845624297
4000554794264
32850166896
33009843091
898857587
4000742346149
33035490288
4000648824490
4000041543325
1005002314393222
4000172947026
1005002347641067
1005001298168937
4000415027162
1005001985974385
32955107180
32791732090
1005002355656763
4000444204527
4000804784749
32959748061
4001155385027
32932524104
32946984274
32904541631
4000540537930
1005001966362880
32695981055
1005002362732252
4000625948968
4000941202363
4001221301147
2049020585
1005001671042490
1005001441483171
1005002254512398
32865689969
1005002481500326
1005002389039429
1005001475049994
1005001265553988
4000774749720
1005001987058356
32351130981
1005001699146234
4001307816431
4000175847065
10000395864273
1005002085399489
1005001571891248
1005002457171212
32967356113
32890385411
4000334046426
1005001637714416
1005002104918678
1005001344409823
1005002312616341
4001065008507
32369167841
1005001870037646
33050103046
32678708041
1005002360523095
4000219856448
1005001713278399
4000918569409
1005002268462467
32788630681
4000390477865
1005001999009848
32875297946
32853859671
1005002263925262
1005001987592782
4000533546150
4000672504154
1005002369830281
32953305838
32972264594
1005002468037986
1005002271300935
1005002394822596
4001290237627
1005002314259717
4000702136438
4001136126437
4000726801201
32743325248
1005002372143979
10000356392704
4000187953827
1005001517344039
1005002192171478
4001062167895
1883892062
1005001387115849
1005002341148015
4000784545334
2020397367
1005002122575166
32885185290
1005001656707848
4000109116838
1005001397248730
32831894832
1005001858824585
32999400395
1005002386950731
32917594460
1005002187034550
1005002205889394
4001265009573
1005001308346755
32786944001
4000026544128
1005001754647043
1005002278869224
4000338643452
1005002002591723
1005002250340400
1005001717617597
32981243599
4000627948657
4001227382557
32707300530
4000877925210
4000639667095
1005002425658457
1005001445270130
32796726366
1005001657028054
1005001901117695
1005002352432247
1005002315061760
1005002370206136
1005002092488021
1005001681959360
4001217100692
4000699374366
1005001655389244
1005001617919876
32947508858
1005002436156904
32970302236
33016621925
1005002304083296
1005001645354296
1005001813465401
33030002499
1005002369143845
1005002495201657
1005001597501866
4000017652192
1005002394236137
1005002382727770
1005002364702506
4000538597911
1005002315478754
1005001889946683
1005002316674823
1005002424825253
1005002471217368
32722032938
4000089379652
32795509939
1005001436575777
4001359634795
1005002275579005
1005002339015555
1005002454378265
4000343122731
32996794488
1005001882360458
32983586049
1005002310066563
1005002296563085
1005002477641436
4001111300528
4001279880693
32917631542