4001158857725
1005001428894324
1005001813039679
32750184342
1005001798062962
4001230777680
32998097141
32702709931
33002647698
1005002271381970
1005001571368599
4000490011256
1005002002252458
1005002433706714
1005002365076589
1005002440888511
4000636183139
2053425917
1005002351700866
1005002388057703
1005002016782398
32915178167
1005001495676933
33020656043
4001285084149
32820428096
4001142599262
1005002418589765
1005002233158325
32302328330
1005002346812137
1005002373106486
1005001920527780
1005002327311710
32838378056
1005002499558296
32957427500
1005002242253972
32979169792
1005001697586713
1005002401544344
1005002304458501
1005001690091063
32868792881
1005002358937598
1005002380836692
4001297156062
10000055719707
2037333748
32841352302
1005002367751355
1005002411917350
1005002211941122
1005001515121674
1005002427019815
4000546074410
1005002122280855
32669097634
1005002367757922
32821587640
1005001779999748
1005001619486921
1005002317545210
4000850590160
32858526169
32697260414
1005002360317272
673366822
32815812247
4000763566461
32940172648
1005002443321892
1005002398570136
30000000651664
1005002445911836
4001040807007
32887997514
1005002490394989
32976104513
32957756669
1005001849379099
32271788350
1005001693270555
4001288084253
32933442323
32844673367
1005002451335570
4001153579334
1005002255119366
1005001848824227
32999137323
33062047121
1005002287555493
1005001361031709
1005002484303107
33045164689
1005002440874621
1005002306110717
4001270999129
1005002197275923
1005002277452080
1005002424211905
1005002238908596
1908166469
1005002380448608
4001153819494
1005001609080559
1005002491856912
32734627892
32883803711
1005002140927037
1005002461857426
4000130324467
1005001849834751
1005001921042371
1005001985883820
1005002224124581
1005002325359469
32969427956
1005002460539875
4000626821283
32698887666
4000522802508
1005002319313000
1005002498507448
32967111971
1005001736392427
1005002454360044
1005001296366721
1005001314689111
32970661279
4001186102685
4001009220133
33011357556
1005001731990735
1005002234390042
1005002408241576
1005001942658721
4000943168047
1005002458555813
1005002378938964
4001076539483
4000901979237
1005001271306933
1005001880426092
1005002346903678
4000990973397
32997422981
32846621952
1005002334720630
1005002420778650
32822050402
1005002130093531
4000087410164
32838236779
1005001510247020
1005001924274616
1005001825206152
4001042612433
32929238476
32999519887
1005001838895198
1005002033101682
4000764543226
32535913332
4000741538439
1005001488658101
32856593343
4000515143264
1005001475452605
1005002324076136
4000174407709
4000491948360
4000084776621
4000990964594
33009878805
1005002075606498
33048025660
1005002260847493
4001217716278
4000829786838
1005002340467526
32615409551
32334169912
1005001628250606
1005002301780575
4001025834810
1005002241524085
33037501353
1005001758214513
4001066792440
32956034792
1005001957069006
4001001915272
33041893008
32913033461
1005002297557073
1005002263543457
1005001704817539
32969201667
1005002443391743
1005002292469642
4001215764204
10000286623950
1005001804519330
1005002004620247
4000369817838
4001150045329
1005002495117086
33045505844
32791184385
1005002227632547
1005001893354109
1005002362895693
1005002262135993
32845317256
4001193372092
32873256391
32798296614
4000890797725
32860829773
1005001943029405
1005002359636068
1005002232498705
32763509681
1005001940663855
4000545749987
4001285685783
1005002226525271
1005002284434337
1005002352310584
1005002210773382
1005001621427271
4000090257666
1005001745581049
1005002466139268
1005001299022947
4000087252026
1005002337478428
4000784013139
1005001747935837
4000937457320
1005001636626591
1005002390520116
1005001982606835
32987292338
32904044008
1005001334238695
1005002468471731
1005001864902029
1005002322823525
4001035288813
32821117264
1005001640253769
33053163798
32911968716
1005002287690837
4001068716283
32949149246
1005001369539269
1005002483557329
1005001518136331
1005001810891299
4000833074849
1005001649140995
32985467930
1005002512766040
32899050752
32994464895
1005002383317825
32878678780
1005002010640411
32918842198
1005001526859832
1005002334356542
4000080518063
1005001348014890
1005001665661386
4001361215629
1005002322464417
1005001789736306
1005001774855018
33005814749
1005002116370868
4001045462381
32898778315
1005002448664638
1005002224703569
4001235615428
4000437032476
1005001495240209
4000753128122
1005001516011296
4000892070974
1005001941079442
32833423870
32663225323
1005002211481564
32789481188
1005001633478986
32363816514
4000392772699
32955221882
33018438216
1005002198394714
33033796001
32816877363
32910459044
1005001934175770
1005001899288072
1005001700523912
1005001845211823
32952481236
32396727540
4000866956850
10000157455535
10000391262840
1005001873209338
1005002033045377
1005002412598058
1005001910407350
1005002383975561
1005002309517152
32784817427
1005001593029029
1005002372798303
32454353107
1005002443315099
1005002475202041
1005002034511889
1005001560502765
1005001977418809
1005002410866700
4000366173751
1005001974873777
1005001873830842
32828942228
32462175612
1005001451417746
1005002467333804
33034168940
32759774564
4001022748151
1005002409293363
1005001862743655
4000543945051
4000954943797
4000941124602
4000067264135
33024514237
1005002106572517
1005002329575312
32999994999
1005002302114116
1005002247188867
1005002355899884
33043632513
4000729726126
1005001525027801
32923512929
4001271037673
4000956001898
4000601634998
32949690041
1005002393532177
1005001617804792
1005001320683059
1005002354279354
32950222116
4000034085176
4001166228743
4001316330596
1005002315864005
32890109303
4000958613508
4001272428315
1005001762167482
4001136278405
4001270819013
1005002405396606
2039071061
1005001475108556
4000827107511
4000418832232
1005002342878311
1005002258785402
4001037137063
1005002344509069
1005001941337704
4000747176796
32854983143
1005002484529959
1005002180962319
1005001391619100
32835545862
4000268936259
33047559889
4000748127345
1005002302463138
4000248896267
1005001351559350
1005001956863941
32992880519
4001230615208
1005002359027632
32977377310
1005002283854091
1005001438850462
1005001394432081
1005001525476124
1005001805134346
1005002347005001
4000723507561
1005001763376269
4001237277668
1005002377532516
33031867337
4000981830887
4000024160470
1005001809282077
32968936696
1005001639853848
4001159867334
4000698780941
4001265306403
1005002219373424
1005001515841604
32954001935
1005001958704621
1005002424553867
1005002289811732
1005002213396168
1005002288397287
1005002282678477
1005002481407370
32779245732
4001233704674
4001064708433
1005002071270326
1005002288569281
32918503682
32865154421
1005002101066769
4000398135371
1005001442987299
4000703499890
4000124188920
1005001703053930
1005002461842182
1005002296933350
4000955588177
1005002170730746
4000101344516
32793311493
1005002489988980
4000917893712
1005002382760088
1005002316036918
4000426577854
4001280327644
33062287429
1005001883982228
32699002307
4000768238298
1005001950174581
32998612702
4000911529910
4000885999026
1005002425528968
1005002194340417
1005001465560353
1005002314424960
1005001859009245
4001230398293
32814035662
4001106512490
1005002387529383
32924055686
32883447110
4000405376010
1005002401381238
33056465017
32744633856
1005001698587641
1005001269359735
1005001804413211
4000626372925
1005002124983517
4001206030544
1005002304419120
4001142724190
4000093296633
32919306075
32917056539
32683801642
1005001360675352
1005001418505157
1005001307608520
4000987332456
32812683460
1005002115122018
4000037483754
32993241698
1005002404341725
1005002314430537
32856202941
1005002333032895
1005001520186345
32850522420
1005002362563971
4000783870768
1005001504674382
1005002310526075
1005001705130359
1005002108646252
4000546687629
32847945165
4001104943286
1005001868465700
32973654727
4001315948664
1005002298517155
4000346362401
4001046595674
1005001671486525
1005001343462923
4000990869127
32770641429
1005001736745862
1005002311912098
4000934375189
1005001334717031
1005001622239365
1005002484608712
4001314651104
1005002166408040
32969998319
1005002344988129
4000330078942
4000989044774
4000375854576
1005001898032536
4000546880139
1005002351581082
1005001859248434
32867221933
1005001430526531
1005002413238723
32993412526
1005001883116009
4001140614121
1005002198432038
1005002145649969
1005001758203079
4000072392929
32692484323
1005001599119686
10000173944429
32997243809
1005002298462524
33016906340
1005001476758474
1005001930298345
1005001368693691
4000265952328
33052091560
32570988487
32791335295
1005001638528450
1005002334292539
1005002294055214
1005001629315506
4000229980996
1005001855321698
1005002395087788
1005002336534951
1005002339260303
1005002478347253
1005002394444546
1005002400514824
1005002401098742
1745639828
4000270335334
32924135853
1005001500435245
4000842673425
4000677283475
32616646164
32785335418
1005002293453632
4000180026777
4001072286216
1005001682676807
1005001664331491
4001275523342
32996132538
1005002261328263
4001160799232
1005001367650198
33009048943
4000493466626
1005002293159774
4000119692319
1005001727805494
4000785915439
32901051439
4000927469279
1005001320010985
1005002359619215
4001019358786
33028407155
32790405751
4001258749553
1005002240809715
32995801518
1005002423579290
1005002336761301
1005002362161736
1005001950538208
1005001829714701
1005002350617937
4001343626057
4000503582597
4000701344584
4001335293780
32958859107
1005002367502072
33035486567
4001062142851
4000309407968
33031085956
4001107820251
4000921404272
1005001653501582
1005002264584434
4000777156883
32628530166
1005002363393491
1005001429977470
33030429050
4000277940080
1005002467900262
1005002468112645
1005001348860421
33055732146
4000059391410
1005002382750874
1005002205524817
32435650107
1005002237783464
1005001873262569
1005002253586463
33041009723
1005002398715964
1005001403655649
1005002466130377
4000103798741
32612651328
1005001841294632
1005001692280740
4000931933608
32956847485
1005002322004770
1005001512464929
32982100862
32986719076
4001106499648
4001287724207
1005001784057987
1005002408295577
1005001833982115
32824627975
32976938835
32808657956
1005001955096920
32980316414
1005002250193552
33020149627
1005001984399452
1005002408555843
1005002180355267
4000268795575
32801679938
1005001437919623
32982410283
4000960247879
32859053005
1005002311383533
1005002236122901
4001351055505
1005001309130657
1005001511833170
1005002251770673
1005001482195924
1005001399360665
4000970635896
4001208259144
32706917918
1005002314360613
4000699047706
1005002117373095
1005002346771547
1005002473659800
32527907269
32821897557
1005002314504018
1005002143098143
1005001496053360
1005002357451649
32674625062
4000165211906
1005002193871610
4001035739555
1005002383494960
1005001948749639
1005001677603898
1005002477177010
1005002413634409
1005002334351482
1005002421599239
4001299317796
4001082515423
4001192886441
32970439229
4001287035926
4001022954582
1005001922215013
4000238500836
4001216000113
4001218213267
1005002444133060
32757634718
4000943806408
32983594246
1005001632335948
1005002408557946
1005002280920013
4000045898083
1005002467514222
1005002271604403
1005002288647819
4000592393360
1005001274209233
33011134544
4001063559012
1005002283255053
4000319478236
32820533600
1005001356056769
1005002117427622
1005002333132009
32968727558
1005002465943739
4000378465242
32988130659
1005001960422539
4000988777231
1005002323650248
1005001482819483
4001045979452
1005002114635821
4001299086770
32573010611
4000380713200
32864767584
32894193634
1005002244460035
1005001523694177
4000884708543
1005002443141322
1005002362666889
32956787308
1005002340021497
4000903796264
33037056781
32910599694
1005001885415227
10000010479927
4001111617914
32562070715
1005002443005698
1005002377263971
1005001584948088
1005002054691312
4000032423415
1005002004544319
4000265898924
4000733721074
33009420107
1005002389063202
32750383373
1005001754201715
1005002278124211
1005002283462473
32918212397
32914970890
1005001918268138
32999890928
1005001878749926
4000773643638
4000528297637
4000521863861
1005002434689705
33004392476
1005002330820050
4000189052363
1005002264660221
4001002290308
1005002431838641
32826682343
1005001743358289
1005002377151330
1005002329839996
1005002388682868
1005001817138025
32957510790
4000195931170
32827902520
1005002074792572
1005002359370709
1005002496363655
1005002311745996
1005002443433531
1005001422864679
32832201461
1005002134087005
1005001448017501
1005001542886999
1005001565552167
1005002265368622
1005001946194624
1005002346127218
1005002122446619
1005001289370829
32976291184
4000688463127
32619348496
1005002475797029
1005002473808050
1005001824530431
1005002165788038
1005002333818530
1005001868038095
1005002346251185
1005002408942509
4001276572923
1005001732396246
32789276850
1005001972999816
1005002301116493
4001254691253
1005001676159687
4000809349233
1005002378239817
32997860935
1005002382843509
4000242734897
33054869042
32805552208
32793775771
1323025458
4000834673667
1005002297199756
32994734683
4000686939761
1005002461869829
32989598888
1005001406100183
32922743311
33009669182
1005002175733045
33002345812
32863427767
1005001961712320
1005001802992754
32819507794
1005002476513791
1005002264421703
1005002374601653
1005001490564491
32946807311
1005002312288482
4001293559663
1005002425423768
1005001935971694
4000140343817
32862796338
1005002276695050
33002807099
1005001727208252
1005002461276178
1005001848290714
1005002333074561
4001247296189
4001228052203
1005002398446468
1005002376754983
32306912528
1005002363816549
1005002440567841
1005001638485068
1005002348468741
4000032372818
1005002495439482
32845283481
1005002341451787
32810409616
1005001902836336
1005002258616949
4000467337455
4001229269739
1005001625927565
1005002288947505
1005001488181972
32909686300
1005002299500179
1005002316844348
1005001798347673
4001045384882
4001119490943
1005001759484262
1005002467745159
33014065717
1005002347668196
1005002467075030
4000288778986
1005001392935844
32961975686
4000022089366
1005002091329697
32902117996
1005001525418500
4000030333486
32461115433
32978420034
1005002066221288
32852545640
1005002091881128
4001032355167
1005002381252975
1005002293917875
4000324857000
1005002124350381
4001340164109
1005002305349895
1005001648339436
1005001906527866
32957423764
1005002431685118
1299998423
4000421359926
1005002389086084
1005002474756580
32898745430
4000128106469
1005002240433075
1005002317677379
4000684697871
33055032333
4000276132446
33027541356
4000071740954
1005002324289482
32880609585
1005002313629731
32966664205
1005002151812095
1005002431380954
1005002315910767
1005002051729028
1005001953489558
4001187622861
4001096179247
1005002116259291
1005002443394745
32982614017
1005001791700796
4000592461003
1005002454866333
33006388473
33062846914
4001278882345
1005002337064114
1005001719490124
1005002192064169
1005001960144932
1005002276329532
1005002336120184
1692785964
33057943641
1005002383265874
4000576710246
4001215745543
33003438101
32982761730
32969609339
4001203219205
1005001551137325
32818363739
1005001489858553