4000899756203
1005002318512967
32780668609
1005002305384349
1005001424923554
33017347943
32895561093
4001058606421
1005002165857883
33035436900
33021270537
1005002352175639
10000402331886
4000189998702
1005001657719533
4000493478109
1005002466107983
4001356685633
4000507126624
1005001525508146
1005002322547289
1005001626423362
1005002308589718
1005002337341448
4000787264227
1005002249201166
1005002352229210
1005002253907362
1005001683555482
4001171226948
1005002454626180
1005002255155836
1005001774619850
1005001918047995
1005001998049224
1005002223757859
4000823469811
1005002476264940
4000202134146
1005002122480094
4001361109191
1005002350657779
32816206000
1005002330903942
4000971437265
32856334099
32845198026
1005001863134653
1005002281106134
32755936854
32809804247
1005002368187356
32793043934
4001230488161
32863553159
32992024140
1005001656736178
1005002337557062
32855705174
4000816610583
1005002263890990
1005002114983557
1005002364589337
10000336325756
4001083832912
1005002330597287
4000119160035
1005001408151273
32324192455
1005002314370991
32956654304
1005002387861530
4000960552617
4001005202752
32811998048
1005002279316661
1005001457124387
1005001884677353
1005002399530761
1005002283126872
1005002432723624
1005001491317595
1005001425614756
4001283501514
4000761164286
1005001483377101
4001302898737
32841659113
32847916478
1005002321450142
32754761238
32964669639
4000469464734
1005002283281615
1005002232960473
1005002138237254
4001174442644
32674347601
1005002462547839
4001313433173
1005001579724736
4001233299323
1000006089484
1005001474834596
1005001689801274
1005001738310603
4000938081157
4000924567937
32945737390
32847662500
32882172867
4001085364366
1005001425669334
4000336208480
4000115424738
4000786770404
1005002262374270
4000706325249
4000516876678
1005002453026418
4000335569446
32975855906
1005002292819184
32883690322
1005002167896047
1005002206285309
1005002382950203
1005002404846387
1005001631942191
1005002311003736
4000679615658
33017169982
32817245343
32978987091
4000557937842
1005002272163499
1005002355584740
33061970629
4000221670530
1005002332546208
4000587971455
32664428077
32828270674
4001204256251
1005001693473265
1005002354385247
1005002177525111
33015770383
1005001676160655
1005002453665912
32929503192
32885040448
1005002494605853
1005001610107423
4000712884021
1005001445510133
32868863183
1005001677565227
1005002306236066
32957667365
1005002033546802
1005002488323774
544355731
32532832002
1005001999627681
1005002039344759
1005002262520464
32784311236
4001044945795
32980649789
10000343334595
4001115987551
1005001773642846
1005002191317663
1005002460111051
33062655256
32662733803
32862878723
4000172708168
1005001284947004
1005002167304478
32737615153
1005001775538110
1005002333493012
4000268607522
33009621661
842041736
1005002226980289
1005002314651470
1005001977106003
32964677639
1005002381554222
1005001948783525
4000765020048
4000003759546
32349809956
1005002384158689
4000248315093
32950089061
32812094964
4000778983166
32998617032
32863006116
32833540696
1005001840677102
32673497290
1005001813641532
4000966053925
4000846923109
33053951411
33004587741
1005002352784082
1005002484977288
1005002413434355
4000348264899
32957333712
4001261480876
32968649861
4000539681231
1005001586874028
32756664436
1005001727443005
4001242105384
1005002311679590
4001230934096
1005002314071130
1005002342686365
1005002312394041
1005001459625366
10000209779675
32980082984
1005001490897185
4000056734585
32846446021
4000982514144
1005002241019148
32750913684
4000443582172
1781154870
33045143842
32800076224
32799646794
1005001418699630
1005002244140069
1005001970460219
32990213679
1005002420427284
1005001379904103
4001252008557
4000701979666
32858804454
1005001286554371
1005001930300535
4000888848901
1005001344772671
32454667829
1005001889382887
4001308689557
32974189309
1005001794316228
1005001868835563
32957813268
1005002394706974
32853746346
4001198148244
4001256225264
32950393544
1005001614412836
4000823392272
32700159707
1005002192086837
1005002319271676
33056471739
32839173332
1005002345919493
4000829685219
32891226878
4001323834333
32913080340
32584449587
4000150166225
1005002399462272
1005001926276530
32843194716
1005002343668982
1005002378750796
32706306962
4000086729372
1005001620841370
1005002344238079
1005002314408996
1005002314369658
4000372812419
4000986577598
4001033788252
32832245683
1005002315190700
1005001379786997
4000162718420
32716873152
1005002249093706
1005002105984793
4000742055340
1005002383243019
1005002338810544
32790276107
32817936886
4000243231366
1005001890647779
1005001656078769
32870231574
32713406898
32920033300
1005002323792017
32847787266
1005002261055693
1005002029940029
4000983113847
4001350796006
1005002350312896
4001162542698
4000557221882
32983406552
32963627938
1005002315290757
4000088858841
32901459365
33006276389
1005001865625168
4001235100695
1005002263395549
1005002401312573
1005001360755435
32445851678
1005001763264467
1005002382814369
1005002348075988
32445254914
32805279141
32888961761
1005001609657588
33029793778
1005001329488661
1005002336614194
1005002387277390
32956867351
1005002453275590
4000990939796
1005001616579554
32847640069
33046174894
1005002401084641
32732225674
1000002109325
33052614464
1005002081877967
32865547819
1005002124065843
4001261138803
1005001627556742
1005002336574871
32698182252
1005002254814572
1005002347379289
32900802868
1005001914424135
33061775160
32958221946
4001201583938
1005002250748295
1005002272305156
4000204229693
32994586940
1005001445978261
4000695977267
1005002286561047
33007464606
1005002396014897
1005002317169102
33023180538
1005002283648632
32829994794
1005001733146335
4000187118737
32980197578
1005002278015960
32982189387
32850698735
1005001351922334
1005001793094148
4000035593270
4001255238991
32923351570
32985006927
4001083847224
1005001778902574
33040690089
1005001557559571
1005002400807269
32337297260
4001314769574
1005001625128035
1005002306827821
1005001436594663
33008133515
32982638006
1005001566187859
1005002298923530
4000388124636
32684658798
1005002205495924
1005001451798467
1005001870507437
1005002341372975
1005002315904552
1005002316840124
1005001703214755
32844709783
10000343992768
1005002330118815
1005002252904826
32701694046
4001120079609
32968705501
32706550316
1005002337336704
1005001780349414
1005002046420506
4001138086140
1005001947169065
1005001566032444
1005002235336986
32967800547
1005002234499021
32847434671
1005002359759910
4000270159355
1005001760054485
1005001863399367
32880736883
32800318108
4001115622832
4001168032583
1005001812798165
4001237052746
1005002196107356
1005001965199005
4000015493204
1005002310599589
1005002353254776
1005002255758871
32975942342
1005001289709052
32983260530
4000771410571
1005002340830576
4001152021922
1005002326486065
4001130000584
32975033993
33023487280
1005002295044270
4001331823845
4000199882386
1005002170691863
4000588239779
1005001377312451
1005001928634646
1005002103693374
1005002266212226
1005001605057339
1005002358595962
1000007901478
1005001362580266
32980612250
4001127127354
1005002322432891
4001122351085
32842569334
1005002442090209
33007155914
4000641460164
1005002417703131
1005002449585311
32976850547
1005002390789183
4000626007526
1005002224598875
4000307343210
1005001996802975
32971580525
1005002278239501
4001106031820
1005002350660537
4000783737779
1005001743037195
32846152061
1005002347285007
32483129891
1005002283251619
32237588447
1005002258232462
4000064986211
1005002228131550
32368818255
1005002180096827
1005002168279401
1005002062041581
33013174939
1005002265065985
1005001479368979
32968263472
1005002289168128
10000154232913
1005001415621174
32934849913
33002926828
1005002320439725
1005001339494417
4001280398454
1005001339923113
33018177353
4001107784078
4001212853963
1005001514490787
1005001317917764
4001172275765
1005002348074928
4000215475315
1005002320354208
32834239821
4000789394822
1005002448447385
1782159193
1005001930962738
1005002345695324
1005001927817209
1005002455274296
1005002338931935
4001072114938
1005002365333046
1005001481378066
33028573967
32973689023
32921931560
1005002423627218
1005001597268934
10000183906144
1005002084826232
1005002044560527
32964752638
1005002294582201
33030288576
4000101236306
4000021296254
1005001633931436
4000764848294
1005002055831477
32610525732
32997311466
1005001750399427
1005002094349359
1005002122346560
1005001867297561
1005001519484513
32820704545
32900317205
1005001471552974
33010564987
4000977435894
1005002185329840
1005002220539511
32915138578
4000438633024
32819515531
32837407279
1005001540543195
4001259449990
4000830611873
4000528905938
1005002245774286
1005002338077414
4000240843556
1005002490554067
32940128220
33019273696
1005002282432331
1005002439718922
1005001576266858
32828001029
1005002467081099
32712649076
4001224830694
4001080211563
4001115691887
1005002234459142
1005001675399085
32578185181
1005002416480827
1005002136405927
33006788657
1005002225071020
4000044275168
4001199473677
1005001525351623
1005001437762370
1005002338826988
1005001803483089
1005001848883995
32975766634
1005002446948143
1005001493316813
1005002438907143
1005002305816973
1005002064571651
32918691316
1005002435400667
1005002283459945
4001215430568
1005001350771804
4000369759145
1005002382795479
4000810234692
33031128139
1005002230228981
1005002348301965
32948095527
1005002364225031
4001147768153
1005002062180034
32933674296
32961602700
32964125819
32979695862
1005002244219615
1005001927111408
4000034064913
1005002193978186
1005002459807635
1005002219900738
1005001839868358
32801590644
32675776434
33055066598
4001122549385
4001235718371
4000443914667
4000731796469
1005002113010477
32963867319
4000820448221
4000990856795
4000571178989
4000907378988
32868654077
1005002449548005
4000931083275
32835191545
4000955771742
1005002271549436
1005001803253911
1005002292467376
4001254677010
1996846810
32951294014
1005002334132399
1005002376747411
1005002387704975
32807554614
1005002408010222
4000765021413
4000030178110
1005002276787087
1005002478766813
1005001758236138
1005002351731456
1005002268091809
4001350739832
1005002325456960
1005001889214088
4000695347237
1005002430547953
1005001519989734
4001230537368
1005002258302669
1005001281727349
1005001870289839
1005001721737112
1005001685379295
1005002005992914
33008386461
1005001587050208
1005002453635633
1005002300754998
32982834480
4000844937902
1005002419195894
1005002377092411
32828108472
4000263340113
1005001563060607
1005002112149008
32811081621
1005001625221107
4000440368446
32256712697
1005002347603140
4001179438506
1005001893203509
1000007163918
32740011156
32993183594
1005001321274569
1005001954856816
1005002440196083
1005002459462596
32811291182
4000469525232
1005002367564235
1005002377499965
33053930182
1005002338495819
1005002434257055
1005002334139748
4000160457768
1005001736416133
4000117845158
4001062124716
4001217544780
1005001876730549
1005002334173802
32912957359
32846278098
32397348806
960828041
1005001325572811
4000958828259
1005002166072267
1005002422150226
32578878304
1005002376476371
1005002388893321
1005002454392379
4001058852697
32929573461
32989850625
1005002302240739
32406195361
4000981735153
1005001475711217
1005001757507074
32906011463
1005002140681768
1005002190219382
1005002476959848
1005002454210875
4001133314090
4000242593191
4001104369783
1005002290055251
1005001525273899
1005002282178294
1005001864672479
1005001525399731
32956317814
32553326761
32983200509
4000853877169
1005001863048219
33058793735
1005002240845361
4001145921710
1005001928902111
1005002330998772
4000441949584
32962430070
1005002246388954
32984430547
1005002309811090
1005002315411248
33042657849
32857346526
1005002265331827
4001287976370
1005001584608427
32697934704
1005002111407558
1005002330294967
1005002390704243
1005002446113085
32918844629
1005001967113256
33048950204
4000711995369
32970486424
1005002357965158
32902418241
1005001451830563
4000718281346
1005002427740168
1005001658130833
32854355195
1005002453923383
1005001886359780
4000037988196
4000405050980
32867544701
1005001940546877
4000712122508
1005002314885743
1005001958900070
32975364538
32988686086
1005001375795137
32639567852
1005002359691685
32353022317
1000004860565
1005002322126801
4001141965161
4000580379392
1005002254936789
1659316278
1005002258449975
1005001370060637
1005002375578209
4000726111758
4000040669131
32855855275
1005002280676755
33037423337
32437307337
1005002246862003
4000384999557
4001062799063
1005002492317987
32606482729
4000708053100
1005002493957670
33040304038
4000782217568
1005002304270827
1005002369464029
4001082890036
1005001563405684
1005001407289394
32991446963
1005002370170802
32865827579
32282320742
4000106977435
4000670700554
32701473271
32872468272
1005002168231399
1005002315836172
4001037820962
32815755829
32994823354
4001204141203
4000959189888
32953221517
1005002318680057
32793452832
4000378413425
1005001600062765
1005002363758989
32894844361
1005002122432355
1005002219391242
1005001968090935
1005002489997913
1005001727164511
4001217435009
1005001379887865
32915370567
32730370387
1005002129898502
4001278832765
32919006369
1005002346405253
1005002316108037
1005001468195057
4000073761112
1005001586285058
33057054199
4001250795899
1005002384173614
1005002409751521
1005001726258102
1005001454557216
1005002434486016
1005002092493026
4001363635733
1005001698639920
1005002327440919
32867197579
32968821915
1005002362625512
1005001900696019
32827970062
1005002060372891
4001219584326
1005001644668786
1005001639772418
1005001555070558
4000553360825
1005001561776823
4001190741911
32696402693
1005001671073127
4001121670350
1005002124427547
4001306182813
1005001957193560
1005002466282021
1005002139250277
4000167232505
1005001773468682
4000449401123
1005002186933238
1005002314144162
1005002293845533
1005002337261964
1005001506894883
1005002288859378
1005001818687073
1005002162370611
4001090365580
1005001297673142
1005002350725680
33050570235
1005002003321196
1005002191789462
4000255970990
1005002417170611
32860265306
4001258593600
4000435147964
1005002276008811
1005002243429346
1005001644488027
33014503336
1005001422956147
4001026793363
1005002271290222
32961112897
32806394932
4000677279919
1005001652328366
4000833437561
1005002246714938
1005002065980354
4001360784097
4000023213720
4000909536049
32951908133
4000045820788
32673370999
1000007842113
1005002080330520
1005002313415579
1005002362820773
32926155169
4000262940370
1005001624918600
1005001586734361
1005001723015182
1005002441056290
4000909145408
32368142177
4000299814173
4001062157490
32840670213
1005001800163662
1005002371488559
33045306140
4000558907822
32951081414
32985987796
32998925298
4000214161374
1005001405614697
32852405974
4001273139964
1005002337228250
1005001494242842
32928152221
4000147945030
32851819234
4001192544368
1005001501547416
1005001333041394
1005001513234470
33056452768
33048882031
32791823209
1005002219347716
1005001798075160
1005002268732983