32846717336
1005002492661622
4000168761588
33005556105
32691391900
32803942536
1005001966496676
33030668120
32993365196
1005001577341599
1005001494573943
32901966764
1005002412550887
1005002317761478
1005001775700282
1005001685435310
4001201961365
1005002268000811
1005002342732136
4000884927618
32958066109
1005001869487383
4001037513507
1005002452840629
1005002478112320
1005002446187378
1005002224969123
4000970071152
1005002492825701
1005002341736203
1005002341547891
32917193999
1005002295484155
4001362319785
1005002260403989
1005001665808856
4000466014959
1005001590621023
32963369197
1005002311618693
4000138211493
1005002316491891
4000700052252
1005001278543714
4000175246593
1005001941527514
1005001932875041
1005002425986751
1005001455880775
32831595489
1005001552427328
4001165444442
1005002224517855
4001131943061
10000038954315
1005002095588105
4001028757064
1005001765897436
32350127944
4000272157850
1005002358016411
1005002481429591
1005001996902958
1005002305981465
4001127403180
4001088094259
1005001757100625
1005001482828114
1005001680800960
32957841809
1005002227650027
33008613550
1005002006631483
4001235909722
32899927401
33001778450
1005002165898820
2043976118
4000211282988
33031469890
32944734173
32847174805
1005002126126049
1005002423603619
4000839722803
1005002318966744
1005001334815876
32921011038
32671182289
1005002350158125
4001182258784
4000805439789
4001222584643
4001057078544
1005001732407093
32947521652
1005002320438778
32923959510
1005002358256391
4001264702300
4000023001679
4000253132197
1005001848560984
1005001736733286
4000180151504
32946005829
32958698762
4000483523416
1005001668033295
4001202896810
32823136178
10000009736612
32997168417
1005001926915712
4000965467936
1005001423160580
1005001334533414
1005002334284142
1005001736609915
32296516915
1005002190659078
4001287504714
1005001642661504
32842411977
4001305965143
1005002213674062
32668036451
4001332124388
4001209779835
4001080531316
32988917230
446606865
1005002166607593
32974317021
4000109090819
1005002293495467
1005002490541032
1005001756693112
4000181124303
1005002361865260
1005002350766104
1005001763561306
4000064369169
1005002107235674
1005001742259591
1005002368501306
33048864049
32837939517
4000934367851
1005002168585912
4000299249575
32884621007
32844375398
4001225993853
1005002295562049
32746626783
4001346816056
4000999821179
1005001696000262
1005002309057100
33025089320
4001267814226
1005002439788926
4000823041842
32900766173
1005002114686481
10000306478846
32842039520
1005002337325293
4000280625918
1005001458040090
1005002459870884
1005002335025746
1005002237564309
1005001581326565
4000379783696
1005002482526136
1005002302217299
33006071947
1005001651548305
1005002412963623
1005001753225826
1005002443583020
4001248297550
1005001288094768
1005002246956625
1005002323266927
1005001598894123
4001075264332
32442861477
1005002172583272
32855753121
4000369334624
1005002382855283
32632927995
4000546584067
32947419720
1005002182473525
1005002382141097
1005002304884702
32860639748
1005002287058158
1005001946576536
1005002277499914
4000682746419
32819465542
1005001529064532
4000419773405
1005002124224467
4001054302253
1005002395229859
1005002074119499
1005001626228882
1005001698378773
4000064139826
1005001500217370
32833954189
32949979578
1005002341554515
33022455082
1005002413319867
4000333209070
32968794445
1005002268609147
32579878744
4000159485267
1005001761946666
32994465944
1005002475407949
33029654242
32846312728
1005002304954444
1005002006618632
32919859389
1005002072340953
1005002453502941
1005002474339181
1005001587924331
1005002389578892
1005002324092257
1005001394355810
4000316287101
33044861581
33040703697
1005002284273612
1005002375260463
4000441496626
1005002439467910
1005001451990099
32859248550
32760647119
1005002362933584
1005001579065532
1005002005090573
4000755988009
32945143449
1005002380506590
4000849948246
1005001343361520
4000272302417
1005002132460397
1005002122348452
4001154159790
1005001447948914
1005002287064723
32853899061
33003895500
1005002226555475
1005001276342422
1005002306584650
4001214291183
32376794979
32789468417
32961878734
1005002072373813
1005002342829983
32972278855
1005001942496908
1005001441337639
4000807617340
4000990860385
1005002345866464
1005002350967773
4001294539578
1005001928642444
1005001982378848
32986184754
32902963646
1005002482170022
1005002205873090
1005002483116454
1005001812894776
32975501407
1005002351705045
4000625423792
32624964716
1005002083600469
32649479423
1005001365947170
1005001869593076
4000097033620
4001118277118
1005001770079915
1005001297437977
1005002167584218
1005002435410166
1005002431822667
4000055615155
4000884900902
4000627246475
1005002346107710
1057528336
4000909417068
1005002346325099
1005002482968305
32807373071
1005002233399683
1005001807788665
32690463530
1005001702900413
1005002319105449
33034577893
1005002340049280
33056306276
1005001953282313
1005002257756771
33011495039
32806855962
4000924826653
4000235183125
1005002052004537
1005002441352963
4000687794213
1005001505619578
4000738869601
1005001950803231
1005002474287392
32226585846
33013127069
32811769067
1005001499485565
4000309885845
32967315591
4000397125104
32672636218
1005001608321512
4000035242396
1005001625222683
32970749632
4000198818683
32623298543
1005001324686931
1005002037663485
32852032336
32998867801
1005001670718794
33028773091
1005001997102581
1005001920302478
1005002038839953
32836578086
1005002240183512
4000318142392
1005002352436086
32951745576
4000979407246
4000917841743
1005001919038996
1005001325387294
32531275779
10000395861148
1005001462389572
32987332860
1005001335243539
32907179441
1005001762306129
32872470758
4000496115140
32954871084
32853926877
1005002313899588
1913035971
4000715729546
32992330484
32971209520
32970627793
32975154452
1005002220933362
32858889122
1005002337275991
32986735421
33038652262
1005001727704203
1005002034598693
1005002167743710
1005002436388441
4000674961917
1005001526496004
1005001670728882
1005001561040092
1005002281648247
1005001731281234
33014956194
1005001856356624
32918952905
32415510528
4001162995989
1005002127505637
32939569175
1005002372325561
4000993835123
4000030779019
1005001540429923
1005001637810981
4000668567345
1005001344087456
4000712075194
1005001479221218
1005002442439710
1005002292127815
1005001540685396
1005002396543248
32984686291
1005001387548101
4001030252729
1005001482203769
33012220503
32331601141
32888438256
4001061183418
1005001368343392
4000732724550
1005001418112667
1005001894016119
1005001888824186
1005002394194999
32951088211
1005001266028375
32835975751
33051533608
32833794544
1005001994655074
1005002142891093
4000607985632
32967151070
4001306428669
1005002091262085
4000594873788
4000874618597
1005002318923231
4001063276314
1005002317774974
1005002005117356
32954161750
1005002382315984
32842738994
4001156187389
4000991346486
32801010667
32887687239
4000666156725
4001090272241
32868047463
4001222873718
32987869197
1005002428200093
4001085574011
1005001768163398
4000354738773
4001365381748
4000904735021
1005002314353844
32889151768
1005002316678070
1005002201788658
32904683717
4001225114763
1005002113075753
32968942624
4000979190272
1005002345252699
1005001334248117
1005001845846603
33033659809
1005002246516033
4000994536547
4001284193923
1005002357825548
1005002314499083
1005001337569914
32971017447
32809652046
4001293867420
1005002279094483
1005002052550521
1005001471020917
1005002389519062
32892354383
32894260522
4000849871014
1005001459109674
32868742834
1005002217967872
4000919200171
32856005091
4000168742123
1005001326272243
4000215056695
4001272287550
1005002382934947
1005001343276472
4000867205041
32868384978
32980808477
4001337934213
32860913147
1005001525411777
1005001593442416
4000034390204
4001134174498
1005002228613626
1005002056121976
32496845205
32869365242
4000715975445
1005002483002100
1005002345353545
32986555834
32673116554
32974168146
1005002342230727
1005001391435811
4000339050017
1005001748317085
4000794144408
4000117411338
1005002321187176
1005002232152476
4000108589311
4000937822406
4000843024314
4000623496064
1005002304141757
4001317894699
1005002323508960
32962142687
1005002398883538
4000095174723
555564683
32921173292
32945665322
32817624600
1005002265293594
1005002339119856
1005001291285154
1005001515201441
4000122900936
4000473896649
1005002357620487
1005002068631206
1005002103393347
4001077106819
1005002018897778
32825352306
32887384740
33001936546
33056902705
1005001889267069
1005002241053312
1005001632789803
1005001846827463
1005002197818363
4000959774040
1005002305710528
4001098513193
4000983435857
1005002462576520
4000086881729
4000305273698
33035129062
4000081729334
1005002167412568
4001220275311
1005001722962422
1005001798479833
1005002064770478
4001199729368
4000359921031
32591918401
32887330602
1005001566359764
1005002281611569
32966288525
1005002107327905
32882632060
4000026526926
1005001961590155
33007695421
1005001724038705
1005001468614657
1005002375556383
32726396607
1005002461275578
4000510345032
32672134554
1005002481154448
32825071265
1005002290860480
4001332061965
33025119925
32981421991
33055660019
1005002167423491
1005001986241136
32827708725
32852933956
33058606515
32881828005
1005002340044358
1005001413679054
4000246876409
32949985413
1005001829949297
33014347002
1005002284361410
1005002121038716
1005001698605401
1005001834715517
32452910851
1005002489058297
4001057470041
1005002289504626
1005002346237383
4001161790832
1005002460175554
1005002374751235
33001974431
1005002481436633
4000983949291
1005002245421269
1005002166868199
1005001930618831
1005001770728628
1005002397759505
1005002299293750
4000007184883
1005001932986287
1005001992132550
1005001769331306
1005002280941657
1005001799037058
4001085767621
1005001548139938
1005002467051361
33053452263
1005002320141773
10000423260125
32859955612
1005002304084080
10000400006441
1005002103455735
1005002310773010
1005001851212822
32833590039
1005002364325503
32921498903
1005002069771940
1005002320933909
4000580160291
32976974744
1005001445174510
1005001297159367
1005001793913227
32966771712
1005001958665883
4000994385737
1005002420489412
1005002295485243
1005002378267577
1005001889800426
4001334039740
4001062759399
1005001271415818
1005002206169029
33035203429
32859358159
1005002398132818
32978755382
4000166808638
4000086691227
1005002369358934
4000131204388
1005001859556861
1005001620304402
1005001525359540
1005001793581760
1005002358198972
4001263844055
10000395851185
1005002376927771
1005002376384160
33019990407
1005001821690783
4000745197880
1005001309260566
4001139155661
32949263338
32854538704
32885856149
4001022301714
4001177794113
1005002211708405
32898922304
32823675166
1005002227893874
1005001297842310
1005002318226661
32884897826
4000837385673
32967247239
4001069253541
4001111664261
32773152739
4001217336873
1005001496482575
4001107779959
1005002227620764
1005002275505400
4001154188426
1005002478973292
32922800402
1005002369949107
1005002334463487
32966460528
32963019700
1005002104990722
1005002475675895
4001162035558
1005001754088319
4000314552819
1005001524390243
1005001912454650
33014363240
32846186492
32579368718
1005002319209055
1005002490233367
32895488781
1540700395
32977669412
10000396893457
1005001636287319
33040841998
4000929475547
1005002314304527
1005002440032793
4000185672878
32857251405
1005002305462984
1005002342410460
1005002315622756
1005001864771545
32999161258
32834375296
1005001574830997
32858970446
1005002407992682
4000317601272
32819967300
1005002260577602
32656750982
4000198985979
1005002304540306
32794473558
4000923153579
1005002220797360
32708733990
1005002304283962
1005002357458162
4000829727018
1005001327659912
4001197737465
32829082871
4001219446977
1005001513033963
32917486733
33027824210
4000842975770
32942037277
4000999476261
1005002473717859
4001340142707
32840979816
32879551605
32986028471
1005001900626642
1005002305160748
1430349840
1005002288834602
1005001672583493
1005001780659716
1005002234442331
32912561344
4000945168399
1005001858762583
32917911331
1005002240689116
32831663869
1005002226323068
1005002219938275
1005002259615231
1005002369865819
1005001399361456
1005002223510676
4001270467625
1005001631247406
33002756000
1005001537554467
1005001978253771
1005002496134432
1005001287656981
4000884181369
1005002313909025
1005002339986174
4000111640088
1005001597046233
1005001942780870
1005002406918006
1005002278524953
32779874045
1005002308845771
32982581726
4001104825142
4000420220396
1005001273995398
1005002396419245
1005002314180749
32846327435
1005002168292691
32948174136
4000855139743
1005001813361294
1005001457651761
32828088608
1005001763843103
4001113239392
1005001695581330
4000386125784
10000395930018
1005002396515217
1005002369544041
1005002382719796
1005001354126844
32671885297
32957401703
4000917145735
1005002323438087
1005001399610673
32898254089
1005002314455097
1005002261939890
32851969247
4000921265388
33018589411
1005002447278623
1005001773754174
32787963306
1005001456215371
32837359515
32987694182
1005001781608761
4001322235758
32998443376
32957024606
4000983479803
4000108485751
1005001627441600
1005002333809878
1005001373161887
4001042108015
4001064365164
1005001392537199
32831107269
1005001306134219
1005002299000911
4000147976901
4001013003609
4000411633795
4000788556572
1005001638541615
1005001679030369
1005002013924872
33042187400
1005002092488521
1005002314322380
32819356224
1005002437391054
1005002416298730
4001248314228
1005002316084124
1005001680489422
1005002319565883
32231583840
1005001856423645
1005002368494213
1005002247239333
4000507376818
1005002288912191
33003057085
32919453650
33000844224
33020577322
1005002232906187
1005001775226729
1005002424272703
32954349406
1005001609869052
4001068963614
1005002277518160
1005002294890025
1005002276738340
1005001275499627
1005001845178899
32770049092
1005001291617824
4001247555697
1005002311544944
32811616304
1005002467384018
33012029050
33051411147
32986035533
1005001678689810
32966986671
1005001496426221
4000282249365
4000109266545
4001096095578
32791514171
33043928594
32985888746
4000052219198
33012269141
1005001692543999
1005002467754783
1005002418724044
32916043994
1005002431525302
4000167667911
1005002345914672
32890432422
32778903452
1005001703676047
1005001368717771
4001322605442
4001293828838
1639922021
1005002047215790
4001294125616
4000205587662
1005002357037128
4000484888720
32810987576
4000726787184
4000546707358
32826689096
4001256024241
32285087528
33018110536
1005002448165161
33055531535
32990732853
32842120083
4000109571145
1005002313125823
1005002432393101
1005001622988842
4000507015262
32580955068
32531325138
1005001913379640
1005001487109504
1005002345121918
32989488913
1005001623190617
32840589543
4001186447827
1005001961937002
1005001833866132
1005001982584839
1005002346106229
4001093436687
1005002390461165
4000780685626
33001137526
1005001522245249
1005001580897705
1005002404141206
1005001303984711
1005001656996229