32602544565
4000176542533
1005001397220405
1005002435570439
4001176590682
32880660902
4000085717887
4001313543668
4000545765061
1005001948998267
1005002279831593
1005001528949430
1005001997443335
1005002210983658
1005002318129078
1005001835458162
4001002831146
32974487099
1005002248737499
1005001727987933
32889058744
1005002306751757
32981977599
32922115580
1005002307682468
1005002315859558
4000459688944
1005002352067568
4001310810554
1005002447353209
1005002371521341
32620808093
2036676138
1005002212468238
32905421493
4000675634225
1005002468786413
32683075554
1005001275210935
4000627321718
1005002395787416
1005001995492630
1005001352372671
32831596012
4000046582542
1005001382392476
1005002401733819
1005002291581541
1005001441471261
1005001559603732
1005001926379725
4001189296107
4000145377794
4000296585857
1005001797905321
4001115552492
1005002317372868
32844003286
1005002167839973
1005002290179380
4000218032978
1005001737503231
32898625998
1005002162097909
4000588401075
4000329338533
1005001464198626
32847280481
32244095325
1005001451662883
32952123511
33031859400
1005002422875932
1005001799342545
4000958550558
1005002466517923
32832810324
32863557852
1005001894947976
4001195050386
1005001988437824
32852916944
33014563253
32821252236
1005002237557707
4000098989107
4000863832943
32380845224
1005002213947124
4000810041168
4000698104487
32947654467
1005002364135556
4001198213702
4000803102162
33019513408
4000942945542
1005002080524822
32898117360
4001272481184
32775679614
32866531815
32849813838
32976087624
4001204818510
1005001738614794
32885928169
1005002405648315
1005001829934609
1005002132933397
32861514151
1005001280649318
1005002388757799
1005002260212710
1005002264948968
4000604346023
32681218750
4001235651505
1005001828910210
4001176829299
1005002350815492
1005002032447824
33012035420
1005001409944064
1005001985989904
1005002166855794
1005002264993433
1005002484974142
4000935837852
1005002377264235
4001314191632
1005002393891915
32740456325
32998879080
1005002375092562
1005002392064490
32890590454
32871666032
1005002066109698
32764135521
1005002399895232
1005001798151464
32674606276
1005002245990042
4001335126176
1005002322877404
1005001636504489
32952292455
4000128087402
4000089967698
1005001968425484
32535864341
4000069301681
1005002314731760
1005002380819574
32991087313
4000562569490
1005002196821535
33000341451
4000849978162
1005002358013255
1005002288324196
1005001369334619
4001216459910
1005002191613720
1005002302293420
32727120555
33020297890
1005002113261244
32630909159
32965109881
1005002408050104
4001283147762
4000675904367
10000122489511
4001157076533
32869434196
1005001692367655
1005001788439759
1005002347317143
4001155562824
1005001298280311
4001326485350
32925972372
4000151059551
32965225565
1005002443054776
32701243935
1005001386803066
1005002319083937
4001221490439
1005002414064329
1005002190452182
32682659409
1005002326166214
4000078074148
32577236765
32787177570
1005002386058815
1005002279078080
1005002272910701
32850997782
1005002447392973
4001242035371
4000314950950
4000465003091
4001263272006
32997507140
1005002408628230
4000331158024
1005002425988063
32937149900
32997996853
1005002470280777
32964558630
4001290753401
1005001800947463
4001279237148
1005001922962540
1005002091388836
1005002191121047
1005001333114441
1005002355849642
1005001775796073
4001302240778
33001350868
1005002435669001
2055136808
32870684603
4000917928298
4000321722031
4000828612209
32976730622
1005002198711276
1005002167808459
1005001901289799
33031844000
32996852988
4001130657391
4001265091011
1005002258862727
1005002447161386
32215586231
32966148435
1005001346291878
1005001763993992
1005002457399244
4001263316092
4000860292710
1005001685595827
1005002245891911
4000823555864
1005001834218236
1005002460729564
1005002460525090
1005002368469429
1005002357658882
32909435200
1005001757952179
1005002387795758
1005002371207864
1005002487586762
1005001457521005
4001223952687
32980116138
32765074680
32962159702
1005002408415273
1005001833319994
4001299177539
4000930236488
1005002443708389
32889938956
4000735372496
1005002283672410
1005002245663198
4000054846313
1005001834619956
4000265185525
1005001622228163
32227797088
4000856673824
1005002466179430
32823555452
32878045791
1005001779899321
32961636545
4001168908554
1005002488728712
4001018370435
4001201030981
1005002315631681
4001232983606
4000842190997
1005001762391480
1005002212052556
1005001568433772
32742312566
1005002266402881
33043310575
32958562774
1005002124802471
1005002211128107
1005002333595005
1005001458522846
32840179584
1005002323017097
32792987271
32979305255
32753438726
1005002326344246
1005002500337484
1005002077940258
32349218466
1005001394337363
1005001841362450
32946867818
32809784819
1000008303562
1005001632578912
1005002425323403
32967377398
1005001803345546
4001189177428
4000739592067
4000936198389
1005002357387382
32977494139
32960265636
4000292858653
33025985458
4000035145695
1005002431457839
4000017447676
4001192157118
1005001841720521
1005002243321041
32678766863
33034217574
32809298506
1005001679588031
1005002448078070
32879629090
1005002488135466
4000052051736
4000989937873
1005001425772721
4000095836880
1005002165796918
32957350542
4001148991460
32974693960
1005002393867709
1005001556198065
1005001304923697
32816621559
4000166514363
4000714335877
4000152059517
1005002339996436
33032831514
1005001577260183
32758800240
4000875919848
10000395913830
1005001971194175
1005001510384186
1005002259329580
4000857826893
4001017090351
1005001694872252
32996663624
4000709992699
1005001275467469
4001075997152
4000090224754
1005002259842849
32953143540
1005002411702716
32967859389
1005002413361504
4000178348796
4000138852764
4000244655728
4001046738330
4000857618403
32409772485
1005002010515591
1005002289229628
32701584365
32885137004
1005002382332055
4000786633289
1005001785558900
1005002320422790
1005001650955106
33002374768
1005002196185490
1005001792714391
1005002476741054
32827386945
1005001499106470
1005002346366973
1005002398769855
1005002213372440
1005002391985765
1005001680038052
32983813599
1005002278604559
1005001506788658
4000332610878
33046768676
4000933877575
1005002431521597
4000035742011
33048877091
32796422507
4000160954792
1005002205763626
1005001793011909
4000138696269
1005001913373050
1005002032574468
32919118686
1005002337621262
1005002305542656
1005002305929960
1005002344303062
1005001620583589
4001153519785
4000484127357
1005002449732968
32857462149
1005002073819593
32945679644
1005001686151227
4000838933954
757997004
4000580823720
32987328484
1005002272639185
1005001958423340
1005001677290302
1005001943419036
1005001373277445
4001255067607
1005002476657220
4001228658112
823795313
1005002464984307
1005002315253622
4001285395596
1005001997000261
32695934121
4000248603763
1005002287480271
1005002233938478
32859178019
1005002228445325
32965321870
32794335832
32969564102
33036465816
1005002247059838
1005002340753462
32923588445
32837692636
1005001570253038
32956669457
4001358714877
4000542207720
4000136075669
1005002256873194
1005002260358336
1005001441940003
1005002477223518
1005002399936380
33008074395
4000990853393
1005002287444530
1005002377926269
1005002473762074
4000271126221
4000902185352
1005002176915999
1005002376928762
4000045385332
32848005255
1005001631276943
1005002287764243
1005001920981058
32853006788
1005002394678114
1005001656805904
1005001496110337
4001031683928
32890946124
1005001754435690
32959836666
1005002338873145
4000204768289
1005002272682437
1005002439965831
1005002477890869
32986631844
4000709155628
1005002307534559
1005002490455018
4001225120796
4001199189890
32855358596
1005001484550134
1005001865377015
1005002298719716
32868612985
32918816512
1005002133085570
1005001827052720
10000395843599
32790918805
1005001377886599
32877192220
1005001524878144
1005002429894276
1005002269531935
1005001860311739
1005001300487185
1005002490424851
1005002383209589
4001110940379
1005001645150791
1005002318897435
10000022137730
1005002488774032
32843905865
1005001616873272
1005001927979153
32937519863
1005002069781774
1005002290559333
1005001625700372
1005002059395887
1005002279014581
32956321060
1005001642625813
1005001565689547
32657597655
4001215542616
4000989207408
32838468231
1005002233844457
1005001839009248
4000244509278
4001164434459
33032456322
32735829965
4000955415065
1005001808651525
1005002452785935
1005001978642978
1005002357968135
1005001869414634
1000007579521
1005002298912296
1005002345930524
1005001348303313
1924516371
4000554754971
1005002314208976
1005001878794876
1005001278020119
32964753542
1005002368883775
32404993750
4001205080832
32889901635
4000945187005
1005001339367286
1005002363317469
1005002394275251
1005001719350376
1005002245695409
1005002421285788
4000668638328
1005002333956374
1005001619862458
1005002314032719
4000191735085
1005002247563214
1005002497293589
1005001887587603
32854058735
4000543992814
4000929317934
4000901504301
32887764946
1005002070213912
1005001519604734
10000395866408
4000849799421
1005002375112396
1005001354954313
4000342218015
1005002405085974
32951497036
1005002253897864
1005002297036974
1005001990914096
1005001860138145
1005002072512259
32998393322
1005002454406505
32924811403
32913445732
1005001949664113
4001100252839
1005002459255741
32626960309
4001078842996
32847513792
1005002321082073
1005002495932912
32710585150
32518666573
32617863329
4000788976928
1005002399543516
4001294208464
1005001961642073
1005002204093864
4001037075696
1005002054287152
4000891068035
1005002024872226
1005001603794029
32849334232
33020832412
4001228476684
32818656006
1005002258941011
1005002319100378
1005001908712842
4000781785540
4001065598315
1005001582562929
1005001713355982
1005001493924330
32917022854
1005001714542677
1005001779526355
4000015366449
32851033594
4001152688372
4001041100063
4000850208801
1005001270238951
1005001586214860
33028127352
4001329029927
4000257878397
1005002327556856
32701417191
33031628190
32793562711
1005001391677340
4000221301609
1005001941433836
4000143943320
1005002304005710
33015808907
1005002286270892
4001057459201
1005002014501383
1005002223864879
1005002340690086
1005002364407672
4000144760186
1005002345219888
33034118625
1005002398683696
4000091597959
4000544330648
1005001368166487
32982077342
4001210974067
33049583296
1005002306117255
1005001614876256
1005002376114428
4001041053837
1005002304722757
1005002259240165
1005002489635831
32813879447
32641749270
32677858415
4001278314470
4001187867883
4001363947072
32892657984
4000642261478
1005002193697765
1005001633291746
4001197670514
4001240839237
1005002318955200
32810777822
1005002235967866
32824193534
1005001525311730
1005002346453063
1005002042124153
1005002190271972
33060863664
4001305982199
1005002217783134
33003010721
1005002416230256
1005001393167534
32897609776
435315608
4000978845504
32818250972
1005001863774075
4000758489365
1005002276454462
1005001469578824
1005001970780049
33033781723
1005002292998818
1005002446667256
32919872709
1005002317217625
33049834298
32983381469
33020765703
1005001511478175
1005002346869024
32906458227
32842444811
1005001519735214
1005002282549086
33013514768
32830158485
1005001607669841
32991664048
4000273712586
33026547142
33047366911
1005002323727531
1005002246348703
1005001525322806
32998270039
32292058614
33002548966
1005002454282446
1005001699323903
1005002270689761
32843429742
1005001972813388
32833730486
1005002182755295
4000796524607
4000597196714
1005002280670343
4000628099405
1005002032619347
32973521020
32243315009
1005002401029209
4000769966764
4001114098582
1005001858138890
1005002459974693
33035180020
1005002304919566
4001238562375
1005001422964063
1005002238576225
32918210808
1005002319793639
1005002307619334
32963823365
4000781304145
32988911523
1005002395153956
32720596195
1005002259569858
32902461263
32906653367
1005002059964095
32748744986
32914578326
1005002402402251
4000959222872
32590838050
33012327273
4001036609283
1005002460284751
33014218068
1005002365389258
1005001622138583
33002104121
1005002434043439
1005002246277204
4001131622419
1000008506762
1005002310659772
33027038850
1005002284253863
1005002267704890
33036747580
32796695922
1005002368959134
32645349660
1005002260458562
1005002258573130
4000695166286
1005002275551831
10000302600724
32270552549
4000195393169
1005002117059153
1005001763717469
1005001307687533
32898011755
4000366672465
33055132847
1005002388664814
4000202266095
1005002292913083
1005002387150433
33058868364
1005002381964572
1005002388924734
4001238753331
1005002328743772
1005001913806522
1005001683157262
32973486969
32828228998
4000405333712
1005002197370563
32789728655
4001319827864
4000834081708
1005002428735305
32704055496
1005002233862392
1005001462675280
10000000226254
1005002459219529
4000311861759
4001138472228
1005002419099206
1005002382731338
4000986842742
1000007925396
32582541166
4001233054721
4001297500490
32976042817
1005002376371281
4000345650682
1005001999974918
1005002337413876
32996108657
4001273149959
32503834924
4000259604970
4000502115253
32511288311
1005001341141880
4001100332641
4001172192797
1005002281829746
1005002386801859
32908083136
1005001584991852
33047075198
4001146240956
4001358806101
1005001786722156
1005002345878007
4000652334643
32439339263
1005002428172050
32988210468
32893336550
1005002125197819
1005002317618864
4000315263015
4000223589012
1005002015466985
33021842984
1005002374310206
4000178258411
1005001641176565
4001202293379
1005002339081134
1005002007321141
1000006804875
1005001499221980
32800447042
4000228955726
1005002219725044
1005001608490278
1005002316677268
1005002287021005
33051384114
1005001966386232
1005002433791591
1005001728710436
4001145073156
32873538411
4000933640262
1005002356938542
1005002305915339
1005001663217089
1005002350673958
32917628440
32809342484
1005002233605778
1005002122330762
4001084640643
1005001316371030
1005002315609177
4000010271789
1005002357099099
2024395473
4001042030829
4000210945162
32879344980
4001132435837
1005002464992980
32864327924
4000329454430
1005002255034842
4001257685754
1005002043175067
1005001381398253
32716774999
32701439156
32925899274
1005002109771822
1005002494520009
32992217655
1005001929053365
1005002355640323
4001229311122
32898991970
1005002313922645
32785100735
32887062635
1005002394783152
1005002036772391
4000453465424
4001118457511
1005002410850729
32973780768
4001129069213
4000788314889
4001333572625
1005001830439482
1005001645668882
32975899629
32968807544
1005002372261281
32865780337
1005002314248204
1005002274034922
1005002175852253
32940833530
1005001948237917
1005002313690623
1005002233910472
1820806423
32958022277
1005002292069176
4001112035066
4000709390241
1005002266785555
1005001606984011
4001136222851
1005001936453943
33057281776
1005002415820666
1005001699794073
1005001288128772
1005002468177866
1005002397054852
4000547741480
4001271125270
32993140695
1005002357357871
4000409276894
1005001605676941
32757634716
1005001462857001
1005002168555109