1005001809165080
4000853608837
1005002335021731
4000817157831
1005001590748212
1005001627760044
4000147664912
1005002384481608
1005002440346044
1005002234791994
1005002273461176
32615600992
32988823153
32863125269
1005002254543099
4001090664687
4001153688819
4000123770754
1005001435338743
4000955889257
1005002259280155
4000077498272
1005002408814757
32951553709
1005001747975450
1005002292890768
32764266689
32823680761
32814613624
1005002314527074
4001068550447
32868930523
1005002352192401
1005002342515502
32970511241
1005001340359341
32916834170
1005001368899708
1005002458321829
32954421588
1005002435028948
10000395854822
1005002210778692
4001200109104
1005002307058867
10000328831474
1005002393625603
1005002122362562
1005002313976367
1005002122513306
1005001445763991
4000843020212
32975809279
1005002242634648
4001197076188
32883097086
4000965219800
10000314318147
1005002291794885
1005001792292854
1005001888255300
32989826389
1005001622764328
1005001665179247
1005002383639563
1005001724018531
32900295467
32907114754
1005002254122109
4000704143729
1005002443785601
4000677381465
33050568623
4001267184427
1005002284790140
32769533085
33052278238
1005001966741464
32887773970
33003195802
32542436687
4000857887187
4001230999275
4001244464362
1005002117619987
10000269652945
1005002401106630
10000319478626
1005002226967970
32903905114
4000917660319
4000154575126
1005002308618088
1005002066203142
33034973503
1005002287560698
1005002423287233
32310250486
1005002490410896
1005002426898272
1005001671630622
33017671076
32783514833
1005001971738341
4000800310737
4000411299101
4001229084942
4000494517182
1005001618189764
1005001685282169
1005001458712176
1005001749282470
32856148273
4000268234277
1005002240599460
1005001708504396
4000223545215
1005001933210703
4001225187234
4000232086711
1005002313949996
1005002254917351
1005001793052396
32962386635
1005002232057791
4000835373228
10000060519513
1005002332543790
1005002318054445
1005002314399771
1005002340813214
1005001438920229
1005001694495095
1005001658164900
4000128310564
32968816881
4000051917515
33047831956
32608559866
4000091564493
4000210318277
1005001848875047
1005002268044013
32971274766
4001094655879
32822037293
1005002293137295
1005002229371711
4001309504602
33012036997
4001279516755
1005002372506328
1005001499617292
33009281687
1005002449724953
4000026686904
1005002477725874
1005001681813248
1005002353366241
32974757661
1005002388325823
4000383775342
1005001343545355
32983153985
1005001550794985
32954862170
1005002071664261
1005002284084997
33052834852
32987970042
4001083603819
1005002229241027
1005002390552523
4001227022691
32833843778
33005243159
1005002268022748
1005002314975986
1005002337732265
4000434282655
1005002342504524
1005002417081353
33036495358
32364255464
1005001757255108
4001022464425
1005001354095585
32956331936
32924194908
4000829615978
1005002383092053
1005002428301842
32930764304
4000098807572
32932918834
4001212639084
1005002346094554
4000197626471
32397642339
4000810136027
1005002034601594
1005002054962338
1005001907563722
1005002385115607
4000703274683
1005002381567019
1005002207896903
4000817821977
32393950421
33026464463
32796826207
1005002211094638
4000722933103
1005002292356590
1005001840117435
1005002277620838
32811261613
1005002359118021
32880088128
4001283111451
32889027194
1005002260262867
1005001971503240
4000480157698
1005001732297306
32841639091
1005002263717741
1005002199307580
32819647018
32822371311
1005001841497434
1005002494300000
32986531468
4000911772724
1005002350736919
1005001912513428
32854642762
4000061788005
1005002340401235
32945096254
1005002370473857
1005002453919769
4000113989124
1005001280029211
1005001708281125
4000767851789
4001231079606
32808485503
1005001664492184
4000642975204
1005002212744034
1005001716593620
33052483679
1005002310129663
32965700675
32831676130
32801356237
1005002341317334
1005001656657788
1005001775662384
1005001525426521
32678942311
32767334245
1005002181062975
1005002281231843
1005001406319841
4000504810417
33060515460
32979477143
1005002325713734
32828229201
32966217033
4000940933033
4000840394895
4000404806364
1005001441283765
1005001789037761
32971151589
1005001382325152
1005001807026718
32786936719
4001176753458
4000902297115
4001138356524
1005002226043457
1005001529932440
4000091956540
1005002185443982
4000979677203
32843881807
1005002003420591
32849581738
1005002346228060
1005002256501594
32961767026
1005001847395414
4000433035096
1005001878963050
4000379100638
1005002237989948
4001288172444
1005001806001470
1005001882798893
1005001305375450
32863798408
1005002424681090
4000620951066
32848000780
32807642721
1005001560627736
4000305062411
1005001535649682
1005001344226660
4000355657889
1005002357136750
32447613569
1005002320316264
4001363776824
32703244163
33024122567
1005002350283410
1005001328948470
4000066076512
32972829208
1005001615203629
32789658920
32903914815
32944430929
1005002291170692
32865269791
4001294359367
32960698408
32590317593
4000905682487
32673238875
1005002252800484
32505290330
1005002436014954
1005001334275374
32900067096
32883578174
1005001960355095
4001197630392
32683312216
1005001639597770
1005002318988136
1005002315500958
1005001354244280
1005002303996766
1005002438337427
10000018041510
4000902427523
1005002099448385
1005001670918015
1005001867353450
33005848167
32958421360
1005002097403844
32981295421
1005001930715509
32566479040
32820056717
1005002072530260
4000333036439
10000395840048
1005002010698358
4001364958636
32858175758
32967423825
32860674398
1005002189585936
1005002252304903
4001149824180
32473173713
4000953642990
32748118725
33017031845
4000707281734
1005002282406260
4000169247212
1005002177517335
4000796892359
1005002288486957
32698826663
4000054156266
1005002317407670
1005002339298366
1005002352389280
32720517838
32949164640
33056714328
1005002316393866
32657866705
1005001562689094
32962739319
33008385164
1005001905931270
1005001530222473
1005002339310254
4000011192295
32962548166
32887334058
4000761370219
1005002254235481
1005001813652742
4000360645576
1005002319038691
32903069626
32619378275
33014098530
1005001570477532
1005002397767474
1005001680204469
1005001749033566
1005001413057028
4000278886301
32884975496
1005001637714100
1005002317488959
32957480020
4000134591071
10000248202899
32856149286
1005002228262659
32785652636
1005002265327367
1005001485150360
1005002211541547
1005002227834731
1005002413281125
4001265638980
1005001914753037
32948664704
1005001893686969
1005002050310855
1005001845535490
1005002319608040
1005002442791787
1005002483032964
1005002277376243
33012259090
1005001603571983
4000315286376
1005002352688877
32825945645
1005002310900305
1005002337296692
4000148011105
1005002032408741
1005002205899897
4000456109932
1005002287374776
4001152399025
1005002410977322
32975552282
1005002453722483
1005002497181167
1005002008957583
1005001403442763
32792720760
1005001912719883
4000205769153
1005002271212352
1005002475590481
32923473621
4000785105537
33032642590
33019551203
32804444036
1005001779863364
1005001742033201
32902854340
1005002474962880
4000200876357
1005002359817245
32978299623
33017096662
1005001900304343
1005002219645466
32809488262
1005002475092878
1005002317354124
4000916708968
1005002273085092
1005002351163990
32996592657
4000575121339
1005002401771179
4000780121138
1005002377125502
4000127015368
1005001953404555
32820706865
10000118737904
4000319680018
4001350651405
4000721130380
32883252282
4000885769685
1005002021430994
1005001862560994
1005002244940381
32995399577
32867658312
1005002321814432
1005001515985189
1005002043863657
4001304614539
4000554689772
4001361005350
32342538901
4001205740115
1005001830083153
1005002281928315
32924227390
33023624878
4000429819411
32846984141
33049595648
1005002404441730
4000717193933
1005002047495071
4001258719059
4000271715194
4000960593181
1005001834651797
32962710072
33023099292
1005002359841466
32896998891
4001175757521
1005001918672632
1005002051269617
1005001914621841
33031717792
10000089000801
1005001691179130
1005001767957874
4000878925106
4000177048189
1005002448624907
1005002482971180
32821371864
4000643366623
4000763835203
33030379381
1005001862828633
1005002130755796
1005002278886202
1005001289591111
4000891111302
1005002485972318
1005002317797176
4000107390183
1005001474499078
33019866727
1005001999123552
4001220823785
4001276058774
1005002388365401
1005002337360409
1005001834146256
32788862580
1005001553268338
4001232409644
4001190556765
1005001405884614
32898612384
32345797708
4000303932213
32995525760
4000111127237
4000538479273
32955219407
1005002274016401
1005001776246436
33010193183
32956638837
1005002300294606
4000498440476
33050107726
4000976172380
4001146036527
1005001780510800
1005002342429004
32885825501
1005001520481142
4000286282549
4000103544772
1005002395143759
1005002339488842
4001196562631
4001142944420
1005002413330127
1005002260423676
1005002281458839
1005002347258932
1005002316875417
1005002282221046
1005002059453400
4000001702773
1005002258514428
32806470327
1005001402273003
4000353327810
1005002421448925
1005002297711819
1005002074604178
1005002364993694
2052105957
1005002288830119
4000298638929
1005001590336853
33010500499
1005002357678543
33018713653
4000277354455
33033942673
1005001861162101
1005002278987206
33036848408
33060144377
33038460072
4000076174711
4001230530086
4000179662599
1005001428566830
1005001313928028
32849251642
1005001519573124
4000049944093
1005002304298885
4000589782047
1005002122514164
32940821359
4001267147870
32416705134
32992596443
1005002404490347
32826577813
32962682495
1005001957178548
1616515190
1720538718
4001124349596
1005002326567663
1005002325378859
1005001863456979
1005002434883650
4000379903125
4000356936090
1005001499167112
4000025291435
1005002356377501
4001115316685
1000004382080
4000101623404
1005001652810405
1005002388469457
1005002296873645
32844013307
32920806303
32314498147
1005001733570613
33033135115
1005002320879109
1005002028739488
4000874249849
1005002347212349
32971666729
1005001686108486
1005002221837668
33059483051
4000574085861
4000162217413
4000166129510
1005002481898365
33030428802
4001275658862
1005002260002775
4000943158522
1005002399599620
4000504564729
1005001873970261
1005002406164663
1005002353579751
32845951118
4000055571234
4000043807103
10000120280571
33034966295
1005002384683977
1005002239443957
4000071286606
1005001579315409
33028118409
1005002435484863
33027505972
33013961324
1005001644790534
4000758347828
4000352680258
32958085017
1005001588101389
32958660135
1005001299896941
1005002276264153
4000041313852
32726429145
1005002052438776
32917934524
4001315490963
32697336507
1005002148035483
1005002235759761
1005001764076393
32333775998
4000768958064
1943806174
1005002378791718
32530072006
1005001949503462
32884549811
32553740272
4000159417291
4000799257129
1005001913358240
1005001482023415
32953212732
4000127569765
1005001502230101
4000199069001
1005002231432218
32950139231
1005001731710742
33059827414
4001247431093
1005002298028047
1005001737819746
32829360226
32831253488
32958556658
32917833822
1005002240741616
4000849886892
4001189425523
1005001493878362
32854278368
1005002306586425
1005002467717720
4001228146683
32834975754
1005002280859219
1005001813413496
1005002377946166
1005002461747164
32903025829
1005002426954474
1005001457729230
32924031670
33003868620
32799639334
32758989225
32970516243
1005001966567093
1005002454312520
1005001295851206
32914841786
1005002468979757
1005002369758737
4000178108051
4000312254014
1005001943660246
1005001552886518
1005002386884163
4000310804560
4000245178062
33023815140
1005002413921463
4000073788135
1005002355618302
1005002466046663
4000296563308
4000938672711
4000932606235
4001123047506
1005001483443482
1005001463704187
1005002453753666
32993339018
32953843099
1005001896351136
4000862608246
33041203985
32627173036
33000349386
32762505657
1005001841227565
4000031928274
32840568342
1005002294605803
32864558925
1005001821397544
33011210154
4000636526010
32373569343
1005002454211927
4000926621029
4000971091844
32881891206
4000317480410
1005001416723097
1005001960504487
1005002489275082
4001201210283
1005001598693374
4001159213071
4000731140846
1005001889188745
1005001767087623
1005002261461046
1005001489296361
4000726120603
1005002434807312
2029669842
32898280737
32998757809
1005001798719010
1005002006526885
4001170968338
4000324668605
1005001656597662
4001134879678
1005001961229816
1005002346311053
32961519501
1005002451845061
32679432326
32844605676
1005001840827619
1005002274883139
32756865457
1005002452959367
1005001426708384
1005002320073062
1005002235964620
33058331823
10000207394593
1005002017229532
4000933100086
1005002440318740
32334939913
1005002459279115
1005002263519654
1005001468742894
10000343644111
4001034774469
4001198216913
1005002395003477
32901867303
1005002349999673
1005002238601143
1005001962202615
4000264683833
32845454638
32486530130
1005001499047358
4000670286991
1005002439778663
1005002205557636
1005001656953899
1005001481666501
32956827932
32971958641
1005001743288682
4001038501823
32824424219
1005002375813967
32978883635
1005002323878776
32879916144
1005001501690226
1005001444785726
4000031870345
1005001966413010
32923683426
1005002060405046
32940692950
4000666224103
1005002467846100
1005001930445225
4000047459358
1005001596152903
1005002100989130
1005002363636191
1005002476327022
1005002340970551
1005002063220894
1005001307890630
1005002314503112
4000970203232
32996666188
1005002364989342
4000537864830
33020270777
1005001723667724
1005002380674166
32618706128
1005001996740473
32912137611
32855322745
4001214187803
1005002143635953
32882843206
1005001623325294
1005002404469157
1005002289743153
32329328900
10000341412221
32850233282
1005002008094905
1005002333000066
1005001603864961
1005002372203009
4000553611754
4000467786154
1005002388885575
1005002360142243
1005002467248145
1005002372311557
32793941643
32863794297
4001029511966
1005001350154365
1005002420585276
4001176167631
1005002489933768
32851761239
1005002363670687
32968589420
32832995725
1005002322224817
33022661285
32855021198
1005001462495018
1005002323247196
1005001827330875
1005001680546395
4000151081331
32719562809
4000982447990
1005002315219319
1005002237829708
1005002394826476
1005002443666658
1005002388856409
4001208318899
32812520177
4000176291055
4001256455431
32607464462
1005002228766890
4000756349460
1005001998235475
4000031307148
1005001615478045
1005002453652396
1005001992910040
1005002310410162
4000970871579
32974070698
1005002388319847
1005002339507795
4000299744472
4001154704800
4001228755090
1005002460389297
1005001953534626
1005001930606374
4000793427487
4001287944466
1005002467476659
1005002239989935
4001155788998
1005001386839265
32879645688
4000549607552
1005002386316095
1005002367555600
1005002299495084
32958450720
1005001555444206
32832265734
4001271133328
32988072199
4001063994084
1005002418019415
4001334031648
32832480964
4000829172169