33027505748
4001090882826
1005002060715242
1005001873289359
32972150246
1005001734110153
10000378246307
1005002352572656
4001173126211
4001287170750
1005002422175361
1005002322457211
1005002286460298
32906896524
32918353490
1005002283006003
32851685024
33048915580
33043712854
1787050165
4000064116438
1005001974978514
1005002314310368
32862614943
4000906315896
4000554787365
1005001402711831
1005001829798172
32870017290
1005002325352599
1005002397277092
33002593236
32852272974
1005002101217341
1005001735151084
1005001683047029
1005001882240895
32903120211
32963838796
32947076710
32867472831
1005002232975012
1005002466234257
1005001335106185
32933498493
4000986391930
1005002256280984
4001200485177
4000130815163
1005002476946973
1005002411168701
921083464
1005001619535297
1005001530435468
1005002278978848
33037795166
4000182508589
4000073566215
32863253082
4000811345758
32892761862
4000959084128
4000765780970
4000844034835
1005002350707262
1005002439415338
4000730249636
4001174087297
4001255134025
1005001346650009
32918617352
32829167444
4000982315620
4000114486994
1005001349370736
4001279268938
4001129314887
32967372165
1005002069698099
4001228560640
1005001649619611
1005002438388725
4001034614546
4000648565210
1005002423539705
1005002344782401
4000063011602
33008055721
32887518526
1005001958490063
4001084475002
4001156122200
4000451190003
32693530789
1005002376269001
4000695530834
4001245060763
1005002394988958
1005002288790482
1005002372173012
1005001626822660
32879425700
4000687046738
32856959008
32861395748
1005002438412774
1005002220486537
4001267310325
1005001701159447
1005002054472371
1005002126469840
32919243547
1005002310646151
1005002362015312
4000295651681
4000491859610
1005002409959180
4000504258941
1005001873358511
1005002329049301
32857398373
1005001865028337
1005002287457673
1005001995679857
32837381692
4000178323329
32853479947
4000203074867
1005002314681566
32353312748
33027517649
1005002332120316
4000319357588
4000965172360
1005001867774926
1005002408871984
4001145375041
1005001495760494
4000784855678
1005002021583954
32995642698
1005002443149787
32967785125
1005002433125867
1005002243403046
1005001962530064
1005002471334791
1005001908233270
1005002309836289
32921946186
1005002424549895
4000761842987
1005002226160413
1005001972642469
1005001899667521
33006704150
33030310770
1005002398923878
4001053618543
1005001906240095
1005001992317603
4001334737066
4000386856420
902564892
1005002338649547
1005002317570660
1005002386876496
1005001682957612
1005002282396346
1005001476644407
4000553222879
1005002315508086
1005002315223315
1005002312971346
1005002405751869
1005001530028898
1005002033458069
4000439511061
1005002360079891
4001209036330
1005001464581334
1005002110716222
1005002314337215
1005002500398527
32654627616
1005001500545664
4000706076977
4001231591344
4000866314400
1005002090006571
10000395870063
32688122178
32833393569
33050866030
1005002375600177
1005002363036793
1005001494782748
1005001923209228
1005002167302040
32774834567
32845897959
32908113488
4001116375802
1005001424368690
32985667179
4000986774658
1005002399552221
1005002460672517
1005002236251368
1005001797405052
4000026512797
32878145979
4000496672857
4000783836225
1005002246815229
1005001467647971
1005002002452077
32947662438
33044635452
32666593676
1005001407713635
1005002003879673
33042870742
1005002370740657
1005002370572141
32885688194
32844454838
4001283092868
1005001947186077
1005001762872372
1005001409211228
4000251696565
1005002316930123
1005002339231721
1005002204819917
1005002299983448
32870760267
32948574017
1005002500259065
1005002357377480
32884757793
1005001622429448
1005002101174448
33018217363
1005001429323833
32917234672
33022118408
1005002337817879
1005002141619066
1005002369601284
4001285163008
1005001683444702
32824323009
33010777540
4000729732700
1005002441428357
1005001618286125
4001176373262
4000407358618
32884736900
1005001704065313
1005002294060964
32405743853
32962840741
1005002382591924
1005002286520514
32907884737
1005001635080430
32956583758
4000924623485
1005002358769573
1005001889435098
1319162754
32846695233
1005002055281889
1005002347487359
33003338784
1005001484625634
1005001802675359
1005002316459473
4000165684681
1005002352117903
33054400675
33031112681
1005002059824585
1005002107701272
1005002037254960
1005002096492773
4001034361203
4001278411071
1005002291718571
33037988062
32858323650
32844226657
1005001681946221
4001145996350
1005001843849406
32640431737
4001225124192
32969372075
33007265283
1005001608608613
4000996997987
1005001717035898
4000351644824
4000259867133
32791798903
32977438725
1005002398953073
1005002314577468
32818052163
32843168132
4000532364780
1005001355638131
32965868498
1005002442072202
1005002424683855
4001203061919
4000458964703
32804231753
1005002115692115
4000044097540
4000449640131
32840760780
1005001682263399
1005002313011383
1005002314778550
4000176877035
32852689695
4001115271179
1005001830978882
1005002310126198
1005002489565639
1005002312235544
4001099982495
32422754437
1005002330695215
1005002368043300
4000805461025
32829647727
1005001703144242
4000876533565
4001041185449
33035169142
4000614751797
4000791215444
1005001686068480
32847845804
32988086118
1000006873941
1005001666050645
1005002322530314
1005002371851036
4000828634483
4001230775807
1005001883366061
32787773788
32925959146
32878791009
4000160991358
32602716089
4001340775981
1005002468336256
1005001442182749
1005001345252762
32871783646
1005002108401235
1005001850970577
32984111665
1005002258096902
32837921515
1005001847351419
1005002153597068
4001223609963
1005002027913222
1005002425177285
1005002229559208
1005001692790329
4000070562248
1005001695357990
1005001703266286
32634570342
4000005066775
1005001489427123
1005001882375865
1005001859908201
1005001914696138
32932572037
1005001567720919
32950315693
4001037344212
32858056683
4000761370554
1005001550669310
1005002221767320
4000124731733
4001156562416
4000282450931
32828344657
4000222866015
33043176002
1005001582521322
32982916318
32641651087
4000111969393
32882818012
4000943729971
1005002367375964
33024609099
32871227029
32976192266
1005002295405378
4001034865320
4001278476593
4000777335940
1005002346558331
32920029799
32903625893
33037788845
1005002339893266
32897240042
32910122530
32527600406
4000915550883
1005002231487886
32905975946
1005001502559113
32858916141
1005001355457566
1005002347660055
1005001627438675
4001128019862
4001204784487
1005002315736483
32985720008
1005002334278909
1005002391141947
32966432657
1764468977
32773854170
1005002129164701
4000809012916
1005002444943753
1005002239194320
32894944812
32974022634
4000207891304
4001041801067
32663153574
1005002232994844
1005001784001235
1005002299719440
4000472335365
1005002446980599
4001214059153
32790861975
1005001956612451
1005001688783654
1005001798002763
1005002350024156
4001061336097
32984394327
4000983429943
1005002259523347
1005002328479014
1005002314074029
1005002168016105
1005001561445873
1005002122151825
1005002059996540
33002891304
4000049436673
1005002203879189
1005001763624661
4000092447943
1005002271756884
32965101789
1005002433574278
1005002484884900
1005002332316261
33048887587
32880500764
4000955800165
32833091881
1005002249302779
33047284302
1005002292287124
1005002480017971
1005002362757627
1005001518219533
33048714406
1005001273058228
32969384026
1005002337185680
1005002477867816
32871998075
1005002282651227
4000441148571
32478700527
1802926026
1005002306477807
1005001949344200
32809086626
4000604226483
1005001877600680
4000850599016
4001326008814
1005002121744734
1005002119289155
32627330851
1005001651871967
32967386305
1005002305791875
4001005881995
4000319139916
32841205458
32913718517
4000316879240
1005002342546705
4000627679850
32743885140
4000234643806
1005002359830091
1005001931001051
1005002419033499
32406506500
4000283009376
1005002288338576
32982569908
1005002208408918
32860048734
1005002314297748
1005001466412945
1005002349992742
1005002368396090
1005002450409294
1005001510823348
1005002483654210
1005001615255780
4000629021278
32582611352
1005002048993018
1005002255340199
1005002278108754
32971888191
1005002310202332
4000577496248
1005002033570303
32686380875
1005002265616229
4000484019738
4000365998976
4001356113555
1005002179527769
1005002076263896
4001296271114
1005001265775917
32695625810
1005001619903162
1005002182241340
1005002246396009
32694983432
32270245371
32917038219
4001166020089
4000989664445
1005002434684362
32720473654
4000100461580
1005001952421365
1005002279235005
1005002438956272
1005002361847739
4001227733774
10000245761544
1005001793049838
1005001792193179
32944949223
1005001295528361
1005001884048382
1005001525560088
529637808
1005001834778135
4000326811402
1005002414593298
1005001627172473
1005001640308776
1005002329265643
4000982836650
1005001559653913
4001228679270
32955597124
1005002376040014
32709805068
1005002072385041
1005001588408638
4000081611237
1005001721997057
32826834474
4001243943085
1005001884866267
1005001552277238
32851993593
1804131372
4001094344784
33004754137
32791132549
1005002109781100
32965012132
1005002228025720
32905288439
1005002048265965
1005001456172162
4001270438100
33003102545
32961286659
4000465221440
33015630344
1005002346249173
1005001438888188
33002791047
4000965543212
1005002349999693
1005001577379532
1005001819159885
1005002076315448
32976278959
1005002416264682
4001193554209
32880546238
1005002383161843
1005002167517245
4001258569716
1005001698021462
32821256219
32899387142
4001073010143
32967797527
32810034928
4000355029071
4000903650255
32944748245
1005002266436067
32994507012
4001286772971
32978347655
1005002350778543
1005002156199496
1005002289739262
1005001397151542
1005001369344615
33053448721
4001058247427
1005002321333123
4001035245782
1005002051352947
1005001591351026
1005002311074141
1005001703817828
4000053956074
1005002319225802
1005001291196804
32886050028
32825706690
33062858479
1005001952403263
1005002262741250
4000274305021
1005002118765387
1005002318850000
1005002333642918
1005002375127293
32758084773
1005002299170384
1005002021560414
4001149548772
1005002314229897
1005002258282293
32982442654
32850602604
33042499277
4000760761065
1005001924159107
1005002263778559
32980341168
4000120836358
33052920044
1005002417632668
1005002261617065
1005002211162693
1005001369936464
1005002292114762
4000857586201
1005001441477200
32859608492
1005002313930272
1005002050157342
32763422401
1005002425857592
33052503558
32603916181
1005001927595840
1005001374080161
1005001339010668
10000395926047
1005002301459773
32900262479
4000668485471
32906798607
1005002466104302
1005002495979661
32756019944
32860464725
33051705891
1005001636338976
1005001928685798
32875367053
32984762167
1005002175515971
32951030271
1005002410932867
32959613240
4001045777240
1005001612868710
33057101118
1005002090193751
4001031049187
1005002467904006
4000199002506
702455201
1430358549
4000190577933
1685521047
10000156002434
1005002313998889
1005001467603410
1005001505362033
1005001627558247
1005001785716867
4001321489691
4001010349938
1005001439113490
1005002330333319
4000386998913
4001344540723
1005001935319202
4000799707560
32961803816
4000865536460
32994864641
32849226891
4001080724838
4001128014409
32888462753
32926351664
4001296014283
32851997709
1005002192158202
33043522659
4000986102499
1005002448697642
1005002395880641
1005002054816293
32893037356
1972612063
1005001387960469
1005002399724716
1005002425073398
4000004588843
32781132414
4000397476978
4001241808690
4000206406872
32852042153
32577767435
1005001408282971
1005001446165627
1005002453696826
1005002468472183
4001224058741
1005002343097664
32913890187
4001154568476
1005001578411312
1005002290179052
4000806030993
4000031773652
4001204762648
1005001446062051
1005002360268745
4000959731061
1005002129302747
1005001894412914
4000188224855
32952307711
1005001930764879
1005001522365126
4000739339378
4000718432113
32958386931
4001223521824
33039771581
4001058477776
1005002037233964
1005001868540370
1005001914647772
1005001847681012
1005001625749860
1005002301382405
1005001321581416
1005002488708411
32912685321
4001173798229
32297240920
1005001902987449
1005001678821429
1005002007144067
1005002323748013
1005001848924630
1005002451875747
1005002085901556
1005001695117968
10000371850732
32856363450
1005002244515530
4001212571086
32945632251
4000204423676
32826970698
4001230345641
1005002324157327
32850956167
4001248769940
1005002438991843
1005002483079203
1005002274981561
1005002213384374
32829591368
1005002276316944
1005001671016714
1005002300934932
4000211251940
1005001701360670
1005002289039127
1005002295485607
2041910109
1005002364043824
1005001792933850
1005002268995115
4000350909179
1005002304901473
1005002257952017
4000036991426
4000717182491
32889441547
4001078036172
1005002413457506
32350135190
4000118705771
4001164046582
1005002477957518
32941482546
4000481223186
32983967205
32790017898
32568088326
4001241041535
1005001407813867
32852429268
1005002489223554
32723851503
1005002229781747
2036931825
32997370352
4001120911426
4000662684824
4000602007807
4000975659358
1005002279883488
33053835335
1005001388712405
1005002337872835
4001177624569
1005001910789426
4000262408884
1005001499430101
32981615189
1005002025009460
33058111751
1005001468933565
1005001456118962
1005002353629365
32864086131
1005002235242637
4000558943611
1005002373107410
1005002435025671
32670819071
4001333073212
1005002353683050
4000015828844
32913663064
33016186422
1005001688818904
1005001741280488
1005001458543957
1005002237931235
1005001493093558
1005002300594493
32600316390
32960470188
32884472819
1005002319056093
1005001287396165
1005001679562873
1005002096063776
1005001614393051
4000804464992
1005002388297922
1005002098679688
4000767000947
1005001926725892
4000785653168
4001264035788
33007322518
4000849910254
32996556368
32699201934
1005002265156904
1005001317047439
1005001640157297
4001338428545
1005001516821781
4000992562594
32828460648
1005001445071011
4001207897914
4001086158534
32818788453
1005002102196697
1005002351147320
2054896951
1005002400365099
33011040485
1005002305874946
1005002347587585
4000369666989
1005001635793430
1005001880525414
1005002363700333
1005002291366009
1005002199189451
1005001489204968
4000627068623
1005002449350910
1005002382888397
1005002332638938
1005002241400644
4001223895683
1005002325322406
1005002000243688
1005001521749588
1005001290489285
1005001570842411
1005002175972048
1005002328715110
1005001779738792
1005001518704303
1005002312226855
1005001869430238
32920387404
1005002367554457
1005001592439376
1005002329798199
4001274725959
1005002321682923
32896398813
1005002457072264
32617728890
33010671455
4001237581633
1005001730984986
4001270415230
1005002219689363
32854564100
1005002452945942
1005001902870347
32990561263
4001195810867
4001138069309
4001229884706
1005002199153522
1005002398850817
1005001286689794
1005001656868611
1005002346975776
1005002337914193
33049731072
4000538026463
1005001923304067