32809389438
4001358895138
1005001993943525
1005002305245360
33003016895
1005002322493483
4001085539640
1005002332110519
1005002347929456
4000349309305
1005002369279092
1005002278445565
1005001429088608
1005002394800613
33025388392
1005001920676480
1005002152164856
32996358255
32910933146
1005002304232580
1005002370645650
1005002217897851
1005002434653144
1005002500397945
32776283429
1005001550767470
4000922666411
4000427670814
4000484069553
1005002371897403
1005002277669728
1005002262465698
1005002334702122
4000025729205
1005002315455572
32846533820
1005001566712940
4000248452732
33059206283
1005002326800884
1005002439373723
1005002364567814
1005002319596554
4001197373128
32752710758
32641284154
4000978724898
1005002400498345
1005002329483944
4000914547744
32746309140
32960554354
1005002283336590
1005002322441337
1005002009543213
4001332029367
1005002351875747
32771839744
1005001965175183
1005002310940859
1005002349628686
1005001920732350
1005002230191273
32971759033
1005002377245573
1005002233146453
1005002278869412
4000817793418
1005002467434185
1005002267712516
32798565340
1005002382567673
1005002002300481
10000033504416
4001134987755
1005002326145229
4001081313803
1005001762045595
32910971411
1005001906484212
1005002306085431
1005002314736079
4000134062486
32515296961
32817937737
32859110260
4000432721871
4000267563986
1005002361683252
4001094838703
1005001631949664
1005001711548033
32910622546
4001258742319
1005001462855055
4001278803588
10000348196447
1005002247324469
32553194194
1005001563109578
4000076816214
4001259744705
4000074667358
32917188993
32919427418
1005001988661735
1005002254049158
1005002344471586
32857159884
4000895981392
10000305283047
4000430140765
4000258227163
4001228582915
33013006820
32384392155
1005002347030564
4000053225520
1005001500192109
32844218940
1005002140862267
33020989619
4001084385167
32825401355
1005001966522469
4001178590360
32829921590
4000124841813
1005001872356321
1005001456443605
4001249936054
1005001386766867
4001064468317
1005001934183472
4000912976821
4000781463254
1005002247824409
1005001405383098
4000706682215
4001085078919
1005002313205964
4001267485813
32602818959
4001265147200
1005001453151221
4001228478872
32954162023
32905940653
1005001308511847
1005002485264052
1005002253613813
1005002320935533
32983061558
32817086346
1005002425020547
1005001888105189
4000401515534
1005002364551556
1005002267379873
1005002243487028
32808917352
32809926767
1005002404951189
1005002495969596
4000024813451
33008996911
4000858503899
1005002494688344
1005002321514612
1005002440486739
4000252615089
4001293347561
4000682664976
1005002089575488
33060994807
1005001802250832
4000693024214
1005001727138906
1005002345543944
1005001411224850
1005002477554032
32434408536
1005002076323348
1005002358353787
1005002219535032
32985175589
32808531258
1005001293454152
1005002158855134
1005001296934832
33010472956
1005002467364481
32882398829
1005001742400090
4001241419110
1005001694602373
1005002476176506
32968478990
1005001817051311
32933518357
1005001425160709
1005001636441655
1005002336731708
1005002353710619
32865369128
1005002380782366
33030002892
4001210164061
4001139520378
32806257328
1005001824890069
1005002297068960
32977066879
4000532750253
33006748551
32847112259
1005002305551283
4000152033020
32930650138
4000867306192
4000892030312
32866592955
33010676213
1005001639230375
4000096319178
32559156941
1005002147016782
2030606489
10000023300735
1005001677839509
33020347215
1005002023144806
1005001989874501
1005002084318777
4001243773600
4000136706832
1005001610044246
1005002311903290
4000019366329
1005002318857875
32785818420
33040505412
1005002287604885
33028171988
1005002076665688
33008690817
1005002282949764
1005002418552628
1005002304340018
1005001507202696
32962659180
1005001989195133
33013704312
32790530795
32850309678
1005002258705103
1005002210969206
32978955577
4000403043961
1005002467561319
1005001947880064
1005001727000219
32957093431
32944844143
4000188798976
32801039794
1005002329385479
1005002428032803
32946008034
1005001567929044
4000076265239
1005001990294903
1005002052426829
1005002288205583
1005001461715876
1005002253049417
32903653742
1005002224054727
32950328486
32375811052
32900996017
32952995447
10000035107548
32968610865
4000292135152
1005001671073456
1005001381673752
32721003732
1005001276038225
1005002228538933
32465981446
32811556065
1005001940749657
1005002239479318
33023919308
1005002395336927
4001286425844
32857881420
32900851850
4000793478344
1005002425217075
10000395944857
32574223711
32765715947
1005002347247731
1005001309742152
1005001479747311
1005002382005165
1005001840040831
32829013882
4000607258416
33026397303
4001150242366
1005002324253024
32994732673
1005002418034522
32650600857
32888941630
32843254238
1005001270396923
4001204973681
1005001304458075
1005001274227982
1005002381931030
32865670166
4001129757675
1005001719213056
1005002434683841
1005001512932401
32856448317
1005002357666558
4000296489175
1005001657714895
1005001847971538
1005002387646914
32836170716
1005002049928484
1005002033211942
1005002357953551
1005002430386361
1005001482969958
1005001313258504
1005002490175751
32967591714
1005002313078474
1005001353888379
4000557259337
32968536087
4001252076929
1005002328330897
4001356651645
1005002327600838
1005002334329132
4001071510926
4000930551492
1005002062852750
1005002229721771
1005002384885257
32947610622
1005001831198379
4000469973559
1000006283725
32920395298
1005002344620060
1005001670829485
32333059858
1005001287806652
1005002313116491
32688134610
1005001802803845
32617674116
1005002287578797
1005001873502019
32783656633
1005001741499746
32922961629
1005001645088466
1005001501779335
1005002292477858
32959064320
33047779836
32685623483
33014152689
32920405994
1005002292727576
1005001977166575
4001187972672
32876383774
32832724717
1005001957209897
32975180005
4000081548968
32947194768
1005002389029611
1005002398151726
1005002280721056
33032056692
1005002312177967
4000016224891
1005002128544160
1005002338188155
1005002265352613
10000395864822
1005001305390091
1005001467758018
32937468170
1005001656919196
32888334960
1005002064081255
1005002300796323
1005002421516065
33018092184
1005002314312569
1005002477121959
32516521007
4001029247329
1005001937442539
32558765367
1005002380973628
4000538806869
32855086231
33032501419
1005002021958683
32776163768
32847141551
4000269029364
1005001966517367
1005002211251269
32974524010
32944369879
1005002337408262
4001308155030
1005002489826148
1005002310955167
4001231789922
1005001736581903
4000554829110
1005001841771936
1005002350825012
4001003772945
32814962562
32631614778
32699334293
1005002454319064
1005002320814003
33024864417
32791856113
1005002233069097
1005002448165244
10000069467919
32829208513
32388370623
32915346635
1005001434570202
32997157692
1005002284245007
1005002106264298
1005001418521202
32918280217
4000370161066
1005001387678765
1005001838333849
1005002063604004
32701176001
1005001465344822
32992604457
33040151113
32830654118
1005001781326260
4001258922356
4000642232227
1005002178140484
1005002305463442
4001177813738
1005002395832102
1005002382615662
4000921668051
1005002459437505
33027804892
4000882958550
1005001993455822
1005002382084701
32663533247
1005002225755408
1820128333
32815592730
4001127039562
1005001425894501
4000890453139
32916847397
4001258763775
1005002004365345
1005001748902625
4001364193365
32831735026
33033253562
32924893236
1005001470428870
4000049143729
4000691499510
1005001761973864
1005002473045163
1005002168273084
4000130107058
1005002206640070
1005002274123657
1005002490000693
33016457642
32981402549
1005001870444419
32971039600
1005002471671083
32857624579
32836735928
1005002282184477
32983330199
1005001667690924
1005002342783830
33046014946
10000008075093
1005001834558922
1005002278756410
1005001907397723
33007605406
1005001759770231
4001360697525
1005002298106652
32977945520
1005001700675324
4001282451643
1005002342986741
32707423666
1005002057947537
4000522027071
1005002161856656
1005002270228770
1005001329796494
1005002298232016
1005002284666455
4000478880815
1005001452311955
4000174183009
32621809858
1005002064731132
4000250354742
1005001868802692
1005001572292180
4000286464806
1005001737756701
32985919268
4000641228820
4001243898710
32650025151
1005002278378823
1005002079426541
1005002290858850
1005001553587375
33062206236
1005002196512997
1005002318641779
1005002358312076
1005002386875418
1005002467556018
1005001627499566
4000378484804
4000350966788
1005002330428586
32910771969
4000747422170
32850843549
32815049040
1005002253603536
1005001782557655
1005002122267870
1005002227811679
1817750641
4000242559900
1005001883607184
1005002470430159
1005001764899173
4000173422502
1000007489011
4001048804740
1005001696050055
1005001592157946
4000924126228
32995676771
4001268820387
32826859882
1005002487031469
33051114027
4000623676151
1005002131277066
4001084624498
32801456225
32885429256
4000898333205
1005001767630978
32970641753
4000358332867
1005002288792934
1005001899578450
1005001580872067
33056402615
32625985725
4001287710071
32839844475
1005001852387217
4000549438788
1005002339902493
1005002386337880
1005002482191335
4000134660421
4001316649798
32823805285
1005001953504712
1005001402156955
32797186947
4000785490857
4001154588315
1005002291176499
1005001297011307
1005002011311089
1005002314392018
1005001849476089
1005001844489103
1005002288387730
32739989870
1005002316865374
1005002368769704
4001186589160
1005002268182572
1005002293578046
4000780399096
32904687172
33048427470
1005002350764519
1005002253962292
1005001429744484
1005002346394161
1005001418993358
1005002427909253
32886477450
4001018253562
4000330166398
32693665075
32768785872
4001095733081
1005001968365807
33044289167
1005002052577779
33013777242
4000859884464
33009435634
32916020941
1005001930262123
10000404580100
4000147036327
32913858385
1005001840284588
32997664825
1005001645769875
1005002311119785
1005002304343482
4001291371612
4000798171289
4000110264958
1005001474345079
1005002341195512
1005001339947828
1005002362850849
32948704282
32842651943
32346777607
1005002305179289
1005001504996800
4001323504293
4000679899248
33048056072
4000561822266
1005001921437914
1005001500645052
1005001498690894
32982129385
4000360717417
1005001520391922
4000849609504
1005002317464541
4000137970154
1005001846226077
4000931797921
1005001295954576
4000086463459
4000552886919
1005002005088211
32862903067
33043645024
1005002469209236
4001037634969
1005001682234983
4000388285893
1005002233879918
1005002406893112
1005001597816769
32832770392
1005001561567540
1005001423875147
4001134444320
1005001637496848
1005001854072740
32519825440
1005001590428709
32640569325
1005002065572751
1005002419981306
1005002253941138
1005002281162057
4000615113514
4000917357153
4000921140482
4000833214193
1005001888142160
4001247409977
32822482700
4000686638713
32313898884
32963364039
1005001458887472
1005001665821424
32908775856
33003537268
1005002401578485
1005001511945873
4000263876462
4001286559729
4001090659519
4001255147068
32867355621
1005001821689867
4000911227005
4001223541144
1005002398612697
1005002059228029
4001286691354
4001231396752
1005001580519440
1005001380417447
32899789727
32853715960
1005002283312290
4001365892256
10000402404697
32887550119
32894962212
4000844976368
1005002299019745
1005002159100239
1005002044533656
32889129037
4000817020604
1160000273
4000771174986
1005001562296228
4000953693485
1005002289068351
32847836994
4001266767807
4000733111586
1005001478480391
32848384779
4000804384776
4001213976725
4000041667987
33007550339
1005001386013749
1005002400591950
4000479047655
4001251141617
32824364503
4000859201753
1005002448073663
32296106156
1005001946253264
1005002500525294
4000379387642
4000381086009
1005002035533674
1005002362984573
4000014609621
2013688898
1005001570169898
4000364018691
1005002273329812
4000849716748
1005002384497012
1005002405136174
32792143588
1005001518238411
1005001415596208
4000175016084
4001204206147
1005002237939799
1005002461223730
32272052921
4000468325787
1005001997309837
1005001792415345
1005002387242052
1005002417116034
4000283598562
4000977285324
1005002384858535
864719762
1005002318126304
1005001954552664
4000905702375
32997544879
33005261043
1005001567294881
33010824782
1005001566138092
1005002381135645
4000517129487
32888971696
1005002368818725
4000842631718
32964538180
1005001264855262
1005002301699899
32888031636
4001108113732
1005002395043218
1005001830163378
4001009122795
4000394245050
32632927494
4000961821077
1005001430585295
32796234308
4001036618624
1005001528832781
1005002050728627
1005001288843081
32831551438
1005002465000859
1005002320990825
1005002399966725
1005001834683167
4001173699201
32569089044
4000903061886
32457541580
1005002404787499
2054013676
32890610207
33057036781
1005002340027011
1005002333554518
32369492023
1005002318518773
32982556090
4001238360275
1005001620856202
32901481530
1645534176
1005001977182424
32860321241
1005001451973819
1005001465389666
4001362562128
1005002474585473
1005002345168911
1005001525269872
1005002276608535
4000203181112
1005002420987414
1005002085194024
4001106851833
32988576513
32976776166
32953599690
32750459356
1005002344013508
33027732165
1005001484954489
33002393224
1005002332688416
1870158684
4001326543563
10000389351965
4000558740403
4001313409013
1005002320878988
32804031695
4001038323423
32912234176
1005002307077200
4000105797209
4000497872907
1005002396443079
33006196328
1005002411852116
1005002281320189
10000349962806
1005002452130922
33009020423
32969288292
4000433864589
32851739878
32811932918
1005002315923470
1005001572046382
32970168593
32907511831
4000081970681
4000434100037
4000061990206
1005001812595741
33018847431
1005002500442497
1005001912950586
4000853634154
4000277863106
32785090646
1005001343100611
32973743201
1005002311003270
33027501787
1005002258433350
1005002416914901
1005002266027370
33045737373
1005002272452503
4001204625412
1005002301230076
4000910247107
1005002265432289
32845521345
4000626101594
32932736074
4001181612647
33050661115
4001114564649
1005001281140410
4000734508965
1005001803800360
1005002432514436
1005001759091747
1005002052491651
1005002459302599
1005001878099006
1005002273217848
2035750288
1005002192346116
1005002362743749
1005002316754944
1005002281024246
4000859186251
1005002050716743
1005001935567925
1005002338011673
33017492664
1005001389063775
1005002406957390
1005001499259329
32996743277
33052924850
33044340089
1005002467199659
33035845616
33049459513
1005001844263624
1005001902538802
1005002325218068
1005001531435409
1005002072424622
33031610545
4000248097959
1005002052544828
1005002184699900
4000299895639
1005001430731918
1005001594747165
1005002314308375
4000994584535
1005001715151369
1005001286029956
32819737610
4001264682022
32760716939
1005002448962042
1005002233174618
1005002293629286
1005002347233837
1005002280652269
1005002457540023
4000067803963
4000036426701
33044123891
1005002295171930