4000903426180
1005002318972298
32837132597
1484684715
32911654068
33030006519
32779963562
4000938655686
1005002114087906
4001271638770
32533562734
1005002466181460
4001251621917
4000549204480
1005002377844754
1005001763215377
1005002377296762
4000974343348
1005001721906991
1005001883641201
4000251145703
4001014524910
4001211252723
1005001280069041
4001359510007
1005002167038767
1005002316209858
32919570526
4001079499858
32383095569
4001112200129
1005001948765461
32912325830
1005002146924775
1005001669775376
1005002049787984
4000955762168
4001302188835
32810980474
4001184092563
32814441562
1005001657196621
32975504272
4000752436467
32267356214
1005002371736493
32886649953
4000794710283
1005001597043099
1005002382606764
1005001475163179
4001326069325
4001031603138
32958922194
1005002427901174
1005001845030598
33048565431
1005001921727463
32857961708
32804403255
32916304733
32970673353
1005002061821529
4001038704452
10000000564161
1005002009402125
4001150444721
1005001313781203
1005001631747305
1005002264266075
4001183368751
32868609380
1005002400361843
32963438264
1005002328460050
4000977573766
1005001444384824
32981283275
32833279771
4000090511220
4000166336750
4000084151539
1005002306456919
4000148245113
1005002225881187
4000533031086
4001080575509
1005002296875856
1005002304326739
32602878649
4001150538571
1005001407624188
1005001644985146
1005001441416679
4000917463736
1005002408865169
331465967
1005002376233909
4000849977062
1005002365872120
1005001445901629
1005001516239362
4000589164533
1005002161782943
1005002352011085
32873365918
4001297949480
33047236268
1005001367164862
32855969367
4000756164360
1005002340565697
32893591164
1005002330085703
1005001638058975
1005001878161856
4000189039226
1005002247091847
33023345849
1005002319116531
1005001470898232
32806921944
1005001833713366
1005002426265694
33013704817
1005002421590527
4000823531467
4000918261242
1005002271791478
1005001726917341
32475802552
1005002375026628
1005002333825515
4000990941838
1005001670856916
32357647752
1005002105174065
1005002353190102
1005002428641568
1005002280943253
33045656225
1005002303004467
1005001877830861
1005001872197673
1005002075661317
4000029945300
32986319607
32975044804
1005001616056246
1005002441173588
1005002307432098
1005001688449814
1005002399837636
4001139112958
4000245805227
1005002364936533
1593654308
1005001499858140
1005002323073587
1005001943582251
4000314534046
1005002307528195
33052591618
4000836637501
32944108178
32386998658
32869463355
1005002262287968
1005001523927643
1005001924088725
1005002317963442
1005002330396535
1005001988642987
32891643119
32627818037
4001017756161
32926234610
4001007163459
4000804978648
4000107500621
1005001858408200
32865961489
1005002124216424
32919117623
4000462999801
32939493977
1005002093292573
1005002392162697
1005002317248965
4000853659949
4001199245845
1005002255821683
4001047212727
1005001287836948
4001115313823
32966380023
33056352736
4000083727430
1005002281951317
4001031038412
32884921241
1005002428140551
4001088854086
1005001863828788
1005002056841642
1005002314935006
4001291825469
1005002223423600
1005002238304588
32990018086
32636077505
1005002110240053
32852075784
4000947805128
4001296273668
1005001536921901
1005002490405214
4000784434484
32893073494
1005002361454020
4001207215880
33006038377
33057265928
32954020127
1005002432659523
1005002420602675
1005002385982927
1005001741676721
32885301544
1005002238243071
1005002282505954
32959014047
32302914341
1005001556537212
4000370461466
1005002248992202
586959478
1005001323234807
32967111137
1005001837626364
32979558316
1005001552057717
33027823702
32823974432
4000192644150
4001290076513
1005002453335058
32867037566
32679763153
1005001934636930
33059665920
32663440482
1005002330462794
1005002337757544
1005002461904677
1005002437497559
4001293186729
1005002292121263
1005001713513447
1005002474936018
1005001333015738
4001272929588
4000282301566
1005001848246386
32831897614
32704615869
1005002227730709
1005001402109146
1005001526399275
1005001709750051
1005002335020484
4001280370330
4000218980713
1005002224916193
32969843737
33015029771
1005002284635158
32930484511
1005002129401722
32961214256
1005001804768702
1005001693396158
1005002280856489
1005002038750180
1005001829754272
4001283026634
1005001316046787
32973964974
33000315473
32862663696
1005001333270338
4000409337744
1005002038362019
1005002023294980
32867560319
1005002362460365
1005001387250195
1005001871130734
32863133168
1005002361798651
33060711269
32996325726
1005002398264700
32805331493
32825593674
1005002423789969
32665788014
1005002319386165
1005002409542530
33047323839
1005002171755339
33047672391
1005002170412319
4001273705971
1005001567699702
4001047021550
1005001733509317
4000189769294
1005001968688779
1005001884296783
1000006855578
1005002468790642
4000030801752
1005002265804354
32703418057
4000844967254
1005002367455589
4000371901875
32841145659
1005002289754646
32716983066
33015784503
1005002223834956
32701178426
1005001616631692
1005001367850184
1005002337082610
1005001786498564
32898600252
32903036324
32453837587
1005001408478748
4000180881664
1005001705318483
1005002305965388
1005001598318063
1005002267411876
32997571219
32879638825
10000402407139
1005002132834589
32844711174
1005002475533791
1005002089762807
1005002260554840
1005001840023047
1005001669739715
1005002312089806
1005002334096090
33000013291
32854243735
32837484197
32802884025
4001257366936
32995679113
1005001615908794
1005002305229351
32626904012
1005002037760343
1005002393884680
1005002021503614
32773660619
1005002339534618
1005002330780414
1005002089433634
10000407926563
1005001609214879
32890533189
32916748561
1005001352816532
4000857359094
1005002328181898
32797405453
1005002314694134
1005002431557801
1005002155891848
4000065974865
4000844837763
1005002340046093
4000698268295
1005001706645252
4001291411610
1005002377515631
4000867683634
32839739192
1005002483221230
1005002357601322
1005002247150122
4001185881487
1005002309009328
4000437359038
4001053731716
4000850675514
1005002368812683
4000866334058
1773272546
32880892791
1005002261221318
4000708412728
32908661327
1005002452872698
1005002337211409
1005001965632769
1005002316699710
1005001998393066
32976666558
1005002443100799
1005001975257422
32976336153
1005001660125761
33002342818
32639367677
4000349272491
4000277663917
4001133122685
1005001502259740
4000867768865
32966351435
32378234389
1005001798551469
32825980423
1005002273790741
32879425069
4001241486794
1005002431189910
4000918079282
1005001659511783
32974852026
32858868083
10000160102174
1005001962650489
33041325041
32828669166
1005001432184556
4001348102678
32805502176
1005001940026375
4001226307413
4000828589298
4000896057742
4000282079993
32859101766
32993402953
1825066483
32788041103
33005356836
32789191062
1005002211172933
4001013765247
4000913624426
4000313228143
32765014903
4000443999292
1005001429510372
1005001736959531
1005002496091180
1005002421617272
4000423265238
1005001620867164
4000061427885
1005002260018205
32849973296
1005001954818685
1005002328236895
33059945006
4000425064117
4001094322256
1005002247507718
4000155292599
4000670353829
1005002319079562
10000300411966
32833686119
10000402344570
4000940779597
33041730756
1005001615939815
1005002069045800
1005002353670859
1005002054698512
1005002272122441
4000964220875
32768945639
1005002477808042
32737081327
1005002339635442
4000833170536
4000041444000
1005001514945687
1005001466292930
32381056708
1005001976144668
32848029993
1005002197133800
1005001893863315
1005001930228241
1005002111599345
32908675249
32812520514
4000189784812
32877722317
4000949173229
1005001309710535
1005001401535162
32978033009
4001208711212
1005002417377971
33007034339
1005002386609606
1005002404548589
32723449950
1005001309055396
1005002264621373
1005002122210366
4000955036499
1005002245052717
1005002371426938
1005002271373649
1005001850269685
1005002285608037
1005001604235585
4000278257188
1005002227720954
1005001997729504
4000786879963
1005002346820808
32915457523
32945709295
1005001675170630
1005001848285859
4000811105283
32957631873
1005002270293099
1005002233637142
1005002451015920
1005002400951962
32948088945
4001224618307
1005002312018033
10000145595431
4000788885916
32966048805
1005002056823675
4000614008798
1005001715856703
1005001987522073
32810787410
4000677182617
4000837056092
1005002008337620
1005001568667618
33052988053
1005002270390986
1005002477660036
1005001337627130
1930780151
4001058915107
1005002273635637
4000003559406
4001091425528
32992563212
1005002317454984
1005002125472418
32363828253
1005002290963248
4001085393600
1005002330306436
33048829320
32955355499
32693656990
1005001863563759
4000208301343
1005002185864820
32960647231
1005002094595730
1005001405577944
32929487840
4000155877929
1005001731036240
32964056363
1005002008726129
1005001798126298
32714076000
32972532683
1005001514346964
1005002299201511
32833045748
1005002237552645
1000008596172
4000990993534
33006220149
4001038227491
1005002314500707
4001230866843
32699973949
33031608364
4000544327882
1005001695364904
32869887738
1005002267127271
32946158411
1005002314765823
1005002342612066
33057467097
32880250732
4000130494255
4001214060831
33029416454
4000146577434
32835264618
32974470733
1005001972708500
4000156026671
1005001321253700
4000570727043
1005002305192975
4000498962181
1005001591979249
1005002402272918
1005001786109287
1005002394076576
1005002271855536
1005002359378125
1005001803958740
4000760731436
32727524085
33014850779
1005002356455073
32916737790
32957658066
33021454958
1005002481074065
32972508979
1005002484803330
1005002137894082
1005002211889760
1005002294301337
4000282436230
4000593002564
4001309381656
1005002283237369
1005002490482694
1005001565150738
1005002448077024
32896043582
4000287259656
4001065133549
32733581387
32977191197
4000927291604
1005002304338741
32947831113
1005002059212712
32873789153
33013744286
1005002388297988
32837994990
32886244294
1005002023385924
1005002344963784
33021748573
1005001838613487
4001257400285
33002771897
1005002332579462
1005002370014401
1005001732133355
1005002099335795
32806564336
33025087514
1005002071233563
1005001688492798
33046065765
1005001693379662
33039150874
1005002224614544
1005002400801625
1005002357436546
1005002304449395
1005002361950149
4000593611062
32947357615
1005001670788722
1005002035650858
4000657247084
4001267113705
4000642277366
1005001896669582
1005001784702117
1005001947704688
1005002466310389
1005002140199950
1005002344827080
1005002039377576
32610157216
32884482500
4000081139410
4000928084196
4001106858281
4000991212546
4000251488420
1005002480854952
32902618504
1005002178170574
1005002364583377
32570464010
4001230674613
1005002191825052
4000610029222
32981757693
1005001399344592
32644955381
1005001567157810
4001226526963
1005002342674315
4000040667030
32870252683
1005002461155679
1005002286630531
1005001483388400
32955081972
4001264318698
32834351309
1005002277718701
4000855083057
1005002347199788
4001193798258
1005002314269239
4000525143907
4001240928288
1005002096205616
33047614228
1005002164774467
1005002388667877
1005001495613449
32862685130
1005002316889630
1005001953401179
1005002341508096
4001110417810
1005002323571808
4000843285011
1005001615902866
1005002404935509
4001257513464
32958999264
1005002066402289
32963640381
1005002340899474
1005002167546170
4000072305331
32912944624
1005001580100873
4000641038270
32887570397
32966873416
32983762702
1005002236869142
1005002394467349
33035162037
32609107318
32602783721
32997725162
1005002368438619
1005001493639290
32777236205
1005002291118869
4000150507216
33009212245
32904272925
1005002290889744
32868449569
1005001951841081
32887397294
1005002040879514
1005002348105598
32748331635
4000686783705
32848462291
4000140407622
1005002408334958
1005002190062990
32844599128
4001065475302
1005002409859567
4000952534210
1005001621045350
32260179706
1005001968557846
1005002314344766
32858156962
1005002195996902
1005001290906745
4000560608415
1005001432876484
32888177439
1005001461960449
4000800024987
1005001640765554
1005001514523410
1005002280742694
4000959972945
1005002283441561
33039982066
32800099456
32997849532
4000821758081
1005002054969643
32792365621
1005002316360564
33023706446
4001197038844
1005002490183153
32867820480
1005001482887439
1005001412692635
1005002395863022
32709190652
4000103390758
4001107568161
1005002022970746
33030010452
1005002265635838
32790081254
4001208907111
32811545880
1005002323716906
4000032937595
32877770067
1005002275577667
1005001596349894
1005002363922162
4000186994646
32980986564
1005002252396983
4000800548109
1005001525321845
32826984892
4000349370084
1005002288635844
4001031950039
4000683177181
32957889513
1005002060244358
4001143130322
4000004797735
32282184211
32868364555
1005001441035777
1005002324668212
1005001747258361
4001014962501
1005002122438161
1005002350162663
4000997003028
32799941593
1005002234984183
32997913227
1005001859137816
32694786895
1005002352408569
33003512321
32881144594
4000806376580
1005001636565748
32919604656
1005002492580865
4001290423364
4000505265633
714803165
1005001859517648
33056863499
1005001930043379
4000801163546
4000107508632
32955302878
1005002133904011
4000166999559
33044530019
4001286435359
1005002307979080
32980940153
32786395330
32884480734
1005002344348071
1005002317967335
32679776884
33004339302
1005002324152557
1005001870006879
32728412194
33004198002
1005002350337412
32591738205
1005002311571383
1005002061376276
32872239225
32869261032
32893914398
32807544094
1005002192968207
32884708803
4001159550696
4001095422762
32346087004
4000269087425
32617578893
1005001770755230
1005002095430332
4001133204990
4001257341994
32904001302
1005002254467817
4000983426539
1005002060227253
1005001591608792
33003175352
32812255182
1005002233924857
1005001600550778
1005001924300640
32954661581
10000131380596
1005002347321442
32581306454
1005002026970576
1005002233232906
4000711922755
4000394433169
1005001886079816
32624831426
4001057420630
4001086236801
32824423674
1005002125435412
32653016751
1005002448666598
33037302656
1005001741683400
4000079030376
4000265140373
1005002345174249
1005001319642644
32788940245
1005002275250057
1005002412198719
32972895300
4001237652726
1005001706786266
1005001867247036
32759337814
1005002479152890
32848126249
1005002100737488
1005002381760741
4001154813454
1005002164702286
32719112846
1005002454431248
1005002038900752
1005002055383098
1005002246215237
32964028287
1005001948559912
1005001399292997
1005002021771778
33011976445
1005002290377832
4001126922880
4001343880966
4000468793034
32973413688
1005002328723574
1005001604361025
1005002219307685
1005002341499052
1005002363312469
4000957671355
1005001482173101
1005002356280270
4001282829460
1005002404858949
1005001656718914
1005002375305964
1005002311139628
1005001993326863
32910414707
4000324311509
32854194524
1005001806086822