4000022592965
32962846125
32574143660
4000459406614
1005001930636878
1005002443748081
1005001591772640
1005002312017432
32857902415
4000060606781
1005001854146459
4000710019668
4000379794237
32952647115
1005001810224916
4001014160373
32730268270
32798824055
1005002461160843
1005001658303356
1005001913970511
4000146825485
1005002367404578
1005001567750093
4000011357937
1005001470348483
32980528411
32860920272
32925775854
32993576387
4000770208783
1005002383167933
1005002292546032
32749309215
1005002211957420
1005002361695359
4001364293754
32885133932
4001039249713
1005002209224694
1005002278832432
4000971911621
1005002424344851
1005002286893757
830298489
1005002499408270
1005001316449259
32842569895
1005002477730471
32789122349
1005002341534429
1005002071799571
1005001579529487
1005002384443382
32656602562
1005002413460581
1005001913040391
1005002318709512
4001110288388
4001275744374
4001359452177
32819044204
32753426036
1005002381313110
1005002289278280
1005002319071755
1005001518123615
4001147811077
1005002245634357
1005002425126351
1005002010840172
1005002302965473
1005001511326357
32718010120
4000009187996
1005002296994049
1005002281281255
4000864000612
1005001860158527
4000762292238
4001235086529
33002477318
4000727274712
33033901189
4000028576129
4001041045503
1005002321185570
1005002468400590
4000927574536
32961865958
1005001316069283
32906420953
4001218975049
1005002364925173
32899584620
32960527324
32972390090
1005001921638049
4000064580929
1005002344946041
1005002177615543
1005002356976134
32938441908
4000449612065
1005001973689626
4001225317112
33051621531
10000397423538
33018090304
1005002229187378
1005002298697413
32999454624
32397211732
4001175712557
32859726787
1005002426192641
1005002007909268
32989566192
4001270173982
1005002278726333
1005002097413742
4001278796871
4001052775201
1005002376638995
32879392016
4001022778003
4000037287277
4000041083229
32805531306
1005001856443724
32974385674
1005001282357283
32888411275
4000849794549
1005002064756626
1005002287107322
1005002273319837
1005002108738098
1005002048714971
4000203783132
1005002248006999
4000433464592
33008378568
1005001963065880
32706188316
1961842768
33047765336
4000176749264
32902300523
1005001818207148
1005002130940910
1005002340783634
1005002386663902
1005002314392779
1005002072523267
32237243020
1005002481630163
32837506853
32777139982
4000554974142
32986668015
1005002199401656
33023327964
1005001441434672
33008737334
32844814497
4000307260353
4000483693746
4000299614481
4000282444903
1005001379727579
1005002284308915
4000885725653
32757137507
1005001966269991
1005002401767571
32434007439
1005002333920438
1005002286019884
4000155353673
32875126532
4000990906228
1005002322693467
1005002260947351
4000038633480
1005002439888463
32810202877
1005001715010862
1005001290615600
32296886068
32800759798
32852266019
1005002261075646
1005001831324270
33044189300
33053784901
1005002361986455
1005001314864349
1005002247540023
4000115290953
4001226193876
1005001543922865
1005002124401054
32850115263
32921061348
32620697167
1005001814321458
4000054145724
1005002277180226
1005001439123262
32925973856
1005001610043179
32849258874
4000331648772
33022264974
33030713806
1005002327486587
32319516532
32968735310
4000598623874
1005002254944573
33058971711
1005001506546946
1005001394484847
32702026934
33002395174
1005001688838597
32905801201
1005002319970839
1005002404600634
4000888466526
1005001832005256
1005001287209784
4000240948682
1005002411611386
4000912840166
1005002413215602
1005001949246728
32897755502
1005001983224738
4000989832016
1005002425052589
32579095040
1005002223196374
1005002304285681
4000735985025
32996514214
1005001991091160
1005002440203794
1005002061211184
4001189674532
4000397470534
1005002213704653
1005001989260521
1005002315280028
32944842276
32848279363
4001029210486
33031863318
1005002103824446
4000601581875
32719930156
4000107414655
32367195096
1005001565345127
1005001651529513
1005002323098784
1005002304496058
4000360928543
1005002430035915
1005001902748210
1005002388308748
10000395837174
32890766102
1005001420009164
1005002198372341
4001162128568
4000983018235
32944381105
1005001850486589
32716828771
32567155703
1005002483996323
1005002065988538
1005001394246024
1005001922848854
32995206978
4000483802602
1005002375519583
1005002342502984
4000824423527
1005001793058649
1005001425704987
4001262648969
32803239253
32887086708
32868453922
4000591659811
32849331035
1005001523312128
1005002327646931
32981932533
4000853761607
1005002294342073
1005001371011866
33006111214
1005001298969249
1005001290284318
1005002020180803
4000623667726
32920940705
1005002250202778
32918126252
1005002489591355
32652372770
1005001717633257
32978675818
32827322564
4000132207943
1005002346277282
4001102718281
32783959931
4000221913767
4001139883058
1005002351392620
1005002315622235
32474458263
1005002420180194
32909706493
4000670397688
1005002250518008
1005002313636933
4001125469928
1005001607600481
4000715770784
1005001439073637
1005001813570178
32791287719
1005002111196432
1005002315282757
1005001901659219
32866119408
32619713797
33019819458
1005002377531467
4001121888621
1005002275722410
4000831177012
32607949969
32846565287
4001059691931
1005001429214579
4000929677581
1005002213424587
32668714255
4000867278022
1005002334080415
1005002364860575
1005001611832482
4000370912733
32648047063
32819469719
1005002003330527
1005002394137714
1005002028996193
1005002084765833
1005002006881858
1005001755672827
1005002443457691
1005002008286129
1005002313784491
1005002354855074
1005002432964995
4000519700664
4000604273821
4001272314629
1005002443378111
1005001900937451
4001247451596
1005002465442953
32979864174
1005002314998660
32842774636
1005001325508763
32803883111
4001138714309
1005002304407118
4000812172688
1005002154400568
1005002393529321
1005002310106637
1005002314428914
1005002387692014
1005002259888815
381063542
1005001651955646
32992209108
32851216037
1005001556152324
32893636876
1005001589068647
1005002234835061
1005002440136405
1005001393259267
32907968244
4001142501822
1005001780445329
32960460191
1005002332141150
4001275081588
32820309798
32568939233
1005001436006624
1005002320711968
1005002268638292
1005001667843051
1005002279409831
4000183214621
1005002443510615
4000699984108
4000997053430
1005002460014145
1005002252078454
1005001807656551
1005002011911898
4001126969009
32849176722
1005002397387053
1005001907019060
1005001764542854
4001124764575
33051252143
1005001479610284
32796083480
32985131565
1005001633507278
1005002014362817
1005002218186631
1005002388807638
4001241066003
1005002345885092
1005002286942637
1005002313604342
1005002317644870
1005002264032249
4000205410247
1005002276385883
1005002312196038
4000410978636
32945301664
32834985962
1005002342378397
1005001523763214
1005002461779197
32921026616
1005001456202394
32766094475
1005001379797779
1005002313059329
1005001793681621
1972181740
4000920870786
4001251538375
1005002292194473
32782301553
4000217119747
1005002316116953
32973643942
33047585565
1005002359629211
1005002459019692
1005001977934286
33004476202
32826638718
1005001639678660
1005001552894683
33031863293
1005002454219932
4000074176997
1005002368895741
4000607351283
4001031913742
32694492917
1005002334137780
4001131954953
1005002473160895
1005002367877003
33000933718
1005002268733205
4000463086671
4001171057785
32662471393
32867220134
1005002284429355
1005002319190937
4001117207194
32470658431
1005002227302986
32901286431
4001271363990
32985563362
32667201816
33058012915
1005002278532914
1005001594459360
1005001518461274
32456212392
32949719142
1005002318362674
33051421297
1005001373624646
1005002373634124
829692945
1005001286190739
898857553
4000287113905
1005002208256318
32877168425
4001043392891
32421092105
1005001854909829
1005001894210550
4000084907372
1005002367920373
4000226927295
1005001279539149
1005001809169218
1005001349750402
1005001494376441
1005002396351415
4000614647836
1005001544603807
1005002440228193
4000966661598
1005002348744731
4001010651882
1005001309454421
1005002345070023
1005002313464132
32880201216
33002586247
1005001747361909
32827522352
33004638577
33039315059
1005001575837953
4000274622468
1005001329817318
32690712773
1005001441301622
33056120687
1005001519397588
32861143644
4001209378655
1005002368513636
32738306472
4000396980535
32956234416
1005002434890435
32568235106
32961959733
1005002340934847
1005001432147973
1005002287086905
4001167901059
1005002462312867
4001212349256
1005001680390920
1005002322737191
32903452563
1005001398601835
32991168372
1005002398509240
32853157931
4000479549830
32891043651
1005002034438918
1005001469920735
1797009671
1005001369876075
1005002249785631
32912764323
4000025900679
1005002422639469
4000371165856
4001150134313
4001156414691
1005002314536426
1005002264403447
1005002348975816
4000503294982
1005002358027116
1005001536995004
1005001812384370
1005001438797860
1005001733127479
4001264876087
1005002220595048
33026707505
1005002395272702
4001002345581
32918989117
4001218917066
33036867426
4001230606774
1005002240929989
1005001821772157
32954312390
1005002306381267
32875179453
33039921978
32440757137
1005002047005527
32751106320
32795067883
4001100643965
10000287556951
32857639203
1005002168952133
1005002388432110
4000295791012
4000798122251
1005001302495131
32864430853
1005001714525682
4000732884521
4001179602411
32912784382
32911158859
32832077256
1005002349867033
1005001834826929
1005002426095852
1005002196418627
4000020091791
4001281810450
4001136747480
1005001377486958
33021097432
1005001940745403
1005002245064954
32636687736
1005002030542810
1005001465018360
32753483327
1005001855508218
1005001970367279
1908166504
4000023001854
1005002098692907
1005002245318105
4000800125527
1005001500271483
1005001664878978
1005002357383585
33038098395
1005002460787746
1005001669432155
32791816407
1005002304069179
1005002108006804
4000663951420
33026802035
4001005804760
1005002435381440
4000154593896
4001150348010
1005002349531953
32794293072
32794239934
1005001965820410
4001359756671
1005001515910323
32339435550
32818955006
4000909945462
1005002314526043
1005002475120090
1005001665324111
32785350920
4001277722150
4001256351943
32617804157
1005001802261238
32863607576
4001317539901
4001219955559
32889832372
4001350459031
4001308133526
4000465918059
1005002245168380
33058975130
1005002049713829
33033263222
1005002293589722
32806923196
32890939548
1005002111910349
1005002313968468
4000704031480
4000161068661
10000312996726
32712549155
33022491000
1005001915137784
32309575840
4001061667442
32951696865
4000357718645
1005002281714156
4001225329074
1005002347430156
1005002386702077
32796800437
32899793916
1005002378207990
4000921506846
1005002476929871
1005001637328575
1005001597736134
1005001412245632
33055224048
1005001695031183
32845050432
1005001446762442
32967372180
1005002224501404
32874608171
32724328366
32850503576
4001150533612
4000027989375
32571019391
32982177658
1005001437821812
32889701806
1005001561719097
32893852011
1005001934697482
4000745880852
1005001761917491
4001015239170
32790085664
1005002240001149
1005002282157638
4001129257252
1005001500216270
32892157649
32836520082
32601912333
4000368156163
32824229855
1005002175101902
4000255518415
33027792830
4000843025283
1005002234654726
1005002490807171
1005001872259195
1005002323361135
4001155981505
32920478251
1005002482817381
1005002305106933
32815370584
33015401497
4000499148252
4000244306060
32853577131
1005002032468308
1005001903043549
4000895180491
1005002247267101
1005001270261787
1005002419877694
1005002220668598
4001227808688
32856204684
1005002279146461
32927004143
1005002388404239
32919625318
1005002213285852
33042561203
32915836223
1005002114574733
4000692737174
32840949726
4000216165142
4000629250430
1005002357188310
32703398744
32955353014
1005002018871471
32999856412
33021617840
1005001359081153
1005002450602055
32798203371
1005002105036758
1005001465299960
1005002163164357
1005002102146420
1005002432915244
4000607742775
1005002351717600
32819448803
4001240372961
4001244581017
4000828524863
4000803533528
1005002448722073
32893817627
1005002392361943
4001247575289
1005002298222511
4000574987823
1005002107234605
33030014284
4000857431065
33050059033
32951135170
1005001566000678
1005001457501695
1005001326578653
4000223405429
1005001393437575
32576996839
1005002462158658
32977411814
4001041263981
1005001718237754
1005001652619806
1005002336648946
4000055963497
32872062981
1005002074786978
1005001590641537
4000192759812
32958766344
4000478179321
33008415120
1005002219475300
4001189091224
1005001511666176
32464100996
4000892044793
32849199237
32735018969
33045725052
1005001876852311
4000080974628
1005002316484847
33026118590
32848288274
4000339975571
1005002315650113
32799753543
1005002263955109
1005002401820915
4000623654496
10000028246536
32864715919
32892432439
32494628888
32703859968
33036036789
32713899989
4001057055338
32712451436
1005002377290888
1005002256242538
1005002288889981
1005002262308637
4000679520377
1005002285408646
32871875234
4000817103146
32800720404
1005002387318838
1005001854455978
1005001501529227
4000868858807
1005001670767996
1005002395011675
32977279936
4001307549766
1005002378332764
4001314715249
32773218847
1005001961753496
4000932644712
32867972072
1005002318267309
1005002323629134
1005001960654715
32976751796
4001308797937
32740654814
1005002165276616
32810312049
1005002315016880
4000264137249
1005001314568646
33000362292
4000332897579
32957343971
1005002103924224
4001036578851
1915370116
32793969788
4000330272132
1005002409867465
1005002332270840
32945241863
32822924981
1005001445700932
4000040478379
4001049334363
1005002315928621
1005001868993995
4001040842491
1005001521078981
32689966941
1799216191
1005001286617882
1005002055209070
1005002439769805
1005001556485479
4001278910488
32599412151
1005002435328268
32696680053
1005002112648310
1005002310803849
32816161478
32829512926
33007847294
4000706734353
1005001630148915
1005001286009680
1005002363467101
4001212430446
1005001616725383
1005001290043854
1005001453687934
1005002406194042
1005002310659074
4000109097053
4000085381587
33048375248
10000060579100
1005001922035148
1005002329218966
902608211
1005001763663399
1005002315802971
1005002273142589
1005002387381773
32987122402
1005002351590981
32831119226
4000402189741
1005002224483223
32867833568
4001230331366
32998479943
4001061286898
4000987450091
1005002278820402
1005001492553757
32809202698
32851749023
10000384934490
32669649133
4001095855813
1005001343753710
33029714572
1005002157435276
1005001793169382
33058499001
32329512497
1005001814363754
4000944241241
1005002409662378
4000544872322
1005002033385360
1005002234476144
1005001706528214
32240838556
4000929489599
1005002269019123
33007195115
32711949388
4001366043009
1005001894771924
32977162336
1005001807774835
33023143742