1005002443625645
4000035466860
1005001985205158
32988788466
1005001633488442
32858645156
1005001845097376
1005002018779495
4000061931590
32983260920
32713880915
1005002212126939
1005001366198064
1005001863803110
33043342833
1005002015334750
1005002139967586
1005002340332708
1005002314667306
1005001703566863
32904699379
1005001664579978
1005001348771365
4000210860593
32853524115
32807963339
4000927071495
1005001567525293
4000335563514
1005001518499995
33011436757
1005001426606954
1005001806034146
1005002032715405
32932568018
1005001474901032
1005002317192486
32853083993
32863147892
1005002224834563
4000935578576
32777362289
32879791165
1005002328402717
1005002004861392
1005002346696004
1005002074031158
1005001972928612
1005002366029890
4000211597320
4001280703602
4000510334114
4001233823418
1005001702819040
4000239010793
1005001907109247
1005002099130569
32889325878
1005001387423848
1005002314355158
4000248903179
32995486715
1005002362525442
4000470655543
10000384638626
33006738144
4000852349303
1005001555995939
32880882017
1005002314002037
1005002099198044
4001147981398
4001181391801
4000135223519
32974398786
32873059837
1005002483008188
1005002381122434
1005002298883484
4001017624541
1005001868837874
1005002409711468
4001254474469
33008216232
4001042586130
32872089883
4000013888210
4000970570242
1005001655525997
1005002304639994
1005002465106950
33054968082
1005001890710510
1005002393491521
1005001605651679
1005002316677369
32826404830
32907211281
4000903764759
32869301877
1005001384023845
4000957656084
1005002177078390
1005002203726359
4000666316461
4000599278171
1005001600395700
32220364232
1005002289261241
1005001606543142
1005002358185349
32619222209
1005002191459938
1005001860526030
1005001858438572
33010800848
4000935480819
1005001982413330
32966217520
33026303000
1005002197480190
4001228533844
1005002316799535
4000709395878
4001137731524
32963797609
4000955742979
32950795968
4000626152723
4001161312982
1005002313783434
1005002447592395
1005001909797776
4000062998517
4000246770251
1005002395094293
4000235530713
32793366125
1005002278232733
4000010046866
4001127565427
1005002322692263
4000759941810
32950523369
1005001557309776
1005001442253017
32917752035
4000229700684
4000105368703
1005002377049488
1005002357657847
4000843011587
1005002490706400
1005002477835745
1005001567618937
4000131519870
32908350489
33029491972
4001007143594
32861117080
1005002475988579
1005001504422606
1005002198657875
10000154371215
32710379796
1005001867694354
1005001999589844
1005002361809062
4000039193096
1005002498922522
1005001907891925
1005002285885232
4001284017527
4000335596141
4001344176398
1005002122119002
1005002312200185
32915838599
4000235523802
32564878895
1005002305247771
4001248562117
32726012841
4000065296376
1005001445324430
4000052910361
4000670779544
32825417123
33063142452
10000033500859
1005002466490720
4001278914287
4001131961971
32976787612
1005001949382914
4001051221706
32793224763
4001302928044
1005001334478728
1005002246133564
1005001671010741
32985625587
4001272947440
1005002313737549
4000939815753
32930909824
33056582768
32848582955
1005002365309610
32948541622
1005001793045435
32742468228
4000824470664
33030688894
1005002341262970
1005002006847883
32897715824
32802694313
32961155173
32605176387
1005001781094955
4000672369603
1005001902288976
4001167457874
1005002193813939
32615257235
32813230200
1005001770444128
1005002439984995
1005001863073730
1005001843071779
32964547137
32985987561
32708730183
10000007672769
1005002385148342
32834085266
4000137023492
1005001888740016
1005002301499152
1005002372429516
32852572649
4000238174774
33010260339
4000299438673
1005002334524956
4000907156230
1005001444941067
1005002289665573
1005002368306454
1005001709701405
1005001711095417
4000597394759
32577643991
4000064109522
32848428808
1005001741520238
32991880682
1904197289
1005001386824050
32839889110
1005002288880568
4000578328192
4000080527131
1005002011747228
32919395568
4001235683111
1005001398557875
32896821279
4001270923684
4000964617739
1005001640352194
1005002295529439
4000322695091
32856147810
33001297220
1005002467249674
4001283374034
4001145365459
1005002375293721
1005001881442741
1005002044806206
4000674767146
32911836533
1005002270723533
32488037077
1005002358958386
33032730775
4000263542265
4001016113482
4000923302877
4001178702283
32800370409
32573649340
4000371327599
32853791662
32977314075
4001136093183
4000714879991
32614521213
1005002413208836
1005002459160046
4000384008983
1005001405734154
33043141726
1005002311134777
1005002489957119
1005002168327274
1005002496239704
32842137534
1005002206366439
1005002328661869
1005002281903471
32591159566
1005002377776429
1005002153195011
1005001670737900
32862932808
1005002321505968
4000823007084
33030485365
4000809036701
4000017581962
32977242260
1005002322955778
32947379369
1005002317287203
1005001303626971
4001118020673
4001120181800
32888034823
1005002012985629
1005002281874523
4001255478111
1005002262202464
33043432396
32792768031
4000960412819
1005002415935321
1005001360989593
1005001915626446
4001242062568
4001013191158
1005002270449045
32872351179
1005001906939259
32583790528
1005001826846753
1005001941727266
1005002340604706
4000289819924
1005002100697241
1005002211648258
4001221579530
1005002334017651
1005001809477886
4000902364091
1005002029951685
1005001860426303
1005001832090333
4000275074293
1005002352686352
32820869037
1005002214266731
1005001877342494
4001225039997
32839524192
33055975555
32957029472
33039009940
1005002447143353
1005002405164604
1005002293251919
1005002065086497
33024105392
1005001848712801
32835762473
1005001525464156
1005002498926974
1005002322204858
32806379476
4000329449674
4001036030373
1005002281958250
33049649386
1005001581856115
4000589493070
1005001967964751
1005002430974542
1005002384077385
1005001624306394
4000786762189
1005002313229100
1005001525385429
4000975504349
4001292975582
1005002206353636
32324108419
4000856985307
1005002381348760
1005001742566291
1005002450603149
1005002083894951
1005002180488611
1005001640668749
1005002338846062
1005001731952423
32527315904
1005001835385678
4000419431750
32857085350
4001200811711
1005002374927141
1005002089695778
4001270082444
1005001854693780
32932763088
4000299530865
32693752668
32904929255
4001027924093
33014550947
33028552649
4001072156678
32972695278
32359222631
1005002352122147
4001324028548
32999371096
4000174633916
4001159265802
1005002389311317
32904456899
1005002192755394
32261057801
4001075278127
1005002458564433
4000478405501
1005002341835037
1005001627356186
1005002299021054
1005002336227208
1005002240211704
1005002010974711
4000986308461
1005001835315644
1005002174839928
1005001761727761
1005001902228850
1005002345153364
1005002120173003
1005002208206608
33031636581
1005001626850240
33043840662
4001224491769
32997464143
32516896391
1005002259498671
1005001287795691
1005002355757317
32565768858
1005002143403516
32883772467
1005002357963241
1005001808060930
1005001670391907
32961692118
1005002363602366
32958900417
1005002453659073
33003025674
1005001845533208
1005002339817625
1005001914642880
1005002048279955
4000248637116
4001307280227
1005002198227772
32868257827
1005002414294828
1005002286172306
4001169019588
32899019275
1005002346019335
1005002122387268
4001361745928
1005001821625492
33023078559
1005002476585773
4000955727221
4000695944081
1005002500095541
1005002313875003
10000400065106
32330198154
33005595149
1005002427626291
4001143272904
1005001686029847
1005002372011389
1005001830372587
1005002411611510
4001109052873
33010743120
1005001620078394
33002581731
32961928889
4000026595126
4000492328648
1005002369743207
4000307206767
4000170572644
1005002000409008
1005002365155564
1005001583619168
4001105798584
4001100618865
32234438222
1005002312785586
1005001838826476
32981086231
1005002270350436
4000393453837
4000185452169
1005001946288176
1005001587666816
33000228412
1005001915374076
4000774512368
32907429607
32920339240
1005002453583830
1005001415284309
4000322610773
1005002197686751
1005002357445988
4000748800840
1005001435934695
1005002264063538
4001132666258
1005002310405096
32952308051
4000014674348
1005001430994085
32657732078
1005002255889727
1005001686151449
4001341875586
1005002400838373
4001022565097
1005001430591736
32893600808
32970546920
1005002252327547
32920244268
4000088310545
1005001611260662
1005002490347431
1005002208301573
4001115362368
1005002310100194
32748146630
1005001867617684
4000693300189
4000275913371
1005002261179703
4000516359360
4000388694579
4001007720288
1005001727374960
1005001918972650
4000493610739
1005002418471218
1005002312529724
1005002375946994
33050292126
4001187578592
33029456747
32722791376
1005001803700912
1005001580456397
32657884958
1005002318600084
1005002219602266
1005002351737451
1005001723240723
4000465902504
33001978292
4000703297051
4000907748687
4001181270835
33003388709
4001260686930
32972945187
1005002010895271
4000469409031
1005001630902989
1005002207873642
4000756308584
32963428926
32995252818
4000290861759
4001261580109
4001029204457
1005002113238380
4000732422760
4000018870702
32948971329
4000175894397
33050381617
1005001992924885
32887536179
32676756793
33031684221
32857048915
1005002358880343
1005001437493825
4000934282046
32868544770
1005002225216488
32861204132
33024041415
1005001472846738
32826332955
4000279132315
1005001817691965
1005002329021542
1005002316072818
1005001516536384
1005001980609267
1005002165433274
1005001616075773
32792715265
1005002314263922
33018605593
1005002345764105
4000381631747
1005002381305701
4000218831068
32882213600
1005002388083495
32869993120
1005001424616432
1005001619804325
32880568521
4001093697433
32955870645
1005002121394112
32807462740
32619994130
4000332237509
1005001998877862
1005002273998444
4001037127816
32989486591
1005002127255236
1005002304856534
4000177959119
4001174263836
1005001456773382
32793789492
1005001506959709
1005002481349216
4000860390172
33004290551
33038986425
1005002482282234
4001364514428
1005002362373721
32720458876
1005002323683608
32982916386
33002162965
33027752546
4001049551857
4000668648007
32996501580
1005001571777355
1005001429974584
32981188743
1005002292503711
4000833386652
32859319533
32975592799
32618430304
33023720997
32832251035
4001085748637
1000007410489
32904373102
4000997293488
32894923704
1005002052573341
32985350042
10000371743604
1005002176835675
4000709295583
1005001787080757
1005002267850871
1005002235067037
32944705930
1005002433731741
1005001813401238
1005002176379594
1005001315935030
1005001492880820
32825145444
1005001500746220
4001167637074
1005002307627364
1005001890596292
4001064137442
32658878640
1005002423510225
1005001803182086
1005001731532856
1005002083962877
32889106247
1005002320235765
32885038149
1005002467277656
32969719022
4001029460790
32812640094
4000036231741
1005002277527439
1005001397111020
4000569813851
4000776020985
32827768176
1005002219547034
4001207713151
1005002275263922
4001111672888
4000256471478
32888341202
4001231447565
4001235736009
1005002401246957
1005002310371691
4000994957384
32956154990
33038318148
1005001613365533
1005001445710714
32917009855
32891929099
1005001973422229
4000812106723
32808362197
32910880822
1005002314334026
1005001764105331
1005002407740815
4000613929187
1005002316911133
1005001452343642
10000306334241
32789723006
1005001506415296
4000609538956
1005002313875984
32854518804
1005002261825612
1005001658293670
32883107847
1005002443737684
1005001714495331
32564830996
32867610668
1005002232868875
1005002323742029
1005002379407720
1005001302988943
33047711912
1005002106128960
32842169549
1005002121277753
1005002119190876
1005002356173739
1005002208271869
4000221897561
1005002449426826
4000503556920
1005001692453698
1005001322035696
4001183997351
32799317713
1005002314340271
32867165671
32969290478
32997758871
32894378156
32898596570
1005002401264379
1005001774422679
1005002012033915
4000095554036
33051566606
1005002027819090
33038917102
33061002239
32962674440
1005001775342526
4001201705843
1005002449832194
1005001704995844
32977875715
1005001807906849
32853498906
1005001780500322
1005002285622494
4000136735336
1005002433856589
32827481281
1005002298669205
4001037862425
4001269497158
1005001820135285
1005002315237492
1005002327279680
4000781161194
1005001966223380
1005002485654143
4001061985585
32989817212
1005001839559524
1005001405961116
32894236222
32999089533
1005002336885139
1005002337210465
1005002277687037
1005002219674043
1005002471363075
1005001456078565
33042147819
1005001796813853
1005001997449203
32907557819
1005001666397608
4000368663300
1005001621948713
32822406200
33045793010
4000528176313
1005001293232921
4001104227329
1005002239495570
33029334979
1005002287834285
10000406172746
1005002241403941
1005001949065439
1005001742514091
32809371008
1005001812951360
4000891363020
4001233628493
1005002244879756
1005001830040676
1005001446284560
33024296682
1005002122333636
32871219746
1005002380768308
32908940619
1005002418005449
32967745049
1005002227758084
1005001488603408
1005002077136078
4001018350787
4000171750092
4000546602563
1005001405925590
1005002012999853
1005002326689317
1005001890095785
32604172278
1005002047642293
1005002365667452
32903140568
1005001298829770
4000625950747
1005002312502390
1005001333118464
1005002208230055
4000762012673
1005001612897525
4000473529547
1005002469273171
33021879890
2030888815
1005002423372775
32684624807
4000027120276
1005002316050276
1005002379200529
1005001863313546
1005002467605053
1005001692500390
4000365282759
33007986372
4000105988369
1005001882792961
1005002450250797
32663166240
32763393980
1005002334209852
1005001894596043
1005002417899473
1005001914786774
1005002422082800
1005002393243998
1005002324844628
1005002341023144
1005001441415755
1005001894038359
1005001506834791
33017319574
4001084741790
32849394851
1005002244529679
32885290993
1005002259316967
1005001598006674
4000495337482
1005001726044153
1005001335027930
1005002322510730
1005001380196122
1005002440040032
32782350493
1005001749760968
1005002104762994
1005002377097531
4001340854547
4001351052740
4001200247867
1005002243318358
1005002218664629
1005001836225901
1005002253670681
32933035548
1005002383338269
1005002213562469
1005002352872842
4001274951622
1005002356001160
527668671
1005002281809776
1005001364744314
1005001617253945
1005001948880282
32510263145
32959899011
32758118039
32933638975
4000850192039
1005002333285349
32999902126
1005002229365184
1005002381260751
1005001956646803
1005002038618824
1005001976136845
4000152858525
1005002206196748
1005001447968738
4000285471405
32379703345
33009977053
1005002218680062
33026749448
33040890349
1005001467991286
32964041786
32947610935
1005001287930075
32968949627
1005002311623471
32726367339
1005001465136880
1005002406617331
1005002178109196
4000403133203
1005002496821087
1005002346861498
33020266948
1005001431893067
32961184319
1005002288884038
4001307647178
1005001805481034
1005001656715250
1005001424083476
33041930362
32951083104