1005002084336607
1000006931833
4000786031894
1005002382814286
1005001487582389
1005001778870860
4000193587385
32978667698
1641102409
1000006670120
1005001621309729
1005002234231083
33036821843
4000076694770
1005001611503262
1005001976674849
1005002301437482
32961605450
32704498086
1005001955291014
4000880851297
1005002046526927
1005002413580632
32901545441
1005001989954910
1005001516663628
1005001648394689
4000940541961
32608939746
33014201967
4000453762481
4000910734657
1005002385252212
1005002004404411
4000931179817
1005001975331390
32980950403
1005001732332812
1005002466346983
1005002428441753
32821949623
32915953874
4001359877464
33001815548
32853822867
32644834407
32882523900
32888126148
4001254307061
1005002410085034
1005002108574143
4000173515978
33031234931
4000983135981
1005001620034426
1005002449173731
1005002288856708
1005002339433453
1005002385121179
4000330052062
32967063395
1005002383449672
4001234187590
4000970842184
32932520038
1005001365116308
32377119861
33016625969
32983386245
1005001598708614
32859008032
32987521190
4000992398582
4000990244278
1005002403932250
1005002342703640
1005001845884833
1005001355296446
32902726460
1005002114226492
1005002185916398
1005002354312144
32947530324
1005002347141113
32887590942
32920117426
1005002386621119
1005002435898178
32581048787
4000449503777
1005002418239907
32953401776
33060407889
1005002360649185
32973101030
32855680260
33011925051
32378582013
1005002453641055
4000427674534
32827990723
4000281722221
1005001415831875
1005002138372260
32901137881
1005002087372881
1005002371726611
737185064
32703998508
1005002355646887
1005002368842070
32910762972
1005001748482285
32820869358
1005001398880115
32229666182
32533215658
4000818073082
1005002312073201
1005002117031223
32934651219
1005001736270627
32975281381
32962310898
32791241485
32977771596
32832239209
33040907664
1005001933296682
4000112742695
4000691056636
1005002346670073
1005002281313059
1000004615472
1005002007131428
4001108488872
32924122676
1005002307635215
1005002320914956
1005001722247264
32950986052
1005001758038563
1005001525537082
32861482191
4000679416165
1005002368548962
1005002315393106
1005002032555555
32974617651
1005002346126816
1005002459656439
1005001937457463
1005002460087396
4000449193683
33017795005
1005001444980584
1005002326379343
4000249010751
32356616477
1005002050012119
32683901004
32359378335
1005002166984475
1005002306338153
1005002462090719
33047459455
1005001898407186
32854077537
1005002334436698
1005001847248070
4001013205150
4001257498165
4000994588238
1005002419021702
4000538339740
1005001867891142
1005001430851486
1005001495316603
33044657743
1005002491408337
4001063351953
32563999517
4000633332229
33054129533
1005002000479087
1005002238238767
1005001659333270
32973501545
32849724964
1005002026778661
1005001679050378
4001231287216
1005002327561468
4000065004455
1005002329619232
1005002405994279
1005002363374995
1005002351703880
1005001317329620
4000893949437
1005001744179558
32975197169
32818821946
32884799427
4001034063100
1005001713331915
32809385252
1005001903075511
32828878468
1005001663284042
32857230281
1005001687799455
32949013778
1005002314211418
4000262174242
32984707222
1005001518550256
32898777339
1005002287573473
4001208518564
32886244325
4000069830634
1005002087521792
1005002280551821
1005001847169716
32971520609
32969932550
1005002256604391
1005002014751021
1005002321839811
32958114887
1005001670227766
32811441703
1005001873403434
1005001736471235
4000143924756
1005002017988264
1005002315162955
1005001463214331
1005001849707195
1005002377638017
1005001470355943
4001294499478
1005001726876475
33029477745
33000771293
4001054086316
4001169982652
33016862267
32999388352
32946580955
1005001280987009
4001128034487
32914266471
32909163078
1005002460288066
32811559333
1005002388785797
32853210352
1005001908144145
1005002333936886
1005002362411212
4000185378506
1005002245657542
4000804562124
32604534155
1005002474793481
32619623889
32851917514
4001175042524
1005002108423933
4001065128715
1005002246564726
1005001695475526
32346045964
1005001890092084
1005001327354416
1005001364208530
1005002258959617
4000443615516
1005002304068012
4001324338440
1005001675331223
32993068040
4000844826918
1005001567017464
1005001645696818
1005002329924388
1005001609584383
32905575585
32811639451
4000769022568
1005002288567678
1005002261180976
32974500792
4000682906012
32848694501
1005002466159081
10000320101500
1005001792206987
1005001473863192
32989843184
1005002191738627
1005002468041532
32845925089
1005002340065173
1005001709924922
1005001980268149
1005002224456813
1005002367809504
1005001337913130
32957662634
1005002055051891
32860772132
4000085460463
4000220027574
32855386244
1005001880691971
1005001442778307
4000356302201
1005002337725410
10000055696458
33024755510
4000976558212
4001294229199
1005002280502464
1005002399004335
1005002409142061
32713260698
1005002306524621
4001174172203
1005001329447810
32653566950
4001345181505
1005002281231158
1005001946052604
4000604277848
1005002255765772
32975532231
1005002412526666
4000252122554
4001270908567
1005001511278652
4001290162874
1005002304406195
1005002111345440
1005001967372699
4001166147034
1005001797683944
4000455944467
1005002289095374
1005001973076714
1005001775600764
1005002353565756
32714837861
1005001694111968
1005002333651011
1005002377133422
4000143242182
1005002281503710
4001150038276
1005002350856018
10000125546616
32982461455
4000892079706
32991163608
1005001546722775
4000349960707
32856376478
4000313953279
1005002332835544
1005001370103007
32889630674
32347928834
1005002402592509
1000006099621
1005002058070810
4000822040540
10000423333408
1005001292410114
32914437783
32967123465
1005001697277874
1005001756362521
32829999532
1005002130490412
1005002418736110
1005002372217812
4000074558406
1005002267935495
1005001699342824
33033066567
1005001703907799
1005002397683984
1005002381516885
4000234951758
1005002116154262
1005001408309698
1005001863027196
1005002442126730
1005001612887990
32807817751
1005002350866163
1005001355366146
32980429851
1005001635627713
4001112321876
32437500919
1005001640305777
4001279051357
33047756639
1005002319714381
32951867828
32888926759
32974546448
1005002069650921
4001076810761
4001155129965
1005001597330535
1005002447315338
32980008016
1005002466685847
32946049355
1005001288950033
1005002330208210
1000007946196
4001263245458
4001108717831
32812169700
32853579703
1005002333395349
32749549558
4000239148203
1005001501020594
32989373240
32988034068
32945115624
1005002328003998
32738193966
32988867215
1005002304344136
32891391802
4000097765582
1005001602248578
33036980427
32996706646
32894509435
1005001619231541
32952126768
33030321030
1005002384963899
4000829232483
32833211663
4000284839364
1005002444767973
1005001838998998
32731102512
1005001450954927
1005002380902446
1005001511618228
1005001599456233
1005002264783787
4000483217677
1005001908119976
1005002123574459
1005001770697826
1005002101336448
1005001965227094
1005001579276610
1005001693645226
4000207493103
4001249501028
1005002094838825
1005001470597888
1005001882387405
1005001840028715
1005002424749809
4000625717656
32963335796
1005002134348571
32701327135
1005001936839350
32966346187
1005002245470493
32855579444
32825567218
33036197979
1005002182189094
1005002469309047
1005001781086015
1005002486165070
4000010059600
32840473869
4000339981135
4000118490229
1005002275916321
4001313587211
1005002330407147
1005002422771706
1005002299854187
1005001529526497
1005002292919793
1005002382665980
4000606644619
32843993379
1005001828762476
1005002106119801
32869551044
4000042220364
1005002337238710
32976325389
1005002304547042
1005001412534408
1005001884172585
1005002313881986
33048438278
1005001770900482
4001219445696
32824546077
32961445269
4000821622426
32853116122
1005001463318867
1005002357563589
4001083640229
4001014752512
1005002357099967
32966542318
32908312040
32910457332
1005002392665738
1005001670292280
1005002177051043
32988554777
1005002319330181
10000344857549
1005001278322688
32467648835
1005001793016296
4000842602899
1005001275457387
4000765648192
1005002490142802
1005001923136168
4000761839420
1005001652279116
32966095146
1005001538418230
1870022415
1000005446886
4001321817836
1005001659362990
1005002325081166
1005001361963154
1005002469743282
1005001790125746
33031724906
32660451902
1000007838193
1005002295688714
1005002378278497
1005001704305525
1005002428189175
4000218889653
4000071300872
4001160345848
1005001670745976
32523940078
4000791254250
1005002175728964
32646549621
1005001466752146
32836349125
33019153192
1005002388231795
1005001561292746
32670414462
1005001534136665
1005002413310940
1005001859652914
1005002426810265
1005002233477067
1005001830906458
1005001781813278
4000203101347
33059235582
1005002068575196
32965993560
33048090076
10000086488303
4000049566801
1005001820863863
1005001829717884
1005002371546144
1005001482563810
1005002305235008
1005001836937696
1005002330544957
1005001837102247
1005001316465572
32634471000
32620308146
1005002015145756
1005002411582405
1005002231448823
1005002000027099
32881189614
1005002258120788
1005002297387989
1005001695523148
33036479913
1005001355815214
1005002402179530
32721328032
4001284811670
4000675728990
32890323257
32830266119
1005002383311035
1005001564708195
1005001531863960
1005002496163290
902608162
32860382359
1005002262047787
10000189877051
1005001998698965
1005001697916116
1005002492212899
1005002341420756
1005001474985072
1005002019958099
32678487563
1005002413450010
1005001292163592
1005001626072348
1005001704268594
4001271664182
1005002349878870
1005002237747490
4000777112567
1005001890225592
1005002332538987
1005002435622764
32799793423
4000048200300
1005002239751495
1005001506607541
4000958723404
1005002431555198
1005002409761255
1005001557302821
1005002201034352
1005002345004526
1005002206496509
1005002133364359
1005002277459881
4000569338881
33056545634
32896148910
32846838623
4001245024844
1005001764418260
33026011012
32855729880
32880657067
1005002190897780
1005002284601314
1005002386594030
1005001480110618
1005001474583933
32970323674
1000006089811
4001317464275
1005002124966406
1005001458514171
4000666138151
1005001822790925
1005002315224353
1005002459617902
32864546036
33024105544
33055303411
1005001883706095
32959792015
1005002256767720
1005002408410842
4001200968807
1005001333607484
1005002426478474
1005002327436846
1005001971000226
32962649318
1005001453241964
32869205843
1005002110457705
32706415270
32891995488
1005001522052984
10000061976629
1005001914440961
1005001301587580
1005001468751682
1005002443105536
32801163752
4000918710084
32947084765
4000029610085
4000267796478
33010797219
32574428372
1005001570390835
33008686151
4000178002001
1005002362500914
32815245524
1935860615
1005002282026193
1005001344877669
1005001860251921
1005002479319298
1005002314702814
1005001768101679
1005002314020095
1005002180528130
1005002009279745
4000052198706
33010176019
1005001588521091
1005001808576395
1005001470221352
4000974205628
32913339616
33009812158
1005002375704363
1005002123355356
1005002439898772
1005002320902142
4001272128709
1005001344648086
4000537195821
1005002410934314
32954947801
1005002037833942
4001249953007
1005001883636607
566663868
1005002219842491
1005001493389502
1005001864172478
32995965645
32835125745
1005002482912479
33026799035
33022760192
1005002268426138
1005001612782060
1005002311276705
1005001517673831
1005002381474819
4000955001590
1005002358537821
4000501242526
32990078188
32864494818
32960972386
4000295138500
32562393392
1005001773873270
32558163235
1005002391429726
1005002357889448
1005001976811458
1005002399706393
1005001606284452
32903921855
1005002119831567
1005001763761803
1005002000729210
1005002459611841
1005001687949164
32652681403
1005002092624118
4000987479976
4000298417534
32962995584
1005001644805899
4001221408475
32955413886
1005002339478048
4000783993851
32974226766
32921359553
1005002113522248
4001116013790
33004711578
1005001451297452
1005001870337569
1005001592850786
32746644858
4001019762067
1804401971
1005002313775180
1005001560185598
1005001325716264
32834139670
1005002467008629
1005002037178993
4001294217852
1005002490187616
4000965649382
4000353307624
1005001326556749
32789514362
4001101091643
4000344508933
4001292697136
4001330697821
1005002496862063
32884121513
4000078361919
1005001942853176
4000589720603
1005002340075094
4000030652628
1005001616281430
32291909230
1005002314323249
4001270125352
1005002500511824
32997148032
1005001926205552
1005001630316593
1005002433013992
1005002241901815
1005001632100051
4001294066500
32796178887
1005001947756702
1005002498629166
4001296565846
4000411900220
1005002375932047
4000895608076
1005002211799798
1005001652316964
1005002331999899
1005002338194567
1005001915037749
4000597450452
1005002282746759
1959204529
32884721132
32972632756
4001204850360
1005002252729599
1005002337114021
4001280246587
4000291810066
4000725286048
1005001445839432
1005002327509255
1005001873732596
32387789452
1005002413356890
1005002333642426
1005002383140699
4000269227882
32959617870
1005001833935682
4000626009383
1005001780642402
4001260032549
1005002192236071
32972022937
32911365718
1005001962121945
33020624695
1005002288492532
4000074496753
33003664542
1005002450847354
1005002161694506
4001148834652
1005001839246492
4000842282074
32979032711
32952468878
1005002288833969
32760482787
32974066443
32909710625
4000680202526
4000239051329
32921105431
1005002380940096
1005001572137558
1005002318011571
32954862726
1005002289218405
32620227628
1005002381744993
1005002400959028
4001042359822
4001045216167
1005001880180895
4001014875833
4000479744532
4001000643888
10000062820557
4000218856865
1005002078955611
32997495897
4001271582032
1005001692997243
1005001971539094
1005001824710434
32978679483
1005001680420725
4000286800233
4001036454662
1005002089422665
1005002387668909
1005002371864329
32959197425
1005002167246679
1005001511308935
1005002339577607
1005001767749560
1005002418612246
1005002023001057
4000545676119
1005002122483102
1005002363463238
32998344403
33047576581
4001268484967
1005001290509786
4001229798525
1005002085216939
32322389686
1005001274544002
32913725968
4000769022369
1005002425747707
1005001863790840
4000927731460
4000793325371
1005002024210974
1005002401689415
1005001551189648
32895503641
1005001721595240
768078417
1005001591783408
1005001799382397
32850215917
32613724874
1005001408403020
32904555186
4000805558222
1005001350973614
4001293945815
1005002378419536
4000935310243
32982371569
32995502749
1005001961890439
4000203720428
33059933230
4001120492873
4000079482877
4001220548068
32964944274
1005001327176237
1005002412157498
1005002491314879
4000184002273
4000156171049
32823033125
1005002361970937
1005002441414291
1005002022464565
1005002282308666
4001015869418
4000666483809
32762650392
1005001949660135
32996595143
1055361727
1005001495902884
4000645004889
32883807778
1005002466516490
1005002265670999
1005002395688343
1005001695899545
4001191530659
32933586156
4000789792067