1005001500114862
1005001866054661
4000771332425
1005001310020120
1005002139059919
4001169724108
1005002130424107
4000230855592
1005001351667226
32919131116
1005002326106504
1005002438805592
1005001903878898
4000090495077
1005001463752461
4001103303892
1005002491031186
1005001685270397
1005001414382231
1005001697839582
32829468153
1005001331229033
1005001375158023
4000046397728
1005002069401563
1005002428966082
4001287980423
1005002368445619
1005002391818042
1005002312038889
1005002182344883
32918124025
1005002398846525
32995385945
1005001376146474
1005002005062419
4001139378214
32751814105
1005002314461711
4000449694974
32928604746
32872987604
4000597117878
4000532861531
1005002348723252
1005001889531366
1005002297118089
1005002429318490
1005001264871297
1005002281758455
1005002305998487
4000309493013
1005002289155679
1005001606978123
32800533444
1005001439153550
4000105760872
1005001950616433
1005001488748489
32842086630
1005001264851370
32856503269
10000395864713
1005001619728863
32694170795
1005001562560610
4000504977347
32837337528
4001195605063
32664865037
1005001703455044
1005002373418905
1005002375531423
1005001996442924
4001240646693
32963528016
1005001989872369
1005002287009727
1005002378460618
1005001625546730
1005001982908628
1005002061600829
4001155070302
32950972282
1005001340833979
32671573749
4001184503468
1005002362986133
4000771481286
1005002241199521
32869102776
1005002328361500
1005001382329645
1005001790320127
10000314741610
1005002494819099
32810377042
1005002321345221
33023821271
1005002263771271
4000270310294
1005001698422681
1005001687705888
1005002302909996
1005002196699950
4000388160510
1005002133015015
1005002470885656
1005002377466438
1005002358009092
1005002426022505
1005001640328289
1005002368593327
1005002000045269
4000287149816
4001000690316
1005002473122004
4000689700759
4001034442644
1005001619718372
4001162291048
1005002315484511
4001024833832
1005001898838584
10000381351081
1005002298209433
10000106672284
4001189115416
32368536367
4000499071479
33002728153
1005002326261961
1005001970473058
32945557469
1005001504763918
1005002236456217
33014075332
4000984230424
1005002058241676
32976068347
1005001281273358
1005002345372559
1005002323973991
33031431670
32984598061
1005002383390302
4001200667960
4000015828353
33019956360
32748470776
32835904236
1005001287175660
32898114916
32934983113
4001003098558
4000902777733
1005002326796152
1005001462501028
32758699257
1005001854101590
4001042383320
4001236463921
32992521841
32946308394
1005001880329321
32680358561
32884432420
4000375834433
1005002489771830
1005002309194379
32463860431
32814502960
1005001454902093
1005002133752802
1005001736678691
4000483829363
1005002322620695
4001293504771
4000390078210
32800419566
1005002313081311
4000738886268
4000854395573
1005001525338679
1005001310332878
32840543239
4000842161486
4001096125874
4000484239709
1005002467521005
4000910498291
1005001657006902
4000509772605
4000219052205
4000584985200
1247259160
1005002317682326
32806789187
4001271715038
32696459698
4000725858747
1005001802648609
32978580079
1005001785800501
1005002232457630
32940600500
1005001355360940
32855277091
32989033543
1005001749208434
1005001780097120
1005001305334875
1005002306918016
32966593094
32808814427
32958862252
1005001689834847
1005001399178108
32951729110
4001335620918
4001041633708
4001041134186
1005002327751585
32347090706
32952337407
32919844621
1005001771755659
4000804160643
1005002452716829
1005001909878491
4000670545142
1005002003583597
1005001627317744
1005002337138100
1005002114379740
32870975917
33015819423
4000801288385
4001221125151
1005002279224035
33052254312
1005001562879525
4000922946372
1005002197903609
4000897711282
4001082703502
1005001952590937
32879269832
4001228768131
32693239830
1005001356261346
4000214609359
1005001975715237
1005002312713111
1005002376518828
32905287670
32996580427
1005002443180865
1005002389516212
1005002490049935
4000406089041
1005001393512193
10000401371862
1005002340813525
1005002035795115
32885073197
1005002224482256
4001219037115
33049058125
1005001458334515
4001333483328
4000312421926
1005002283131676
1005002314433649
1005002324002361
1005002120850929
1005002303625978
33050866652
1005002261405311
1005002275464532
4000474423546
1005001775801088
10000142584792
33038321329
1005001438562777
33021765971
1005001966274769
1005001967220610
32896607601
1005001844180873
32972219640
4001305299697
4001299088627
32999532956
1005002427796117
32952743819
33003546896
1005001392333574
1005002198778281
1005002266730962
32899940383
33034607114
1005002491323747
4000473146877
32951797648
1005002372348484
32897349862
33003802797
4001093836692
1005002240515252
1005001949303320
4000078295109
1005002488972607
1005002425496242
4000116703812
32879679285
32969768573
1005002333565803
4000608154416
1005002394268686
4001247285655
4000990857080
1005002341586299
1005002196578586
32848528192
1005002315871679
1005001429115441
4000972595568
32782338661
32980969344
32857407372
32951540615
32929340820
1005001464750138
1005001950429039
32988421247
1005002298608456
1005001322089391
4000073949870
1005001494781411
1005001749032620
1005001587225576
1005002348680806
1005002389291175
4000593596189
33005869433
1005002454303786
4000958668960
1005002305887676
4001243616109
1005002339829814
1005001831083520
1005001275904742
1005001850349999
1005002328737143
4000264629518
32980141037
1005001360679361
1005001739068152
32834292626
1005001882671005
1005002314312332
1005001484429935
1005002346173826
4000192599424
33042685264
4001039390651
1005002428549644
32849441573
1005001551904920
1005002351226786
1005001659028755
32917129130
32996404829
1005002496313028
1005001399176629
32893983822
4000551340232
1005002267856595
4001100735998
1005002223626125
1005001516039210
1005002263776261
33055072661
4000081497080
32720233493
1005002282703474
33059707962
32227672113
32454395533
1005002493854737
32853143728
32798841603
1005002340748542
32963838613
4000432817345
1005002340284378
1005001483911890
1005002136621756
1005002028057328
1005001704546969
32793934666
1005002080281805
4000219775356
1005002286624751
1005002229239680
1005002487472188
1005002291008920
1005002371442809
32909222539
4000849199100
33021874364
1005002393923982
32972285783
4000618999258
1005002166706129
1005002426201146
1005002418621164
1005002480815431
1005002418630467
4001324288002
1005002293917064
4000068523855
1005002327272221
4000674908259
32962924825
1005002283242234
32799655028
1005002357273028
1005001598740542
1005002064525545
32349136160
1005001305290764
4000062323889
32522385639
4000351327608
4001100796353
1005001944024789
1005002359636779
32966373123
4000197130737
1005002364458761
4000038308866
1005002314504370
32872939988
1005002006500946
32895144527
4001221436044
1005002301140693
4000546540750
4001238551388
1005001499028099
1005002399651786
32869097080
32855459274
1005002277549110
1005002246829881
4001046271648
1005002492014125
4001268335620
1807538608
1773074008
4000986293175
1005002318176691
4000394140667
4001200123035
33050859776
32545624842
32966504544
4000786585181
1005002245301305
1005002347420037
1005001468157816
4000330021662
4000119067725
1199182690
4000107352202
4001034652323
1005002387423653
10000000264642
1005001670740845
4001057908095
1005002112090852
4001199260662
1005001994174285
32997084086
32699362955
32862974777
33031367097
32857935624
32824776801
1005002343923683
1005002457330303
32847867176
32848046943
4001114419273
1005001849004851
1005001437528632
4000212393753
32991603320
1005001513165279
4000472700921
1005002371460640
1005002492547255
32968767590
1005001781086945
1005001990519667
1005002381966352
4001178877566
1005002301277630
1005002243983224
1005001928546080
4000021890332
4000099214810
4001147502364
1005001343389095
10000124048611
4000176928021
32828958896
1005002377108629
1005002476524876
1005002393644220
1005001476445085
32808567086
1005001459253064
1005002372087383
4001267450814
33018431667
4000098902842
4000012344246
1005001556064156
1005001613919002
1005002413235450
32863778890
1005001949659491
32827480090
32606385699
1005002419808505
4000837219737
32975688342
2049038701
1000001751509
4001189537782
32976538688
4000891707886
1005002418543869
4000206125855
32720881615
4001195925240
4000198932690
4001362364595
32823137817
1005002376552232
1005002290645300
1005001956659524
4001120008229
1005001982465630
1352790044
4001169908183
4000022337378
32814439280
32986117625
1005002363523671
1005001357006458
1005001469130703
1005002341978254
32801308754
4000849857688
1005002298908578
4001283203333
33004369033
1005002046336931
1005002259796642
4001295008226
1005001965141530
4000796489903
33040213629
1005002338735307
1005002072178791
32995240646
4000488715207
1005002268034940
32830420656
32316987351
1005001639316852
1005002314364620
4000084693340
32967556815
1005002446654635
4000740014572
1005001731267079
1005002322616922
1005002068002241
4000255486424
1005002193212728
1005001468014418
1005001573781580
4001037856356
4001039375242
4001275788325
4000413667055
1005001543235615
1005002074535841
1005002466085838
1005002069690992
1005002499141264
1005001921785375
1005001798468982
1005002413462532
4000904379649
4000238747397
4001179238662
32976170275
4000401774589
1005002186976589
32888847882
1005001592152904
1005002378586175
1005002374537106
4001361237603
1005001721640936
1005002436820563
1005002442949219
1005002401728713
1005001416027476
32966427417
1005002293915671
4001062644363
1005002426248268
1005002303972722
32848648583
1005002125172902
4000842640472
4001334355246
1005002078289740
4000073415963
4001214221656
1005002313462896
1005002492496422
1005001269910557
1005002275190779
4000818328092
4000630242357
1005002332452369
1005001664375441
1005002454297235
32986432804
4000049937832
32973416942
32996206343
1005002346042711
4001334189061
4001296387693
1005001580355606
10000395951065
32884924766
1005001606320938
4000308159590
1005001626629518
32953009410
1005002339479389
1005002054351125
4000887905618
1005001505530821
32842051972
1005002314142808
33021767114
1005002404571453
1005002281892495
1005002065608806
1005002454761373
4000626080059
1005002214859411
1005002314393818
1005001792239793
32802197115
33057236147
4000863962552
1005001391885641
4000124194190
4000955175289
4001230724141
32566132615
4000812457777
4001135743800
1005001419684762
1005002095179960
1005002337568652
1005001917648806
1005001578835444
1005002122461377
1005001717974747
1005002410830840
4000902848055
33053628718
1005002316286321
1005001940221122
1005001487800543
1005001757505787
1005001381208382
1005002198155475
4000468955335
32828442425
1005001699672120
1005002467072665
1005002205595655
32662919423
32688595970
1005002358086852
4000371295007
4000711624417
1005002286282353
1005001966372737
1005001866905158
1005002376622810
1005001494969852
33007883716
1005001457272629
1005002279093601
1959243421
1005002472457531
1005002231433373
1005001500396419
1005002091635875
1005002264686426
33000187421
32913811393
1005002467411831
4001345373291
32971239190
1005001394071155
4001167688223
4000039120421
1843598520
32953278885
32723672291
1005002382459420
4001238598562
4001040565006
1005002389128345
32900016831
1005002439579140
1005001280449358
1005002272807286
4000826995705
1005001867923450
1005002326554736
32965760311
33008193142
4001241415778
1005002336456401
32844493145
1005001484342298
1005002397896324
1005001797184558
1005001375110185
1005002441712352
1005002412288157
4000631126791
1005002390773392
1005002489396992
1005001613240390
4000811189456
1005002272888359
32963091986
4001282633102
32948564591
1005002314304804
4000916737879
1005002176181478
1005001828369977
1005001584333901
4001209054183
4001076969603
4000173090353
1005002103002965
4001280696861
1005001494905428
1005001325808711
4001167761008
1005002324004583
32814799854
1005001966956786
32974159879
4000790113068
1005002414711202
4001041630876
1005001498533855
32795512415
1005002239201407
4000780653356
4000009557051
4000786432125
4000784529776
4001036674346
1005001865468608
1005002314975041
1005002476044753
32919661776
4001038928791
1005002387015100
1005002375998687
1005002306033505
4000151630931
1005001488318652
4000788963256
10000411905739
4000694565322
32904255718
33011877259
32799292559
1005001570026889
1005002460135213
33012287964
32981152967
4000979073043
4000485007655
1005001452829975
1005002425615589
32959566739
32692627404
1005001869932647
32870939965
4000815950270
1005002234254118
1005001445780638
32867873881
1005002294896891
1005002432947315
1005002453053852
1005001503050096
4001361151194
4001285862785
1005002246725355
1005001612595649
4000922183009
32895104725
33027549156
4001022726424
32512174360
4001174782565
33064455618
32534215076
32416123121
32806640462
32884295915
4000937416766
33058259000
1005002314388218
4000346309507
1005001860410725
1005002482947836
1005002485745642
1005002322003827
1005001435873562
1005002342588221
32800808186
4000712047912
32803032910
32957393326
4000794018160
1005002497158238
1005001759014124
1005002297576254
1005002423176215
4000898684195
1005002363781836
32869249795
4000905695380
1005002357313354
1005002246462459
4000236581472
32853334978
4001270448388
32913199293
4001202999121
1005002177763851
1005002459123957
1005002380436413
1005002296996177
1923505910
1005002231391010
1005002468542124
1005001935736763
32907335782
1005001757965091
10000025580272
4000887290151
1005002255569027
1005001795416693
32710289839
4000283428517
32981343990
32855041663
32820487328
4000245992154
1005002281011173
4000135375903
32767233428
4001089194052
1005001580027195
1005002389131090
33034393888
32868180602
4001347340972
4000929476102
4001124528925
33006455026
1005001511516400
1005002211443229
1005001309578016
32905370339
1005002182245085
32915533547
32868234773
32865597478
1005001496449623
1005002485751535
4000683817784
1005001265331900
1005001736740563
1005002462384892
4000548390313
4000241076169
33010202579
1005001665858136
4000629037192
4001222767001
1005002497047574
4001249198868
1005002264331969
1005002394950634
1005002418589139
1005002041888995
32919917854
4000539436957
4000735920370
32975611351
1005002094549404
32810011711
32965589793
4000794165510
1005002305144221
1005002288948505
1005002377377967
4000464777170
1005002393476969
1005001609792108
1092463081
32355166363
32542855007
1005002258100369
4000777497841
1005001872940479
32870534873
4001220073205
1005002264497775
4001202776215
1005001397875325
1005002243996255
4000836639140
4001129492115
1005002368517834
32980465593
4001282516149
4001050803452
4000216043919
1005002277643645
1005002364069201
1005002411512289
1005001438822326
4000385163097
1005001599449892
4001040855777
1005001314792789
4000768431617
1000003602433
1005002083553944
1005002243910658
1005002282595353
1005002194291590
1005001409257542
33060280934
4000459475989
4000791500448
1005001445110297
1005002490104081
1005002217595452
1005001984323764
1005002084176942
4001128211952
1005002292970747
32921710890
4000156317474
1005001888819913
32965087829
4000411193883
4000061705345
1005002139327367
4001318232416