4000324354885
32791321032
1005002324063465
4000735734601
1005001854588764
1005002267692126
4000236480954
1005002033274206
1005001728320589
1005002146570217
1005002002491662
33060052121
1005002012905091
33005234008
364924640
1005001600054206
32945412613
4000063613794
32951131662
32999848304
1005002427101513
1005002347280881
1005002313939911
1005001436772885
1005002023951326
4001203422160
32840180202
1005001822008167
1005001440817460
1005002233637249
1005002353208488
4000858469937
4001275037656
1005002278746784
1005002399581927
1005001381196719
1005002264534616
1005002228378362
33028306391
32863069431
4001098227648
1005002406589880
32845757660
4000341389743
1005002372131369
33000813779
1005002433091442
1005002085404771
1005002323287556
32980832789
1005002177468281
1005001466324743
4001042675488
1005002364427188
4000741625784
32842863103
4001247591368
1005002363476527
33004816030
1005002323369482
33034922905
1005002409325228
1005002175478754
1005002273946471
1005001941671425
4000423933602
1005002059799988
33047929014
1005001793094411
1005002464936064
1005002434156437
33014613426
1005001611375948
32940736759
4001214356200
1005001961995911
32800776645
4001199300393
1005002328423898
1005002314258743
4001090373042
32815753287
4000696058035
33038638434
4000122398787
1005002008423097
1005002425704456
1005002275166718
1005002194172045
32796089013
33001672750
32829998442
4000826424329
4001216445527
32825420125
32818673053
4000410604554
1005002262200803
4000038292616
1005002357487287
33057803192
32913075105
1005002301456654
32368492945
33040509130
1005001857179411
33011513875
1005002340567977
4000113475033
33013676482
1005001302113003
1005002275901462
1005002285072059
32917433783
32804394447
1005002400016228
1005002053395754
1005002420864288
4000264421774
32948414194
33014839904
1005002319461106
32775005758
4000961342627
1005001670816457
1005002175642422
1005002319657013
1005001367691509
1005002352110107
1005001500300270
32900867690
1005002091169364
4000715178248
4001218246135
1005002365137347
1005002488699515
4000186433856
1005002286283599
32916667107
4001315565214
1005002413401808
4001114401543
4000894733109
32866685237
32544051184
32694297483
4000095641434
32864567314
1005001448717834
32890777629
33011552374
1005002347840014
1005002333768201
1005001619599418
1005001896245890
33061746104
1005001978005722
4001265497851
4000570875912
4000975201420
1005001604186504
1005002311197616
32844660141
32892488295
32608361707
33000945855
1005002328420176
4001117937511
1005002146587530
32808709997
4000883946593
32997686494
32911056012
1005001881292398
1005002395125214
32814736461
4001361001894
1005001287991980
32982339431
1005001617167512
10000007733994
32998788858
32834446661
4000053708221
32948381572
1005002464671188
32967146405
32708883158
4000371291951
1005001345647808
1005001741062822
1005001493167711
1005001374819995
32792390311
32526201511
4000682375629
1005002425210870
32951908412
32970823400
1005002348540065
32919613648
4000414356119
1005002427063154
32708093246
1005002346944310
32989627499
4000310718053
4000997105109
1005002004696670
4001039834367
1005002435575223
1005001586130701
4001275452796
1005001763955962
1005002388882164
32965135382
1005002097303235
1005001834152439
1005001394000962
1005002398738601
33001859778
1005002171532483
32948189813
4001203042533
1005001772036084
1005001907177436
4000348604951
1005002433242686
1005002345230040
32832153289
32777105216
33051963070
1005002275647021
4001030595796
1005002323732633
1005002476308073
4000807399920
1005002008197553
4001050304647
1005001754084329
4000083144399
1005002344369194
1005002275469830
1005001564668170
32859252775
4000261078181
32982463303
4000584743136
1005002233133414
1005002363823829
1005002388356568
1005001805449212
32986599249
1005002019320500
1005001780739076
1005001635374324
32869875329
1005001499438014
4001228496309
1005001592548299
4001360049871
33055303196
4000219159215
33052470295
4000241013229
32829792868
1005001494693583
1005001499121208
1005002252227485
4001274964394
1005002388273837
4001297359259
1005001587836103
1005001762898642
33011487555
1005001873254484
1005001315118121
1005002360067617
1005001953525678
1005002489966516
32828397002
1005002324617883
32829845660
1005002333138978
1005001731917474
32922236526
32819453535
4000249525248
1005002315035690
4001039361562
1005001763059685
1005001493344279
1005002487154787
1005002249034028
4000033977667
1005002179280557
4001176434682
1005001917582392
32878182686
4000425214266
4000094108680
33017395850
32996256443
32968371299
33054957622
1005001349998214
32819274653
4000799355846
32889724408
4000267256534
32382336205
1005001468020539
1005001625134550
1005002427841622
4000438277163
32987482044
33008797886
1005002315190824
1005002425229978
32907004083
1005001968280632
32652711853
1005002314470063
32893184234
4001244908822
1005001511336022
1005002350614979
4001294915058
1005001948512550
32899775407
1005002471698167
1005002329099696
32973352681
4001230351584
1005002070059796
4000336985710
4000090236545
32819783755
32811152330
32581857360
1005002203559913
32884524113
4001066103494
4001225255366
4000554810368
1005001320124270
1005002099517195
4001316331686
1005001679186607
1005002333167290
4001007312890
1005002413868810
4000964581780
1005001397445773
1005002346305591
33056634817
1005002221685453
4000844963526
32688196928
1005002490939066
32855323940
32700015622
1005001927144100
4001010977954
4000472452511
4001038309714
1319006094
32806028666
1005002328718365
1005002412705340
4000468476741
1005002426158342
32930949665
1005002322370908
4001068180500
1005001273816810
1005002383519928
32826452017
32915265092
10000012931972
1005001606473149
4001227014244
4000042486134
4000910260674
32999837761
1005001843597321
32967348326
33048279108
32974955687
1005002394455070
1005001616709847
32770908819
33012829180
1005001382378266
1005002167851694
32962088222
1005002358752033
1005001957440430
1005002393757544
4000107574247
1005002352487360
1005002231630454
1005001607642770
1005002416479690
1005002454252655
1005001757440925
1005002313113312
4000618046221
1005002085787543
4000850667764
4001276246848
32322696544
4001013001641
1005002314128830
32973040959
1005001617135601
32904526469
32809679654
1005002377313293
1005002328618128
4000301219803
1005001785349302
1005001546726740
1005002485098450
4000758569172
1005002319361952
32887897384
32977000788
1005001893149749
32845674654
1005002440208595
1005001956725250
4000800972771
1005001834863130
32896118382
32994799668
4000602573883
4000300928398
4000054396975
1005001515832699
32952534422
1005001444847799
32844707935
32819465721
32301385325
4000162437810
1005002430364794
1005002460218882
4000432810728
32629267199
32998135693
4000965358788
32991401874
1005002395979678
4000606338246
4000114619105
32859227557
1005001880445271
1005002489124565
32965638287
1005002330531928
4001283911407
4000385337149
1005001695475873
1005002305918836
32819510769
1005002394985700
1005002275580593
1005002316852648
1005001870106629
32918702424
4000672431768
4000467607350
4000005611179
32700007927
1967529535
32967904424
4000080540672
1005002050560644
33005196410
1005002300229965
4000546656172
4001143500650
4000112161011
32820361641
1005002323472711
32947123547
4001083007322
1005002065501146
4000333074776
32958120820
32831969496
33014159369
32887442025
32737166530
4000162741561
1005002383080930
4001144943486
1005001585737864
4000945331421
1005001559896859
1005002367278489
4000178127355
4000615108605
4000259233715
1005002391432323
10000195125968
1005001952997961
1005002482312893
4001163072945
1005002185668899
4000081684814
32830669073
1005002288652638
1881050850
32839044022
4000437460294
1005002052484628
1005002305702787
1005002467756666
4000588649519
32534100803
1005002204501835
1005002344045096
1005001647352403
1005002252601942
32992435628
1005001739426952
4000773652048
1005002397850096
1005001693471836
1005002366063460
4001343841031
4000627964685
4001084446241
4000456796256
4000094027660
32696162334
1005002270365559
1005001531235280
1005002314396936
4000933868181
4000718158449
4001345751138
4001024759954
32995332941
1005002474111412
32531955658
1005001894280548
4000960844928
4001183900055
1005001935792706
1005002454275991
4001056964478
4000039100966
4000381815935
32818728960
4000268715993
33011409395
1005001450653564
1005002324898683
32892475984
1005002063770134
4000396849293
4001204835107
4001037679099
4001042011638
1005002242783863
33054518266
1005001406058001
1005002128223208
1005001360507103
32793465109
32893554287
1005002383180960
1005002315430828
32838282012
1005002300221537
10000091656810
32993509801
33037983844
33043656403
1005001961701355
1005001505928279
1005001880076793
4000209639184
1005001894589362
1005001351745243
32918278715
1005002471618828
4001280406362
1005002376163860
1005002376813433
1005002167343303
32902171837
32953175150
1005001953535902
4000279671795
1005002353171834
4001151176403
32968947101
1005002072286552
4001086292706
1005002319469455
1005002228608309
1005002227901920
1005002305179694
1005002273763153
1005002357823803
32700598858
4001041863556
1005002359023591
1005001921097386
1005002181087895
1005001721872197
33047164872
4000186451140
1005002119884937
1005001982680520
4001107356663
32878877501
1005001710086024
32990435105
1005002349625734
4000117482364
1005001448217444
1005002334038545
1005002281134998
33020072277
32844692529
4001230502334
1005002406663555
32850924348
4000925952806
1005002241610947
1005002250585638
33011313066
4000384349639
32802713675
1005002060869456
1005001411677800
1005002433690362
1005002355762446
33043964425
1005002101640880
4001136295244
4000127118362
1005002313720167
33016203643
4000720989551
4001065053274
32754106642
33023660384
1005001657019155
4001289990280
32966530342
1005002258073901
32915353226
33010179667
1005002294381594
33017492605
1005001368195810
4000760472431
1005001800831503
33001070361
1005002331945401
1005001859155561
1005002394418266
1005002275451105
32948859454
1005002453259402
1000008416619
4001045840226
4001224512883
33041649893
1309704769
1005001753898794
1005002362245720
1005002260076932
1005001606919225
1005002301984624
1005001910835385
4001045813989
32959632795
1005001901237955
33033234938
1005001571637954
1207632262
1005001961601437
4001050943301
1005001596683442
32865480613
1005001734727542
32856216252
4000048189636
4000216243069
1005002306683115
32790442172
1005002016907397
1005002359212184
1005002408325866
1005001950746006
1005002321762658
1005002292978368
32953250532
4000625794045
1005002362100290
1005001599239633
32847452922
1005001393892709
32913223649
4000069053411
10000290150915
32890007714
4000036861344
4000747419747
1005002473695249
4000837747950
32998526632
32828348222
1005002238944913
1005002355721070
32841284098
1005002488242833
4000687259479
4001324327821
1005002168109648
33051653507
4000076171443
4001200270303
1005002337405072
4001037982819
32596978624
1005001923703667
1005002350613976
32901891091
1005002313685694
1005002374426593
32975518801
32366060981
1005002325260140
4000874681223
1005001729506010
1005001692496679
1005001313330529
32842632582
32982000682
33013147501
32763874076
1005002375375701
1005002449688899
1005002231756061
32964730948
1005002118946435
4000551537829
1005002172888639
4000387191256
1005002006377837
1005001280489886
1005002380828007
1005002328164406
1005002210971009
32844785206
1005001912231629
4000785856090
1005001864925320
32894845814
4001174373677
1005002134797797
4000942857234
32841402587
32999470490
4001157177858
4001014471406
33004368129
1005002260569074
1005001728188000
1005001512323434
4000627333669
1005002074796878
32983435426
32985644437
1005002287929251
1005002346904759
1005001605071897
32995738250
1005002394187749
32826123433
1005002328445128
1005001872039221
33014931190
1005001264776199
1005002277830443
32902333433
1005002443705074
1005002487972457
1005002386902668
1005001749909096
1005001839687990
1005002284984059
4000310620467
1005001982509096
1005002337868204
32865681211
32888368311
1005002314381063
32885950247
1005001710223193
4000800667739
1689446353
1005002474475256
10000397741960
1005001380035754
4001346244022
32832001812
32825969509
4001031440441
1005002360030306
4000677762723
4001225965964
1005002192651665
1005001952190934
1005002330230983
4001289978225
1005002398025545
1005002314291524
4000723305177
1005002287766545
32864314851
1005001468766483
1005001304510063
1005002405995405
4001015423943
1005001633520195
33009836866
33004301328
32908344353
1005002191865558
1005002272217252
1005001863994895
1005001337852440
1005001846598525
32853875176
1000005949735
32999884072
4001320953100
32921297668
4000259624703
32861557908
32867845895
1005002316000858
4000429615594
1005002172369082
1005002240934696
1005001792408065
1005002293995702
1005002135059033
32860790782
4001172961681
1005002206822620
10000395871887
1005001366251633
33048651320
1005001960414791
1005001682369233
32908260731
1005002291030596
1005002224242630
32895464379
1005002368991599
4001317571107
4000931921884
1005002382647616
1580974150
4001263628062
4000348694167
1005002214897471
1005002340609922
1005002389238469
33000846419
1005002318379581
4000314862571
4000392795459
1005001441469534
1005001761683513
4000410251228
4000881801568
1005001566883519
1005001388404655
4000352989370
1005001713006465
1005001845876882
32836026112
4001243829038
4001052614826
1005001397047251
32977815596
1005001581486432
1005002495295072
32978611297
1005001470729332
33050485974
32964745852
1005001296312309
32975840915
33035065544
1005002328949218
32963492598
33012136694
1005001515849637
1005001967295265
4000490497318
32888819970
1005002390181314
4000554871192
32995882856
1005002278849749
4000249238016
4001280286936
1005002289212571
4001312644511
1005002076103909
32892203595
1005002229897479
1005001704262807
1005002258950214
1005002489260306
1005002262947488
33056197994
1005001764704500
1005001577279049
4000195326906
1005002282851970
1005001983246133
4000458988823
32925805452
1005002486278477
1005001605076363
1005001710088931
4000169936542
1005001320833567
4000803378407
1005002096507787
33053158115
1005002314901588
32859351010
1005002142749603
1005001797283296
4000007248456
1005002318419379
32834553467
4001130803519
32809603147
1005002243389434
4000480141837
4000545749017
1005002263875753
32858166259
1005002033924854
1005002370359105
1005002334730652
1005002396346572
32834707107
4000120989530
1005002265088331
32907048547
4000369961886
32840049731
33042753555
4000822090658
4000336923421
1005002049370144
4000164322700
1005002211530164
32823646765
32948435271
1005002203916751
4000386667250
1005001408293959
1005002283107564
32952524158
1005002301433460
32847433768
1005002339714849
1005002419569938
32859444816
32946334099
1005001967266922
32910118638
4000813382189
4001285008921
32843824170
32473398839
1005002232717195
1005002450440576
1005001921684396
4000170803159
4001030764740
32812176888
1005002439382687