32951793304
1005001571509631
1005001812908768
1005002489095929
1005002262529414
32997238976
32917460348
32457644521
32785908706
32887189523
32895436562
1005001683656252
1005001349723413
1005001953198076
1005002359162791
33000197149
4001037455705
4000341031422
1005002314407127
32759034721
4000661024981
33057520782
1005002458081352
32974498619
32893544603
32896574451
4000309843058
1005002287488303
1005002350775624
32648039081
32989583198
1005002393500489
32810006667
1005002378733140
1005001469694065
1005001688062168
1005002382655335
1005001905531426
32969885880
32847848015
1005001350244620
1005002337988031
1005001329781542
4000744630082
1005002002300979
32853184523
1005002056200757
1005001760058351
1005001628559031
1005001694230547
1005002143729033
4001286714133
4000401951736
32866138130
4001262473807
32973649480
32872530045
1005002263683621
1005002319993672
1005002321842436
1005002103250506
4000983115510
32281647974
1005001495892684
32630738969
4001167583350
1005002171577974
1005001673225229
1005002454370112
1005002383109685
1005002167063741
33031867496
1005002052167213
1005002068909190
1005002064336947
1005001339081283
32579693704
1005002439554227
1005002382550959
1005002250206847
4000438986916
1005002388961082
1005002443111301
1005002364174946
4000106204216
4001196642670
1005001365561457
1005001996457809
1005001381983872
1005001834542844
32825338265
1005002350725623
1005001626732817
32675773976
32986956573
32931622254
1005002381193532
32959879759
32855420316
32851501036
1005002364017289
1005002259065484
1005001942096399
4001187042755
1005002334108798
1005001619707880
4000811745626
4000120312920
1005002002779888
1005002319119847
32815000718
32917544331
33008346775
1005001816587736
1005002066097031
722344756
1005001431742288
1005002350943216
33009731895
32380362323
1005002132800521
4000318948828
1005002395118303
33012660554
1005001355279921
1005001875278257
1005002474922227
1005001905164530
1005002337136277
4000662437741
4001295311045
1005002066343163
32684636144
1005001704100701
4000780038096
1005002187679414
4000311385187
4000450557296
1005001516683314
4001026429864
1005002140973901
1005002095705286
33015693908
4001202490928
1005001867979714
1005002319153165
1005001687232920
1005002244368030
1005001839663781
4001156491847
1005002260341932
32987509045
1005002320843724
1005002270917218
32626691333
1005002353198929
1005001648662728
4000884938567
4001103503071
32890740111
4000759801605
1005002372317435
1005002324175049
4000938540852
1005002077386708
1005002335297716
1005002213541099
32901129059
4000385547104
1005001763447637
4000953695151
1005002220869323
1005001320917761
32432339699
1005002247984186
4000672200775
1005001616621372
1005002487738619
32828691969
1005001525891721
1005001307338340
32457153610
1005002431405744
32901507079
1005001768569161
1005001565714424
1005001584824929
1005001604131490
1000001732430
4001278924412
1005002437718585
32809930291
20000004457311
1005002239070878
1005002486116073
1005001583837078
4001145377557
4000697184103
4001081272494
1005002425898276
1005001464515562
1005002441702844
32853608800
4000695014709
1005002450002448
1005001472042610
32947309839
32601094238
1005002305860428
1005002254633246
1005001756908423
1005002220593577
1005001500439330
32961098712
32969077166
1005002314626641
1005001872850583
1005001432326304
1005002466606757
1005001651274679
32972096511
4000088772930
32887595848
1005002358968883
4001055001238
1005002331614125
4001225100920
1005002298649438
4000557387767
32957255564
1005002283453288
1005001302625936
1005002166478987
32856379529
1005002145052511
1005002306015667
32967165986
1005001397419993
1005002003000319
1005002304097010
1005001472105745
1005001923455933
32855167591
4000244194546
32721795951
32609200439
1005002315874101
4000156284517
1005001744525985
32913707667
4000840664841
33050929621
1005002355276411
32858127045
32956889404
1005001611980390
32964380953
32990947686
4000604305339
1005001429149080
4000044565348
1005001845012389
1005002337266047
32851207395
1005001417792517
4000808320774
4000985155047
1005002355353356
32885013300
1005001289947455
33045371288
1005001615899548
4001328323642
1005001936031480
32908245571
1005001337419956
1005002282186973
1005002314333285
1005001863321604
1005002416447530
33032785419
1005002398784971
4001045424729
4001085988208
1005002431014635
1005002228942651
32617364607
1005002095858496
1005002319218886
10000037772269
32857356082
1005001811193033
32823479265
4000471227974
32297924875
32915557715
1005002312117648
1577431463
1005001671102347
1005001398220819
1005002166692660
1005001913823798
1005002279622447
1005002377383342
1005001603096669
4000392173138
1005002035485015
1005002346934262
10000374559735
1005002378138532
33039624719
4001296557368
4000170247932
10000311449511
4000699162225
1005002265760875
1005002332655515
1005001531515089
1005002287337591
4000885713435
1005001630513916
1005002211673790
32279436630
33048972357
4001166886663
1005002384654845
1005001852281213
4000104533213
1005002012021242
4000276749310
1005002291951089
10000397755231
1005002329211255
33012310815
1005002397756181
1005002276877364
1005001582866936
32604837931
33019334578
1005001587224748
33030278937
32806741748
33046835111
1005001515925436
4000619103504
32651624553
1005002336673921
1005002350614537
33054458907
1005001789810574
1005002292770351
32214048256
32919366133
4000782566949
4001248663078
4000688667259
1005002342745782
4001339286818
4000395770606
1005002261007386
1005002118736376
4000777445926
1005002427431925
32869808161
1005001367565804
4000879664618
4001102580648
4000721136290
1005002370465818
1005001640453465
33023296001
4001279830519
1005001784447917
32909727089
1005002393817180
1005002111076006
1005002295594920
1005001927505752
4000988361382
32924649298
32791076814
1005002333483886
1005001365180168
32881744012
4000902567215
1005001417070151
33027792972
32880555454
1005002324182087
1005002427835635
1005002213447424
32862355547
1005002358587273
1005002295046758
1005002425789829
1005002309328540
1005002274073145
32961052383
32834049249
32995593805
1005002100659744
33003341793
4001360911202
1005001495062545
32968776320
32833665911
1005001701482222
32969604873
4000201061613
33027878485
4001156990050
1005001266731580
32703378972
1005002386176382
1005001278866709
32855894444
33032664858
4001153431322
1005001552391519
32842942626
33043478144
32909232480
4000370011971
4000043107123
1005001617278039
1005002126261492
1005001899642290
1005002327296012
1005001456118935
1005002457268450
32865581550
32989826129
4000728381158
1005001807804901
1005002493836011
1005001764289031
1005002467980468
32947112105
1005002089287127
4000971853556
33050001146
1005002405684431
1005002288551648
1005002500476841
1005002375459804
32811390344
4001130956436
1005002474995580
1005001797554313
32958640369
1005002295053358
4000372906204
1005002439497361
1005002329064846
1005002350806042
4001053604731
4000734474814
1005002262495025
1005002136044368
1005002253265218
4000990976692
4000267586233
1005001888319796
32957415699
1005002346262772
1957210651
32986960171
1005002462299026
32843449799
1005001889408221
32816489100
1005002328161119
1005002383774536
1005001478240051
4000437251669
1005002440856871
4000908734563
1005002413261835
1005001988589516
32977268099
1005002433308298
33030022096
1005002416371733
33029450584
4000900483041
4000789958307
1005002094175195
1005002426112277
4001360094557
1005002339217360
1005002179665506
33041481588
32808849531
1005001984546047
1005002264383322
32463556333
4000224281465
32846131231
32534140793
33006138098
4001359195584
1005002141286027
4000423791816
4000307360393
4001203496094
1005002308295603
1005001456570691
4000137060263
4000108688751
1005002060252462
33054190907
4001003951754
32968252797
32985904937
4001270219339
4000826116520
1005002275694609
1005002238445611
4000489261194
1005001895341909
1005001418096981
32793688081
1005002305050384
4001054277450
4001199589100
1005002219457477
1005002196825770
32301231297
1005002043324392
4001224281411
1005002333133561
1005002345039724
4001014779945
4000967994082
4001302762152
1005002291247406
4000752382395
1005002101432623
1005001383286415
4000063266405
4000708943196
32807899736
1005002341041011
4001228606739
4000522429083
4000982466567
33056794097
32991439628
1005002372521225
33017736297
4001248878273
1005002052661026
4001172728436
32978198873
4000061726618
1005002388449089
4001210845504
4000351536304
1005001973866892
4001204984539
1005001921778295
32252525277
4001037271840
4000178063387
1005002387724965
1005001985559089
1005002246292492
32594154875
4000231045049
32849023151
1005001903533095
1005002006421325
32966376116
32895999512
4000676846264
32888084610
1005001689597184
1005002006189081
1005001817894167
1005002462183039
4000933704167
1005002329310309
1005002372049578
4000283809529
32828659036
1005002449781399
4001285283411
1005001839783258
1005002282373656
1005002295947932
4000779933684
1005001779573936
4000126323950
4000895221111
33008712637
1005002441783283
1005002234811000
4000537279893
32962580380
4000499809601
1005001897154018
1005002290998344
1005002002105327
1005001782261068
1005001626330076
32323145755
1005002210699075
1005002281049375
32863501815
1005002293625502
1005002275456104
1005002111901909
4001119540115
4000703565335
32859715779
1005002450696861
1005001284587773
4001317728452
4001313165595
4000519703540
32959570624
1005002081497436
1005002265733871
1005001555455975
4001203496586
32892333210
1005002288384705
33000439131
4000542554912
1005001345207975
4000592864626
1005001797116579
4000050019485
4001351219491
1005001742235261
4001014867455
1005001368588009
32989945475
33022551175
1005001303763979
4000845388901
1005001512603933
32998189994
1005001529423786
1005002324077762
32908741810
1005001984998957
4000534347129
1005002317589660
1005002395879190
4000627167808
1005002323362150
32733426692
1005002390499713
1005001387884728
1005002492605261
32861356583
1005002265196545
4001227290656
32937455260
1005001955138505
32909937481
1005002483237015
1005002473042993
33028188151
33030044568
1005001742534302
32959757870
4000894081854
1005002346069796
4000980684114
1005002348533556
4000188082272
1005001586343244
1005001356110415
33048490841
1005001681562497
1005001315835073
32967602190
32799563238
32903647328
32856477568
4000423203042
32623133917
33016855407
32951869615
1005001805149618
32818848762
1005002399507724
32969304211
1005002028525432
4000823525768
33003611764
32820221484
32847095113
4001191641159
1005002281601662
32892166534
1005002392886554
1005001334458471
4001072126074
32981165411
32918145233
4000134640579
32896640713
1005002368036756
32879231253
32882656044
32526325000
4001204654701
1005002049517154
1005002259375300
1005001789693858
33041345996
33010716314
32850175412
4001115350286
32912906510
1005002342741436
10000397750075
1005002368995391
4000109423544
4000662596334
4001153371255
4000799153173
4000484692363
4000784424569
1005002006373843
1005001329082954
1005001774021437
1005002420281854
1005001562531752
1005002314874732
4000940507978
4001193724478
32991976263
32346364053
1005002231591755
1005002285313722
1005001598740243
1005001844983414
4001230692770
1005001382147282
1005001571169153
1005002418629590
32847148951
1005002275805661
32917116008
32809411933
4000959970216
1005001907421074
1005002197729282
1005001286098079
32780286223
1005002245944884
4000663052283
32868869224
32813616433
1005002474892761
1005002436017748
4000385708584
33024023968
33062502437
1005002409997223
1005002341518887
32823809491
33018873855
1005001337568234
1005001314094247
4000983628207
1005001901212694
32888254135
1005002281512526
1005002238689287
32895442797
32958209007
1005002118955739
32919604384
1005001335194359
32981802765
4001240817278
1005001800463943
4001143026535
1005001588757854
4001201840189
1005002376250895
1005002363997491
4000398039237
32991427320
32739902338
32563426563
1005002387225937
1005002330424648
32922194760
1005002449232320
1005002401317682
1005001519499533
32670030825
32972570769
32933706670
32918765481
4000808625839
1005002204891543
4000114358547
1005001922332940
1005002314327128
4000868668918
4000388983787
1005002273641074
1005002235858205
32889538826
32616071995
1005002408362672
10000022840633
32823119311
1005001561453893
1005001957536270
33061226551
1005002378528836
1005001349960404
4001258658222
1005002245838754
4000884778637
4000986378708
536344112
4000586903841
32947805829
1005002430497014
1005001859311612
1005001665464765
1005002003518496
4000857223244
4000751883841
1005002357207110
1005002389343457
1005002319092060
1005002344658625
32857303004
4000148378044
1005001515896460
1005002359344087
1005001521329048
4000804951348
1005002288195580
1005002440809488
33024486585
32764748305
1005002292244293
1005002416260621
32819252545
4001103568964
4000378022178
32595368888
1005002346919182
4000806042536
4001257230959
1005002055542677
4000537160276
32432781186
1005002231612415
32814592496
1005001823696604
4000200259500
4000367951524
1005002299354813
1005001901514637
32951273390
33057491522
4000292642740
1005002259694451
1005001665723869
1005001365865486
1005002424088893
1005002260164892
1005001731267962
1005001636271533
32853074547
1005001524129549
4000766934550
1897181496
32976505134
1005001670920248
4001337966858
32581104581
32874982510
32986325012
32978462027
4000912791796
1005002275118278
1005001741720409
32960951261
4001142998925
32954274137
4000306679550
32962549452
1005001393273128
33059347355
32888895616
4001051980905
1005002475014644
32600348339
32986085563
32996233395
1005002418161474
32952554159
1005001859062301
1005002268104448
4000896316865
4000642785153
1005002341634020
1005002383676018
1005001479564249
32668038851
32965527675
1005002337909645
33009937499
4001224386337
4000287618720
4001109410583
1483269994
4000442455914
4000176052292
1005001354943642
32596975111
4000917407052
1005002434485887
1005002166014111
1005002277898486
4000982728958
4000771115821
4001111775333
32878581511
32954586378
1005001886236406
33029308465
1005002352871196
4001136445400
33060846860
1005001471520215
32995769265
1005002074637660
4000817486938
1005001621631327
1005002374719067
1005001645944848
1005002302282898
1569525361
1005001942990576
4000786112525
1005002500527207
32891846257
4001061064620
1005001697818081
1005001381314674
1005002291260008
1005002261938601
4001037860484
1005002449888665
1005001676874358
1005002309256623
4000986156483
1005002264905881
4000466096951
1005002003715007
1000006399813
32657004792
1005002294092936
1005001620714782
4000002513150
4001221699681
1005001948215975
4001156399818
4000796948955
10000006974726
1005002186963554
4001163339991
1005002303662268
1005001753385969
1005001567267066
1005001824925410
1005002310980155
1005001476653519
1005002281843504
32662454331
4000557031284
1005002238225156
1005001853402633
1005002314152841
32794740931
1005002400463739
4000370263860
4001290484889
32977825457
1005001525063845
32968931631
4000183071905
4000619276914
1005001731191334
33016289734
1005002344933850