32523832712
1005002375123154
1005001546650127
32792418443
4000373136772
32805428486
1005002172604771
1005002257997912
4001034594793
1005002236287878
1005002214198618
1005002229056293
4001035632917
33062851561
1005002010740434
1005002246265814
4000023493773
32957774656
1005002171190319
33059325419
1005002454347010
1005001614786610
32999352144
1005001872977399
1005001756700553
32852793057
32712353083
1005002241678665
32865159179
1005002238281306
4000712477244
32762365975
4000849865792
1005001659222265
4000062687534
1005001930885576
32837575285
1005002433139892
1005002233558013
32910306666
1005001560625636
4000738982860
33015097530
4000960565619
33005950790
1005002326756323
1005002261145722
33049649783
1005001290461486
1005002290817948
1005002368854181
4000835283482
32908318214
33047625099
1005002409365581
1005001962620676
4000884948439
33014246603
33005554612
4001297887926
1005001593794487
1005002176412714
32817943707
1005002388157378
1005002132398682
32957170370
1005001429628788
1005001385690841
1005002289433085
1005002382792062
4000084557521
32964115585
1005001290262352
1005002286581577
1005002002523763
1005002332485844
4000970545843
1005001489099486
33030014196
1005002231791881
1005002488624232
32539733025
32817548773
33055657739
4000184182616
1005002221844499
32840527451
1005001586720723
1005002253563172
32949758773
32979011477
1005002357546940
1005001304243914
4000680202877
1005001687995507
1005002100798614
32762315268
32638503053
1005001434657267
1005002247831614
4000050618952
32983437295
4000028917274
32584935208
1005002296791271
1005002409590341
1005002039588890
32986224877
1005002339577825
1005002319102866
1005002411368262
1005002038401795
32841721401
1005002340011938
4000055183144
4000467025918
1005002318392543
4000987433773
1005001603611596
32958801667
32882994276
1005002283766995
4000809806059
1005001907739922
1005002323622685
1005002268315456
1005001427329448
4001282228481
32954032074
1005002306413368
1005002007406691
1005002329539218
1005002012750516
32959679509
4001203382717
1005002467538969
32888683223
32884086810
1005001882819081
4000737322380
1005002359008640
1005002203891530
4000987249797
32842509999
4000984958739
32891727428
1005002469090806
1005001971701066
4001194299563
4000906378404
1005002475027986
4001127498301
1005001789543957
4001253867479
4000803682104
32846688131
32786842276
1005002341680138
32933365048
4000461456967
1005002485173992
1005002054775732
33050365935
32892601961
32899645824
1005002309934147
1005002029054921
1005001967852230
1005001441452453
33023991595
1005001939884945
1005001933666098
4000132671218
32843881047
32944896294
1005002413281376
1005001607403765
1005001397912372
1005001642979320
4000821760971
32684596627
1005002311336327
4000439147464
1005002279123057
32893346583
1005001958862046
4000201799370
32857161825
1005002314231326
32780993520
1005001282505117
4001135672814
33018443464
1005002245830654
33004338946
1005001558542415
32905989979
4000464351742
4000628062096
1005001279562943
1005002045508817
1005002389511307
4001079355587
33028453646
4001347612457
32968543470
1005002313130022
1005002498885458
1005001368947072
1005001817029517
1005001349886662
1265009496
1005001652053885
1005002240750135
1005002167459500
4001340185751
1005002395627138
1005001834764344
4000200126471
4000099146671
1005001510896919
1005001948008009
1005002223361782
1005002246614006
32982260178
1005002323087649
1005001625122784
1005001779958059
4000199948634
1005002313258555
32956117196
1005001392657736
32813003491
1005001519853856
1005001936090624
1005002258028726
1005001284402716
1005001524103143
1005001496343831
1005001723828501
1005002212652234
1005001982632735
1005001905402357
1005001868570362
1005001889782949
32848463453
4000220030539
1005002311017210
4001296510581
1005002431583987
1005002167427882
4001248556529
32970660845
32597304021
32959924647
1005002304017498
4001364329311
1005001426624970
1005001366052695
1005002007784385
4000423346065
4000012625048
32841788866
1005002317202937
32880052603
1005001337734617
32757544572
1005002379315789
4001200181883
32869428878
4001058392953
32949824409
1005001718515947
1005002268750199
2021084892
1005002104257568
1005001896396253
33012082824
1005001559781217
1271008487
1005002276938893
1005002314697908
1005002268438426
32964091824
1005002340109090
32855908672
1005002288440808
1005001830451709
32835635926
1005002312210501
4000292842309
1005002314473200
32815872725
33034453394
4001293188203
4001221472576
33009710453
1005002329266841
4001112023751
4000214159472
4000590700675
32861267049
1005002143644347
1005002117146277
1005002337188681
4000863423686
32745230701
32959011706
1005002453442196
1005001585488333
4001232074955
1005002280676950
4000472023903
32791435555
1005002355846725
32846305412
1005001834704564
32578918971
4000118110380
1005002474937591
1000007223631
1005002302268335
1005002182460025
1005002051707800
1005002141410643
4000157071276
1005002249128348
1005001394122222
1005002295000647
4001350781123
4000090287319
32950530325
1005002315127690
1005001264775646
1005001319750509
32946165586
32960788469
33035084350
1005002264097682
1005001346419539
1005002438587219
1005002490558991
32593669203
1005001471037883
1005002235803668
1005001525285786
1005002125541495
1005002354423910
1005001515963017
1005001334858311
1005002168086960
4001186649253
1005002399396711
33026628786
4001158635647
4000944238028
1005001779853687
4000279774927
1005002370126472
1005001582622491
1005002063628036
1005001518064118
33034672703
1005002315397302
33046219637
1005001439071508
1005002055488353
1005001351521005
10000012621101
1005001404941873
1005002239950149
1005001823197629
32834181284
32903298951
1005002413051507
4000785286047
1005001512491620
1005002334316878
1005002477431864
4001011033196
32974260522
1005001370839412
32914592494
1005002375742367
33004054418
1005002425376550
1005002247502732
1005001567920683
1005001381420368
1005002260067068
1005002359337350
32922395380
4001064376293
4001102806392
1005002413244729
4000270179924
1005002436351493
4000201206093
32800863780
33008433871
1005002270267774
32839662528
32950491030
32813889408
1005001905479013
1005002444046976
4001188424880
4000223535356
1005002362303421
1005002346264418
33038362463
4000927642491
33041021258
4000130522185
4001075156546
33027820263
4000105444159
4001304722297
1005001290138333
4001271174529
32958315090
1005002211699039
33004674082
4000755955113
4001315098071
1005002423753547
32861221649
1005002400367747
1005002260493626
32538931251
1005001645020527
4000034431882
1005002065051519
1005002238586967
4001192341811
1005002239989405
1005001621555737
32914508358
1005002314317176
4000711205066
4000027359867
1005002093918345
4000846933874
1005001948459073
1005002343572678
4000764834935
33028140910
32950274436
32893022129
1005002005881737
32912712184
32731293499
32255762509
1005002418185863
4000625423782
33003512587
1005002256374843
1005002427043992
32869947874
1005002433823846
33004934653
1005001774646131
1005002279192360
32978279468
4001053562274
32864471962
1005001818722653
1005001923112251
4000138026466
4000307979884
4000081865075
32841744353
1005001591197687
1005001632378372
1005002291526876
1005001849017399
1005001608402059
1005002318966928
2033479649
4000985258705
1005002337402055
1005002264821461
1005002276541776
32381984260
1005001381440328
1005002425651510
1005001556234429
1005002251768102
33014351751
20000000821775
32832284677
1005002232689406
1005002365218256
32913859155
4000008117202
1005002289954690
1005001657938976
33001733896
1005001988413350
1005002387246810
32716621612
1005001824754203
32985143495
1005002462510670
1005002422112120
32660953953
4001129340168
4001034742141
32812027581
33015231772
33054481772
1005001405249849
32767862798
32987465556
4001052503530
4000815098412
1005002435351544
4001145805790
4000505317648
1005002411691621
1005001438823770
4000206567724
1005001524074624
32851349030
32835399639
1005001563736997
1005001889292956
1005002292292055
33001729638
32750022747
4000171686459
32949106699
1005001324999731
1005001882569882
32989874686
1005002399919473
1005002381940491
1005001700062013
1005002288676726
1005002404263283
1005002194257344
32794043472
1005001619677960
1005001650477580
1005001729325533
4001282164536
32834947646
4000226886546
1005001843404986
32901423075
1005002324543091
32863588919
1005002421455840
4001107915978
4000401158084
1005002287967328
32965141965
4001130781832
1005001845922799
4000626123413
4000323118007
1005001515832637
32891400954
32829857969
32956161161
1005001901477870
1005002337776718
1005002427956923
4000235064218
1005001644779041
1005001296304529
33018898787
1005001334515021
1005002192361089
32884063727
32844450740
1005002277922400
33043451116
1005002339650022
4000088076276
1005002290237010
1005002356253578
4001200572539
1005002206857249
4000775092291
1005002378927845
1005002432555619
1005002425899444
4001082275809
1005002447403266
1005002253052985
1005001778505516
4001210259150
4001332981707
1005002337424136
4001164437082
32982651994
32671082819
32887656050
32479004844
4000467387846
1005001484716708
32533180429
1005002014631489
4000921164662
1005001785944137
1005002274676915
1005001511791644
1005001812188796
1005002443699395
1005001816449588
33011663579
1005001463340753
4000586583315
32921531556
1005002352924576
32770054381
4001237178865
4001019317147
4000197808710
1005001658643780
1005001709106693
4000986241577
1005001430856182
4000989285739
1005002171181037
4001015820047
4001319590406
1005002402727031
32996992026
32814152388
32963901262
32904411653
32672394111
1005002353244908
1005001565156112
4000465905963
32905496649
32959041703
1005001313480631
1005002339307841
32868533516
32606982126
32701627125
32692041846
4001097485554
1005002170943920
32852316716
1005002356490355
1005001800540686
32755561203
1005001320127529
4000080874937
1005002150967209
32853356586
1005001797374208
33060310678
1005001696063745
1005001667863009
32857024445
33030225272
1005002055227308
32959868269
32825473446
1005002304385117
33041923791
1005001809249541
1005002376081808
1005002254428044
1005001872568444
4000458258119
1005001994644513
32961501564
1005001288284227
32813498913
32897923883
4000798516052
33029428680
1005002344845475
1005001992341121
4000780952574
32802491900
1005002386996278
1005001709530390
32859623048
1005001933191341
4000274280360
4001258997456
1005001896957507
32797683327
1005002377477582
32750168784
4001196938327
1005002233631174
32838254710
1005001681069606
4001042599979
32818117832
32683408623
32814044654
1005002454419128
4000207173588
1005001686020964
1005002417017369
1005001641854898
4000429581406
1005001779289673
1005002398332579
4000982063884
32620639135
1005001607660368
32810472507
1005002338668194
1005001849473443
1005002459699686
1005002221005239
1005001294198933
32288691924
1005001476498236
1005002054315150
4001149543230
1005002363022076
4000738241567
32821583503
1005001525257981
1005002476602790
1005001629529787
33027529154
1005002490471259
32783167005
32899883143
1005001617524795
1005001897165156
1005001879988470
32826157255
33047538881
32813179235
1005001895437797
1005002455064184
32840943837
1005002466351482
1005002129019468
4001078703370
4000546566824
1005001697692777
4001027792251
1005002465505838
32671790003
4001028893382
1005001709978649
1005001656728785
32864586663
1005002274228178
1005001597613408
1005002426886700
1005002318063350
1005002384972487
32918887883
32854848984
1005002260926585
1005002288036997
32911932316
32698198211
32995776319
2054990212
4001022191922
1005002382830092
1005001364874318
1005002197576825
1005002315889613
4000288133773
1462133055
32676387454
32997227943
32877574202
1005002240892740
1005002401332420
4001180604492
1005002317844592
32992361538
32832244979
4001289483931
33039227856
1005002272460657
4000842658737
1005002315991876
1005002028265139
4001039115108
4001284194370
4000979243078
4001099380814
1005002499513390
1005002164984901
1005002396463083
1005001841915105
4000113476696
4000093084509
1005002272356930
4000695626228
1005001715067263
32858676001
4001092294191
4000960551908
32884355226
1005002119705215
4001026497110
1005002443060825
1005001927463877
32922849583
32981157514
1005002295240982
1005001493722344
1005001451811903
1005001565125964
32932752557
4000734716992
1005001388517584
1005001464704264
32842373076
1005001703046727
1005002120934852
33003916103
4001165263788
1005001806986910
33026194124
1005001416921567
1005002327148608
32903083376
4000173399489
1005002206297287
4001230488131
1005002483146163
1005002390119551
4000210939615
32742903468
4000062520844
1005002314222915
32890049265
32860692889
10000401596590
4001072087266
1005001387794995
32995940596
1005002495549092
4001273189673
1005002037197079
4001278925233
1005001402321571
1005002027011706
1005002071006080
1005001863570424
1005002345273739
4000197231301
4000157043860
4000632551402
32816925908
1005001854089756
1005001923107688
1005002323613422
1005001452805056
32854528319
4000002184843
4001327308191
1005001834909582
4000191066052
33012873113
1005002211929679
1005002285744432
1005002353150181
4000987411013
32965852419
1005001914711161
1005001380923846
1005001558490269
1005001900424133
4001365379204
32910690422
1005001971216701
4001146369526
1005001505285239
1005001840677079
32850458537
32962978614
1005001576443439
4000200707513
32976467550
4001101302054
1005002443622886
32847533192
1005001570376081
32901096436
4000972655682
1005001638349695
1005002286309315
1005002314172587
1005002313058317
1005001889941612
1005002386241294
32603892751
32956609081
33055745842
4000694610238
32840771663
4001252888245
1005002191489934
1005002354090640
4000017666475
32855504371
1005001373227578
1005002480288233
32889152165
32856133612
32970250928
1005002272154217
32945183455
4000924754090
32920401145
1005001597606695
32920755612
1005002033494550
4000086515028
1005001837092214
1005002364237350
1005002443120343
32964589423
32650548731
4000211008797
4001321024955
1005002287360332
4000910645682
4001090008833
1005002271317998
32999888304
1005001386840259
32978185088
4000252530465
4000382525825
1005001987073180
32952337277
1005002337210459
32905116587
1005002259455648
1005002032897926
1005002398715026
1005002356807249
1005002314480570
1005001717879021
33046235810
1005002314292965
1005001411588466
1005002390176930
1005002420918524
4001179994056
1005002015691066
4000295736983
32957648518
1005002476127421
1005002382984665
1005002412561370
1005001407085243
4000489700054
32898512617
4001264005090
32920866578
32999762439
1005002137746335
32888679488
33044987240
1005002410846716
4000991093518
1005002067827715
32998322883
32744835068
1005002337692045
1005002315178762
1005002281985812
1005002373333784
1005001361799074
1005001978265262
1005002211923009
1005001688793635
1005002475823404
32844347606
1005002418785921
1005002212277122
4001116599672
4000183428588
4001108645177
32959920553
4001122592567
1005001381790802
32562631243
32934987560
32988542073
33043792712
4000999828007
1005001331698443
1005001762474092
1005001763138430
1005002336491802