4001316242762
1005002468930965
1005002323600333
32804598830
1005001854837967
1005001297750459
33006170845
32912993865
1005002054694695
1005002346336504
1005002171761924
1005002388453173
4000278919502
32423016052
4000826948821
1005001940658720
10000011498324
1005001392636776
1005002482896102
1005002233078689
4000170110015
32887591717
1005001594355330
32983907794
33050751195
1005002256513569
4000549260578
32790493470
4001230785574
4000817773426
1005002294181761
1005002358718681
1005001920124971
1005001686255039
1005002350057094
1005002246228601
4000730674197
1005002172272478
1005001845713380
4001085409925
4000833784523
1005002469234362
4001097804733
1005001725636696
1005001657143367
1005002348174605
1005002293548782
33027942576
32949476976
1005002199294867
4000576178568
1005002289599637
1005001795348066
1005002348294180
4000226412320
32608572157
4001271870331
1005002438943495
1005002343220820
1005001864028306
1005001439207002
10000291027213
4001039296488
32688767537
32974951677
1005001691076678
4001119552384
1005002319580403
1005002347354015
1005001567726574
4000224765758
1005001838828586
33023319897
4001096155157
4001038799912
32883446707
1005001572203330
33043663894
33015737658
1005002286852640
1005001295864621
1005002309002420
4000850553099
4001290508497
1005001287801309
1005001942194745
1005002342512797
4000217365725
1005001349483730
4001313106823
4001330356904
1005002363024924
1005002108647287
1691229387
1005002313796291
4000509774254
1005001588183097
1005002037798346
1005002374065798
33032605093
1005001529036812
1005001961212297
4000708768168
4001037170004
1005002340577028
1005002312268169
32823412208
1005002276265491
32983600059
4000190619053
1005001877435432
1005001761937409
4000148955958
1005002326604671
4001139154449
547927245
1005001919129218
4001175168322
1005001501126746
4001267275784
33050452618
4000538631557
32991469177
4000300079479
4000471910878
1005002396514711
1005001581949099
1005001566636594
32841277739
1005002407681860
1005002351607862
1005002291730011
1005002313493666
4000690544566
1005002028745294
33059941317
1005001914917408
33000059111
32795976645
4000688979956
4000108697637
4000329463560
4001333049777
1005002210611821
4000836159695
33053062603
1005002303935548
32624827312
32855724747
4000960310196
4001221926544
1005002368653860
4000294155391
1005002336984210
1005002233178541
1005001366227474
4000277441584
1005002329657905
4000763783525
1005002254183197
32982239707
1005001598081151
4000356861177
1005002383193528
32383806587
1005002465475347
1005002313816420
1005002365047714
4000203315294
1005002491867327
4000433495602
1005002232836213
4000692993840
4000257372900
1005002265214006
1005001582578443
4000769836559
1005002356505929
1005002244577715
1005001949592991
4001130952509
10000088993406
1005001781366277
1005001960445835
32859624357
32827098094
33006858304
32534353206
1005002099803482
4000027770190
4000468735702
4000326889984
33048521257
1005001670514052
1005001998616880
32849047862
1005001594412352
1005001860155506
33017389978
4000552896488
1005002303084334
1005002314661193
33016893737
1005002388092908
33047374825
32861284977
4001154031507
1005002306038402
1005001896616622
1005002364631066
33044061106
4000956470294
33030293874
1005001265385941
32975056790
1005002332892872
32890363420
32816154879
1005002052616354
1906050768
1005002364445131
1005002016728483
4000384302538
1005001805142938
32921440167
1005002177848526
32613356094
4001197450541
1005002348970021
1005002350431876
4000024331218
1005002340988936
1005002324011100
32902871330
1005001632695994
4000150232723
32824266823
33054630193
1005002290723137
32854467833
4001265961628
4001007275691
1005002124982128
32954850939
4001237139143
1005002406525250
4000261067535
1005001731432303
1005001713588580
32994389789
1005001824770591
1005002408207512
32965623942
1005002034012540
1005002232434182
1005001864344906
4000942340950
1005002456683538
32975302802
1005002048695780
10000221787833
1005002294078514
2044147383
32855164611
1005001779424952
1005001425113504
33048273874
1005001893630584
1005002435589238
4000040689293
4000842627875
32969707556
32813620174
1005001452358095
4000410340508
1005002001968993
32880462192
32983327321
1005002317743018
32851924283
4000716977872
4000918512249
32964918311
32814905843
4000206662184
4000348759379
1005001675864986
4000166922696
1005002333807448
33043757633
4001049460104
1005001269900727
1005001952117794
4001292870981
1005001557541837
1005002467052615
1005002400186702
1005001334175006
1005001501469965
33056651751
32693633692
1005002095646443
1005002223976400
1005002325159662
32979193027
1005001918405692
33020823961
1005001627172565
4001083898706
1005002268582817
4000814967726
4000352987684
4000022037203
32987530153
32852173548
32988204835
33001402102
4000594886373
1005001349959942
1005002006801805
4000594775051
32971176551
1005002354823276
32858046564
32805424745
1005001843850728
32709081813
1005002209977711
4001189330530
32725314631
1005002495696853
33023158888
32821980135
1005002057006395
32968712846
32746520537
32533357219
32903737885
32231479886
1005001651343356
1005002407737359
1005002430584188
4000038814569
1005001380974904
1005001439100372
1005001906533973
1005002464971501
4001283151849
4000402271299
1005002393916560
32767200493
32859672674
32992743172
1005002362586755
32853538585
4001034696959
4000905677583
1005002238163021
1005002332667307
4000588412931
4001271629416
1005001435893927
4000763594251
1005002381035052
1005002264177363
4001238078621
1005001471992357
1005001344653797
32850268341
1005002379026767
4000318060667
1005002304573724
1005002431197734
1005001858615743
4000504271958
1005002243155744
1005001546829202
4000220686044
32810418043
1005001867576285
2039046193
4001063296472
4001282251391
4001134986664
1005001563136494
1005001424838714
1005002383377610
32723899960
1005001687942874
4000113846306
1005002321807587
32976876049
1005002314525046
1005002317977309
32932880285
1005002428030944
4000037575645
32877622608
32910386330
1005001742521249
32663981639
33043818466
1005001962460291
1005001448585599
4001237451116
4000982667916
4001010572526
1005001906769451
1005002102029587
1005002323749680
4001103064626
4001272033545
1005002426507771
1005002314389364
32801244024
4001278863692
32974910223
32859330134
32627421326
1005002211648428
1005001781515009
1005002418048725
1005002222226554
1005001334190849
4001023442111
1005001629061297
1005001628132268
32981574043
1005002454301810
1005002252623812
1005002413359659
1005002389316076
1005002291400218
1005001638448300
1005002428464060
1005002291902605
1005002267480501
1005002286233374
1005001274905061
1005002411545056
1005001933082820
4000917292948
1005002389223188
1005002308916891
1005001715808364
1005002051416306
32887937449
4001028300922
4000395631652
1005001608607095
4000165977920
4000995214091
4001125104236
1005002257198022
1005001752062399
4000031546065
4000282038254
1005001803619955
32747174918
33050120944
1005001482310070
33020135156
4000393577077
33005904530
32858367257
4000836954589
4000249919912
4000632940517
1005001780851863
32966243000
1005002107431877
1005002460186748
33043241960
1005001280450785
4000679929457
32997817743
32891232378
33025087462
2019577509
32968757383
1005002207286986
32842245135
1005002099091615
1005002435915778
4000021415988
4000771224485
32953328306
4001154405119
32954677704
4001243479005
1005002187427421
1005001910307813
1005002219920603
32947355547
1005002034014523
4000041279731
1005001652215223
33012274835
1005001617156460
1005001310547669
1005001805046550
32883403727
32955161227
1005001851092362
1005002060264018
32762908770
4000843270374
4001221528706
1005002376220920
1005002485918483
33033463860
1005001939592973
4000794359370
32849400236
1005001774738846
4001293715426
32853628212
32585591214
4001162790959
1005001314622612
4000306776472
4001313266894
32859664259
1005002372271000
32859683817
4000904722444
1005001792872957
32855480454
4000977374408
1005001694204742
4001237090770
32990553255
1005001835185026
4000093597271
4001236878756
32810005198
4000607209130
32950609676
1005002468501197
32949141776
4001191708985
1005002324923232
1005002468342442
32965703354
32923398588
1005001611338368
1005001381298438
1005002301435209
1005001605290770
32841708591
4000092329909
1005001579771660
1005001727829681
1005001686439079
1005002380467757
32732745273
1000001538243
1005002364488770
4001286555887
1005002337275807
4000318159715
1005001765734236
32759823269
32975505416
4000604281435
1005001947262808
1005002198016988
1005001287779278
1005002244490094
1005002364636897
1005002310549224
4001207814247
1005002362347796
1005002268790614
4001230203903
1005001939893339
1005002276387841
4000082863607
32957532181
1005002314318376
1005001431114812
4001094342484
1005002253203238
32959757150
4000217524309
10000395956007
1005002372809926
4001234394473
1005002314074032
1005002089294987
1005002342922830
33011345164
33023884472
1005001941659612
1005002315261011
1005001731348011
1005001639213146
1005002081944823
1005002317939617
1005001792867928
32979860063
1005001899512569
4000667118226
4000410291460
4001031636332
32832743549
1005001456167092
1005002401829120
33008105994
32965570611
1580969393
4001039022297
4000979210310
1005002464841398
4000107509084
32856849983
1005002351536619
32950098778
1005001928364251
1005002033335567
4001041752482
1005001883918727
1005002363046258
32856284351
1005001452136909
1005002258679174
1005002340760655
4000641110319
4001091353725
4000685229680
4001069209881
4001015981273
1005001471019054
4000107358813
1005001708013496
32941229114
1005001499879601
1005002258803183
1005002363323369
4000181898397
1005001709117203
32881340337
1005001614344755
1005002084980311
4000673287782
1005002343013229
4000834111244
32817752495
1005001339299532
32912555745
1005001402424439
1005002052696051
32973160020
32820625227
32883666905
1005001532108242
1005002418322860
32425096634
1005002281164657
4000143505783
4001285553276
4001227285532
33047417835
4000368163295
32835858883
1005001640012773
4001192159213
32999879202
1005002473905434
1005002338464167
4001340206106
1005001350182125
32983004328
33024931063
1005002192010204
1005001428783963
33007566263
1005002240321067
1005002307727861
32677374401
4000258187732
4000723074119
4001267587064
4000994644088
1005002319028843
32338890403
1005002443264206
4000242725465
1005001516089053
4000969375697
1005002426040653
32972219870
32979520655
1005001616681597
4000517454756
4001222693866
1005001981848856
33018228915
4000664001514
1005002305015201
1005002492719355
1005001527794155
4000598893770
1005002406628546
1555604220
1005002433901868
1005002306440466
4000163194560
4000851786091
1005002342058649
32910274676
4000423959123
4000219362162
1005002454526504
32966869473
4001114599406
32707165844
1005001936157354
32883389045
4000088178378
32843999632
1005001315716461
4000175649121
1005001650644121
1005002490429652
1005001426328910
1005002258557464
4000177827615
1005002328864199
32824733888
4001283445245
32859127846
1005001834693598
4000814874975
4000908012947
1005002433196833
4000930219638
4001230683826
4001244488074
1005002346038021
32944512797
32801262050
1005002399937031
1005001413485764
32963952251
1005002247062753
4000255840193
32281049305
1005002227877030
32379703966
32461894212
32850658617
4000104105678
1005001398317040
32933151943
1005002398692902
33055488928
32326316431
4001218122193
1005002314240958
32841127266
1005002352446576
4000061040449
1005001694406698
1005001982723164
1005001857117369
32904859199
1005001790150240
33024825856
4000849795407
32945545297
1005002190041743
1005002182235641
1005002055493820
1005002241913358
4001237702061
1005001273714276
1005002254978597
1005001470476349
32886192196
4000088061542
1005001471319367
1005001419626113
32921647008
4000873789848
4001364838060
1005001921391393
32723668667
1005002177239979
4000923562169
32797967928
1005001907137196
1005002318357300
32895444813
32963031801
32852368744
4000809006369
32994827891
4000548136174
1005002289818941
32904365304
1005002308975710
4000043058432
4001255070238
1285622809
1005002388308000
1005002277851196
32879326747
1005002069575989
4001047875326
1005002404165107
1005002365141281
1005001930151985
1005002362923438
32983916283
1005001840134360
1005002357751841
32864842794
32919491033
32919526139
4001331021451
32976280711
32992979584
1005002312484708
1005002487283424
4001049453307
1005001953446009
1005002206675059
1005002478555024
1005002322724516
1005001462136164
4000782038724
1005002288644712
1005001687713230
4000434203010
1005001872901694
32988798858
32501860897
32922475783
4001152107100
787997905
1005002301117627
1005001726695244
1005001593324825
4001150243256
1005002319096391
4000561391350
1005002465160440
32961238887
1005002318514888
4000988844481
4001118888072
1005002350355743
1005001345657646
32902295493
32968743552
4000629360021
32922018002
33028308249
1005002314982683
4000244438958
1005002358093966
4001149803914
1005001570583582
1005002490410789
32993556544
33026841268
1005001394039475
1005002392795768
4000306334873
1005002339577472
1005001690122977
33022908142
1005001960491386
1005001495354672
1005002281519629
33023462664
1005002422065030
1005002485936932
4000823501118
32820531341
4001140401984
1005001402998940
32916750651
1005001598568615
4000303143955
1005001495095633
4000558430091
1005002418409177
1005002039058206
4000118063117
1005001393662593
33030801935
32351467369
4001290439840
1005002315365071
1005002326725654
1005002357555733
4001153170144
1005002494656473
4001203371994
4001315511290
1005001733363363
32855936479
1005002287405876
4001294584489
4001094587382
1005002337750067
1005001808606360
4000443150717
4000907296448
1005001349636113
32946304874
1005002361358847
10000016815721
32899212987
1005001812564536
1005001561383600
1005002206747265
4001327675966
1005002322068140
4001027782968
1005001677524355
1005002011956360
1005002090393060
1005001287740782
1005002431991371
1005001912524341
1005002453291670
1005002352034991
32815883116
1005002190058373
1005002351011798
32954841083
33015231307
4000985253065
1005001972274709
1005002378799412
1005002329479305
32975303840
1005002401746448
4000192669894
1005002375017416
4000551635651
4000509856944
1005001890538168
1005001599918416
4000858086281
1005001540677719
4000777767460
32704377843
1005002297291685
1005002254109371
1005002406096868
4001266782084
4000835532546
1005002252243491
4000347251807
1005002075235595
33003060622
1005002147308300
4000182743164
1005001292604346
4000925865809
32690562024
1005001672055785
1005002171123072
32950901253
1005001957118579
1005002394508410
4001141808701
1005002288793362
10000205411846
1005001786887837
1005002284545202
4000842705460
1005001807603873
1005001826933041
4001209455515
1005001500125442
32839250472
1005002481494636
1005001614065449
4000961958163
1005002150721106
33010017996
32933358274
1005002210765674
1005002327592553
32977382083
1005001484386357
32852277269
4000182626247
4001168173599
4000498782793
1005002253048294
1005002363245471
4001305386718
519144775
4001080805521