1005002409285068
32669724169
4000146814221
4000850659890
4000317612943
4001201048989
4001230632977
32995465907
1005001909403483
32888778264
32923210065
1005002350460629
1005002320846673
1005002167518286
4000395766828
1005002358679486
1005001597107267
1005001515789858
32963980196
1005002340749257
1005002259357810
1005002294402114
4001278599488
1005001834140038
1005002341423551
4000544129884
1005002258798543
33051350504
32842881414
4000283037413
1005001526092602
1005001345493250
4000972206841
1005002395750055
32959667717
32299214480
4001134943446
1005002263971887
32420800410
4001277526920
1005002450455060
1005001478884490
32991292188
4000859601510
1005002108581545
1599358155
1005001412870659
1005001769604786
4000829839895
4000341688454
33045395524
1005002281302156
4001277831264
32813665642
4001298759287
1005002222331654
1005002243490609
1005002091089971
32918913678
32993238568
4000563685949
1005002286265333
4001363702744
1005001531808371
4000337777391
1005002458596702
1005002244771476
32992366431
1005002311646743
1005002259230830
1005002319355139
1005002233406245
32806939599
4000753098331
1005002104908515
1005002340750069
1005002278868223
1005001503357362
4000996901804
1005002205673805
33040023532
1005001941758915
32922538296
1005002219373556
33014815256
1005001627028643
1005002428501191
1005002400308169
1005001330876398
1005002397760872
4001001123209
1005001742792078
4000188727467
1005002240774768
4001340011799
32824450946
32850606312
4000715614064
1005002049020474
1005002363199621
32664210831
32917114875
4000686939760
4000077908214
4001015828790
4000795206103
1005001429348939
1005002118778371
1005001858102660
1005001576798755
1005001730989935
4000295580921
1005002186759959
32728042813
4001359751936
32962642205
4000886050350
1005001582635303
1005001962136832
1005002224912337
1005002483015600
4000040157590
32757736663
4000892061522
32915068922
1005001670943305
4000402401416
1005002159684296
1005002316750144
4000723907580
33027509980
1005002187603905
4000228943364
4000033128798
1005001530222012
32455552805
4001036024621
4001098359671
1005002316203959
1005001287845194
4000980085285
1005002162723920
4000299297162
4000415663405
32866411390
1005001899702945
1005002263368592
1005001295522798
1005001375052128
1005001968776796
1005002345776055
1721792776
1005001733077954
32850741181
1005001387451655
4001162709599
1005001731881458
4001198355480
1005002475687540
4000405753666
1005001850449249
1005002390592155
1005001602151424
4000983658397
32960861783
33042231010
4000176876637
32987525733
4000434551948
1005002409612338
1005002167286196
4000695992686
32956909925
4000084842216
1005001388860361
4000940915443
1005002284132417
1005002367745907
32846137884
32951277814
1005001633837708
1005002362345839
10000262528749
32827973911
1005001487297287
1005001686245809
4001075674985
1005002423919724
1005002077910241
4000019131697
1005002348797428
4001245825695
1005001524127493
1005001686114353
4000059239597
4001103072543
1005002310102990
1005002404845464
1005001939322796
33011547412
32828118645
1005002307544306
32840851203
33021070353
32763551199
32882262707
1005002378822274
1005002367703356
4001062073980
4000764070369
1005002314010969
32783142450
1005002314353850
1005002313334504
32851176168
4000378105526
1005001862782922
33061174015
32717453157
1005001530748044
4001326234568
1005002313356756
4000272244103
33042774237
32851540321
1005001580271469
32810490041
4000894140693
4000865292938
32617830940
1005002475544986
32962515453
33014989936
32920611018
32904540129
4001291661628
32883602352
1487384474
4001263293758
1005002121537453
1005002023473739
33001724197
33058967257
1005002329801202
1005002448806462
33046607773
1005002124854424
33047640911
4001015135824
1005002179876218
1005002369395168
1005001447110187
1005002343861854
1005001989744062
32888082906
4000989033718
4000580281255
33054804836
1005002136619819
4000396194422
1005002306957253
1005002022796890
32883703414
1005001890131641
32671056548
1005002213752612
32944780777
1005001989853147
1005002257475809
32853943724
32816002264
1005002117073794
1005002179824772
32766519870
4000683693588
4000183658275
1005002265102643
33045737122
33030991718
1005002454412252
4000670731820
4001012706320
4001022088439
1005002440419850
1005002358019039
4000597880386
32847641519
32866409781
4000571003124
1005002025388957
1005002197799526
1005002317533502
4000776230539
1005002362010928
32991120604
33000904928
1005002066102882
32895632155
1005002160590060
10000000214203
1005001626615265
1005001327482552
32881616446
1005001298337839
1005002350491221
1005001651739049
1005002258926957
1005002260588546
4000850265872
32444676208
32845694484
1005002038594494
4001237861670
32846148526
33013843838
1005001287486515
32851876436
1005001683051832
1005002345166297
4001334760676
33026080968
4000184794182
32934747331
4001188639452
1005002489554309
1005002139318369
1005001565272059
1005001744230759
4001264489726
32829939332
1005001488211390
32958550741
32683451989
32973547831
1005002308970145
4000309718829
1005002285956989
1005002472864505
1005002460977149
1005002279116562
32319326037
32765110031
1005002315637472
1005002341112509
1005002334333608
1005002075041671
4000456199441
1005002362538387
33017635174
1005002259310981
32982244468
1005002443730295
1005002400317788
33037501931
4000142059915
1005001971366628
1005001851579057
4001084742941
1005002061960535
1005002390624505
32629828479
4001225141767
1005002240903954
1005002047669227
32606601413
1005002007716885
1005001882420250
4000796358115
32873918491
32863576221
1005001903362758
1005002182295242
1005002268695403
4000748343688
32954719273
1005002341101881
32956414316
1005001369369682
1005002399440770
32962069831
1005002192443871
1005001586174354
4001141669657
1005002327392658
1005002378421200
4001164025860
33059130010
1005002305892847
32854371729
32924998761
1005001305738725
32949813092
4000069801620
32871187710
1005002132658669
32824252004
4001294856796
1005001579956009
4000115372327
32834072639
1005002081938416
4000767727332
32962057249
32954319924
1005002314477400
4000941051485
1005002276033905
32912304463
1005002295469332
4000754612779
1005001860819522
4000100175517
32844301563
1005002007279561
4000670876856
4000755573894
4000699104455
1000004113133
33047013675
4001175599004
4000143813441
1005002244954995
32887795092
1005001429194958
32908782222
1005002368482408
32974531148
1005002271068396
1005001489830209
4001088708205
4000691362809
1005002190264991
32970257312
4000291584608
1005001908853529
33047646281
4000815224127
1005002221325078
4001061758520
1005001355279389
32970701876
4001218482769
32801276673
4000258684890
1005002322159606
1005002260663500
33030945355
1005002263786243
1005002369492602
32818538911
1005001659592040
1005002299286986
32997267751
1005002179735671
1005001543944899
4000554966913
4001014262246
1005001732882683
4000084740113
4001134055524
1005002380472962
1005001813557283
1005002315233250
32831751110
1005001502786903
32307129964
4000357976126
1005001580317416
32952258140
32826440596
33037657579
4000305380907
1005002446658575
1005001797714454
1005001839361143
1005002244052118
1005001591908005
1005001520376970
4001139113401
4000915614134
1005001928200485
1005002319257490
4001350325433
32854873310
33050912036
1005002352692942
1005001812897593
1005002435892669
4001239301283
4000340983361
1005002292534398
4001204346049
32853390920
1005002288077394
33033430717
32917761329
1005002004627776
4001023195915
32560611400
1005002373276896
4000584831095
1005001288831371
1005001635484706
4001240744372
4000963085472
1005002347300388
32965883297
4001062851622
1005002428198869
4001307904640
1005002324759294
4000986448256
32913112228
1005001441485410
1005001851588452
1005002323995005
1005002468117764
4001045759735
1005001847678302
33061118066
33035824306
32710086459
32864038932
1005002466702503
4000955137242
4000956272748
1005002271982905
1005002312548769
1005002168954437
1005001784687911
1005002357649703
1005002258641390
32884758876
1005001892345057
1005002092443773
1005002282199642
32976172857
1005001731979492
1005002237877426
1005001279760435
1005002231726944
32614442397
32955645896
32771962072
1005001337488538
32757099012
32808649770
32985202520
4001199350854
4001309921769
1005002352219062
1005001942882706
4000007152110
4001019407328
1005002350400605
4001228157017
4000552839334
4001158788233
1005002475223899
1005002462037195
32911018157
4000004622260
4000751916689
4000404887653
33056886544
1005002282397279
1005001759842464
1005002305366783
1005001465352266
32808380131
1005001786670300
1005001423345457
1005002440762799
4001189915337
1005002064161133
32973312456
4000690567011
4001211200515
32945252751
1005002359563365
32961696958
1005001718141299
1005001968389065
1005001880712435
33046989161
32664461785
1005002265203945
32959451105
32918848355
4000221160907
1005002112951573
1005002371674419
4000336053259
1005001627316078
1005002314418686
1005001834918122
32876152553
1005002377703442
32978102574
1005002364463266
4001264322419
1005002498987392
32820799650
4000597228920
4000990765478
4001064369052
1005001290680176
1005002331604804
4000188836831
1005002116328728
1005002333313478
1005001413461439
4000086651896
1005001286506188
4001158974091
1005002409485404
1005001998897013
1005002231595286
1005002265623003
1005002290877807
32910225360
1005002242467391
4000358836268
1005002483081198
1005002399666597
32949644270
1005001839308287
1005002454416183
32965065116
32797048487
32971107712
1743699880
33039032936
32848411192
4000342910011
4001223482414
4001069802641
1005001963462424
32960053366
4000790728757
4000597645312
1005002264936271
4000696802405
10000282374914
1005002425513393
33002013372
1005002357537757
1005002268407533
4000082416129
1005002120493717
1005002161931922
1005002064811138
1005001830144851
1005002283865761
1005002323314431
32820728224
1005001529016623
1005001689659968
1005002314355516
1005002320299746
32679134742
32877093329
1005001498989308
1005001413765097
4001005381511
1005001728948544
1005001834761459
32247246070
1005002270843356
1005002270171623
10000147931174
32949054698
1005001518495622
1005001279723448
10000156169133
1005002393065679
1005001486862115
4001149113586
1005002147991746
1005002353838851
4000466658701
1005001958151861
32962394231
33053406650
32884464009
1005002296980684
10000127441342
33001809736
32862695043
4000407463755
32514282989
32834385817
32778174006
1005002461025790
1005002468972220
4001217863521
10000418252474
1005001873524325
1005001495751076
32975323111
1005002340193766
1005002313554065
32626794286
4001034676899
4000944558696
1005002051837301
4000149286121
1005001768095960
4000411521867
1005002387330979
4000551693806
4001271043590
1005002441989133
4001277862708
4001217440674
32994984221
32657493494
1005001566541485
4001270546083
4000782941004
4000842639151
1005001693916127
4000816675197
1005002211654244
1005001264913500
1005001854773546
1005001693208562
4000099709282
32770856972
1005001848532336
32814567002
1005002388293271
1005002262478284
32989402744
32695323232
4001315013188
32886759558
1005002309214340
32562617495
1005002265250506
32878297892
1005002343999940
32983883254
32910516167
4001048490291
10000340467786
1005001388738745
1005001942862803
32849547109
1005002400425217
1005002327542306
4000312508337
1005002364568336
32924689182
32838686214
32975392396
1005002258027341
32962212970
32849324630
32829022405
32328365644
32988526351
1005002447029931
1005001921883103
32969061514
1005002432939418
32647616203
4000822626171
1005001847633599
4000527384048
32877587639
1005002317196932
1005002377753555
33059732714
1005001971854052
1005001325024866
1005002314194543
1005002275261648
4000429590359
1005002313659966
1005002491634791
1005002497638842
4000956251638
1005002313925651
32887203197
32666679077
1005002174677737
4000438318415
32890886555
4001345904174
1005002444825337
32251283275
1005002449236856
1005002443738137
4001098547976
33060172422
4001250785262
4001053857370
1005001878476312
1005001976482357
1005002242134366
1005001422808525
1005001297846863
1005001853402381
1005001523867169
4000893674372
1005001744202403
32719437969
32918893418
4001325986610
4000740001872
1005002206261116
1005002324108838
1005001406414970
1005002283251264
1005002319245050
4000652784543
33010451921
1005002427312835
4001248619430
1005001803830233
1005002341310516
32807945596
4000726466408
1005002054481102
32968045280
32837467250
1005002428461801
32901476238
1005002466630722
1005001700327694
1005002388748324
32920967787
32909551635
4001219940976
4000689145371
1005002078899623
4001270518008
1005002236585226
32606424346
4000466053197
1005002286084944
1005001860580428
1005002396806983
32956583609
1005002320048192
32892091474
4000092082010
1005001584743523
4001174551479
4000906910069
4001232131207
1005001603828747
32850932310
4001212331858
1005001761668786
32698220051
4000058409916
1005001502784628
1005001890551682
4000101365812
4000189894053
1005002167090803
1005001329677898
1758385219
32995618395
1005002404945525
1005002169032967
1005001380668653
32890166821
32964252717
4001085271024
4000844847759
4001116770860
1005001887609618
32997214164
1005001869936068
1005001266751480
1005002369347088
1005002120521614
32887932599
1005002105842187
1005001515328531
1005002313136262
4000849871658
33039217351
1005002317108119
1005001559794965
1005002401609952
1005002207978426
33033470124
32921049377
4001236022795
1005001732230799
1005002282015931
4000110310857
1005002223826069
4000337193891
1005001796957195
32969730738
1005002428599614
4000381612654
1005002352159240
4000253524951
1005001391694814
4001274672576
1005001870961223
4001286483679
32887257785
4001286415142
4001242259960
1005002344628119
33004506011
32905629900
32566032745
4001042677676
32824423749
32912337769
32906931951
4000820528516
1005001948518965
1005001702357799
1005002402246611
1005001966286974
1005001670750860
1005002408422198
1005002258429777
32846203539
1005001789236970
4001276586375
1005001617392854
1005002271558640
1005001799354208
32850910413
1005002254979249
4000042383087
1005002377262858
1005001368819749
4001359885858
1005002061460850
4001016179202
1005002304398195
4001334175057
1005002334365732
1005002297611063
1005002400722759
33040319199
4000717058962
1005001507162249
1005002277955883
4001321911101
1005001349728757
4000772822542
4000269525366
1005002483797447
1005001392560023
1005002394419517
1005001597894463
1005001589309503
4001310726869
4000050682478
32964472601
1005002368430956
1005002339917198
1000005879301
1005002347876433
32897079250
1005002311572230
1005001304705664
1005002487479232
1005001810960235
4000909335195
32739206416
4001060009934
4000207005750
1005002368808491
1005001475414819
1005002434833756
32969269090
1005001413611082
1005002475221658
1005002257967349
1005002360071986
4001254677631
1005001901125452
1005001376111190
32505359400
1005002265157049
32254086628
1005002315845551
33007340111
1005001873735024
4001221624513
33022734681
4000318511088
1005001411714767
1005002248213009
4001119582190
1005001731390526
4001032033077