1005002372885025
1005002274021209
33042504468
4000297239284
1005002261801642
1005001657149017
4001102478075
1005002342522092
1005002293037398
4000177281430
32946849619
1005001828862345
1005002314333596
1005002227900588
1005002253464898
1005002273355799
1005001723858068
1005002305498375
32938598283
1652306372
33000286139
1005001337819492
1005001693906829
4001295345631
1005001676494642
1005001944570058
1005001519853528
4001294050664
4001103283390
4000738251324
1005001966642356
4001350091358
4001205123141
1005001394143924
1005002291249009
1005002421570092
4000807456240
4000553780471
4000907352585
4001351385631
1005002271999063
1005001643930814
4000701837379
4001178705316
32814276890
1005001996665849
2009074538
1005002229700482
32906875699
32965623779
32854382653
32917765508
1005002357578384
1005002365580328
32958177274
1005001761949517
1005002294573378
4000323867856
32845042686
1005001511653046
33027408008
33001970112
32778391503
1005001961089526
1005002110685967
1005001481749945
4000116749121
4000293773718
1005001977952995
4001150023809
4000777716833
1005001611408108
4001220797856
1005002028736672
1005002009454617
4001268997455
32779192075
4001176260238
33042816199
32991363829
32565186009
4000315236518
1005001265295882
1005002177190634
4001160257679
1005001686793858
33012451921
4001309017684
1005002246795340
1738016103
32843992432
1005002339423544
1005002144074741
1005002277553749
1005002367516390
4001204375663
4001166453371
32839884657
1005002206157158
33011252910
1005001683778060
4000208216751
32763594475
1005001564884751
10000327220410
32960390218
32970643986
4000498556910
32884949401
4001206606155
1005002237370934
1005002339876474
1005002201915336
1005001621487730
4001111131246
1005002094029069
1005002448478833
4001184551441
718214829
1005002351589719
1005002284266934
1337229606
1005001879272548
32974029576
32787824809
1005002279227671
33002270149
1005002369122778
1005002064515276
1005002361443611
4001054185004
1005002413391338
1005001803290393
1005002404098763
32271925980
33031427810
1005001317280250
1005002381268268
1005002427175576
1005002286281513
1005001982587320
4000002340631
1005001314373862
1005001319103116
1005002453409742
32792320694
32965474887
4000470920951
1005001972749128
1005001619963490
1005002458252567
1005002283311031
4001033886275
1005002377646006
1005002399704273
1005002390573862
33023811023
33027688104
4000588519099
1005001834787517
4000292034027
1005002323312411
1005001973712577
1005002381286850
1005001487639027
32936315782
1005002333832616
1005002260849824
1005002246372881
1005002337605041
32994357224
1005002329845883
33013791765
1005001963805313
1005002071154511
1005001761815957
1005002337591696
4000402258224
32818209013
1005002341292404
1005002466141552
1005001824849044
1005002320255706
32961087451
1005001304737167
1005002401986936
4000929516389
1005002070364307
1005002389561015
4001164192801
1005002420770330
1005001802554552
32679416075
4001224157019
4001278943319
32897079254
1005001781204056
4000207859494
32337617240
4001052847329
4000043925176
4001061583255
1005001645418283
1005002449958259
1005002235514027
1005002004546141
32986153394
33053904112
1005002206267665
1005002323932832
4000768276109
4001112028456
1005002297586269
1005002298205507
1005002117044234
1005002381455271
4000465834998
32824798292
32998013232
2032714973
1005002312093986
4001333370246
4000884896444
1005001640882567
32952199170
1498124728
32967018628
1005002211370261
1005002357687754
1005001593813268
1005002066278358
1005002359390990
1005002390317507
1005001409564009
4001159128468
1005001315965138
32812801821
4000341612725
32777725534
4000774980722
4001249944336
4000830489764
1005001637690783
32966428783
1005001524325339
1005002310856015
32966327535
32596540220
1005002204761597
1005002242407721
4000712912130
1005001656848193
32814123644
1005001316295640
1005002317992328
4000430013467
32825778711
1005002481502585
32797187208
2055413156
1005001857080879
1005001417687927
1005002271896645
1005001299176893
33029434350
1005002052207323
32816769554
1005002478408910
1005002320674824
10000409751215
1005002108724170
32789616822
1005001942074535
32834964771
32865842803
1005002282797026
4001172736919
1005002018358111
1005002263190015
1005002413405988
1005002284487625
1005001880582457
1005001815320837
32587971099
1005001940370819
4000044561562
32804548517
32833278786
32993170193
4001091911374
2051137737
1005001808669804
32834670922
32852303989
1005001918397609
1005001620849688
1005002474336099
1005002114375820
1005002165112462
4000879657342
33037340230
4000245617637
1005001558264985
1005001889751577
1005001563089326
4001018359260
4000074095589
32671461437
32970007649
1005001729419082
33048499936
1005002330446276
1005002147095755
1005002122271694
1005001587146785
1005001570147038
1005002053666991
33018416853
1774662377
1005002003749780
32953354284
33020060308
1005002137654234
32906830396
4000960204400
1005001305295612
4001244643475
1005002354053441
1005001643086934
1005002009458503
1005001557102926
32980450562
1005002238533269
1005002341490329
4000045466109
4001185840749
32578810976
1005001523887916
1005001893937073
1005002434862833
1005002190785935
1005002242647066
32851003407
1005001676458995
4001038307644
1005002074031603
4001103014343
32898280460
1005001274174589
4000792957481
32830191088
1005001928995773
4000593331246
1005002176744466
4000735235729
1005002456784880
32812745333
32807114002
1005001860054172
32998568246
1005001794197110
32558561617
10000293339602
32939509682
32923978284
1005002476387079
1005001361075383
1005002395834160
32997641057
1005001862477696
1005002072289439
1932934731
1005002353641395
883914967
32958984867
1005002232878258
1005002482262359
1005001405102399
4001181095847
32838052597
4000138005103
33049740113
32837581510
4001117857612
1005002459489860
4000955840948
1005001934655638
1005001649412779
1005002442880406
32990267571
4001276014923
1005002271682956
32907237589
1005001894708525
1005002349960130
1005001906132474
1005001307356493
4000049504111
1005001804840559
32975294735
1005001697688824
1005002295448744
1005001364143361
1005002181676069
32844950652
4000549046970
1005001338617733
32957808404
1005001854458545
4001173608281
10000395843942
32950256598
4000053360916
1005002058514517
1005001686336857
1005001500849036
4001080458798
33026724831
32967693570
4001125409820
32948968084
32915518780
1005002095818975
32733078511
1005002132827397
1005002466048864
1005002362256834
1005002346740005
1005001518618852
33008829915
32693697523
1005002224596411
32848137076
32803692686
32833282935
1005001529161512
32958389156
33062279395
32636658020
1005002312959148
1005001868160025
4001129813935
32846486324
32767286993
1005002105489385
4000369199023
1005002435050730
32838223723
1005002002287296
4001159561013
4000257015198
1005002476796392
10000395867374
1005002383456500
1005001792826189
1005002350954556
4000053980418
1005002442587371
1005002291619919
1005002449780513
32857657210
4001105609186
1005002190468536
1005001596421494
1005001585691335
1005001547197658
1005002310375985
4000507353439
32949806001
1005002365195263
32888524194
4001099240352
33017624749
10000397734648
4001211968337
32966577563
4001202407110
32851462053
4000449147515
32794525059
1005002011256577
4000274634681
1005001854196477
4001228642899
33013210276
1005002395912926
1005001546710409
1005002454319137
1005001920987247
1005002368471124
1005002496708469
1005002192384418
4000966426696
1005002298892834
1005001591715629
4000116948555
33029689973
4000121216650
1005002424728491
1005002326978923
32827739551
1005002454335028
4001232987903
1005002184767519
1005002167962293
1005002314168397
1005001844899560
1005002211944279
1005002470260553
1005002099132994
32824853119
4000009076862
1005002337763163
1005002458801832
4000381337642
1005001278094123
32851673810
1005002315575445
1005001450415542
4000966561042
1005001405557938
1005001374660923
1005002306323382
1005001846298540
1005001586776634
1005002393545039
4000156149435
4000389480978
1005001971649681
32856541959
4001139378400
32612488603
33044202013
4000255958700
1005001441466167
32947421180
4000403196419
1005001665849712
1005002259858769
4001149804164
32914088088
4001047653432
32893880992
4001050579793
33044105923
32809151747
4001295087053
32852206842
1005002425763786
1005001397180565
32864654305
32856205823
1005002368649456
1005002417928915
10000211582450
33045877702
1005002310813681
1005002314061496
1005001430659671
4000459910008
4001293026266
32878388685
1005001628506133
4000067901792
4001243384019
4000546486881
32848153614
4000864449195
1005002284241338
4001013102495
1005001816430755
32881416173
4000982863693
1005002447316302
1005002352266924
1005002315997727
1005001682447844
33008105854
4001034589422
32971730164
4001165030064
32431969971
1005002312210989
4000860370660
1005001590464286
32695970999
1005001792420852
4000447368209
1005001651484758
1005002459077648
1005002337558331
1005002478222480
1005002156878093
1005001596583383
32992076227
4001162907872
1005002483842739
1005002231963862
4000758609298
1005001682792542
1005002467427446
32974650954
4001100135169
4001262677297
1005002351514925
4000235837784
1005001601920341
1005001670917414
1005002329546322
32826103841
1005002413478018
4000955848187
1005002271472320
1005002401620216
1005001457636191
4000981633456
1005002322924757
32959982853
4000579479213
1005002235739376
1005002198815162
1005001437769370
1005002302611469
1005002413265606
1005001501075317
33043174629
4000240802281
32813474877
1005002278627365
33045912880
1005001298580146
4000429872180
1005002371740947
4001106169843
32882189866
1005002147769805
32523430408
4000396597669
1005002030075845
1005002252640209
4000672758847
32955366767
1005002268202280
1005002486005247
33045202131
33027792952
1005001295880306
32964030473
1005002316554696
32902964344
1005001401982370
32856619562
32727492703
1005001504313661
4001010214276
1005002345995560
1005002357505359
4000031625944
1005001621640061
1005002282438117
33010814976
4000786991112
1005001731178474
32964463058
1005002236643312
4001131567090
4000098985428
32987614607
32847621085
1005002394850224
33063234128
1005002122365409
32676178372
33046372671
1005002294955119
1005002281031968
1005002383084830
1005001830588593
33002291733
4001167532490
1005002409563271
1005002358918955
4000708299787
1005001889716502
1005001439109589
1005002226151824
4000226524498
32948975694
1005002097342561
32855631404
1005002116326555
32748008950
1005001779630958
32713252876
32901826454
1005002358373476
1005001411217941
1005002179687671
1005002399193592
1005002377117972
32963074441
1005001903716037
4001143076506
1005001334693461
4000750661688
1005002394052876
4001217139674
1005002392323534
1005001771807599
1005001836702282
4000335584276
32868422096
32712187976
1005002313972395
1005001993102773
1005001286287089
4001076960596
1005001939403809
32856565969
1005002461839848
4000050359644
32953940794
32888338505
1005002435032045
1005001519297018
32921451255
1005002349865066
4001228667450
1005002353569267
1005002139220104
32992176484
32828804665
1005001311902155
1005001483983114
32887916072
4001218391295
32901094530
32920955217
1005002203573820
1005001529349909
4001077670954
33002998760
32749569066
32886775306
1005001688617056
1005002185706601
4001196812280
1005001518286618
33012030713
32948464882
32903845623
1005002351089378
1005002220768120
1005001312713629
33021840833
1005001841832390
4000031343978
1005002423238213
1005002378822297
1005002390062736
32982577679
33058375280
1005002367739907
1005001376124564
1005001602793439
4000725238629
32812901768
33009317345
33022090682
1005002282215043
33004558310
1005001484420019
32751314284
1005002206354805
32758218709
32811188540
1005002400061805
32952568301
1005001446698024
1005002289025503
1005002221405751
1005002281978233
32974310809
4000924374455
1005001452624146
1005002051008279
1005002134552709
1005002239405638
1005001609198467
4000534688800
33011653873
1005001303151469
1005002361530390
4001225251468
4000564507866
1005001570763767
1005001890366707
4000027345820
1005002361176969
1005002484403807
1005002377509910
32852697634
4001208251851
32935046993
4000297110707
32951454208
33023922958
1005002122556200
1005002344467287
33004692257
32923978447
1005001452093989
1005002057210299
1005001779711816
1005002376339709
32802031111
32802875962
4000767430430
32910140657
1005002115768265
1005001452402319
1005002478586355
1005002226503730
33055824671
1005001827150647
4000989862835
32818758066
4000669376681
1005001711615481
32984202407
1005001617488276
1005002258576436
1005002466200548
4000934558959
32966664159
4001090979111
1005002254338255
32838044774
1005002329914171
32955852323
32919593265
1005001357146921
33005495934
32966931431
1005002378807643
1005001670865376
4000267792143
4000786032849
4001290825585
1005002332309152
1005002186841584
1005002284410257
1005002011428749
4000398041455
1005001982360024
1005002317727077
1005001803505801
4000301153926
1005002009643370
1005001418658831
4001006953509
1005002353347369
32956671163
1005001386571766
32949432222
1005001984820586
1005002400952754
32859958750
32968098045
32523230905
1005002049727903
33061970703
32617083723
1005002317789247
4000006552479
4000782380036
1005001856769143
4001060651512
1005002320190166
32742703491
1005002266306044
32959817209
1005001841418868
1005001504801640
1005001883165446
32977565514
4000095077298
1005002337819801
1005002237583757
4000378361822
32813593421
1005002454316541
1005002191668888
32849623910
1005002389797574
1005001354150458
33050832559
32921266671
32361874604
32899753631
4000343972441
1005001823060579
33049027892
1005002404860712
4001086638875
1005001326243923
1005001640651426
1005002335121644
32847461793
32765783958
4001131344029
33015466458
32879249938
4000341712647
4001058407961
4000087934212
33003716756
4000083086506
4001078793847
1005002233895921
32574000353
1005002432486265
1005001973579100
4001157363610
32857075412
32637454987
1005001560953292
4001242050768
4000868134557
1005001380028086
1005002095320103
1005002443445723
32974368802
1005002482989867
4000121693511
1005002111495575
4001264549357
1005001941110994
4000234900327
32997522867
1005001581033481
1005001958120935
1005002423459992
4001047418086
1005002328602880
32924857154
4000170913854
4000785549503
32839345573
4001159274274
32879677107
1005001809000967
1005001706111486
32810247941
32902602363
1005001698863974
1005002318932194
32883638666
1005002276409939
1005002428863075
4000965125331
1005002282152583
4000107451602
1005002239071530
4000773482126
1005002468608368
1005001273718785
1005001520041082
4000110271362
32989861129
1005002055994184
1005001641795382
1005002306218688
4001276326059
4001135603067
4001188439401
1005001437784178
32845333031
33055121239
4000663571205
33010962908
1005002304308053
1005001737178233
33045047181
1005001580103383
1005001854623529
32964225770
1005002330716533
4000265568177
33011154844
1005002362565123
4001302864194
4000416650425
1005001914779039
33014984317
4000687528827
1005001651826468
4000198557925
1005002332010654
1005002227920951