32957666501
1005001997171667
1005001778379923
1005001374155180
32738411403
32917206384
1005001825145995
32961684165
1005002362920211
1005001417523947
1005001993555418
4001164914305
1005001800891004
4001155770109
1005001795142195
1005002418659324
4001289966033
32962281008
4000786885059
1005002480141056
32809405272
1005001593714118
1005002289750187
32731659416
1005001550641074
33029610804
32877790826
1005002191127618
1005002383530742
1005001470439449
1005002193705832
1005002272552875
1005002319230927
1005001657038121
1005002080633845
1005001627452405
4001155775126
32868946133
1005001848861420
10000169760332
32851090426
1005001602245072
32968856499
1005002256739569
1005002393494449
4000301289054
1005002350749396
1005002059117240
32461721789
33053281521
1756349183
1005002486376007
4001281510810
4000850327802
1005002039085933
1005002396756994
32815740784
4001064902790
32844107164
1005002363486002
32897537766
1005002113401106
1005002222092745
32985615473
1005001368681889
4000223998054
4000419710009
1005001551134900
32696092217
1005001971918643
1005002087102569
4000686977287
1005002333569990
4001365262585
32952960167
1005001628304338
4001278863740
1005001287634734
32885879436
1005001924339486
32870740679
4000415073944
32850136926
1005002318752525
1005002354377767
32707068912
1005001458166506
1005002424453620
4000693552350
1005002254326244
4000166104204
1005001469976144
1005002371814858
4001322021760
1005001830637430
4001292728362
1005002234059563
32875972935
2023553192
4000171556461
1005002368997020
1005002447777936
1005001345671803
4000947620194
4000035828793
1005002435177806
4000103993709
4000630984467
1005001646729665
32857902848
1005002046430627
4001250792223
32922924781
1005002483063575
4001110904070
1005002447626994
1005002265052391
4000557660253
1005002388302990
4001037660278
32831245569
4000543479723
1005002381899031
32955931342
1005002312176288
32899609862
4000332704561
32818094680
1005002233690771
1005002392945316
4000436608458
4001066218282
4000893625934
1005001854485406
1005002042380896
1005001896901589
32863483150
1005002002976621
4000740529306
1005002324656460
32970578362
1005002264614321
1005002373842063
32950843909
32937088789
1005002460792535
1005002490568348
1005002386656527
4000067180888
1005002035783586
32886346789
1005001705896567
1005001566288040
33014396471
4001135537304
4001314967908
32974359337
1005001387081129
32835939028
4000265289640
1005002309122877
1005001381126804
1005001616403943
1005001652779308
1005002416950867
4000533120013
4000691440123
32608731052
1005001425233931
4000132934285
4001218043558
4000781857222
4000863226035
1005002314536211
33002864555
4000690528403
1005002180607067
10000302300695
1005001582560461
1005002468918932
1005001494191243
1005001885066802
1005001570966151
1005002348220678
1005001868072503
1005002377411907
32838739927
1005002211859228
4000688649701
1005002351507180
32908802387
4001272210961
1005001314746709
1005002253212090
32852063801
32964846559
1005001659458675
1005001992319581
1005001580067655
32863952247
1005001598355234
32858298325
33029326073
1005002310029766
1005001441286831
1005002367840978
4001230451861
1005002129648079
1005002379186264
1005002315230794
1005002490422314
1005002431032646
32913638115
32236242106
1005002265851340
32813217513
1005001580315964
1005002272066678
4001264126149
32968468041
1005002323387984
1005002361420904
4000895661996
1005001445997291
1005002434207372
1005002332504469
1005001501285931
1005002397889255
1005001526196394
32805015914
1005001536693678
1005001290395446
33042620524
1005001602438729
1005002312234298
1005001600793681
1005001731933294
1005001381138952
32885345845
1005001948951854
32712625953
4000151705676
4001241831797
4000959212851
4000925515419
1005002475824572
4000349747824
1005002412800546
32919657974
1005002305296040
1005002293745726
4000330523604
1005002388394313
33048980222
4001155323512
1005002293855577
1005001671183945
1005002391057858
1005002497038161
32465557336
33004297652
1005001586825054
32969966512
1005002351805628
4000058384860
32956625264
1005002234474387
1005001430311402
10000423251136
1005002417193370
1005002282800949
1005001639291818
4001227199285
1005002382449721
4000430101120
32957497710
32442750237
4001220982441
1005002275422490
32892215186
1005001265396829
4000925698644
32947148662
1005001469926257
1005002314606314
4001259765791
1005001999986440
33063406421
32859396227
1005002333712748
32950742512
1005002271461791
4001278114654
33049698640
1005001664823257
1005001929292831
1005001645217925
33050694414
32537578443
1005001980251473
1005002029984923
4000582688101
1005002487888812
32904301058
4000509698259
4001264023890
32861669857
1005002366046382
1005001671893289
1005001908192726
4000519684748
32970949672
1005002287588614
4000849274697
1005001448517871
32846730279
4000308414181
32982017225
4000640986081
32973539190
1005001960171325
1005002443529267
32918531918
32992504618
4000764953628
1005002364985549
4000379542792
1005002374425809
4000584992496
1005002212147501
1005001310806372
32962702063
1005001928026090
4001220976228
32981606736
4001263567857
32794246991
4000178038147
1005001784660239
33056369175
1005001844262470
4000916726086
32886603519
4000153786900
1005002467716891
1005001593021031
1005002072339984
32869030018
4000499105822
4000681007088
1005001788737645
1005002339303158
33014355272
32619883093
1005001429442127
4001015163082
32978735644
32882274790
4001356170699
32326615168
1005002116403006
4000019028819
1005002481002883
4001269179081
1005002271207004
1005002271400595
32922817242
4000515069706
1005001774808495
1005002395207418
4000874235736
33024087613
4000999417445
32974609714
33048600958
1005002276541201
4001229456970
1005002193324591
32858648692
4000251713446
1005001431004700
4000701363826
1005002467607306
1005001335222080
4000036758876
4000926153366
32914423788
4000927155894
1005001894878328
33005901085
32952720181
1005002081349502
1005001279988754
32962184436
4001200687420
4001176515264
32946587492
4001201348191
4000789507693
1005001781334816
1005002289167055
32810968153
33049073881
32897010348
1005002061925617
33028860075
1005001286815458
1005002077112657
4001075831067
1005002415905765
10000037747474
1005001452646055
1005002357197567
4000317294831
32963151624
1005002012660895
1005001955157336
1005001438898143
1005002233235590
4000917688731
4000220456197
1005002358160336
1005002339744194
1005001677478541
4000783129253
32820096738
32652959167
33038895873
1005002359614955
1005002167516205
4000120109824
4000152194712
1005002339972792
1005001813556166
1005002039506796
1005002056934576
1005001585253384
4000978962933
1005002408086114
1005001490662472
1005002314614784
1005002400115530
1005002413832852
32995214143
4000301359025
1005001437622049
1005001853109947
1005002310399773
4001139523233
32810366218
1005001742183118
1005002351981705
1005002341914594
1005002170925071
32862318928
32952082317
1005001909879368
1005001430453783
32986208777
32701167099
1005002353241205
33041176442
33052189808
1005001326496079
1005001870419061
1005002377690240
1005002344552199
1005002288715047
1005001731411519
1005001582145872
4000310675619
32676705973
1005002300951318
32701708626
1005001980407392
1005001915431474
1005002390250889
1005002318749675
1005002339271997
4001107289216
4001021602264
1005001766117831
4000160359724
1005002043712383
33049268297
4001317819236
1005001979788475
4000207153107
32946654332
33031847886
1005002279133400
1005002371668294
4000838257161
1005001989775811
4001060440784
4001346416845
1005002409915289
32941991704
1005001582400506
32958944519
1005002333390886
32871186782
1005002091034625
1005002443192257
33034577547
1005002327085100
1005001576430213
1005002322032708
4000600525258
1005001943013174
1005001792025376
1005002307671370
1005001828601693
1005002289523569
1005002304560019
1005002303661532
33035444883
32668126639
1005002260693522
1005001954119403
32723680497
1005002281990023
1005002335744459
1005002315817118
1005002341547259
32992700320
4000280595992
32934291113
4000975516422
1005002369387191
32749745370
1005001780779570
32959631505
1005002332254033
1005002314331220
4000220350620
4001050671933
1005001461819257
1005001999829300
1005002301171950
32995631901
33050409098
4001185760239
32802931481
4000781214280
1005002052660142
1005002370799136
32824726707
32819052058
1005002235877203
1005002233245669
10000003156240
1005002332615292
1005002466216083
1005002417533099
1005002167892549
33001034604
1005002110050167
32918504707
1005001458690957
1005001513939720
1005002475748266
1005001580648758
1005002378107518
1005001412616829
4001163186568
32885904954
1005002370534113
1005002434586069
4001236160711
1005001807134520
1005002375147902
4000466011225
1005002219558603
32965077602
1005002212341805
1005001604926316
32919117990
1005002436023933
1005002323825725
4001143851400
33047965900
1005001442033745
33005236367
1005001859243555
4000617985658
1005002490334343
1005002304243424
1005002453619827
1005001840427689
1448758233
1005001766246844
1005002434499540
1005001405678117
1005002313016389
1005001274150546
1005001855009791
32959909586
1005002315104175
4001275603974
1005001414433231
32831427901
1005002297634011
4000367123394
1005002160044728
32760498844
1871282712
1005002370085636
32840648311
4001264908174
1005001609440447
1005002332747244
1005002468977991
1005002279011650
33049621444
4000268145992
2031370992
32813260046
1005002260438331
1005001877715306
1005002199204957
1005002244712591
4000358803634
4001080765450
1005001883760307
1005001698613302
32793070724
4001041040498
32963584271
1005001942983123
1005002323201117
32971897713
4001240406831
1005002253733393
1005002389988534
1005002453721190
10000323768449
4000583730323
4000475346059
1005002309248184
1005002483705999
1005002324156167
1005002456657126
1005002494601472
32387664041
4000310031843
32833246881
1005002250404867
32868688075
1005002309466277
32921026975
1005001280920625
1005001596592008
32842497372
32724977031
33027227140
4001225215196
32299301072
1005001620961569
1005002250636342
32674675764
1005001606739951
32919262570
32903631293
32999069317
32950610003
32850422875
4000329742107
1005001962356519
1005002099770793
32848601739
32983402099
1005002087244279
1005002352846289
1005002330373148
4001211505249
1005001284850362
1005002425569661
32782665543
1005002431022434
1005002316447302
32971045044
1005002365501972
4000026033842
4000334651212
1005001619937293
32966368943
32852154006
1005002383046377
32629928596
1005001802605519
33012474200
4000357553267
32988101911
1005001834434073
32425542631
1005001882531994
1005001706944504
1005002039474650
1005002297643383
1005001286063099
33003509699
1005002272459869
1005001481477881
4000206491670
32871043142
1005002426344340
1005002050430138
33024798899
32998171818
32947622682
32359053550
4000777963606
1005001440548971
4000389099718
32919285497
4000469710667
32905699779
1005002302732445
1005002454053529
1005001990116689
1005001495689413
4001344382729
1005002314252063
4000903824199
1005002301578911
32848066964
32830785928
1005002240247436
1005001708548073
1005001412366557
1005001813844910
1005001634172431
4000826148170
1005001596458045
4001064332797
4000778676657
1005001841101557
1005002368433328
4000623891609
1005002396630784
32993154088
32894260641
1005001559268899
32979047867
32808386021
1005002302733432
10000003068927
1005002265545394
1005002389438613
1005001533937076
4000512639888
32435038747
32900589370
1005002260439421
1005001419182675
1005002323282024
33050018092
1005001971692924
4000788820811
4000857315232
32846706734
1935269718
1005002382945715
4000388340759
32769684769
1005002317408010
1005001955022064
1005001846128806
1005002313890269
1005002392849804
4000064407739
33044432629
4001013005534
4000400037279
4000356993547
4000670370835
32917728302
32843659623
33037047970
1005002244689004
4000166216981
32655165248
4000569626175
1005002306522824
4000237853389
1005002283276747
4000434232934
4000184111336
32886681732
33007523731
32971365696
1005001771062202
4001225975786
4000111461087
32925859041
1005002333667837
32965169731
1005001726404428
1005001870298976
4000058784364
32963292292
4001143980192
32837792130
4000199985676
1005002261314872
4000848540352
1005002314462039
1005002198554479
1005002277032919
1005002171899120
32810893230
1005002495533368
1005002408965635
33048395366
4001079804745
4000720465609
33049057514
4001201515490
1005002264591013
4001187095185
1005001530080727
4000040173021
1005001402010857
32762931646
1005002191496211
4000926110434
4000032149500
1005002114573011
33015495914
32849364645
32963172751
1005002271606734
33004179345
1005001281078459
2011641962
33033917973
4000777562245
1005002447410898
1005002247089997
4001094547365
1005001813243085
1005002220204625
33044441284
1005002048666679
1005002317440019
1005002446790087
4000796569600
4000317701582
33032638880
1005002154316040
1005002312063292
1005001688060466
32655241108
32652196718
1005002277870934
1005001897110494
1005002192623494
1005002390665139
1005001490865318
4001108407876
1005001586337028
1005002432420857
4001257695555
1005002314340530
4000850442655
4000272428049
32986716396
1005001998495049
33002872529
4001043060510
4000800256595
1819753875
1005002489246904
1005002309861920
4001268311629
1005001675018702
32789039458
1725075496
1005001671066387
4001322353208
4001293995678
4000309421901
4000966446998
4000785078268
4000862850319
4001145439489
4001105821938
10000047489943
1005002350455894
1005001547923723
1005001571399128
33030034064
4000174467048
1005002479317123
1005002345549383
1005002443081784
32685670101
4001035062112
1005001592243674
4000642257514
1005002261549822
1005002006985499
1005002428900346
4000801540089
1005002227791198
32451668756
1005002341688274
32973127107
32947493904
4000957657899
1005002043934818
32895565595
4001305168475
4000219352260
33026417186
32670234923
1005002167052430
1005002371667573
1005002447280286
4000894628762
10000199001251
32836761734
4001042038449
1005001969965943
1005002378055478
1005001678222290
32613617560
4001343340905
4000906714325
1005002376336546
1005002298831835
1005002114748582
4000466027743
1005001829141668
1005001960218571
1005002253762908
32842244933
32565005076
32991531282
1005001720366581
1005002406384043
1005002361171660
32840146537
4000768331492
1005001493552391
4001338058497
4001093421973
1005002270189204
1005002488227839
1005001949004999
1005002084339149
4001241373409
4000693917967
32928774927
1005002234051602
1005002313763284
1005002033039828
1005002208591045
1005002305772975
1005002259428062
1005002235605305
32703980761
32981993110
1005002357593958
4000905698330
1005002435565382
4001037993991
1005002273603806
4001252656261
1005001848593389
1005002269013182
4000003758096
4000411275293
4001270038544
1005002319559501
33011379603
1005001976999441
1005002308607000
1005002254854085
32856601506
32966009984
1005002433397397
1005001464215142
1005001604541938
10000314302120
32955288836
32710466914
32820137597
1005001741769115
1005002245019679
10000336010072
4000211133687
32996272981
4000890729141
1005001587064829
32869572665
1005001577474690
4001197173849
32796625020