1005002473498258
33038380124
33032271204
1005002290794008
1005002119404402
1005002398862131
4001039390663
4000175678287
4000022809747
506707044
4000064752566
32982561575
32939545430
32857072931
1005002254906962
1005001571723256
32885644151
4000965760200
1005001910384159
32945213869
1005002371581474
4001360821194
32915924302
1005002243962541
32982319386
32872215420
1005002001380779
4001360128691
1005001736798190
33021369470
4001226658294
1005002242420195
1005001992358792
1005002419460041
4000764833569
1005001835471457
1005001782749659
1869958703
32960943491
1005001882309650
1005001848644647
4000318111123
4000046261874
1005002277752538
1005002336078131
32937162856
1005002425194529
1005002232241520
33023072253
33043881538
32543021992
32660381241
33023139651
32737907296
1005002275704937
1005002395763644
32862750159
1005002258875375
1005001560999845
1005001992882673
1005001435643757
32708629990
1005001616400153
1005002316589812
1005001965609704
32882249197
33002509552
1005001495634110
32667440123
32988082851
32989513575
4001157610834
1005002276247621
4000156873169
1005002408949614
1005002120569653
32855984120
1005002389655134
1005001893969718
1005001415038572
4000365195614
1005001506767275
10000270429093
4001356941156
1005002241454678
1005002261990755
4000845751290
1005001731636505
32801334010
1005002399397688
4000985572588
32988117324
1005002387784999
4000575742398
4001015276828
32617625906
1005002327348435
32925896743
4001143284941
1005002111912827
1005002340999437
1005002383177072
4000238772803
1005001860478798
4000555586617
4001213984776
1005002258159045
4001230454303
4001038444235
4001139144941
1005001482435145
1005002286824975
1005001521117701
1005001597800865
4000042299518
1005002394834452
4000547793072
1005001791664396
1005001813106352
1005001471846677
4000577480962
1005002492079566
32854117799
1005001315478092
4000477399338
32838125705
32913286458
1005002459369054
4000320420902
32874641731
33033687045
32821977033
33012566592
1005002428217024
32996009114
1005002357957841
1005001570448906
1005002340807062
1005002321848958
4000884564972
1005001973739061
4000148234572
4000555101170
1005002257778491
1005002365219137
4000923377928
33004122405
4001025783198
32857494532
1005002258656117
4000960393906
1005002165951420
32437242597
32982991599
1005001982296285
1005001543868760
1005001408400706
4001225107603
4001222932381
4000114548453
1005001859855386
32909473516
32922092609
1005001451179520
1005002314353319
1822164126
1005002468688086
1005002383886895
32841104678
32915619262
4000033159174
4000472862419
1005002491826838
1005002352438769
32311360145
33043924764
4000246363456
32821682342
1005002301188157
32858051077
4001162935092
1005002387844566
1005001616793312
32729430866
4000993934003
32873614348
1005001274014706
1005001716699702
1005002117201395
1005002350601179
1005002367509232
32964448589
1005002264346619
1005002077297598
1005002308705058
4001251525383
1005002443614942
33000477388
1005002038705648
32865075890
1005002399399520
4000449677751
1005002359783566
1005001864592580
4000785885538
4000872843551
1005001537741618
4001178039419
1005001430540156
4000126944422
1005001841937298
1005002408907345
1005001893670861
4000433251569
1005001639641249
1005002080310034
4000318810916
1005001450816702
1005002282337086
4000866457000
1005001660115071
4001009398660
1005002276803462
1005002426484299
1005001640521015
1005002229623521
4000959497802
1005002386999870
32422754422
1005002449870233
1005001553072836
4000903086667
10000064158452
4000548645425
4001161913021
32890564954
1005002259261953
1005002392285911
4000734310471
1005002256380925
1005002394827580
1005002244557691
4000030271918
32998444044
4000816465685
4000245814015
32965718637
4001013035171
1005002474124704
1005001340199620
32584717977
4001091179103
4000945169751
1005002322686201
33042052571
1005001934180042
4000905815986
1005002058784591
1005002182515470
4000956120828
4000069103694
4000114455838
1005002352676427
32360470374
1005002244165134
33027714593
1005001822738866
32826231745
1005001971569126
1005002363508238
32832990700
4000724032720
32972499539
4001228561670
4000543993664
1005002303738200
32578929278
32810992567
1005002235179756
1005002272736008
4000732989353
1005002347748921
1005001779205417
4001015084522
1005002028880281
4001344332810
32742704177
2020904198
32694146386
32593593815
4001289318063
32959464856
1005002387745238
4001120159101
1005002432587262
4000594269069
1005002384400655
1005002275866613
1005001930904644
32985771781
1005002357313936
4001256383124
1005002328358307
4000097043540
4000100346935
4000986485183
4000239602805
4001233746893
32809236346
4000242703297
1005002289749768
32936601616
32537302683
1005002429747492
33047229811
1005002324218594
1005002136990441
1005002316883608
1005001759064757
1005001397328880
1005001411199051
4001186715966
1005001982800031
4000012112763
4001283533307
32567949629
32886663799
1005001401989334
4001027688413
32975914963
1005001966346375
4000842665810
32801243435
1005002280837086
1005001868679002
1005001840548360
4001072949763
4001119011241
1005002277717385
4001248626255
1005001398474165
4001264793613
1005002307774101
1005001835273083
1005001591853538
32825754793
1005002133964973
1005002373023568
1005002336034172
32845751530
1005002331959094
1005001946576700
4000854916394
1005002327663349
1005001999024147
1005001728474704
1005002347635499
1005002299003183
4000465996306
1005001785548445
1005002404381271
1005001602255721
1005001503998047
4001142264667
1005001333175052
1005001685641888
4000442831917
1005001683685543
4001071466429
1005002390824764
4000179444758
10000395926244
1005001526390092
1005001646946601
4000176024746
1005002438543113
4000532429098
4000269120027
1005002431405930
4001230439004
1005001922021924
32909133185
4001119118082
1005001616474714
4001201132831
1005002213394479
4001013717956
4000072318383
32853506982
1005001441383653
1005002094443315
33037131429
32987964452
1005002089693986
557754352
33020811168
4000244926947
1005002140725821
1005001645663882
32953233622
1005001578976188
1005002314061174
10000000957933
1005002171091144
1005002317034978
4000955854541
1005001953454866
1005001859377196
4000241960778
1005002123691935
32636769870
1005002487398515
4000986125782
1005001942829936
1005002315941322
1005001467857594
1005002435174278
32817144485
4001195572734
1005002398311323
1005002313971580
32894653345
33002069323
4000976186569
1005002196795177
32879324506
1005001454732057
4001276948515
33041921577
32969159563
1005002296441324
32970604351
1005001638960397
1005002003490581
32942807675
1005001576374184
32757388775
1005001959994237
32887167769
4001155045995
32804911284
32845868003
4000982601833
32857456659
1005001717834003
4000058571925
1005002430587121
32861189114
4001313854278
32917763571
1005002340548442
1005002211562745
1005001290409898
32956962423
32661574376
4000447249246
32957661979
1005002288615756
1005002384271040
4000570256103
4000377733836
1005002238783129
1005002434940582
1005001321861166
32894487422
4000635243678
1005002311085401
32792107881
4000834327113
32317962242
32923054951
1005002382667882
32777103915
33008712425
1005001562107904
32985720639
4000166324394
33017508971
1005002462896940
4000296191081
1005002434107361
4001027638703
32983439327
4000270212011
10000358337465
1005001967110202
1005002052699053
32290479434
4001124810079
1005001660114924
1005001967157596
4000479429435
33055500824
32869546304
1005002208267961
4001229321002
32796922796
1005001820776638
4001075294357
1005002264829474
4001333820967
1005002267974762
32959060957
4000674932710
32967088021
32899791872
33025444931
1005001706777108
1005001484486701
32340912404
32883154640
32999636928
32860510893
1005002358880715
1005001874499820
4000717858012
32922657959
4001066371629
32390434515
1005002330457154
1005002027209207
1005002372957180
1005002239189224
4000392011919
4000170751891
33048558012
33023122295
1005001948626298
1005001637552042
4001100603364
33001072904
1005002488446376
32519842854
32918247540
4000764606025
1005001413226464
32845460293
1005001633359056
32847969197
1005002457842256
32666238430
32983851479
4000850672509
1005002304125249
4000600246118
1005001519141897
4001089809746
32784675925
32317407742
1005002420803680
1005002278806770
4001115683468
1005002354680933
32885685112
1005002044040818
4000576816103
1005002388309339
1005001941158226
1005002286960845
4001131000337
1005002496578068
1005002398552713
1005001791954680
1005002392760989
4000593641843
4001261303268
1005002381169894
1005001485991042
32444571683
33014988062
1005002250908880
32832920741
1005002296890241
4001127246551
1005001487343023
1005001966900241
1005002205889508
1005001890150878
1005001682414743
1005002310912803
1005002136193381
1005001758314228
4000223213933
33056362668
32809844044
1005002030346156
1005001879908031
1005002433850760
1005002392021645
1005001670691777
4001256503100
32986255976
1005001533495528
32573117432
1005001470302345
32888258094
1005002227950130
32855871587
1005001385133032
1005001335632426
1005001931391701
1005001914954896
4000300418336
32856056723
1005002068502271
32817800944
32265296672
1005002292951796
32267281794
1005001709392410
4001264862414
32873826238
1005002324189138
4001154585745
1973540323
4001178017238
1005002381161148
32979485511
1005002223599073
1005002043924821
1005001422930663
1005002003992956
1005001306066145
1005002211132564
4000409915408
32946886001
1005002232628663
4001334263411
1005002386050253
1005002294693855
1005002497040935
4001010001423
32754778716
32905943601
32878856000
4000016655407
1005002286195970
1005002460780914
4000884679423
32848513317
4000867925059
1005002314338086
4000865376813
1005001936492182
1005001424770696
1005001546806291
1005001896843088
4001191560536
1005001413526162
1005001331632858
1005002249785366
32868901791
4001039503061
1005002419268953
10000371541296
4000819013412
1005001568483931
1005001446964877
10000344961764
1005002084414646
1005002201987209
32755950828
1005002245889360
1005002393984903
32950375727
1005002314426361
32881007558
1005002281804907
10000321554967
1005002315976501
32961767103
1005002275287208
33007667499
1005001987581737
1005002239246457
1005002350392248
4000115075626
4001274942759
4000734663548
1005002394041610
4000315282936
4000269179602
10000153254515
1005002459829950
1005001620860944
1005001828912092
1005002219551630
4001062450110
32968234272
4000196087280
4001070779349
32823385013
1005002318983689
1005002205947301
1005001370239237
1005001506530321
1005001278959937
1005002140122047
1005001734896880
4000322639555
1005002350687515
1005002348472922
4000222019474
4000793354752
1005001486962835
1005002014975048
4001103559724
1005002177025169
32947029889
1005001689617389
4001295941840
1005002357594932
33006380314
4000430952823
4001094324910
1005002332151487
1005002210392152
32934207017
32876002722
1005002426028989
32537851141
1005002262061570
1005002296803188
33009601618
1005002246957918
4000268118563
4000940747310
1005001998635372
1005001607002891
32587072198
4000800942850
1005001446130871
1005002208598268
4001158661941
1005002104737420
1843907922
1005002398797900
33053585126
1005002384724807
32831715710
33040037902
1005002398881308
4000175133306
33023865181
1005002200118060
32955668270
1005001708647120
32957454648
1005002309381156
1005001576078012
4000701200184
32983911156
1005001340396189
1005001793144471
4001237349435
4001341746558
32261929542
1005002412877274
4001316742464
4000764836810
1005001614892500
1005002394767477
1005001506684017
1005001954736970
1005002144016811
1005001963790489
32891793718
1005002358700248
1005001453049229
32851004136
1005002417125933
32921308942
1005002247402827
1005001648130192
1005001880919067
32791070367
33013839680
4001282316884
4000585272065
4000460341669
1005001561534401
4000926184127
1005002208133129
1005001437566425
4001148127271
1005002443608952
4000058564162
32881846961
1005001328939390
1005002357746052
4001179951013
1005002165698219
32964239029
1005002221871212
1005001762600934
1005002496108508
32976903129
4000691242645
32921686396
4000388128193
32679867104
32995585291
1005002362827591
1005002357328032
32716198735
1005002271183440
1005002225168216
4000400541294
1005002314352740
4001130385138
2051417818
1005002362367865
1005002452956576
32827890410
32968976625
1005002353681057
32988578721
33015668483
1005002166342987
1005002244178616
4000964296829
1005002372567289
1005001717200771
1005001803872627
4000777467979
4001335273944
4000967509442
32830083584
32928526156
1005002298476915
1005001270106363
1005002339398821
1005002337667923
1005002453914979
4000547873321
1005001448406899
4000785188051
1005001757284233
32814318877
32945688298
1005002491826343
4000527185456
1005002395116190
4000022495614
1005002291051164
32982109703
1005001561025435
32862666477
1005001713501941
32786791048
1005002318923322
32973670223
32847743809
1005001399110905
1005001808580720
1005002334316153
1005002353211002
4001170797314
32975858014
4000233448314
32838993415
32972038018
4000281637927
4000991039941
1005002341924724
1005002377491358
32866178851
1005002444327514
33008101080
32978250419
1005001603549993
1005001288691201
32396643381
1005002440850829
1005002467411988
4001156383948
1005002011908678
4000084559061
1005001495433198
4001127441338
1005002238576781
32813603777
4000233676784
4000250476107
4000155632383
32885004909
4001275817119
1005002268743847
4001275273329
33045029682
1005002375284729
1005002035509432
4001138861684
32878237474
1005002448904996
1005001812299567
32834344826
32913343435
1005001873020221
1005001515853754
4001041225919
4000214379402
32904550887
1005002146621344
1005002046496590
1005002234040854
33035494002
1005002167326323
1005002289921474
1005002095739127
4000383365092
1005002452708123
1005002469031781
1005002287648852
32969472273
4001127618926
32953927219
1005002424388559
32873343956
1005001581093346
1005002324757946
506928075
1005001350504515
1005001575796055
10000411419460
1005002281909251
4000432949836
32820030275
4001009434634
1005001815385058
1005002383935281
32968004162
4000210403636
1005002345157361
1005002382271903
1005001780708955
1005001963814435
1005002416820223
1005001554606914
1005001812487120
32822129578
4000270147600
4000129498832
32819249734
1005001688692022
1005001965521237
1005002332780958
1005002403577030
4000699733572
32884124406
4001177372854
4001156643977
1005001515965955
4000648932274
1005001530746542
1005002318660322
1005002272954720
1005002427232110
1005002411031390
32755868984
1005001762901318
1005002324483761
1005001694441244
4000107759691
1005002438944821
1005001571640921
32582316147
32677304840
33011967359
1005001647885801
1005001282563190
4000189637945
32872359908
4001349947700
32905121005
1005002254793694
1005001566656153
1005002253628676
4001084813300
1832692756
1005001835210061
32860442646
33007821231
1005001405609591
1005002315951364
33006082126
1005001908004585
32919645764
4000284608913
33047966853
32861366959
1005002410869608
1005001638053914
1005001970053131
1005001772593904
914800092
1005002300703394
1005002328161543
32855761176
4001159843854