1005001843770985
1005002233262867
1005001392834521
1005002378485468
4001215147434
1005002460020273
32850798607
4000082539444
4001275969374
33055309485
32959915358
4000259587950
1005001290418779
1005002380741187
1005001483713492
4000865411367
4000861453386
1005001992988434
4001114839159
32994016943
1005002110615899
4000320794498
32859579376
1005002061937906
4001111472908
32697297277
33025377714
1005001514117243
33008809399
33036515347
1005002388424032
1005001831345467
4000879770453
1005002218590947
1005001717832229
1005002308687959
4000628077411
1005001596561843
1005002338442627
1005001457140798
32532893987
32580542677
4001209155805
4001297156862
4000063879279
32887771169
1005002259973690
1005002377350851
497057834
32883293670
1005002337128867
1005002306703234
1005002419651361
1005002008492433
1005001546863790
1005002264455988
1005001338416227
1005001873435647
32946926417
1005001997148174
1005002288046576
33047757052
1005001662940675
1005002314303879
4001132949530
33040078561
1005001817813956
32993516682
32980390240
32833635275
4001223406298
1005001703209404
4001225258579
1005002137989158
1005002250694693
1005002333497406
4001178845558
1005002399688435
1005002364486625
4001175721117
1005001743897985
4000835627794
32951618841
32947331301
1005002213980168
32859369681
4000035450110
33047741661
32838030277
4000575534125
4001286160304
1005001550673614
32881116094
1005001424961921
1005001310148184
1005002488903008
1005002312132820
32599199142
32958711228
4001276726676
1005001469550552
4001156272595
1005001796976257
32885490447
1005001587226196
4001207303751
4000397496851
1005002128416690
1005001520705455
1005001500808924
1005001762557682
1005002286902711
1005002224046367
4001118503494
1005002239435035
1005002386485282
4000201180763
1005001500959922
4001364835773
32902670369
33026817698
4001345322635
4000310362838
4000067281735
4000735961855
1005002492908277
1005002303981806
1005002484587975
1005002267973855
4000180241238
1005002105018640
1005002351442998
33034635127
1005002167759580
1005002279868652
1005002493894522
4000044573539
4000261958764
33044886057
32796219073
4000828225602
1005002447511048
33034583905
32828957915
1005002383032009
1005002376879146
1005001634162298
1005002117536179
1005002466863579
1005002078695969
32888903903
527779023
1005002357134385
1005002377326770
1005002211796824
4000122889490
1005002114652911
1005002274213426
1005001838512707
1005002443103096
32682233654
1005001659129650
1005002426899003
1005001737938661
1005002281821784
1005002217140261
4000690892987
1005001382950111
32863479306
32966961262
32959713300
1005002023785743
4000032702479
4000761164517
32916129811
1005002046049742
1005001808529295
1000007946320
4000066468306
33036293706
4001041919967
32862029433
1005002355732563
4000590610059
32955508144
4000089842954
1005002399675589
32908190414
4001138908228
4000852809766
1005002319121566
4000918442958
1005002382031727
32831339759
1005002316450372
32984575527
32722006385
32884131199
4000865460403
32966759087
1005002374460191
1005002407941521
32854198022
1005002462557575
1005002362699162
4000850500089
1005001525451496
32903377386
4000286924690
1005001288263989
33033262395
4001059438715
4001310388248
1005002223904354
32702127259
4001215502478
32948441690
4000242539373
32969232829
1005002450792657
4000130542474
4000040445750
1005001581670028
1005001859003135
32744067209
4000666173841
1005002292593538
32960383429
1005002156581916
1005002267922919
1005002243082020
1005002437770069
1005002390740555
1005001905285888
32393436285
4000962260657
4000602107726
4001261304101
1005002311343969
32971652431
1005002277398436
1005002499927069
32986031615
1005002335434065
32697386225
4001214213581
4001089782024
32692517690
4000686723172
1005002193877634
1005002070207348
1005002423444061
4000261559059
1005002265331592
1005002481205715
33027513789
32920875923
1005002161746751
4001050860090
1005002362525818
1005001438815740
33044275053
32897141847
1005001452835034
32897705398
1005002124529909
32977489999
1005001733583278
1005002390249816
1005001701613462
4000221229066
32915834906
32951609964
1005001865543805
4000955809631
1005001556615732
1005002277614582
32842112445
33032098076
1005002426848611
32899176607
1005001452267727
1005001887532559
32908154207
32957429375
1005002187122442
1005001822368063
32974616253
4001150149846
4001022411378
1005001885772373
1005001596508508
32519738086
1005002353512845
32848339696
1005001463626086
1005001634526048
32847182386
1005001695520046
1005002324523657
1005002405308738
4001334961393
1005001694930912
4000891365593
32904930606
1005002292014704
1005001424090322
32849009765
1005002487348048
4000093559844
4001148508020
4001227652896
1005001525259965
1005002217563380
1005002363307479
1005002291040223
1005001357533778
1005001768347605
4000959708621
33054786441
1005001747736723
32832513923
32982453244
1005001580838799
1005002228619259
32301251263
1005002074665156
1005001348097230
4000283029665
4000662714589
1005002283526781
4000557949562
32918294297
1005002432412562
32824193027
32889536679
2049566234
1005002284091706
1005001793075382
1005002329828447
4001070262397
1005001538464642
1005002300748194
32885204935
1005002311356781
1005002047115508
32728822861
4000907221751
4001268125499
32962690923
32826159666
1005002317683188
4001365895757
4000050127609
1005002423919928
1005001579327039
1005001640023025
4000996675135
1005002322316263
4000717438209
4000209807149
32947020286
4001273229213
1005002052265077
1005001708078551
1005001571602734
1005001578758805
32503378146
1005001835504029
1005001659412673
32959079371
1005001875500234
1005002296410291
1005002262779309
1005001590783394
1005002494611838
1005002401791667
1005001667115784
1005001797841468
33017500017
32952124828
1005002198517669
32922852475
843938423
1005002255607552
1005002393466064
4000255637255
1005002405584764
32928596152
1005001971592752
1005002350481963
32847460759
4001225319164
1005002326365616
1005002360003089
4001078013047
32922093294
32981511209
4000473402032
1005002381024979
1005001430506202
1005002430816265
1005002418985556
1005001808277523
4000824709636
32989496528
1005002365636957
32812063503
1005002384831841
32862361600
32850973187
1005002319099886
1005002263895105
4000397102485
1005002323048320
32974473254
32851778385
1005001295542645
32857295957
1005001343547773
4001107721402
4000972631507
33022857725
32559623455
4001006901718
32249765246
1005002489198265
1005002425568709
1005002376002093
4000718464018
1005001738142593
32814413479
4000053770935
1005001717978889
32984735011
1005001728260651
1005002244001222
1005002330736270
1005002034061595
1005002415895826
32735831524
1005002074681484
1005002449418017
4000797935670
1005002315028290
32963688627
1005002252317757
4000834395904
1005002217878947
33014876619
1005002121815867
1005002006402029
32678949599
1005001665753576
4000136366050
32650619831
32691122730
32915856053
32607493043
1005002318095415
1005001402205579
4000424435032
1005002356783410
1005002485896551
1005002362867826
4000324457218
1005001640143386
4001300340370
4000022183780
33006427756
1005001532448066
1005002314257594
1005002432095337
1005001497021032
1005002372504703
1005002442842241
32810709111
1005001852367000
1005002289543500
1005002459515071
4001272930429
1005002328892241
1005002468499022
1005002267607424
1005001626133462
32954998883
32793101139
32663114863
1005002398378097
4001223371599
32833601852
32939957843
4001078830985
32837781482
4001108826183
1005001968282567
1005002359238055
1005002409239911
1005001429492778
1005002085234575
32997619690
1005001858227934
1005001926990352
32839891931
4001162999829
1852975607
1005001329693785
4000784679837
33000386816
4000119234117
1005001799392558
32657278730
1005002287751026
33042755413
32887369094
4000409998674
32705295605
1005002182520382
1005001935443898
32924811132
1005002379362000
1005001412515771
32988982000
4000076035560
1005002481697166
1005001973601711
1005002219225206
4000456924467
1005002329736948
1005002292490267
1005002243943455
4001147926670
1005001343869017
1005001695135781
33027093788
32985267838
1005001898929058
32738358465
4000437537357
1005002265045568
1005002228421549
4000189593146
1005002277703211
1005001900519668
4000644722983
1005002122261751
1005001392000618
4000834235113
1005002186598100
1005002313448254
1005002333891407
32605321971
33061399138
1005002328063441
33040067510
32980947909
1005001465521317
1005001687846278
1005002250461298
4000334002859
32896062141
4001290342558
4000985139773
4001134809840
1005001656735869
4000558533451
4001338751617
1005002028789233
1005002364531330
4000903196342
1005001526768339
1005001748325678
32700110340
1005002160358675
32951594224
4000961140701
4001340959164
1005001992340311
32959300314
1005001604933130
1005002394138994
1005001551061242
4001216723739
1005002341477035
1005001602142088
4000661220415
1005002211965464
32966902537
1005001429528626
1005002032348412
1005001471263923
1005001918226913
1005002307659719
1005002418214846
1005002318005740
1005001779802185
1005002493739673
32817044541
1005001270543553
1005001658717008
1005001839692644
4001096108567
4000378063176
33003668951
1005001593209407
1005002336722246
33006204226
1979760570
32827658939
32846709823
32616627847
1005001402677430
4001255616425
1005002344400665
4000907658732
4000328622100
1005002416873050
1005001552075086
1005002096330017
10000417707147
1005002393645949
32969225168
4000763572499
1005001525369002
1005002431652288
1005001469233080
1005002484581623
4001211463316
1005002362868857
1005002314331077
4000860546960
32947056723
32749924826
32847103462
32250371669
1005002239770093
4000103430947
1005001858471577
4000959248444
2009533693
4001297867797
1005002316883621
1005002259710887
4001110342316
1005001809426621
1005002310695751
1005002003403629
4000012652444
32850863912
4001236562802
32974635599
1005002480460917
1005002050220741
1005001839097541
1005001894573262
1005001825329865
32687450843
1736203660
1005001893160907
4000721206274
4001298776413
1005001850326333
4001032677271
4001358352806
1005002423677874
32332286425
4000353249718
32839324722
1005002381869417
1005001521576535
32973774586
32785157911
1005002366882660
1005001914038746
1005002367558090
32912371544
1005002327351290
32949480683
32828651761
1005001798332679
32873039513
4001079587759
1005002103151372
1005001321887922
32812957854
4000244752244
1005002432834811
1005002147991046
32974092415
32890340460
1005001353605437
4001136738101
1005002339017606
1005002428583018
1005002378062966
33039960878
4001320477745
1005001704044482
1005001592489119
4000328627226
32817468763
32846511618
32987632837
4001037079406
1005002364208139
32830404056
4000405245639
1005001681414771
1005001939740142
32275735659
32885776452
4000986038101
1005002050416926
1005002300557705
1005002332234433
32899304593
32802127124
1005002473989741
1005002413230159
1005002341284659
4000926593517
32870194460
4001263820398
33025878343
1005001994565532
4001245307713
1005001680524808
1005002432207355
32891987521
1005002346578028
33012640088
4000720913246
4000269826177
4000244666335
1005001878805064
1005002271283393
33044818220
1005002290981427
1005002345854318
1005002064499148
1005001977047306
1005002421381573
1005002454733537
1005002381982799
1005001997534340
1005001851759707
32550899223
32896387122
1005002480035269
4000934076122
4001167442524
4001259794515
32819014279
32602822829
1005002023438556
1005001446687365
4000955785370
4001228268355
32869653276
1005002259931697
32862645804
4000323175736
33013701035
32888880602
4001299193887
32837253057
1005002332235527
32805530018
1005002235342551
32982768950
33008379201
4001184431635
1005002264349260
1005002307516836
1005002459104599
1005001296362556
33034020634
1005001990462402
1005001300470449
32905385743
4000945279970
1005001406455391
10000144447232
4000140350655
33005708076
1005002223903171
1005001804499412
1005001727768727
1005002346543273
32969164051
4000099666032
4000682411490
1005002378647359
33020670691
1000001544489
32876128760
1005002371733136
1005002454253575
1005001997846967
1005002257855059
32947277153
1005002355601026
1005001811930577
33002340534
4000695509752
4000973045178
32845837428
1005002233953079
1005002260706278
32858534198
32919227751
1005002449710306
4001238337399
1005002248731923
32769997189
4000463051054
4001290812516
32914493278
4001138104301
4001005924695
32988194865
10000026689464
4001330976376
1005002358545644
4000391513735
32682914047
32757186551
1005001575103140
33037956352
1005002247806400
33003708247
32402120467
1005001868677972
32787858737
32781608557
32793610184
1005001774362815
1005002297979780
1005001483640944
32898913725
4000162641026
1005002412844267
32975195831
4000094322671
1005002496789446
1005002427392477
32854878529
4000683969379
1005002179550719
4000097502562
32952226847
32952323540
1005002345802656
1005002446706136
1005002229603722
33055843714
10000010686807
4000737248723
4001264955232
1005002325329487
32952292995
33054908617
4001242677030
33010570394
32728305778
4000295950046
4001228888072
4001127981371
32823361767
4001041522508
4001047593623
1005002381615137
1005002316122571
1005002372988398
1005002205677892
4000773055469
1005002459753266
32704688973
1005001998102840
1000008307553
1005002230067966
32884969184
1005001626712617
1005002205614072
1005002281541783
1005002068795329
1005002246415852
4000927695668
1005002158443619
4000747503363
32357428977
32454694920
1005002344813855
32579091124
1005001464744533
4000918070590
4000324574074
32990249527
1005002174747922
4000306605167
1005002288110325
1005001781043773
32898523286
32948392235
1005002027227169
1005001626047658
1005002012489865
1005002482348682
1005002165579962
1005001631949269
4000862812060
1005002095222160
1005002465423418
4001117723470
1005002358717437
32903366953
4000506841484
4001235753582
1005002212093358
4000091897942
33012447188
32923086129
1005002004757736
32818108201
1005002487400148
32950939280
32958814450
4001149177484
1005002386915730
32824438654
4000832241011
4000538198626
1005002388680876
32960735595
1005001587837147
1005002485257444
32917793168
10000294662488
4001359727378
32955532300
1005002023543653
1005001292523779
1005001574990892
32310919849
4000287315008
33015927708
32950282976
1005002247938024
32908063627
1005002424850298
4001127512160
1005002272856224
4001218900204
1005001998353131
4000068846787
4001110690875
32651731206
33011773124
1005002363055117
1005002337639653
1005001831008005
1005001466508397
1005001452158465
1005002111534668
1005002313775257
4000761585593
4000154650519
1005002454301986
1005001450972748
4000334931355
4001125790830
1005002288653721
4000510504683
1005001525312856
4001199275977
4001313349654
4000707595804
33004311247
32975290491
1005001310404596
32877555628
33004816127
32956405696
1005001571383316
33028862807
1005002253210352
32701830046
1005001488750436
1005002330668225
4000310796022
4000959968876
1005002460476900
4001340385314
4001297416108
4000090218377
1005002362587354
1005001495725897
32994731991
33063635129
1005001987050239