1005002269210453
1005002368280301
1005002313720338
4001272197897
1005001321004296
33013254404
10000254482443
1005001339299150
33001849641
1005002231669138
1005001809292304
1005001683665182
4001280732656
1005001714046375
32797208906
1005002254018331
4001351444436
32769264644
33032598416
32843330349
1005001500288663
32815790670
1005001881025054
4001307237570
32718369649
1005002228582019
1005002347330632
1005001494798288
4000782857435
1005001767868301
1005002260468120
32867292270
1005002465981532
1005002035455796
4001179950096
1005002244586864
1005001507866801
1005002317838793
1005002369674906
1005002286511492
1005002331915113
32841312140
4001296078807
33062843711
4001356850339
1005002318240219
4000177410953
4001053932774
1005001813948144
1005002367496286
1005001446514366
1005002306680842
1005002466131948
1005002293076027
1005002489115785
32698079761
1005002272590861
32671802370
32870158827
33007779662
32998417105
1005002286596881
1005001545331134
32795723787
32954005344
4000159606491
4001014654450
1005001493842305
32952474482
1005002317854246
32918754162
1005002317361021
1005002245958155
1005002291518725
1005001656938297
1005002318537239
1005002259141055
32888464929
1005001287932894
1005001651336886
4001192386087
1005002333499247
1005002232602996
4000853669980
4000956190000
4000560526058
1005002218885535
1005002122430252
1005002038867333
1005002351807246
1005002305993301
1005001612812972
10000343722835
1005001907130224
32965943093
4001006775410
4000368444822
4000696000253
4000898816729
4001270783755
4000418824361
32954205548
1005002023569289
32968713426
32425582332
1005002485276095
4001216537140
1005002500463533
4001162811174
1005001631333513
1005002032173176
1005001482241587
1005002342572842
1005002287121110
32977685276
1005001481729785
1005002301591593
4000933735085
32910733967
1005002315253083
32954613345
4001034253683
32829517402
1005002170858220
4001110057916
4000523638251
4001280130730
1005001280278233
1005002187377108
33027800647
1005002339487406
1005001978696735
1005002359467343
32974953878
1005002002389867
32835493814
1005002197524097
1424164929
1005001514367906
1005002094729853
32814403909
1005001313647247
4001077202287
33057543541
32993994045
1005002281469640
1005002256013446
4001065192393
1005001706863875
4000004614503
1005001482119131
4000188672246
4000210340231
1005002313175015
32961544041
1005001500663144
1005002312131362
1005002342602298
32921157971
32970708863
4001302387095
1005002187000590
1005002307818076
1005001464557424
1005001305457868
1005002213619527
1904464620
4000024908867
4000192120220
1005002053821303
32965768632
4001188542809
32667522864
1005001381197200
32991939256
1005002329391614
4000036359270
1005001334901783
4000473370824
1005002129950686
32790233376
4000926449209
1005002008743542
1005002447088402
32951469839
1005002232931463
1005002302388337
32866278483
1005001438887570
32901395908
1005001882459074
4000288979728
4000786984197
4000528421777
1005001607603237
1005002360068266
1005002256639818
32991347371
32777808810
32911936957
1005002016587513
1005002301015917
33030324316
4000052391674
1005001966498873
1005001569124224
1005001489004276
1005001898117976
1005002073563679
4001270397868
1005001395311494
4001208433042
4001261670389
32968884772
32855314969
4000910088373
32837548543
1005001782654434
32851449031
1005001678002929
1005002166056246
1005001987654970
32853825472
1005002359434522
1005002325219358
32724995222
4001136764496
4001266828222
1005002342723290
32918706861
32879317200
1005002513250058
1005002300946461
32983542052
1005001314653121
4000931243921
1005002325645750
1005002405293797
32671793150
1005001686133415
1005001303543654
32954000813
1005001748898572
1005002090670941
1005001817381858
1005002207710409
32889621791
4001094818061
1005001736552890
1005001869342154
1005002355329251
32684203776
4000793798135
32722467662
32997106508
32745959586
1005002176562000
1005002382992709
1005002101817314
1005002416949919
4000111875023
33059398272
1005002449665781
1005001581675912
1790232327
32980104605
1005002419758806
33053489673
32875385473
1005002022823960
1005001765452878
4000294847471
1732850924
32962792426
32850286406
1005001511359466
32970972006
4001054094013
1005002477095053
32955689916
1005002199522120
1005002419662920
1005001598866679
4000117154758
32989607340
1005001860074796
4001152024958
4000683698129
1005002418010394
1005002363189149
32948681775
33029704522
4001330587622
4000735703058
4000802338781
32996377451
4001213544828
4000514866468
1005002389695027
1005002300987974
1005001966438035
4001225907580
1005002293606887
1005001441413532
1005002490225996
4000315794161
4000849935732
1005002247233066
1005001452428288
1005002228493438
4000373719324
32797360789
1005001298237524
1005001273070251
4001239124544
1005001621956095
32985655482
32822447088
1005002416903484
4001228453752
32844368156
2051845490
32947185944
1005001920943819
1005002435262813
1005001935150807
1005002240164535
32661398420
4000121190924
1005001366037331
4001278824916
1005001859792594
1005001381826056
1005002286754661
32741327170
1005001985343519
32826861612
1005002443153243
33056065170
4001233686923
33026919099
1005001988401854
4000253668030
1005001367177722
1005001946599487
1005001647864380
4000852396258
1005002238092619
32846968340
4001069884994
1005001703667919
32728105454
1005002329438009
1005001770761585
1005002294651204
1005002298858997
1445051540
4000511080091
4001033660297
2045896948
1005002264802540
4000815011988
1005002338157976
1005001653837590
1005001349025388
1005002245039013
1005001933683011
1005002454296847
32634157366
1005001576300509
4000947715307
33028180904
1005002314312878
1005002276949914
1005002016159710
32786256851
4000059136194
32920671082
1005002279632556
1005002276014468
1005002381114764
731050750
32892259341
32921299203
33057435066
1005002108553742
32965524265
1005002412862481
4001228612719
4000202693300
32546042031
1005001958632930
1005002313304402
4000216253846
33055807127
4000625467347
1005002377344607
33010194962
32968393459
1005002460921271
4000890817868
4000768437951
1005002346217128
1005002351458577
1005001851389884
4000484950686
4000443458489
4000833255876
1005002291647701
4001065484462
4000942731982
32897897802
1005002371552229
4000979728991
1005001868837339
4001084653854
1005001321839466
1005002138478538
1005001621227348
1005002079189657
32977000581
1005002317029188
4001272449331
4000311872581
1005002293891003
1005002312018881
4001260793547
1005002287717144
1005002334780509
4001360360620
1005002055762098
1005002306050586
1005002400866392
4000451315017
4000722062480
4001196470435
1005001373411366
32898214958
1005001544258188
1005002401288902
1005002491042891
1005001515862562
1005002318948964
4001328255469
1005002271703567
1005002298947431
32845759800
4000896127339
1005002389850337
4000168574530
1005001359482888
1005002128343928
1005001901569899
1005002333573586
32988228286
32972289333
4001270435695
4000098984903
32744187552
4000514738698
4001220292458
1005002246797344
33018687170
1005001913910964
1005002306516002
1005002448538908
1005002457948840
1005002349964092
4001063888517
1005002345156356
1005002475589181
1005002307040606
1005001621164371
1956734876
4000135727169
4001010584264
32487909735
4001188706744
1005002367725958
32855942148
1005001511954036
1005001670896473
1005002485176309
1005002198907585
1005002314225899
1005001332706119
33014952569
4001212962332
32656534469
1005001577373332
1005002418398136
1005002345878184
1005002330161707
4001365417331
32383829173
1000005859681
32714220014
1005002167825634
1005001670963199
4000987965953
1005001516714782
1005002076536108
1005002322818999
1005002238816483
4001165437904
1005002373240879
33046863208
4001066665077
1005002163084130
4000771205233
4000018610862
1005002376832765
32881965179
32602263867
32651807665
1005002314382456
32957199651
1005002319276307
1005002427782966
1005002375088504
1005002295964359
1005002352971450
1005001962500233
32917317257
1005001363782255
1005001578920145
32988001789
1005002391263680
4001321389135
32784202011
1005002282422429
32463856641
1005002206001810
4001162623057
1005002288716805
33041723641
33001312700
1005001987829485
4001287577745
32880278237
32620681361
1005002252160624
1005002283616403
4000970539838
1005002301273025
4000738262718
1005002360251132
32847608282
32877094767
1005002100472771
33014978667
1005001910095472
1005001529120627
1005001927740988
32766675031
4000249080818
1005001901511032
1005002316312812
4001340461085
1005001971716094
32817045788
32838373165
1005001516963068
32949831474
1005002300067459
4001252619837
4001038816829
1005001879388266
1005001670048747
4000466117422
1005001381214176
1005001966295601
1005001526147012
1936124622
1005001703418662
914867131
4001020326481
4000319683938
32924215594
1005002390088547
1005002176858814
1005001349031295
1005002270559718
1005002322115633
1005002074589106
32970499559
4000171621141
1005002345984524
1005001694095180
1005002287661337
1005002320631086
1005002447818240
1005002281454557
4000829041226
4000905936547
32920098913
1005002266374196
10000406265390
1005002333876903
1005002314967370
32858865391
4000093392614
32920260667
1005002450632354
33000212364
1005001407414947
1005002254338422
4000666575200
1005001605993082
1005001491209081
32940303366
32841219436
1005001798416039
4001174864616
1005002459390551
1005002255151641
33016411012
32752764276
1005001720706024
4000994416201
4001062418813
4000990936797
1005001887930259
1005002122474641
1005001994078466
32969086102
4001219340092
4001153583533
1005001587354887
1005001899146821
4000549178324
1005002485980402
32993682754
4000433750046
1005002399788489
1005001436708850
1005001468024635
1005002321227515
1005002076788506
1005001310102330
32705979290
4001210232138
1005002259628341
1005001285280249
1005001929378593
1005001469963870
1118253119
1005002474411268
1005002319030078
1005002262945598
1005002405105270
1005001970661719
32907407487
1005002405075423
4000794899970
1005002254191738
1005001677125674
1005002052143066
4001196068784
1005002431783877
1005002347272591
1005002321855992
4000930189758
1005001315552904
32827773892
4000825482896
1005001272893587
32879731651
4000120951308
1005002238188582
32976618438
1005002281260381
33037324328
1005002496262306
32994601401
32837866144
4001350792754
32842867309
1005002339465645
1005002191392425
32988208894
4001174996456
1005002242408435
1005001839426487
1005001551246881
1005002121411001
1005002254201638
1005001671061472
33001836513
32861508977
1005001368726377
1005002446373146
1005002350280788
32867560664
32717306598
4000545763093
4000930281432
1005002276120540
1005002347382262
1005002328373367
1005001332416338
32735445719
1005001883717423
1005001315276796
32856226977
1005002424793440
4001143826225
33061998947
1005002273726422
32985843933
4001108164405
1005002022127123
4000098848678
4000911482494
1005002337327548
1005001354567721
4001042312202
32998943360
32635538250
32952387424
1005002124894061
32923588661
1000005861916
1005002322322222
1005002431410166
32998189472
4001008846466
1005002389302214
1005002328258911
1005001446661987
1005001501658757
1005001782766893
1005002428114690
1005001639823464
1005002133182855
32845550866
4000865477232
32825636377
1005001552152850
1005002304282723
4000301948340
32853095333
1005001920909800
1005002369869770
32775708046
1005002295541050
33051627815
1005002277186020
32907075345
1005002321072077
1005001392054465
32790846360
4000216955750
1005001981274369
33049231770
33053468215
1005002461145821
1005001860395552
32998365569
32896916725
1005002402421108
1005002329734509
32860090180
32948455910
1005002244921464
4001264714270
1005002318048273
4000124104673
1005002265359729
33003070337
33062207702
4001103629779
4001036641013
1005002341619839
1005002221965123
32952295961
33011696608
4000079838705
1005002016719352
4001054470724
1005002327920345
32854909731
1005002191857550
32948298119
1005002272929740
4001000758607
1005002302610532
1005001732129878
4000251984372
4000560640928
1005002383252174
1005002033807007
4001045624252
1005002191589865
4001080671402
1005002009072149
4000578307268
4001228660426
33017024243
32972775056
4001321811898
1005001763727501
1005001980503605
4000290360232
32954049279
1005002413712646
32801428393
1005002421525249
1005001348961261
1005001900761142
32891922790
4000134877318
1005002210903596
32859083325
4001043384863
1005001436032915
4001092207758
1005002092216516
32923013960
1005001429847521
1005002348890394
1005002290950637
32978425832
32903260931
1005002318222841
32891603868
1005001872513429
4000545757329
32869784745
33010960131
1005002282723248
1005001420252548
32964931187
32682600564
1005002287233308
1005001888017861
1005002442707654
4000428664009
4001177707365
1005002366288454
1005002072470612
4001242753023
32222816379
1005001632200430
4000011200870
1995810499
32857145270
1005002284339571
1005002484091511
4000194880582
4000580118228
1005002339751472
1005002274053107
1005002316742528
1005002051303245
32975424187
32901676360
4001111322879
1925035066
33054268641
1005002465695981
32847652251
4000994397922
1005002035949969
1005001780003077
4000322181448
1005001914306499
32920871075
32841888365
1005002245028484
1005002282807980
1005002310616831
1005002247073478
1005001970888613
1005002459740552
1005002314224920
4000804013085
32816211728
1005002336849018
4001269375798
4001132432581
32968919449
4001315107395
1005001718046811
4000467971408
32861875576
1005001591457505
1005002492631944
4001066034582
32708232610
1005002382175695
4000029009473
1005002490551871
33055448967
4000750528092
4001176494080
1005002286765038
1005001813084626
4000292818703
1005001826742754
32870048478
32641332978
32881125596
32938929561
32757665351
1005002149140926
32819649236
1005002355842528
32760482733
1005001664838578
1005002459375871
4000364891579
1005002265793992
1005001373897571
33031487716
1005002282517379
32979560402
4001139905188
1005001657936873
1005002392332830
32978631654
1005002319159889
1005001286107367
33002544114
32848179906
1005002089283385
1005002471168241
1005002316250338
428024277
1005001900348408
4000112065105
1005001446706235
1005002487420155
1005001759460093
1000007438909
32843269762
1005002438763796
1005001763981596
32894249561
1005002429531980
1005002293192074
32981074721
1005002476108470
32777778919
1005001442217271
4000193185500
4001211201384
1005002392959630
4001071066019
1005002315631837
4000630789483
1005002168222422
32706385409
1005002487258381
4000199565952
1005002314195663
1005002287636117
1005001810778378
1005002233427229
1005002061430064
4000040456640
4000167749589
1005002071661322
32854133240
1005001914395168
1005002341610251
32605199377
1005001655022423
32966843790
1005002050154673
4000030023785
1005002368777896
32886526077
1005001830272466
1005002126736651
33063543462
4001275420805
4000449400913
1005001848587465
32870942816
33013885379
32993956352
1005001650882641
4000893306540
1005001302866041
1005001476932965
32850273194
1005001753141880
33026332454
32863500199
4001338047389
4000451067806
1005002368665806
33048528433
1005002429778134
1005002432981141
1005002316946933
4001225271002
1005001269647283
4000210042941