1005002470526293
1005002443035416
32789502921
4001351428093
1005002337330495
32913484796
32573167339
4001094063349
4000500383160
33012671810
4000268974650
32962619920
4000994014531
4001061083350
32953316340
32598066385
1005001694988371
1005001511693037
32976020847
1005001515772687
1005002351294655
4001125074853
1005002256567036
4001334449665
4001355733289
32798356854
33049112815
4000928619696
1005002373317047
1005001603413652
32797672714
32968848831
1005001689870008
32993978566
1005001414850089
4001257144877
10000356686548
4001156188391
1005002242272692
4000443080969
1005002252924290
32806136464
32822912293
1005002289350904
32808158059
1005001835672619
32464745050
4000410100779
1005002285862641
1005002347593472
4001217692652
1005001997086722
32948243622
1005002388186432
4000112078519
4001065868438
32958415674
1005001853303405
4001011127965
1005002317201241
4000545730223
4000997418609
1005002399287948
4000525343053
4000183032788
1005002284893647
32962505598
1005001511424678
1005001998808543
1005002281033806
4001248527235
1005002357743683
1005002345782259
1005002320783538
4001170660626
1005002322527078
33014212196
1005002044564973
4000907237894
4000179493814
1005002119608614
32792210981
1005001678591075
4001039386741
4001157117195
1005002457751749
1005002277875432
1000001393139
1005002107520552
1005002475005661
32654638813
4000192566386
1005002211336355
1005002400810329
1005001412024112
1005002028486523
1005002435301168
32825093723
4000307135843
32969124271
1005002212828622
1005002489806716
4000873279771
1005001667899831
4001234430132
4001360894527
4000246034468
1005001880933629
1005002439282360
32966304405
1005002238729664
1005002313533569
32959699220
1005002212228150
32717687682
1005001323186930
32813647585
32852265952
1005002315289273
32973404573
4000218634027
4001326705046
32989765527
4000713160454
4001207853695
1005001270777385
1005001832050069
1005001727535659
1005002048795577
32320006491
1005002259275357
4000381641500
32950605505
4000796501662
4000392947618
4001195678994
1005001720238309
4001248393771
1005002059255284
32720161005
33048752260
1005002304658445
32389889451
4000002432263
32739367344
1005002350329334
1005001414732697
1005001975050678
1005002433468305
4000082406179
4000429844342
1005002483930138
4000423161432
32822009442
1005001913443020
1005001703887105
32850039412
1005002116549237
32842238673
1005001308087044
1005002365888988
4001280553141
1005001815108866
1005001802211816
32964753309
32631066410
1005001680010154
1005002325057047
4000872907084
32946758524
4000826085807
4000748776238
4001041048568
33015354801
4000925949843
1005002491519926
32749249308
32972929181
2040882077
32887465039
1005002440176888
32914296166
4001205303038
1005001658647458
1005001273302383
32971205052
32998521246
1005002314534402
1005001387881434
1005002322670817
32981544523
1776346767
1005002025479110
4000056829963
33017176418
32870048174
32942061403
1005002434932823
1005002462423745
1005001504940153
1000008239044
1005002325403626
1005001451772554
1005002364047172
32881038095
1005002427356922
32878027718
33006873971
4000927178102
32993710903
1005002346214302
33008586306
4000401956424
32879765446
4000183459329
32895589532
1005001426373483
32912924572
1005001970432020
1005001901757696
32826809414
32945738764
1005002234266091
1005002256539532
32634210282
4001061947529
4001254797550
4000959676892
32882162250
4001185124368
1005001844625413
32791040167
1005002023335858
1005001715000191
1005002489121799
1005002280874997
1005002346413141
32519397401
4000106061589
1005001489080155
1005002330527061
1005002319235578
4000546496000
1005002277927226
1005002262718049
1005001774669583
32908049016
1005001266001332
32981471266
1005001822360115
1005002327814856
1005001762386122
1005001579031966
32954754959
32948900487
1005002016987781
1005002467403923
1005002240228078
1005002264648814
32719655462
33022603831
1005001636647083
4000587883882
33049531697
1005001615894332
1005002424356925
33058688402
33021418054
4000196375480
1005002028216680
1005002382871621
4000433627762
1005002232172451
32953449309
1005001649924672
1005002339443507
4000389967532
32966320333
1005002390095743
32720529934
32981833046
32670644533
32934527955
1005002273679748
1005001666572699
1005001302477143
32962566249
32811956418
1005001685673175
4001110154902
4001158781602
1005001387351254
1005001831869638
1005001592801191
1005001854605387
1005002263932309
1005001770508185
1005002294449548
1005002306384386
1005002419767842
1005002396255459
4001232070447
32781970467
1005001391593085
32906345686
4001156188170
33034471315
32851258837
32852218734
1005001935870695
1005002012178731
32643334535
1005002033707142
4001106885296
1005002396691033
32864926010
1005002228100989
1005002015783110
1005002254718436
1005002337662606
1005002329350260
4001019280256
1005002483083081
4001333548440
1005001703656543
32905780686
4001278980341
1005001368031795
1005002385073643
1005002419593906
1005002235347079
1005002467845468
32365199231
1005001872324150
1005002397808924
1005002054988124
4000108968426
33049506743
1005002100748094
4000626262587
1005001935916864
32996561581
1005001935604486
1005002314401850
33050608870
1005001698360456
32398930144
4000259528144
1005001718070149
4000143906450
32950545342
4000143038498
4001294460468
1005002122452070
1005002016582695
32852563594
1005001909073700
1005001780853477
1005001693611540
1005001425954456
32860358893
4000694202545
32868960118
1005001616833391
32908451399
1005002122293973
4001226310464
1005002485241018
4000673520729
4000546664422
32791445449
1005001538544735
1005002314580105
1005001407917925
4000784864070
1005002266133024
1005002259111373
4000554778745
1005001610375394
4001237477542
4000689382190
1005001777485295
1005002288362436
4000965152936
1005002390720542
4001014980914
1005001387163066
4000626303484
1005002311008258
4000484016755
4000078126635
1005001955067426
32920425719
1005002359722364
32958230569
1005002375345384
1005002282438278
1005001817081996
32703365057
1005002399978799
4001083433858
1005002264155085
1005001275837534
1005001502502837
1005002399479732
4000100596967
4000287623182
1005002377629109
4001294095625
1005002001634176
1005002253982015
4000309105841
1005002369714740
33034341597
1005002469170469
32845674463
1005001514251047
4001059774789
4001360377087
1005002165277684
1005002304330160
32957255784
1005002232372609
4000200285191
1005002357855722
1005001997556360
1005002314452393
1005002294106823
4001037168919
1005001741607549
4000489047188
1005002291488829
32861660189
33000984765
4000979624823
1005002248256625
4001077034568
32971990911
1005002298326955
4000762323907
1005002260334268
32858254944
32843649893
1005001369284315
4000669270007
33043493551
4001270872181
32862195290
1005001419241948
1005002090511097
1005002028536873
1005001934739377
32613723636
1005002055223206
625570123
32827856534
1005001519530288
32701035693
1005001329979143
1005002396901185
1005002245624049
32908763073
1005002290223179
4001159825592
1005002355715861
32994301587
32909247731
1005002363385502
4000829700385
4000762448376
1005001523729320
1005001769066107
32909066687
4001254752153
1005002495514642
1005001459102334
4000046489003
1005001350590364
32885241109
1005002342706174
1005001860731544
1005001980064011
32972263013
4000360491711
1005002482968807
1005001889936773
4000682864991
1005001832236646
1005002371656977
32353661576
33029816357
32952491780
1005002333890950
1005001468359533
32724337645
1005002254802620
1005002328582818
4000836430963
1005001918240409
4001221826823
1005002275824043
4001256511477
1005001982693501
1005001967758455
1005002367489156
1005002075313803
4000029946804
33052510057
32436320844
1005002252120543
33048085762
1005002359825150
33004402561
4000020499630
1005002255975171
1005002306112563
4000672865108
1005001999359197
4000492122486
32873784278
33008702767
1005002425624576
4001157273228
1005002270598844
4000110936843
32925903116
4000689277053
1005002303845501
4001233881307
1005002128443862
1005002310340650
1005002193798971
32921638741
1005001473659930
4000782822471
32973546696
32658747165
1005001970615554
1005002314023902
4000777212720
32789012136
4000454547948
4001223779877
32947461075
4000108432013
1005002410021279
1005001946943758
1005001840175513
1005001506120644
32855077021
4000313594112
32848736933
32478480506
4000344061586
1005002378141184
4000894751518
1005002357973102
1005002417141734
32791132581
4000764250817
32572187238
32854295855
4000983541315
1005001801243844
32972079924
1005002333216667
1889586511
32986549840
1005002427591460
1005001346425359
1005002427891174
4000115112703
4000318942661
1005002358084579
1005002177074458
32907014430
1005002337092044
1005002241668759
1005002378270476
4000235536635
32858358882
1005001333837206
1005002221335653
1005001776653148
1005001499914816
4001168215025
10000203915860
32906001462
1005002282077100
1005001620283080
33023577999
1005001373114375
4000118124277
4000180929408
32978447663
1005002289490686
1005001438613587
4001152878887
1005001568604090
4000388524225
1005001867813485
33048599697
4001271439607
32920246298
32862033778
4000323990241
32963681787
4001230674362
32866070035
4001045379725
1005001506069184
4000549823985
1005002424957986
1005002245462804
32721432731
10000169724226
32975296703
1005002382599961
32702517720
32897178436
1005001972350857
4000682696734
1005002411652612
4001200243496
4000091875833
32861472069
4001148220838
1005002116704986
1005002418414228
1005001941919469
4001240771138
4000922562435
32866701687
1005002307263356
1005001762528603
1005001694846202
1005002293480885
1005002393080222
4000364337335
32867145828
1005002314946513
33036589559
4000054557365
4000406181066
1005002054890517
1005002362709230
1005001348522123
32780539739
1005002427802953
4000935661089
1005001694098002
1005002331887372
1005001680763090
1005001459093773
32786009434
4001199124946
32926320575
4000415098696
1005001621853157
1005002294755216
1005002305658417
1005001957673183
1005001834832799
1005001320407028
1005002253287290
32963285727
32847972399
32987134302
1005001793299486
4000744920217
10000395855030
32994856760
4000562574453
1005002365426646
1005001970673522
1005002289068821
1005002352276555
4000358318031
1005002317775477
32864800988
1005001339770579
32295183572
4000765487570
32981058935
32993815252
4001330855100
1005002233764039
1005002197474678
4001175632938
32990792550
1005002312555634
33019535933
1005001935038821
1005002055631534
32813007001
1005002373496178
32964259586
4000132696587
33036977398
4001170301984
1005002228748528
1005002287029596
4001221282905
4000042481957
4000415899248
4001107853034
1005002320478924
1005002366179735
1005002027382701
32406535638
4000381645229
1005002368993809
1005001834503621
1005001964342920
33006271297
1005002373111298
1005002247728115
1005002364045704
4000771306933
32904492186
32955998706
1005002314963843
4000116257950
1005001929012105
32885227425
32633627311
4001217644582
32960096085
1005002448502199
1005001320237732
1005001438888343
1005002345387117
32995190464
4001163433918
1005002378859562
1005001558263159
32953135075
4000931674169
4001065127861
529674381
33044168643
1005002443187045
1005002070673096
1005002007068113
1005002252784970
4001334036801
4000908591987
1687671609
1005002314387681
32824941755
1005001863206949
4000926663483
32999840723
10000084036233
32965996907
32839563304
32621875461
32883123596
4000299088347
32889416030
1005002392340798
32912413501
4001277042432
32816300121
33059306620
4000955315906
32839227152
1005001864771022
32704570301
1005002182155820
1005002368730819
1005001794173552
1005001637747397
33006147486
1005002314325205
32638960892
32886735908
4000020160841
10000034217820
1005002333113268
1005001556476592
4000569365945
1005002269078005
32811756817
1005002306434982
32821229896
1005001715797812
4001123666769
32957468047
1005002500478591
32829082609
32869744972
33001228369
1005002219436181
1005001931060004
1005002412232521
4001193936623
1005001670800586
1005001423694772
32816803434
1005002387922556
33043918209
1005001980515095
1005001367704336
32684780846
4000822676172
1005002431184461
1005001382852187
1005002337069877
32943317515
1005002390408006
1005001332594603
1005001337741323
1005002237483754
1005002198151393
32946868596
1005001851013561
32917273309
32678546352
1005001452722640
1912440820
32997490583
32973261233
1005002315427917
4000099257781
1005002265259195
1005001333661823
1005001660286665
4001124809168
32849169091
4001201264858
1005002337669554
32876744411
1005002271277860
1005001815375051
32822539793
1005001768139850
33035284919
32902555702
4001149266719
1005001797213326
4000256729952
1005001585857847
32961462127
1005002314349179
32770340575
32953113749
32973626461
1005002091092243
1005002208380074
1005002353323489
32922966102
1005002242315823
32856810038
32971198383
32653028651
10000395848308
32895604988
1005001822278276
1005002405971590
32981941603
1005002190073417
1005001861917482
1005002287495170
32340252538
32882654837
1005001290627359
1005002314057898
1005002357665657
32885825016
32885657924
32969613894
1005001861152747
4000730665864
1005001359694230
1005002164439313
1005002077620820
1005002213694490
1005002114862333
4000286465671
4001039077321
4001277779580
1005001441358950
4000844383409
1005002419730267
1005002321040707
1005002322904853
32956878042
32790089984
32756777010
1005002227762282
32966559550
32875742647
32658020046
32970005355
1005001580685248
4000762512048
4000034200678
1005001444452615
33060518608
32902029472
1005001868383970
4001294003008
1005002064862109
32850572882
32859695857
1005002341257682
4000682588601
1005002198731486
32980183079
4000695209181
1005002122428734
4001268464309
1005001350844830
32968742656
32822835622
4000695900338
1005002470909614
32970789366
32802727897
1005002400093988
1005002214441687
1005001609811320
1005002459685105
4000568349433
1005001878143515
32989807869
4001268130008
32914145610
4000703528831
1005002357869310
1005001922152407
32889036251
10000356575816
1005002053941148
4000314004168
1005002147850638
1005001798249361
4001005229026
1005001462863622
1005002423408957
4000160428903
1005001786286717
32491913673
4000654725922
4001259828847
1005002273931891
1005002316865043
4001193045109
4000918433659
33013398569
1005002470061512
1005002238248918
1005002319270250
1005001289575159
32927308584
33054489334
32949374659
1005002304032802
1005002294134876
1005001632685478
1005002349501734
32450680313
32991815391
4000263710695
1005001666850339
1005002316969781
33030472165
1005002390705121
4001236076544
32841395298
1005001609703734
1005002482708785
4000309985855
4000723925084
1005002037237269
1005002362495985
32961190849
1005002485621141
1005001529212548
1005001466829637
4000982742467
4000137163604
1005002229826970
32854206563
1005001405182168
32830209846
32795689846
32376546216
33054508263
1005002287538048
4000151639533
1005001677363579
1005002382849954
33001951001
32834878368
32957055184
33007271673
33024137788
1005002262516027