1005001452940046
1005002038557760
32906451669
1005001489176592
1005001565752846
32954396981
1005001887685274
4001332556450
1005001617231831
1005002052427526
4001110667319
1005002389562477
33006053479
1005002313765941
1005001733200374
4001116425801
32968281338
32987769415
32823274631
1005001329114151
1005002358531705
33046181331
1005002231849080
4001345345040
1005001482900148
1005001391727679
1005002210702731
1005002420208599
1005001962001737
4000258878043
1000008001049
4000641130816
1005002483445877
1005002116926952
4001213024148
1005002238096207
32696082939
32964093929
1005002332031358
32671549611
4000081730309
32839650935
4000483760228
1005001954748546
4001139246992
1005001885206991
32829693783
1005002229884788
2013340190
4000098454323
33007901700
1005002460687500
32960963450
1005002346000165
1005002386807927
1005002345078997
32889664605
1005002328466946
4001291174301
10000146570051
1005001659748334
4000031655097
1005001636284807
1005002387704898
1005002322318602
1005001427412361
32636889086
33024762149
1005001597371737
4001097353757
1005002492296583
1005001506119151
1005001326359879
32947309807
1005002314534367
1005002297820394
1005002338681715
32904343907
1005001961087458
4000807182460
4001054797374
4000102152781
1005001671925299
4000618771437
1005002332161034
4000955268601
1005002186292688
32830168023
32951672696
4000689098351
32350111749
1005001954829930
4001246689936
1005001496765375
33039094230
32960583177
1005001317203795
1005002381450400
4000960572761
531824312
1005001670825601
1005002428201075
32978563918
1005001316499847
4000703557065
4001252455131
1005001604817731
32302332754
1005001367917725
32904717295
1005001797237516
32932736596
4000012477972
1005001859647024
4000668501616
1005001998385290
1005002388849411
32957190501
1005001349801261
1005002498983747
32908661461
1005002156905011
4000114897478
1005001303236158
32784909200
1005002425530008
1005002448618251
4000496539503
32832796525
1005001408758005
32919450319
32719350438
1005001803394918
1005002314377828
1005002242961127
4000286108935
32922892660
1005002174759621
1005002073766697
32861248090
32964501264
1005002411506156
1005002281767919
4000313882572
32879297818
32903833130
32865531617
32839989709
1005002407973656
1005001315385299
33024833319
32818909266
1005002110823239
4001207330007
4000348454475
32847695904
32969363742
1005001639160019
1005002374770900
32896842367
4000864371132
1005002332716959
4000249281266
32814057593
1005002325583021
1492524510
1005002263186421
4001268424277
33017771313
32960009503
1005002359358126
32961379943
1005001295578306
33032615778
32906233990
1005002448974354
32951098896
4001233120511
1005002368870158
1005001286339195
1005002495818918
32918021765
1005002283301766
4000197554191
4001142625497
1005002370362425
4001183569304
1005001666556089
32953595577
32966216669
1005002460428524
4001244751889
1005001769839081
1005002333115562
1005001581067888
4000575826985
1005002488136186
32794040221
4000505387963
1005002286567766
1005002382465572
1985033393
33002013024
1005001736559877
4001240944786
33022054699
1005001900375488
1005001279701034
1005001962513138
1005001470960281
4000688674339
4000389024127
1005001359544858
32825904282
32960558045
32959191841
4000405847682
1005002338731957
4000333095940
32990950529
1005001516001182
1005001353966803
33013630664
33012429300
4000922016293
33018800729
1005002321237417
1005002365591582
32851106552
1005002225308266
4000253533891
1005002380919052
33015597884
1005002128551227
1005001771846805
4001278760206
1005001703309670
1005002281929205
1005002311771673
32992406299
1005001541654791
1005002344763652
32920502414
4001282388130
1005001519406476
1236347435
32929914931
1005001582008540
10000397735786
1005001690989260
32563420054
32954251730
1005002063495881
33045385223
1005001442280002
32807906825
1005001809944235
4000087674158
4001133226033
1005001759261560
4000083447774
1005001413826006
32967046963
32816671726
1005001728549591
1005002310948421
4000929379463
924175067
1005001402859657
1005001649475899
1005002477382966
32967213520
1005001922955596
1005002074346231
1005001667153074
1005002381218370
1005002058907250
4000885030373
1005001484406115
1005001333507729
4000862516536
1005002105353975
32700762125
4000623936178
32975485651
1005002461038112
4001282182839
32830277221
1005002006975485
33038292879
1005001928694990
4000954923852
32955858504
4000644579987
1005001308392612
1005001874767644
4000118832662
4001340379549
1005002417308620
1005001488586470
1005002356467393
32663022553
4000239712081
1005001541750434
1005001483381411
32916308757
1005002273292866
32820181665
32614284440
1005001579757635
1005001770549131
1005001591077645
1005002318334889
4001218976058
1005001368027427
1005002467031050
4001209046845
4001313664464
32905449389
4001082877864
1005001268663788
4000944616930
1005001596662700
4000381180360
1005001930721962
32705299766
32948967310
32791852939
4000893813948
1005002449620007
4000267802572
32494112439
1005001736766381
1005001900747508
1005001398565055
1005002223857942
32949194452
1005002253436865
1005002279563723
1005001469682230
1580721370
1005002332632117
1005001580804826
1005002233653419
4000434153292
1005001715005202
4001114482448
1005001754016040
32971551623
1005001705502945
1005002241007265
1005001731409827
1005001514526426
1005002433931062
4001203275250
1005002424849776
33006191430
32992141318
1005001895853236
1005002347369653
4001275775937
32794664479
4000585613317
4000385603566
32944601279
32866910434
4000303796974
10000055715868
1005002279037194
4000599028225
32926155981
10000005137395
1005002118775454
4000683579062
4000080442573
33053721314
33039640094
4000405064178
4001212965410
32974457232
4000244895403
4001252106368
1005002334222136
4000410329864
33041259195
32757836578
32790757087
1005002363489331
1005002389582871
1005001676512524
1005001843990432
1005001296130517
32886419844
1005002401224900
4001112007468
1005002252575401
1005001694765930
1005002447071093
32894991732
1005002214178981
1005002162000610
32873255344
33015067799
32972989300
32982566608
1005002396516243
4000826858846
32218178978
32852152733
1005002433288514
1005001445287043
1005002313740876
1005002069352616
1005002467820629
1005002302614466
32860066535
1005002066104155
32795767456
1005001808512722
1005001656865388
4000939558753
1005002314331665
1005001532050619
32948326668
1005001423570797
1005002475801340
1005002395153635
10000395936890
1005002321270045
4000199140286
32923117617
32733100400
1005002137790168
32917169035
1005001671089852
32975974689
1005002450337967
1005002409892408
4001261250702
1005002368388139
32949977185
1005001775624413
4000805274309
1005002460514109
32970499827
32984519458
1005002357485942
1005001665388589
1005001333462958
4001264858342
4000170796828
1005002388834811
1005001466376063
1005002485580501
1005002390285830
1005002270806796
1005001488746638
4000663578675
1005002369519780
1005002494099441
32849660004
1005002329136178
1005001297628374
1005002245799818
32982330369
1005002420624496
1005002026876578
33003880723
1005002459808853
32452267369
1005002341169402
32940227376
1005002314798496
4000598577105
32972596758
1005002332186185
1005002126647732
32965539517
32990478925
33053493233
4000781874661
1005002400259339
1005002313932868
32794914384
4001153739681
1005001521045171
1005002340960598
4001175227811
1005002345660697
1005002495641430
32868566147
4001231528587
4000073933364
33022153934
1005001831153189
32803131869
4001260560681
4001158957310
4000896453391
1005002006209152
32920610480
4000166874534
32902728026
33032748300
4000108088940
4000739453653
4000902993575
32985223370
4001220265271
1005001638726805
32962547549
1005002371916789
898104160
1005001464381860
32842374145
1005001522447140
1005001996609284
1005002268608529
1005002304605152
1005002282208656
33057458825
1005002165984142
1005002022130409
33000229823
4001061948299
1005002258898659
32956350153
4001084297814
1005002339550427
4000899302144
1005001954541085
32971951935
4000193875609
4001274955731
32853249199
32901787168
1005002011904932
1005002302387476
1005002467424304
4001290128469
1005002263357273
1005002033657390
1005001880340192
33008268923
32782256817
1005001797532847
4000479062617
1005002253548121
1005001980972354
32892050318
1005002314342249
4000960585507
1005002220091113
32988919869
4000074049756
1005002402981207
32958368390
32971990957
4001050558442
1005002330714563
4001360948290
32957017794
1005002419731267
1005002244382295
1005001953611225
32794126468
4000479369828
4000146811135
4000982358136
1005001434024919
1005002245209190
1005002220391341
4000918826205
4001327455697
33026415611
32652989457
32996586090
33007191228
33054047858
4001228510402
32619547524
1005002420465167
1005002365168737
32917956632
32378025582
32836195485
1005001595071682
4000193456355
1005001824121610
32959241918
32767878147
1005002364500586
1005002377509179
1005001563250556
1005001789459647
32840457160
32788003183
4001039439796
4000511883508
1005001986973538
1005002491227742
33004003615
1480411414
4000570426204
32898353906
4000061081785
1005002435858145
1005002244012161
1005001468113297
1005002263650449
4000608658684
1005001689223665
4001035356184
4000859871642
1005001850264801
4001244982561
1005001768066092
1005002253613274
1005001943022104
32981694602
4000493264317
4000682989183
4000849927229
32849335894
32952394677
1005002420804163
4001271988418
1005001997166722
1005002122606009
32797113823
4000866826113
4001180059689
1005001469420262
32929314624
1005001879772392
33008061638
1005001695090124
32771112780
10000136481228
32959319452
4001139182808
32858056235
4001121439317
4000483649365
33055359413
4000036290079
4000051282478
1005001966847662
1005002110749495
4000238038941
4000672519505
1005002409788264
1005002064141957
1005002316321537
32845995238
33009601948
1005001315852326
1005001678574107
32923848548
1005002351334681
1005001338790938
1000008130231
33061746208
32987021267
4001211794132
4000926729247
33006721867
32994759964
32856503200
32789641743
32824431017
4001000365838
1005002425361097
4000353976740
32960768858
4000064638600
32991180719
1005002286656194
4000358056740
1005002357106849
4000597317836
4001223955316
32637622527
1005002393236227
32728804708
32917824159
1005001703899920
4000599284971
1005002490847730
33063839092
4001037971303
4000657067606
1005002388260805
32608956687
32857007560
32957146099
32782690563
32829007707
1005001975525319
32825397278
32973103167
4001296983276
1005002471633850
1005001429536330
1621032590
32890422491
4000661515301
4001057472888
1005002111008438
32919717671
1005002018934273
4000136184123
4001289885438
1005002017551207
1005001436433098
1005002395041764
1005001768173301
1005002134451337
1005001726887773
1005001676980159
4000866485209
4000062686274
32889841152
32991305608
1005001758261530
4000713971867
1005002341162694
1005001956928563
4000035795191
4001157305104
4000850195905
1005001465071627
4001275539197
1005001593515201
1005001768989246
4000320833731
32899649095
32966604449
4000161477336
1005002259555818
1005002324736831
4000111908596
1005002259345383
4000192114849
32975578985
33027208964
4000246174501
1005002232119716
32888108079
1005001296493567
1005001750224135
4000546511809
1005002434041377
4000959175973
32860718114
1005001577026419
1005001314317668
1005001402209784
32984370308
1005002240390700
1005001602742698
1005002395284538
32677207575
32790222206
1005002351916194
33031497758
32855062928
4001278904294
4001348251635
1005002181426133
1005002065176055
1005002415478659
32871650265
4000459797723
32858549300
4000247892468
32981433502
1005002478594357
1005002428238780
32812256373
4001282103139
1005002376152468
1005002453694935
32707957200
1005002356235287
4000373582838
32344518882
1005001443064199
32628692370
32910851455
4001011725792
1005002239813742
4000781056476
10000388653341
32698532312
4001066414200
1005002482398474
4000853383890
1005002361526268
32649613486
1005002311817038
1005001604331986
1005001834685810
4001101552468
1005002069805703
4001224154589
4001241432957
32736011297
1005002449709178
33046270427
1005002003710402
1005002090878516
1005001322598591
1005002052238189
1005002071636483
1005002371006610
4000543972416
4000412523256
4000766992998
4000052692682
1005002368642386
1005001501129060
1005002046201518
32915775410
4000064727641
1005001775516623
4000717422075
32820986256
1005002086419049
4000777489511
32438680330
32972917556
1005002042729841
1005001592547606
1005002362565517
1005002291093632
1005002168090925
1005001631963704
33043993663
32867140967
1005001723173546
4001149773426
32950848296
1005001305412654
4000369693209
1005002244401859
4001360764824
4001038894080
1005001998424930
4000856318367
1005002334123438
32913361297
1005002432833534
1005001627705272
1005002364257283
4000188333082
32835830954
1005002104328430
1005002006762472
32961217226
1005002315175276
1005001781851397
32871362894
4001165347878
4000257456857
4001047195458
1005002494983353
32836266449
1005002490219242
1005002334999717
33028211286
1005002341497972
4001036745213
1005001997714139
32812562007
4001349739471
1005002357745030
33046924441
1005001350792834
32899919680
1005001843393988
1005001405033942
4000377883503
32878383834
1627604285
32666955720
1005002343287493
33059621255
1005001499648152
1005002403065236
1005002395830315
32981270149
33055313699
4001225107949
1005002278761887
1005002136816412
32720325565
1005002322743454
4000040839988
4000764695867
32974638295
1005002180763633
4000546582590
1005002241087320
32810049594
1005002254010070
4000794651843
32995730318
1005002314253119
4001346179269
1005001585173395
33014264618
1005002337000235
32971163528
1005001733066900
1005001313364500
1005001520436776
1005001942977485
1005002432124017
33037885495
32871898068
33009240486
1005001565396773
32861346928
1005002033303170
1005002367453206
1005002443467528
32817975510
4000928582287
4000739499858
4000093306624
1005002448133321
1005001940467727
32956308496
1005002315269252
4000246620736
1005002319323339
1005002202008095
1005002334846371
1005001447279165
4000078578099
1005001609088463
4000876844805
1005002311057312
1005002314727575
1005001447826356
1005001836024199
1005002116035616
1005001363224772
32911906751
33031686182
1005002484280496
4000604207934
32952918706
32979518539
4001013904668
32881464193
1005001686645785
33005318641
4001166135450
32904847792
1005001935957880
32810205141
1005002315347620
1005002229698325
1005001616070954
1005001556791311
4000574572544
4000115751544
4000390440393
4000548558554
4000309047857
1005001693027364
32793924936
1005002485203879
33012715761
4001334679422
1005002473191641
1005001621345821
1005001670783811
32344484417
1005002412263860
4000203274615
1005002073439304
1005001757418376
4001324615863
32899585733
32835243799
32997417840
33037401186
1005002393987303
1005001791990144
4001146784157
4000880110266
1005001995959236
4000857021234
1005002223247471
32873884974
1005002292314922
1005001999650220