1005002351127960
33060101589
32762979751
4000249512384
1005002388710738
1005001447239285
4001344983263
1005002413071759
1005002368651235
1005001709198670
4000550020119
1005001798674067
4000843321507
1005001703247260
33052471052
1005002316193001
1005001931705261
4000324358869
1005002314775027
32959840328
1005002297697447
4000262656907
1005001425820497
4000499162061
1005002452918071
1005001462896943
4000127599551
1005001429096288
32828000822
1005001862582430
1005001485709087
4000224413441
4001165717165
1005002335077171
4000259915246
10000106748906
4001181022341
32704890379
1005002350747879
1005001464738643
32631578936
1005002311319216
4001035177479
33058047491
33057643731
32875162915
4001111883650
32891669255
1005001332296053
4000554765792
1005002224276429
1005001983665431
1005002104229755
1005001270262713
32903918786
1005001670750691
32800904655
4001134242422
4001051412058
1605104350
1005002358211188
1005001741932093
1005002234914677
1005002388750254
32759688340
4001026692879
1005001898885162
4001275083364
1005001863725826
1005002359857151
1005001421176533
32807874822
33056464713
32835983837
1005001716890270
4000926617401
4000203357378
1005002038641874
32973151272
10000332255800
1005002244921411
1005002192292420
32890558770
4000966896286
33015034010
1005002320581962
1005002328093234
1005001967445684
32994552254
1005001830592670
4000901921553
1005001833892119
1005002193809324
1005002167232105
32999152410
4000325885155
1005002269121005
1005002408560044
32804991299
1005001665907593
1005001572248411
4000085928607
1005002398285413
1005002393358414
4000770032529
1005001839830840
1005002357398314
32665628591
4001102678812
32951585266
1005001770799732
32894832487
4000804920521
1005001837768436
1005001688885821
4000248859841
32651149299
32919244348
32798110710
32768006018
4001220553988
1005002295332119
32637780297
1005002343134247
4000249914010
1005001310957766
32838021624
32982584474
1005002309032173
1005002440430556
4001340052792
32878773806
32888668796
1005002319069361
1005002337873498
1005001622067865
4000689669449
1005001777051369
32628490785
4000624359184
1005002345605182
4000015643306
32928873223
1005002343932363
4000849861271
1005002237328874
33001105679
1005002393101672
4001069640952
1005002292532910
1005001334675842
4001220429098
1005001387112192
1005002489215452
32718550566
1005002119421025
1005001678895202
1005001343282849
32809372341
4000430573270
1005002357322267
1005001789459311
1005002319346568
1005002377611629
4000662311543
1005002401344995
1005002333687086
1005002239921712
32967901420
4000907114224
1005002198885377
1005001813887843
32649055219
10000150950345
4001321738423
4000773067964
1005001921291967
4000990936768
32374564791
32870145734
32883788393
4000843009521
1005002353267397
33038261783
33043164246
1005001288082357
1005001487030062
1005001348743386
1005001472361097
1005002238046449
4001035293946
1005002358646734
4001297479678
1005001690956968
1005002299711761
33058123493
4000221131655
1005001289747526
4001053453737
1005001517530923
32350569873
1005001614970064
1005002490413499
1005002466925623
32891892607
32822152316
33030666259
33062714231
4000075699869
1005001927723925
1005001779812029
1005002478779036
1005001817916811
1005002098626970
1005001700089480
1005002461711583
1005001926259539
4000156412915
1005001516044169
32827538442
4000961967673
32880871082
32392278975
1005001844123867
1005002405673067
32339408275
1005002167394733
1005002482277448
4001115856270
1005001817568554
1005002247715515
1005001893256386
32564852989
1005002443482342
4000480330351
1005002327657338
4001344865088
32668269031
1005002229073221
4001066054093
1005002251898337
1005002264350700
1005001614656211
32792911625
32840879114
32885316688
1005002309811052
1005001627537555
1005002316153429
1005001888020071
1005002318224212
1005001687662346
4001134658221
32813734899
1005002467021516
4000244310065
4001213644443
1005002367905971
32589157794
4000226120978
1005002239493068
32915925580
4000297121450
1005002199809615
4000287169701
1005002258216600
4001228697487
1005001975807195
1005002213590213
32697055851
4001048426497
10000327559789
4000527880034
4000210503735
4000140125434
1005002329441476
32713438054
1005001658369245
4000192962858
1005002495652775
4001048605290
1005002304332720
1005002252130418
1005001393853273
1005002467246190
4000818512999
1005001598920856
4000032011510
1005002314821087
1005002459895511
1005002187714862
32833432151
10000089291482
1005002233259539
32960237410
1005001310492565
32824750820
4000185633618
1880264244
1678560624
33001986335
32935508096
1005002101264301
1005002260905983
4001252633198
1005002408384704
32953586188
1005002315313414
4000120072841
4000083032117
1005002413564364
1005002305220644
1005002417854391
1005002372765111
1005002278172962
32970941809
1005002336974241
4001052750665
32830650552
33038132415
4000595672454
32405749449
4000375643695
4000082520092
1005002341121272
32676584775
1005002306356667
32911038539
32975278667
1005001727300138
1005001882882737
1005002315194552
1005002469006279
1005002123836658
1005002294127161
1005002348624432
4000484677360
1005001555259324
32798384304
32856400103
1005001451988225
1005001588709426
1005002284272433
4001021908874
32949028745
32668118741
32982901134
4000153543850
32947976119
699853517
32844059738
32607848836
1005002186986346
10000305383134
1005002310557869
1005001975482260
4000042785374
4000899623947
1005002369305821
1005002395012419
32975748778
32858412752
33011845212
1005002282760378
32830233795
32502936516
1005002359097023
32965719739
4000335600102
1000001374184
1005002219903001
1005002423399008
33025063437
1005001972358793
4000628530148
4001111411882
4000693332555
33030006734
1005001305311550
1005001604835760
32912284295
4000288082658
4000314127669
1005002338143039
4000575841924
32860621603
4001322797086
1005002485063122
1005002327883460
4000543871533
4001294600287
1005002454266503
1005001473924065
32907873148
1005002066509251
4000059028061
1005002404920357
32875006130
4000673248826
32959246081
1005002259036219
1005001413603097
1005002340893341
4001024730369
1005002326372807
1005002443705875
32951202299
1005002347774366
1005002319216207
1005002380838756
10000022827685
4000979685394
1005001287195311
33000338727
1005001317449547
33060072214
1005002351606387
1005002428175224
1005002313795802
33058118083
4000134338657
4000050057447
4000803713613
1005002011064369
32813975040
1005002139963151
33026151263
1005002350452704
1005002348335813
4001128393428
4000181948842
32890341767
1005002377021458
4001264036938
4000404488969
32801904553
1005002003931876
1005002454302756
1005002281556094
1005002292568704
32902994667
1005002356125092
33030303175
33041139677
32993383842
32851198336
1005001907140185
4000231318166
1005002379201427
1005001382933091
33062290033
33025567125
4000055515562
1005001763567074
1005002050897931
613626018
1005002072257537
1005002370039957
1005002385013884
1005002357491873
1005001612033934
1459854595
1005001458891982
1005001423914120
1005002341174218
4000806142277
1005002094005661
1005002481541569
1005002034590830
4000899264886
1005002276995971
4001289602767
10000002481038
33049153913
4001111875631
32614856617
32823144477
32969809566
33053780771
1005002286190474
32253029129
1005001515325445
32706156001
32499296458
4001252584957
1005002287220871
32846845434
1005002329452988
1005002444410332
1005001656675181
1005002046118683
1005002245913382
1005001620113233
32866483099
1005002317984456
32882081482
4000555755658
4000538050791
1005002466074995
4001275655494
1005001612709990
32895341614
4001225969736
4000388089911
4000970505329
1005002175202704
4000203027889
1005002265554542
1005001867687980
1005001865707057
4000595786691
1005001466452918
1005001827466355
32995529929
4001247345825
1005001955007430
4000115830470
4000966964940
4001179220433
1005002289507575
4001280153577
1005002423968966
1005001713956612
4000722562832
32881490958
1005002293711465
1005002476767900
4000557758397
1005001500435694
1005002345057755
1005002356901726
4001218194688
1005002340573366
1005001581581702
4000261793791
1005002297006908
4001041002801
1005002238594316
32700358139
1005002361890453
4001080214379
1005002387234590
1005002255468394
1005001917672949
4000106024573
1005001844286020
1005002427876361
1005002431012908
4001072235736
1005002288665075
33002472104
1005001304476487
32817421419
1005001652784248
1005001923154092
1005002457728326
32948110858
1005002190905899
10000397748501
4000091935618
1005002350649850
1005001333514809
4000934309460
1005002001981185
4000010931593
4000919023301
4000737941210
32855428863
1000007450058
1005001664884473
1005002318521769
1005002315790583
4001052601176
1005002368890602
1005002334137251
1005001727699024
1005001377343433
4001158677733
1005001349730405
1005002317944966
33051579959
4000976750545
32882263676
1005001585865708
32842383845
1005002129759434
4001257284687
1005001453399551
1005001826382843
1005002469075152
32919048945
1005001686147487
32994819797
1005001798607284
4000507159274
32936457980
4000473515000
32848810413
1005001900388537
10000247490529
4000303269775
1005002123501354
32962348392
1005002476418006
1005001297843791
32578994341
1005002334327351
1005002136926055
1005001602521636
32622072359
1005002313046895
32977755804
4001339140469
1005001777337129
32958375049
4001232465056
4000101893194
32610732008
32829399790
32836125780
1005002359641188
1005002002452618
1005002279465739
32970974665
1005002277800520
4001267865719
1005002212474732
1005002073856586
1005002385671435
1005002297875764
32874153865
32851514017
1005002362704073
1005002356086330
1005002301395685
1005001280432698
32999369221
1005002315586079
1005001608622335
32327160966
1005001617362747
1005001736373226
32861497427
1005001773558084
1005002340796177
1005002476359464
4000778142846
32879702365
1005002265411065
4000058090336
32671969744
4001232061462
4001182838625
1005002370539818
1005001834780675
32849076836
1005002328354504
32868674040
1005002099210698
4001359517533
32956602353
1005001882429143
1005001997973865
32998208301
4001255379319
1005002361691644
4001145901017
1005002377001514
1005001877542866
1005001321498161
1005002400409550
1005002359870145
33029055158
1005001291389388
1005002357972401
32921222156
32866646121
4001062874983
33009248517
4001289817201
1005002341439164
1005002114465009
32798708169
1005001779665921
4001270917589
1005001581314994
4000947739205
32877073596
32998332196
1005002433526110
1005001779741906
4001262549322
4000588356351
32769856285
4000117658332
4000546659469
4000133874305
32889178182
4000843237579
1005001571296852
4000064872127
4000904364811
1005001482869848
4000105112493
1005002328226054
4000558864572
4000186513120
1005002315286731
1005001803922090
32620010261
4000582643463
32386057676
4001341521407
33062031915
4000068014158
1005002401758720
1005002244211022
1005002203558012
32989226314
4000555035810
1005002357437011
4000127307600
1005001844497820
32994117720
1005001726831850
32921131606
1005002166080649
1005001441355293
4000607176835
1005002003172935
1005001679958019
1005001657014789
1005002456798270
1005002285590997
1005001356749261
1005001688674325
1005002059835162
1005001782983814
1005001381922792
32814985539
1005002456674993
1005001469716773
32687912405
1005001921790925
1005002400336621
1005001914684031
32829732726
32824819141
1005001525445433
4000222669857
4000449571109
33003993903
32788146129
4000670601756
32788680116
4001037418869
32896277987
1005002427616323
1005001792101902
10000397360420
1005001869988085
1005001966522523
32900154815
1005002314615574
1005002253746696
1005002038214396
4001195155037
1005001614852860
1005002327167319
4000850635671
1005002399525566
1005001625135264
1005002350748597
32993317507
32852981477
1005002345544087
4000832551834
32357162439
32856772857
1005001785252186
4001107693665
1005001561539263
1005002307359358
32580287947
4000018195085
32782510042
4001259929997
32833785640
1005001575557682
1005001687785528
4000296003806
4001122576365
1005002448727100
4001054608281
1005002353594609
1005002346147475
1005002387017561
1005002346276247
1005002262374434
4000779988394
1005001727163291
32907889737
1005002264785992
32885823705
1005002485911613
4001277908509
1005002443687476
1005001928317060
1005001998331800
32817142458
1005001457986262
1005002337322538
32896088888
32996080528
4001347561145
1005002033009514
32962901829
4000117257881
4000071157177
32683690248
1005001846291407
1005002314002272
4001226091726
1005001564720183
1005002483000762
1005002210066893
1005002438325550
4000089779438
33058494742
4001133930164
4000391791932
1005001973777600
1005002262465340
33058514095
1005001466588162
4000960567554
4000314211258
32820584186
4001197180147
4000093103985
1005001657203017
1005002147479939
4000690782687
4000972470447
4001036793226
1005001581987666
4001300360719
32851648561
1005001764481226
32837592832
4001240265829
1005002330330467
32820416955
32817704359
4001171357333
1005002427168967
4000760577391
1005001731286927
32987994348
1005001626085851
32898307489
1005002243608261
1005001367838631
32779192134
32861203547
4001118771999
4000182754656
1005002395897801
32266475840
32760451833
1005002346572320
1005002302426761
32834487594
32838874016
1005001779846412
32916296876
1005001972247465
4001058872913
1005002476013005
1005002211432107
1005002308983902
4000463295607
32953453859
32891846536
1005002281993177
1005001915097934
1005001885139628
1005002427520866
32963631625
1005001476403952
1005001810371977
4001037772698
1005002450931004
32880813198
4001294650140
1005001275353768
32918304229
4000344615609
1005001495026789
4000668806227
32966752307
33006918899
1005002398860600
1005001266870798
1005002123460476
1005001420467646
1005002297492587
1005001523734326
1005002076817722
1005002315234245
1005002351602140
1005002490123413
1005002286631664
1005002490917826
33057474131
1005002470125571
1005002330583606
1005002306197933
33005275861
33039928815
32916177029
1005001721038394
4000593833302
1005002475284111
4000570368719
1005002292363656
4001229755127
1005002379916451
32982049473
1005002337153583
1005002333661506
4000758775128
4000660042798
4000429623064
32588866112
1005002466180693
1005002465162755
1005002323440990
1005002369150241
1005001646441541
33004229460
32959118883
1005001567841916
1005002336302850
10000382242785
1005002305919967
4000286862009
32829704717
4000666221653
1005001971161039
1005002171895102
1005002191746878
4000843955434
1005002304824915
1005002341557234
4001257168866
32820360329
32303490100
1005002359704593
1005001993280264
1005002186000292
32829861922
1005001898750461
1005002411918886
1005001671164930
1005001520597327
33012860857
4000124414035
4000131107460
32719062790
1005001590947728
1005002470015377
1005001688980860
32455696683
32590207009
32992005414
33033733622
1005001875592943
32839113955
4000434395343
32974232340
1005001326689498
1005001285099807
1005002244377536
1005001658534067
4001047676988
32808864182
1005002346960231
32907696616
4000987069854
1005002301756978
32773534260
4000837022117
1005001334317400
32920947485
1005002490889809
1005001905923479
4000947937480
1005002393820701
1005002032519026