1005001523925548
4000696677419
1005002318518532
1005002496014145
33015429422
1005001897138098
1005001441692699
32723084505
4000940785637
1005001908409114
32905208210
32908713678
1005001968632164
1462336516
32986039514
33007177611
1005002277328500
4000526013866
1005002425811514
1005002314239959
4001268885306
1005001431036604
4000434350587
1005002257894423
1005002282682870
32527217065
1005002287758433
1005002059411973
1005002308840794
1005002285694631
32832743037
1005001685361855
4001313935772
32955067649
32805518081
1005001694359486
4001236415991
4001272137334
4001260956110
1005002061485614
1005001708124838
1005001602316415
32853562215
4001170501356
32960541014
4000485800713
4000202783999
32952403783
1005001927191477
4001220414917
4001041054843
1005002438354826
32793548172
1005002308502914
32842823430
1005002166350834
32892731730
1005001483044062
4001256449399
1005001329783572
1005002288565305
4000933706447
4001278958245
32959533790
1005002282784242
1005001351767909
33023006454
4001278963517
4001055568880
1005002012018544
4000401132319
1005002111196134
32995270889
1005002108736012
4001202615440
1005002239706300
33002748730
1005001930217797
1005002311811207
4001225328282
1005001587709479
1005001984301670
32779885783
4000332989594
1005002324269572
1005002122309612
1005002332741323
4000985228137
1005001784717437
32881698903
4001295830410
1005002490328991
1005002323895825
4001345233056
1005002337555409
1005001317259323
1005001446182502
1005002056431966
1005001998168094
4001271141776
4000849727437
1005001867608910
33004901879
10000144479334
32952551176
32806967851
1005002275414534
33055011710
4000224299103
1005002330711637
32879107439
4001294200696
1005001581922268
1005001511005919
4000777548333
1005002260656718
1005001582324688
1005001467773812
33016082517
32884979652
1449063367
1005002434810944
32818900487
4000800767410
4000459824031
32797874425
4000517746022
1005001594968333
1005001958348512
1005001675404053
4000192645042
1005001438094153
1005002408152075
1005001799603312
1005001913887212
1005001878365146
32960521468
1005002173396656
1005002450557286
4000764121046
32628415449
1005001495184151
4000969125892
1005002313250830
4000050016970
1005002213255890
32847136931
32843750740
4000292152663
1005002117511596
4001209117484
1005002276013450
1005002322004028
1005002397726712
1005001370171780
32951728177
1005001464851391
32975335269
1005002342716249
1005002376415304
1005001725477583
33025074071
32857228324
1691147435
32827433556
32678815208
1005001817778503
4000195383196
1005002367835271
4000677285713
4000714914431
1005002206392268
32620067350
1005002323774716
1005002182099821
32999942035
1005002496818979
1005002298577100
1005002302449114
4001339515181
484096011
32698046398
1005002278751928
1005002378342817
32879307051
1005001431321861
4000544375199
1005001923569461
1005001894434263
1005002418119725
32957048153
1005001524039458
32858654328
4000926023832
4000922387101
1005002466104449
4000933260634
1005001325853194
4001057788417
1005002304370361
1005002025135370
1005002277281667
1005002189563276
1005001713409523
1005001717088918
4001138243975
4001039128279
1005002308820534
1005001960174278
4001360856995
32926123248
32699161831
1005002136581640
1005002237671960
1005002298348598
4000954479432
4000917114047
1005001505810668
33038463662
1005002387985735
32817357603
4000314030895
32964128954
1005002315670628
32806108791
1005002405149349
4000925481127
32748088911
32782021802
1005002020813187
1005002380687095
1005002373328842
1005001812378937
1005002314604718
1005002114586840
4001314436005
1005002250408098
4001323429882
4000725960521
32996325493
32986555161
1005001759263553
4000995252428
4000541921650
33016576704
1005002316023501
1005002396613125
33027232810
1005002443423908
1005001939849714
4000044797947
1005001592708217
32842856337
4000143385955
1005002339387230
1005002387785038
1005002378459362
1005002286155148
1005002384222469
1005002231660420
1005002196594699
1005001374450415
1005001582122160
4000673016312
1005001593273825
1005002376446216
32880042062
1005001588332162
4000464534046
1005002110701563
1005002193363675
1005001863185925
1005001540181769
4001252073589
4000777931933
1005002238510569
1005002261060281
1005002198453438
1005002103343634
1005001349848648
33049515997
1005001349959398
1005002019649865
1005002426617663
32647706087
1005001929137019
32917460138
1005001905469674
4001019401353
1005002167961575
1005002131338002
1005002466914709
4001228463640
1005001660246908
32984622623
1005002443528589
32713485846
32962661984
1005002498748639
1005002288008915
1005002090684719
4001332900395
1005001658037956
4000807149178
1005002454342751
1005002206486579
1005001636187664
32566076019
1005001655861908
33023880505
1005002192092777
32884784928
32822040309
4001122555517
32899837061
4000168866067
10000395913616
4000324645504
1005001977539666
32878860274
32861102813
1005001829692372
4001079950196
32888489546
32717592544
32880450864
33042168500
1005001338707590
4000965354587
32750090836
1005001615166449
32912440988
1005002281136732
32954240330
1005001322405735
32313481356
1005002473959652
1005001632278140
4001240055356
32678388249
4001341919276
32823604012
32869518327
4000765419961
1005001500175536
4000688716538
32979201305
33029543221
1698418370
1005002322651096
1005002097056774
4001315252741
1005001957494123
1005002332286025
1005001922904727
32999966694
32999410683
1005002122293832
1005002247709932
4000842626641
1005001467856922
1005002040789240
1005002054858074
4001068022431
1005002071260703
32858720193
32826363508
1005002454382671
1005002122051641
1005001456064451
1005001671034113
1005002341074143
1005002297545941
32886034315
1005002248234768
33000765067
10000343606638
1005002313004153
1005002271509353
4001175506350
32687572707
1005001292046672
1005001864846800
32999709446
1005001867140716
1005002376137309
32854301566
1000005327540
33049156871
1005001785120298
32957311929
1005001964801402
1005001441288938
1005002483591747
32803350507
4001222647777
1005001458551856
4000449518398
1005001794033417
32974709631
1005001269905719
4000527660470
1005002211969725
4001134029892
4000781018100
32779437453
1005002416908683
1005002205266377
1005002406511617
32811192718
1005001833315521
1005001993486861
1005001890255319
32891995534
32969577920
1005002481555116
4001154064309
32824366870
1005002286300870
1005001843487940
1005002027664114
1005001839174356
4000292186943
1005001274895218
1005001905136411
1005002318594868
1005002120748628
1005001431773133
4000543277923
4000256790582
1005002491751292
32713579425
4001283223985
33002756747
4000229296250
4000626566698
4000897586089
1005002254178838
1005002334966441
32791950918
32961318847
1005001473907844
1000007541808
4000974327556
1005001867332555
4000586224031
1005002489643774
1005001285436710
32835860262
1005001867337482
33003296019
1005001609732008
1005002404005870
1005002168714635
32933098030
4000715148606
4000551580797
32899747193
32243369903
32808063802
4001123678463
1005002264029631
32794474098
1005002318732988
1005002038167920
4001034589167
4000979434336
1005002401179525
33029951135
1005002113547676
1005002234696656
32307594714
4001265607929
4000384338210
32975165062
32865911618
1005001726130327
1005002052570366
1005002381592228
1005002317458269
33024794953
4000248619816
4001292824544
1005002457366231
1000006046725
1005001736614464
1005002317919983
32856362218
32892298689
1005001497434580
4000546647485
4001295320733
10000423739484
32978659175
32987714155
1005002119551605
1005002490353857
32863841750
4000259992248
4000358242146
1005002315717593
4000035467888
33058368243
4000837706441
1005001311625928
1005002130990069
4001013123135
4000571140217
1005002324027846
1005001762737046
4000115130096
1005001288166168
4000782765522
1005002193953732
32879766575
32995102123
1005002318269605
1005002473909552
4000715888909
1005001656446159
1005002232846783
1005002440585254
1005002110051760
1005001731331421
4001335210281
1005001375779248
4000333425332
4000645371483
1005001504215405
4000857253678
4001020230391
4001166348244
4001262945909
1005001383614712
32975017467
1005001899179334
33003480239
4001282318686
1005002288320167
1005001657398734
1005002448333940
1005002432723607
33024211662
4000594779460
33021746382
1005002466180711
1005002270873090
32995919378
1005002312259672
33003523536
32918840685
4000432941972
1005002380519666
1005002323600681
4001014663733
1005001779923272
1005002385070476
1005001859008020
1005001606288097
4000771323716
1005002270401546
1005001857182182
32974671620
1005001939284295
1005002449290203
4001052876821
1005002430665707
4001274538836
1005001896401283
1005002233362152
1005002317159825
1005002467693477
33060479846
32959403510
4001276220750
1005002317617007
1005002320289018
1005001737758119
33004573679
1005002011068557
1005001465972799
32964476320
4000626922999
32964431794
4001227150994
1005001396893801
32994816828
1005002265522267
1005002232892499
4000627084353
32868565997
1005002023327801
1005002081942190
1005001290267385
1005002326309701
32893503004
4000808172478
4000723566231
1005002258190818
32871255388
4001035199592
1005002394901104
1005002044167048
32985651882
10000395856566
32824731042
4000127084400
1005002382054035
1005001594744969
4000917481860
1005002094330939
1005001952875609
1005001798963228
1005002372657972
1005002438381091
1005001411519634
1005001632005635
32832668527
32805138099
1005002410908408
4001314636105
1005001954651633
1005002467057815
1005002160189599
4000892106611
4001210952320
4001174646319
1005001447278195
32968258971
1005002441552120
1005002440574942
32837417184
32948495299
1005001798323760
1005001465509714
1005002254132955
1005002387845364
4000596067463
4000934260182
1005002336061892
1005002345127554
32884817853
4000113300029
1005001581520486
1005002367168395
32917166300
4001196881384
1005002060616413
1005002318905093
1005001732144449
32835239817
1005002305856977
4000114806709
33021941446
1005002294838368
1005002471365216
32890670368
1005001935908764
4001366047869
4000804446874
1005002498778850
1005001780891893
1005001299145369
1005002428865726
1005001440895996
1005001286178526
1005001551493688
32843373113
1005001826571199
1005002004778197
1005002264608347
4000544037562
1005002350897975
32881428654
1005001935275605
1005001515852657
4000132894115
1005002395007988
1005002318873498
1005001776629310
1005001348073296
1005002399798445
4000977179234
1005002387973152
1005001952250275
1005002291744137
4000199129464
32879047069
32833428370
1005001552289498
1005002443486256
32597394212
4000873510966
1005002059789760
1005001285909729
1005001394084775
32873511220
4000610113640
1005002384791471
32503855116
4000188387934
4000640932660
1005001942144577
32968696656
1005002039518612
32959133872
4000358336917
4001179306897
1005002389295692
1005002238686936
1005001502382760
1005002178192371
4000677026403
4001363891929
33027565394
33000284744
1005001357178998
1005002426488198
32869148465
1005002312700274
4000143823238
32980115007
1005002272035986
1005001436624161
4000170299082
33015019873
1005001555561483
1005002328734454
1005001285172467
1005002090070062
1005002473550190
4001290466773
4001149380106
1005002342965378
1005002421359198
1005002272011404
4000812272898
1005002394795603
33004482762
32850476787
1005002413063309
4000982581885
32999389342
1005002322897740
1005002324135052
4000399156015
1005001525490186
32893815397
33031851776
1005002100051278
32790580018
32905497949
1005001612975218
1005002271487150
33045291668
1005001973287955
1005002499765519
1005001405062299
1005002387879507
1005001955173343
4000987631999
32712791117
33046776386
32825844456
1005001386285253
4000104310336
1005002180830641
32997478738
1005001494195458
1005002286312612
32918385797
32908701928
4000078533087
1005001580564896
32989807959
32805378251
33038533646
1005001912512394
32949989834
1005001873517803
32921601431
1005002076781626
1005002283319593
4000148327703
4000192250178
1005002425662529
1005002213548852
32901033892
4001143467441
32803156552
1005002449906791
33006412142
1005001942978257
4000640992753
32835290440
32879160259
4000670446669
32856120738
4001289672454
1005002323443221
1005002448681830
32967079829
1005001474068483
4000583543956
1005002318577286
1005001785155181
1005001314810590
1005001814358389
1005002341037949
33015943324
32959977102
32965765971
32746622729
32839510238
32734528221
1005002281418174
1005002448943230
1005001865081258
1005002462934366
33016990940
1005001905898061
1005001389699947
1005002409404256
1005002353632367
1005001488361323
4001260350696
32463528562
32910238683
33043778202
1005001960288862
1005002323361856
1005002377198326
1005002459177025
1005001628397402
4000087889258
33035459872
4001030151456
32824068467
1005002191828404
4000769691955
1005001917976050
32744119495
1005001333691370
4001162625193
4000814671247
4000585503303
4001154595439
1005001927883151
32988262208
1005002054568720
32980712004
1005002334752573
4000557256161
1005001494355367
1005002313462250
4000751799971
1005001686006844
4000845391475
1005002480537129
1005001830934555
1005001776178406
32906766811
1005001436167413
32946605412
32855077544
4001153716817
1005002387683113
4001274757165
32808469053
1005002283550107
1005001851359194
4001320803614
32420606683
1005002252667362
1005002339992390
1005002389973151
33000516989
10000395933356
4000837675110
1005002333634291
4001235819980
1005002315388752
1005002466197466
1005002332742258
32954355859
32963997455
1005002319029081
1005002021531826
4000123297878
33027986982
1005002439770721
33013434653
1005002323233302
1005002447172934
1005002332382553
1005002293912907
4000264980749
32838290567
4000708815546
1005002128686310
4000409215958
4000907227198
4000042490327
1005001525577038
32949135032
1005002459804669
4000044673472
1005002046315986
1777885997
1005002329539298
4000746592925
4000598972507
1005002375564408
32911814322
1005002396689624
1005001579138430
1005001903021848
1005002309529781
4001116270535
1005002454353594
1005002269842987
1005002387559200
1005001603487000
32862180149
1005002341596764
4001120506915
1005001317296139
1005002388709828
1005002210978405
1005001850023536
1005002314333118
32906818481
33022957874
32958606621
1005002309070165
32985665539
1005002357633802
32859382622
1005001715469876
1005001340847956
4001281939432
1005002426413938
1005002483991074
33051035390
1005002427625118
32991845390
1005002314310461
4001015918047
1005002179769444
33058690184
4001276078238
4000349714462
32290654738
4000469123634
4001144087785
1005002356062625
1005002443126334
32829368991
32950748716
1005002489554964
32884381030
4000776685068
32807785365
1005001375539686
1005002337014811
32842175345
1005001989800803
1005001566728329
1005002167354288
1005002119631081
32781315604
32842002115
32955225736
32252188358
32757610957
1005002357112254
2046511151
32884816054
1005002056586568
1005002281526783
1005002174923354
4000100000401
1005001838866916
1005002246106545
1005002306310647
1005002331086858
1005002436007420
1005002162778676
1005001562515599
32359929429
4001345179599
1005002383292243
4000373924882
1005002340812062
4001282286566
4000803701686
33000616648
1005002263237136
1005002234272505
32903341173