4001030154913
1005002166253532
1005002211831849
32970183369
1005001616585156
4000973179568
4000732943297
1005002252260741
32604064415
32897159206
1005002021484504
1005002234316920
32907525584
1005001695323770
4001002968529
33038153827
4000598807339
32650402910
33034062888
1005001867553919
1005001948312321
4000055317660
32900127782
32617610849
1005002055190369
1005002289702756
4000604760153
1005002428123891
1005001584481329
32611020067
32797250061
1005001592007585
32834145159
4001278873744
4000160565968
4001138586238
32823766030
32879924459
1005002234831863
1005002392957863
32898512342
4001114986911
1005002291663439
1005001975583694
1005002460372515
10000334500142
1005002293025565
32698353793
1005001491700956
1005002324561327
32894315131
1005002014064999
32973589549
1005001678827538
1005002128746527
1005002405498608
33041280450
4001121431527
1005001697338611
32793998023
4001005144918
4001126759654
1000008050025
1005002419025484
1005001458522857
1005001867940949
1005002256340274
4001177520336
1005002498342982
1005001717217938
32894856356
4001298694741
1005001926742370
1005002373110657
32965608602
1005002337116128
32918714356
4000773861208
32830966044
1005001265682466
1005002314921690
1005001854626103
1005002275746904
4001015126176
4000955776731
1005001797111620
4000038304664
1005001865198430
4000061013712
1005002258832156
1005002465869956
1005002245312890
4001274934651
4001069002456
1005002263888755
1005002382900143
32920149227
1005002287337151
1005002044666726
1005002319825347
1005002408423411
4000546498000
1005002425739453
1005001487755882
1005002477761875
4001203006081
32891274151
32370790349
1005001377321460
32887857935
33044138162
32927897846
1005002317179861
1005002316973569
1005002315374370
4001280431240
4000450690630
4000392838913
32994137694
4000555921858
1005002311207797
1005002311063781
1005001397295682
1005002314428664
4001286475296
33020397407
1005002223817774
32853749459
1005002268119416
1005001974862901
1005002339527590
4000060250592
4001208522760
32823885157
1005001918550788
4000378212247
4001226340859
32863710338
1005002475342391
4000837770481
1005002262227787
1005002316006246
1005002282728516
4001248392106
33057061348
33059977924
32999222044
1005001868727196
32814410704
32982581499
4000971139740
1005001493656612
4001122192992
4001241305534
4001058577152
33054520772
32885382001
32823794563
1005001515879768
4000960638342
1005002490129969
1005002364224718
1005002362260642
33053493351
1005002323556348
1005001603865989
4000831358162
4000856345181
4001326573683
32812060195
1005002448611539
1005002390401050
1005001971369572
32859517760
33011887065
32780946337
4001153530459
1005002290483620
1005002154667254
4000797244232
32906613883
4001320249415
1005002023848671
32452116819
32896217507
1005001691363205
1005002315283431
1005002461500192
32882849204
4000282741716
1005002384792735
1005001844097809
1005001424528195
4000505018585
4000917346521
1005002335678960
1005002329382522
4001039308503
4000271865894
4001196424108
1005002298449137
32880785948
1005002076401162
1005001596434393
4001230375418
1005002198517617
1005001616483415
1005002382409278
1005002245974246
32946630267
4000875012388
1005002293048565
1005001873269299
32839030374
4001148729378
1005002467213587
32954283418
1005001860984415
33053799726
1005001519401380
1005002245636210
1005001499884249
1005002489230907
1005002432252359
32885240178
4000781529048
1005002356663322
4001263253125
4000051723772
1005002025131833
1984987261
32426829688
1005002275499847
1005002425017363
1005001652070074
1005002102999985
4001264594782
1005002317154239
1005001893537064
1005001952591838
1005001915313002
4000987467866
32967219957
1005001325606514
1005001835653762
4001250112435
32967458774
1005002017670173
1005002453650567
1005001880712049
4001154399123
1005001941223439
33006215243
4000776924761
1005002248997204
32868558591
4000946492598
1005002317428164
32824771037
4000726575188
32979317264
1005002314344542
32811369275
1005002288987439
1005001833667951
32913822724
1005001958055413
1005002392456827
4001351896029
1005002449075110
4000497605540
1005001469612220
1005001687968049
1005001296042714
32951413842
32740521646
1005001602522360
1005002492323076
4000275726592
1005002071356797
4000314906789
4000899850052
1005002330275970
4001145969904
1005001481869267
4000447710810
1005002382917359
1005001756482525
4000643052862
1005002250089607
4000034544135
4000429868336
1005001374932937
1000004632046
4001117866227
1005002281124730
32840438762
32357505278
1005001685778638
1005002266686972
1005002454308946
1005002238559555
1005001411661966
1005001798070909
4001273100228
1005002279675074
1005002448064251
4000344641472
4000779803913
1005002096089697
1005001609247890
1005001304912303
4001176185716
1005002323071764
1005001803938621
1005002476346643
32936033329
1005001593987964
1005001501625250
4000533623950
1005002212849628
1005001499082040
1005002481483273
1005002310534600
1005001490879525
4000857303847
32257832094
1005002292658738
4000537569257
1005001385424524
33027816625
4000696009425
32845781285
1005001915196612
1005002028794066
4000521673416
1005001971567168
33034933059
4000310889980
1005001890179406
1005002293139836
4001014500201
4001210897160
32651210147
1005002476346608
4000194685545
1005002409599266
1005002167423630
1005002468506810
32832566997
33003319169
4000679849968
1005002265038391
4001145379267
1005002317615752
4000722208223
1005001638342369
32995650732
4001160888077
1005002295851845
1005002245082791
1005002384766911
4001341629615
4000644831430
32966276400
32583686595
32901593309
1005002250544997
1005002276942326
1005001315411331
32882634146
1005002338888918
1005001323019390
1005002294332433
32857354425
1005002450421290
4000768930982
4001275391182
1005002311452966
1005002326692391
32831652272
32963405576
33025753202
4001041036560
1005002231692602
4001315384951
1005002337355286
4000350819777
1005001695884135
32998688042
1005002443729255
1005001482489064
32997306502
1005002314523480
4001019330570
1005001986969673
32948164409
33045596644
1005002271575265
32844122481
1005001888867099
1005002026764604
1005002074193856
4001122425814
33044725040
1005002447910646
4001050657772
1005002310916760
32838600182
1005001547624832
1005001770258182
1005002399086647
32651447978
1005001889864171
4000189353272
10000192397396
4001270506131
32965336209
32881026883
1005002423468923
32948678894
33055484156
1005001530473433
32856309067
4001162750621
1005002033607722
32808738061
1005002448153373
1005001597658695
4001365327330
4001278898413
1005002431917425
32915105925
4000007207632
32947619618
4000682416650
1005002227932771
32956595151
32677112830
1005002092500143
1005002006288645
1005001713137361
1005001300368023
32986235625
1005002468338307
1005002368635667
4001075317008
32918073924
1005001525147070
4000176690256
1005002204495658
1005002318701681
4001112915273
32711216551
32915737071
4001107747411
1005001525071601
1005002298905196
1005001266924340
1005002424006563
1005002453880579
32957823938
32998312193
1005002454882370
1005002289036238
1005002272552157
4001123106201
32895913314
1005002272214684
1005001525330615
4001280745997
32847682208
32808026998
4001209287506
4000453130167
4000691271618
1005001954972363
4001271042456
32871323729
1005001780631159
10000330493328
4000448761667
1005002116693648
32714836426
4000896166696
1005001678973029
1005001705075955
1005002319338082
32887752485
1005002414265709
32581153019
1005002341142607
1005002239281254
1005002224049193
1005002233528699
1005002361968938
1005001620581874
32847279375
32929194880
1005002491612913
1005002185702475
4000333514840
4000788376370
32963817825
1005001287227236
1005001807649913
33032672379
1005001310531243
32882392694
1005002090557203
32868614972
32725510371
4000114503233
1005002239362143
1005002238341286
4000744981753
1808293285
1005002476639455
32873513789
1005001803046421
4001025071290
1005002307950233
32749918798
1005002496911576
1005001970540726
32978979542
32770482932
32833840309
1005001658295669
32645361201
1005002167866351
32699525196
4000711614369
32886255864
1005001718874148
1005002384069618
1005002388375169
1005002336639816
1005001907083373
1005002112277027
32565639362
1005001357373626
1005001722060551
1005002171523504
4000857861799
1005002304389261
4001273161910
1005001780431984
32857474855
1005002050641939
4000454190626
4000388856394
1005002316988682
4000253999602
1005001887623989
32843418978
4001159393666
4000173506210
4000003652520
1005002280627116
32783390816
4000922015299
1005002271670453
1005001770814893
32819830261
1005001905657729
1005001682749917
1005002461007384
32815981229
4001180702672
4001352965414
4000074449998
4000546682455
1005002317555540
33014819865
1005002370021782
900693796
32788242307
4000268210617
1005002211295490
1005002298520520
1005002401206047
1005002245961617
4000278071730
32855921609
1005001810129840
32936349956
32950012993
1005002260028315
1005001588204759
4000641035663
32664416099
10000400022208
1005001956554514
1005002320333418
32886308366
1005002263555889
4000166418199
1005002136748697
1005001783474021
1005002428567957
33061318755
32815987756
1005002401559928
1005002383090291
1005001808473649
33050375934
32879356671
32934651161
32765623831
4000283571578
4000575922253
4000189871666
1000008545228
1005001596410668
32849521490
1005002105878085
4001278872488
32456204103
32974921866
1005002343005105
4000168725705
1005002428084972
4000968161972
1005002495378487
1005001999018326
10000351037746
4001078072381
32706035395
1005002038973759
32984774818
1005002291462224
1005002103795079
1005002124257872
1005002397656847
1005002325193180
1005002345443139
1005002205986544
1005002237529901
1005001446907907
4001251302870
32950759469
4001294981722
32916538293
4000936358461
1005002313279556
32862374704
4000336608439
1005001758390952
1005002460004269
32910410020
4000015139031
4001131129696
1005001849155485
32835865442
1005002301115082
32853942897
10000323638689
32843863776
1005002242974740
32869458354
4000381773840
32390949004
4000879638941
4000912618740
1005002001973766
1005001546938309
1005001780625102
1005002500027294
1005002330460167
1005002383106685
1005001325320358
4000007294794
1005002192406040
1005002102049576
1005001335464741
1005002361228483
4001189539778
1005001274665184
4000482941228
4000983047057
32855118666
32966019562
32854605259
4001058172780
1005001761936711
1005001685965161
1005001606838247
1005001918010458
1005002107049950
33031536108
1005001848345222
1005001868731255
1005001476664856
4000577654161
1005002226062519
1005001526206722
1005002344565125
32807923247
1005001847916190
1005002473403168
1005001585500658
1005002399982688
1005002284028894
1005002494496315
4001001146681
4000928296059
1005001455813540
4001130479351
33056304133
32556680163
33000419524
33032290751
1005001824909042
32612931811
1005001701243257
1005001773879294
4000183086987
1005002159428851
32967974150
4000364283597
4000292132866
4000930152383
4000121085194
1005002318891635
1005002337259186
1005001621587246
1005001638694129
32966545839
1005001831887833
1005002466083744
32727733114
1005002367755435
1005001272882716
4000432701940
1005002342372937
1005002115745084
32907808332
4000121540051
4001062190751
4000960216988
1005002228472680
1005002362915900
32912317970
1005002138146468
1005001470272404
1005002434610367
1005002457388688
33043529799
4001270787716
1005002291277212
4000182926158
1005001961167666
1005002197834649
1005002399869980
1005001537814685
33035215316
32969254328
4000754207933
1005001709214387
32219554390
1005001738477466
1005002314374076
4000144705672
32962718575
1005002467501971
4001262305915
4001265933378
4000589137685
32888302568
10000400027880
1005002310993007
1005002055006852
1005001688616039
1005002423494282
4000897636640
4000197817620
1005002074789783
32844794655
4001130950743
1005002232565425
1005001664972041
4000739098951
32914462738
1005002337408906
32364478083
32791251428
32802830369
1005002200988663
1005002384863776
33011406395
1005002332130572
1005001907076233
1005001475831164
1005001867285738
32685775259
4001236983835
32956542750
4000378973885
4000089814140
32910956485
1005002256950160
1005001917571099
1005001645335552
32757702184
1005002293924487
1005002176689443
32785069908
1005002165953455
32961191895
32822223454
32983544341
1005002072493701
1005001971280650
1005002457361309
4000971063452
32853446198
4000735048135
32676651048
32962695589
1005001441202671
1005002215603279
1005001731795840
1005002288502888
1005002294909830
4000940387811
4001240267775
4000323302070
32735109696
1005002317686949
4000698471677
1005001661463610
1005001952898677
1005001685191118
1005002363534244
33004975315
1005002287649511
32935608146
1724757173
1005002462092274
1005002309858182
4001044649992
1005001724082415
1005002094591318
1005002450534827
4001220494914
4001295661839
1005001764275104
1005001448395917
1005002483521737
1005002272320649
32842796849
1005001904062158
33010059208
4001245039622
4000310792315
32972692902
4001082773344
4000548823904
1005002410036124
1005002024783708
32942883830
1005001686167444
1005002302233694
1005002324566594
4001027993732
1005001647997203
4000145464667
4000371287635
1005001349657978
1005002310982692
32853540673
1005001493241849
4001084357804
4000195933186
32944382426
1005001355612134
1005001385912828
1005001579021862
1005001769510179
32958349917
32995019114
1005001587807412
1005001953406949
4001208795981
4001274944606
1005001354334997
1005002459513976
1005002349768463
1454003909
1005002264485230
4000456212580
32890133695
1005001731161544
4000742257647
1005001779647452
32828116306
1005002344984346
1005002277568432
1005001941086393
4000173910416
4000928043134
1005001869870558
4000154148666
1005002467002336
1005001736606809
32289859214
1005001688758458
32818853983
33005197988
32917417383
1005001515904261
32805829712
4001015157612
33010560059
4001033078894
4000557195280
32984803130
4000111776859
1005001983620240
4001013322561
1005001997825750
1005002351484635
4001084955616
32869579895
32379930614
32893257174
1005001948100374
1005001914004194
1005001810773396
32939857523
1005002412417183
33027564243
1005002287391883
33005798323
4000589075889
4000315102357
1005001659726045
1005001702123635
32923281032
32877119616
1005002186145586
1005001854749188
4000452335151
32419489923
1005001629283805
4000696172041
1005001739276700
10000400037417
1005002428624074
4001253351002
32979637846
4000110886517
32800305927
4000102107112
1005001405101466
4000248616715
1005002038250984
4001215086900
1005001953382898
33057432188
4000603069062
1005002314411472
33031669064
1005001436287604
33008165475
32986363819
4000233151907
1005002386931454
1005002264632272
32934671521
1005002233373589
33004343262
4000960907728
1005002022355785
1005002288311520
4001054731845
4000954940557
32859962932
1005002384278762
1005002442292137
4000178022141
32890505907
1005002284484426
1005001638303401
1005002332645779
4000713118950
1005001930217895
32849752152
1005002417032601
1005001812288512
4001290096235
1005001613457083
4001052857704
4001018882536
1005002056827238
32956743221
32853774288
4001157546608
33049683024