32348482570
32655570306
4000846635806
10000182081822
1005002256673106
1005002238325653
1005001580198648
1005001725576501
1005002478127013
1005001368883327
1005001488887350
4001230141212
32309052014
32873838581
32999947968
4000752384267
1005002038511741
1005002272291786
1005001703737755
32820541691
32937685950
1005002351678812
4000990905061
4000954862805
1005002468541497
32788344921
32638676164
1005002323504796
4000425316198
4000627342746
1005002318888834
1005002442711808
4000684752922
1005002242945454
1005001344018621
1005001659028943
4000798027590
1005002129593337
1005001521608738
1005001289773558
32935163367
32606722724
32852405111
1000007009883
32879753714
33054085193
4001039882635
32711865771
1005002043349351
1005001882093436
1005002350087393
1005002238607848
4000272740844
4001058956883
1005002304441502
4001047930713
32623919200
1005002204999139
1005002375303558
1005002212207720
4000706271376
4000626135184
4000467091871
32934631667
4000850208716
4001177859176
1005002477949332
1005002122367594
33050081457
32825935569
4000120874923
32597267008
1005001855921826
1005002425807310
32715283132
1005001865190126
4000334178394
1005002181139146
4000179068255
1005002353642445
4001278988046
32728043828
10000209260583
32995831210
1005002352720521
4000246100800
1005002308647577
1005002431311802
32980959500
1005002110863795
10000052712862
1005002492243317
1005001971108028
1005002317837358
4000476689863
1005002215428332
1005001570441774
32969723593
1005002491175321
1005001286807711
1005001602296802
33041938747
1005002255503021
4000783068170
1005002246597829
1005002286252895
32953557620
32914511114
1005001670848151
1005002306599315
4001017125841
32858805638
33039132925
4000405436090
1005002253817791
1005001943109096
32795797125
4000896363613
1005002454462078
32864666107
32959129516
4000386100555
1005002495428879
32793730050
1005002408395652
32911369380
4000991597345
1005002277649233
1005002423701033
1005001288510135
1005002442716101
4000990920015
1005002314387434
1005001362189490
1005002356084127
32997142030
4000540976317
32885255126
32641001974
32986051154
1005002340943055
1005002015076578
1005001408916921
1000005459477
4000841601115
33001930789
32838731602
1005002413249423
1005002316863157
4000994438356
4001365245173
32838950121
4000307033919
1005001736653772
1005001452904957
1005002310752352
32996096599
1005002443529482
4001241098795
32783166417
1005002219358647
33030240470
4000960069712
1005002024015402
4000788799407
33043759511
1005002168276128
4000443045650
32869736186
33031697793
1005002272779065
32999618596
1005001621424051
33005405519
33049343076
1005001499780413
32799006775
4000528842269
1005002089734316
1005002495610152
1005002246088225
1005001465426361
32883834476
4000165664560
33059905276
1005001594475200
1005001392503718
1005002058197704
32969300569
1005002334100308
1005002448404121
1005002237743472
1005002230086689
1005002146100759
1005001593592365
4000811489995
32642791707
33042591011
1005002368012361
1005001439075749
1005002358957108
32965922452
4001256398928
1005002366324034
1005002380330352
1005002471225440
1005002401861232
4000223871278
32873015190
1005002324224397
1005002100090565
1005001635460905
1005002002766938
4001022149490
1005002447214959
1005002424497824
1000006975248
1005001693734908
33023938001
1005002319711255
1005001834765427
4000753323091
1005001930630444
4000627104873
1005001580588607
4000092854047
1005001774494142
32846231867
1005002276739475
1005001467925497
32392596585
1005001956327913
1005002491593516
1005001836224092
1005002116282512
32708610096
4001049380115
767370561
32950723773
1005001309840398
1005002234171915
1005002382367532
32838462635
32816981099
33039247663
4001307892641
1005002318481847
32923999256
1005001830594290
4001227284698
1005002072291827
1005002022862141
1005001525034975
1005002012582129
1005001386489271
4001027787282
4001038272670
1005002314234765
1005002196369997
1005002255733384
1005001525335923
1005002407536089
1005001344862855
4000296467525
1005002144811492
1005002460740696
32853842140
1005001958624833
32860297268
1005001322795963
32985752943
4000652273526
1005002284111425
32824240905
4001116114096
1005002137754443
4001065853861
1005001499656121
4001229094873
1005002008326453
1005001665154612
33058599314
1005002367591878
1005002493793310
1005002048870476
32800923886
1005001393792542
4001055609109
1005001616233090
32790325343
4001278934650
1005002399073753
32846857443
1005002023822145
1005001709848106
33020546829
4000473521771
4000733007156
32810132822
1005002211486781
33029920148
32812111003
4001203355732
1005002314255744
1005001334483833
4000814819024
1005002401695521
32861050356
1005002330252710
1005002291785365
1005002376741412
1005002279228075
4000219040261
32910567137
1005002256755168
1005002336039668
33038519424
4001254951086
1005001658711195
32882801709
4000411260306
32598349537
10000400045548
32920921318
4000299860874
1005001581376883
32924274041
4001068819910
4001358380822
32992013062
32983238378
32985419255
32785077036
1005001812717272
32792994957
4000790325244
4001136238864
1005002418445788
1005001736596710
1005001670778629
1005002485407147
1005001878052539
4001339859612
1005001447081277
32916612281
4000047300928
32844807104
32859913555
32787268049
4001287187217
4001127812567
1005002234992289
1005002121223586
32901818877
1005002313689822
33048606514
1005002428195147
1005002343032156
4000829786887
4001214163965
32662291860
4001280760735
32907003705
32809382948
1005001973545157
1005002311672493
1005002279217041
33049936643
1005001780505879
4000511887420
33006580172
32869811657
4001045734001
4001324585946
4001293609984
1005001756954598
1005001561852139
1005002064383884
4000946945473
1005002434225313
4000340210918
1005002332998112
32829177747
4001301557997
4001165444119
1005001918313073
4000750688000
4001041072955
1005002287019638
32960661504
4000956416216
1005001560850616
32675830841
1005002359602482
4000907542440
1005002314223963
4001123145055
1005002387189545
1005002382281897
4000328628343
1005001987167229
1005001329799739
1005002355738057
1005002372212566
32649485737
4000241516818
1005002250366199
1005002448922199
32810975765
1419179456
4001018874861
1005002465351427
4001274578250
1005001627682033
4001295318614
1005002432478155
4000735661151
1005002315860269
32994032775
1005001478302263
1005001488648126
33036764628
4000917930743
4000825501783
10000149429852
32980893350
4000012014483
32858448299
4000916997262
1005001457292857
4000237856684
32946780468
4000780861113
4001280251332
1005002210018532
1005002027972937
4000349380935
1005001441374326
1005001931222251
1005002381377494
32957215204
32888040591
4000121482900
1005001451636789
4001061341578
1005002064955491
1005001805438366
1005002330106839
1005002332772991
1005002465901441
4000379764281
4000959711593
32806829603
1005002386123270
1005002320055178
32864843203
1005001343759598
1005001484516097
33041714737
32990038803
1005002288267344
4000235524023
1005002265491582
33001858273
4001110915838
1005001670939617
32980513324
1005001602260796
1005002179808951
33009762492
1005001708341398
1005002312426704
1005002179809306
612581720
32850183234
1005001296145036
32824284224
1005001872548372
1005001445628981
32940682917
4000578887676
32662415524
32813845431
1970818973
4001334711712
32886018953
4001358297008
1005002342960054
4001345216789
33043195460
1005002262414489
1005002288386313
32776437710
4000943775088
32847418411
4001153424280
4001271818989
1005001800471803
4000662608755
33032253675
1005001966097734
1005002293836293
1005001699368923
32697802679
1005002435988632
4001255240841
1005002394813786
32956778983
1005001431200818
4001101156105
1005001462429744
33016030848
32614140167
1005002282775246
1005001763404181
1005002092024609
1005001348079159
33044510735
4001296576964
1005002393643217
1005001356564582
1005001482729370
1005002421629141
1005001488284906
32810467606
1005001586595704
4001269543766
32910290826
33061162551
4000731340405
32791982642
1005002342871309
32920001387
1005002366212812
4000050377518
4001037923418
1005002448351580
32969538055
32665850016
1005002333932313
1005002262384821
4000341720698
1005001703959845
33004646771
1005002388445022
4001285290151
1005002067877926
1421979976
1005001346407266
1005002060254823
4000079977981
1005001593451726
1005002262838952
1005002270768549
1005001847821147
32899485151
33058915108
4001081160178
33030846663
1005002084045405
1005002247937097
1005001506363910
33023492843
32925046188
1005002404933258
1005001896327647
1005002383122034
4001296344152
1005002388264990
1005002096173038
32841673770
4001293933968
1005002171368969
1005002376695407
1005002305348049
4000170016494
33022307363
1005001505417913
4001131982366
4000794080384
1005001726137101
4001069198925
1005001792513942
32919964180
1005002320216203
32619117579
4001347393569
1005002377985696
33020464152
32785956289
1005002324117834
1005002306985362
1005002243414628
1005002246626316
1005001303286948
4000597920056
32968399871
4000460306197
1005002390459170
4000415320270
1005002357670421
4000481004000
4001094605563
1005002371597374
33060782901
32956797857
32922969096
32947782681
32462250257
32728322744
1005002334015462
4000991259317
32968467260
32916684262
1005002360070390
1005002391961889
1005002398415769
32903199810
1005001951952425
1005002158907594
1005002319129812
1005002166546880
32955957678
1005001343012216
1005002340177053
32631753745
4000867047634
4001194485363
1005002316531318
1005001968053526
32745780412
10000316679832
10000302593171
4001209477530
32889529267
4001314717152
1005001689483750
1005002454339851
1005002265234352
32973586501
32925719305
1005002449441607
1005002242212843
1005002252519988
4000719383553
32992231015
1005001792484178
1005002059785530
32972773789
1005001379794225
1005002289184232
4001345060099
4000474524590
1005002296214948
33013517007
1005001653403077
4001221460742
1005001680409910
32903138541
1005002414557249
32961460234
4000494128567
1005002336420872
1005002210367947
4001228423985
4001035173960
32879614459
32941815218
1005002497018024
1005002408495018
32919862871
1005002191748499
33003613397
1005001953064607
4000049116163
4000113152951
1005001859247040
855793834
1005001520134441
33039439431
4000389754629
4000787318606
1005001802023212
1005002198592148
32515627408
33061371644
32731499843
4001294129865
1005002313710553
33013764714
33002379108
4000166615650
4001153364428
32960093504
4001120137537
32956875530
1005001966440620
1005001690266482
1005002359684020
33018754581
1005002210134870
1005002304927158
33016210399
1005001834643039
32776690600
1005002258922481
1005002380827354
4000927465994
1005002453299374
1005002368421007
32773892176
10000134670645
1005001402757533
1005002191360575
1005002110872963
1005002109079061
4000037046582
1005001512994938
32958530430
1005002268627735
4001358688738
1005002382216012
32960398953
32966658220
1005001290749055
4001351567292
1005002264991265
1005002277607518
1005001988866148
4001082067397
1005002085857338
33044134881
1005002072254606
1005001483861272
32802626691
1005002469288074
1005001447223457
10000415458437
1005001895684796
4001090631683
33031863466
1005002410837912
1005002435725655
1005001709074001
32987820392
32845218100
4000238469230
1005002412757933
1005002170336709
1005002362705156
32719129180
1005001680392692
1005002433086386
1005002388846302
1005002302128489
1005001999132506
32886244307
32833507903
1005002220768979
1005001524300145
4001031325569
33060590374
32858973782
32705329772
4000789144239
1005002313524756
4000268999228
33044359146
1005002272358431
1005002267377514
4000895383491
32692016909
1005001731154627
1005001566759133
1005002357467559
1005001897288192
1005001770557189
1005001656782787
1005002162878258
32945512699
1005002350010387
1005002359752245
1005002419943464
32975723449
1005002372144162
4000472834800
33022954380
4000334014995
1005002282120878
32955509975
1005002494363686
1005001442796272
4000235460415
32962636897
1005002448465310
1005001831042666
1005002291435912
32897852445
33054912930
32642643586
1005002425906380
1005001830374349
32821689378
1005002261217234
1005001914407309
1005002383468421
32972503891
1005001519815700
1005002283212798
32687254360
1005001555515344
4001228446883
1005001935789327
32971850907
1005002103114537
1005001953048923
1005002426641769
32726089514
32968703072
1935098508
1005001844338696
1005002307717875
1005002288884110
1005001968594080
4001254564775
1005002307879881
4000288439508
33035338360
1005002492472711
1005002351529628
1005001592277549
1005001820139888
32864153881
745408767
1005001658205361
1005001466206131
32567850871
1005002469090713
4000008503404
32961214798
4000133261010
1005002401632236
32596542476
1005001736778034
4000041836715
1005002409788137
1005001417248795
1005001339450882
4001256891372
4000902800453
4000403072250
1005002353360568
1005002220604880
32809322588
1005002481401575
1005002240558459
32795536455
4001294335416
1005001599396850
33057885550
1005002234165280
4001044947023
1005002384363966
4000956562804
33034371225
1005002460291078
1005002361475640
1005001638414423
4001020208610
32843907573
1005002280616885
1005002318641669
32852486310
32689346799
32921563932
32970172914
1005001992716426
1005002369964709
4001261490797
1005001982910590
32893150871
1005001525404822
1426874896
1005001550602707
32975260486
32712775659
1005001803440564
1005002428053547
1005002484269358
4000532401592
1005002364317854
32970119436
33018611460
4001261368376
1005001834550796
1005001525502294
4000842618930
32844490170
1005002429287768
1005002317571455
1005002157635822
1005001619906335
1005001841177575
32884302131
32957090110
32904174688
32885934211
33029407421
1005002417194311
1005002239819088
4000199600006
4000740230240
32893013612
1005001905554326
1005002290087004
1005001441371256
4000077036525
4001111812833
32975529956
4000894095600
1005001665923061
1005002356136928
33011887491
32859559149
1005002454488835
4000365928253
1005001982387122
1005002306675100
1005001736776491
33018938677
4000703761883
1005002363234630
1005002011470924
4000199254587
1005002334449000
4000278258545
1005002312543365
1005002348245134
33049582861
4001122578692
1005002347015553
4000601286747
4000115992555
1005002221885813
32949428406
4000709979831
4001241454612
4000718143664
1005001338352238
32955320580
1005001656989080
32831886194
33011656152
32818363924
1005002073809462
32841784678
33061783015
1005002124079074
1005002310125037
32851486346
1005001890173106
33001462061
4001214021563
1005002456699372
1005002332270725
1005002373442959
32872895917
4001075277889
1260034134
1005002258688000
32967996593
1005002293966692
4001003136500
1005001633252888
32651546647
1005002253278652
4001104036650
4001233284232
1005001423994316
1005002206543230
1005002500733432
33003735941
4000823401872
1005001815382454
1005002326196870
32859654741
32998317546
32656522286
1005001501924799
1005002481471068
32917749819
1005002271208138
1005001923176001
1005002320343010
1005002198810149
1005001638588535
1005002175848275
4000433757514
32522347166
4000110847765