4000168635944
4001282260744
32828050287
1931969045
1005002340617476
32904875551
4001278874630
1005001608139964
4000015277973
1005002363830983
1005001426385971
1005002423779771
1005002245785258
4001038425728
1005001524860794
1005001802436273
1005002259784718
4000781459158
4000770001939
32996449937
1005002396212290
32950720524
1005002314321586
32916729159
4001090420222
32995344391
4001333176096
32971532922
1005002270583930
10000009228541
33025872462
4000058670361
4000287496083
4000407570653
32966804763
32960298292
1005002480999910
1005002130014708
1005002489720050
1005002481627128
32568018936
4000862965769
1005002053973642
32814387395
1005001509767978
4001142694615
4000662816275
32789862984
4000960050037
1005001912568234
33049426397
32908845639
4001179718801
32212135761
1005002012851535
1005002386013665
1005001983212550
1005001493432690
1005002314809835
1005002290135115
1005002333895326
1005002425583806
1005001857305021
32565805567
1005001327614091
32997899753
1005001488602088
1005001305494986
32814998123
1005002181249605
1005001998957077
1005001830635057
4000955308716
1005002074910962
1005002372928218
1005001441379040
32887937150
4000938837251
1005002273898613
4000903645134
32919571950
4000107562069
1005002264428967
1005001670957680
1005001997738809
4000266318009
32959671988
32619330066
4000175016682
1005002475463513
1005001320409260
1005002416829424
32884574105
32915372670
32747068727
1005001694678577
32836599089
1005002313184664
4000971915434
1005001883455116
1005002314499936
1005002359717825
1005001868423858
1005002319380463
32862760955
4001289904713
4000874381716
1005002262689323
607176819
32967924169
32830407035
1005002341022960
4001259138315
32996433531
4000761324897
1005001780998429
32858564465
1005002191954393
32960848431
32656765487
33042819752
1005002173572186
32912054320
4000559149764
32927156765
1005002093851287
10000397731059
1005001729288189
4001022189908
1005002295748892
32870716144
32254618197
4001300776310
32523796565
1005002345181224
4001013501732
1005002319385061
32810471121
1005002314339096
4001350231707
4000539902204
4001235988338
1005002119161384
4001015043532
1005002408433266
1005002310822342
32835175959
32621060710
1005002398129440
1005002365302723
1005001967387375
4001039251662
1005001782187501
32987869852
1005001598715930
33039627608
1005001588651241
1005002214161642
4001226841633
1005002374790520
4000975252908
1005002254878714
1005001758163971
1005002408765567
1005002460650014
4000061984931
1005001322021506
1005002277356112
4000959244071
1005002383855001
32992028232
1005002450057653
32811751660
1005002090962436
33007435046
4001142880800
1005002219494610
4000955804476
1005002330332560
1005002314352379
4000263580813
33049659499
32237580649
1005002400422727
4000225238946
1005002319431543
32924111175
1005001639207165
4000801320572
32906621645
1005001537638427
33011878336
1005002321565871
1005002464989635
1005002007582160
4001340624163
1005001799471350
32827780346
32791856122
1005002258922943
1005001998781019
1005001707894293
1005002466694700
32863532284
32923173777
33000545983
1005001585379096
32867604325
4000850621867
4001130869593
1005002279036188
4000695593594
1005002110499287
1005002323644801
1005002345531836
1005002081117572
1005001812946674
1005001593082168
33004823139
32828573567
1005002495701294
32985965198
1005001478588067
33009985845
1005002154620478
1005001906880972
1005001459212193
32904968213
1005001922326628
32985283030
1005002006628347
4000758620235
1005001807287755
32842468478
32960537065
1005002335411715
4000062832119
32855973139
1005001308323785
32421623302
4001130649239
1005002393463173
32745487676
1005002377067500
4001270642957
4001243742314
10000395853532
1005001652929703
1005002219666762
1005002028699200
1005002490336098
32859116994
1005001841892585
1005001429824683
1005002293856966
1005002227545941
32825027758
1005002376804304
4000804649167
1315328405
1005002337252352
1005001765735494
32792827367
4000317296109
4000207293741
1005001993757511
4001334163198
1005001867994546
1005001764260498
1005001470477308
1005001830203287
1005002371793126
32789637585
1005002326953311
10000394100852
4000168810010
4000335569441
4001358579180
4001277683602
1005001383758078
4001154250598
4001000482636
1005002214982165
32993321173
1553518908
32639523484
1005002500008982
32797977285
32987618484
1005002416213601
1005002484712245
32617028737
32809531082
1005002002945787
1005001290751272
4000009576527
4000687586174
1005001703938809
4000850184995
4000474810873
1005002306526169
32904193834
32927649403
1005002312492027
33028872022
1005002350367815
1005001729040628
4000140325643
1005002350439448
1005002492612134
2023465742
1005002318543181
32749542261
32646242125
32918129476
4001359193288
1005002317762525
1005002435999982
1005002318108260
1005002242338020
4000790692884
32659376088
1005002306701373
1005001895417764
1005001971130833
1005001609492648
32967114962
33038584427
4000097023704
4000449575423
33061087983
1005002363311500
32864723409
4000977433370
4000822655129
1005002357853634
1005002491461895
1005002238530317
1005001993805001
33044251157
32883935689
1005002434944735
4000872688821
4000281794191
1005001464647793
4000520991092
1005002398345502
1005001367835794
4000401308915
1005001685269766
32969399852
32547913363
1005002150751222
32966799866
1005002492433367
1005002276373033
1005001445544013
32897637675
32513931884
4000998814490
33016751292
1005002344748348
1005002247617175
32956836752
1005002305768880
1005002474143428
4001238108337
32964871870
1005002387191590
1005001963488597
32994004352
1005001946932266
4001225137476
32974152034
4001045482297
32707150793
1005002363532174
32785307511
33014579832
32989513919
1005002299358057
1005002011994314
4000016239344
1005001834693124
1005002432702475
1005002346359064
32838753882
1005002345443510
1005001393984512
4000435346723
1005001928335234
32845772889
4001297168044
32859817838
1005002236294888
32512631499
1005002272800387
32958519087
32357347930
1005001448182711
32255548744
1005002395309940
32751464803
4000670126337
32807832940
1005001402295971
32967611376
1900767981
4001055117826
1005001286442439
33004276795
1005002296565604
32671116804
32983778842
1005001947666139
1005002412870258
32845797272
32616715021
32893307098
1005001362038624
1005002333974841
32842779742
1005001620037566
4000174106505
32859542082
1005001692955883
1005001403461004
4001227327898
1005002386803957
1005001667120429
1005002372750393
1005002223299685
1005001695321895
32988521542
4001337725397
1005002362774151
4001278546953
32673906657
1005002308762643
1005001544529828
1005002125553473
1005001992091740
4000734409191
4000672917320
1005001488743416
32933610303
4000443223247
1005002264603607
1005002233452505
1005002341274007
4001264236454
4000048835403
32961977955
1005002401148471
32844301336
1005001391657061
1005002413452189
1005002122392274
1005002042746767
4000034064246
10000404412144
33013490586
1005002353863103
1005002454347842
32357416541
1005002078517675
1005002490392015
33042647827
1005002302329281
4000300202431
4001067933030
4000401795091
1005002278127645
4001320660147
1005002472551002
1005002314404391
32796230438
32996614649
1005002011339475
4001151940185
32951404623
4000009226202
32919777282
1005001833996568
1005001859558443
32971058757
32915052749
33018883703
1005001815559956
1005001758186731
1005002438360904
1005001777679417
1005002027821173
1005002132819719
1005002357096808
1005001835523136
4000251473684
4001215610215
32864997890
4000650529564
1005002477314954
32851245262
4000421128721
1005001280561318
33023010548
4000829037677
4000980242059
33014614880
32973949539
32742538555
32971861306
1005002378030588
1005001800572685
4000911474654
1005002278066339
10000358513026
1005002135935729
33027517788
1005002103436273
32845202533
32838928528
1005002245479580
1005002078807796
1005002046710397
1005001357212218
1005002253376065
1005002124129058
1005002418307584
4001158475072
1005002007895810
33042188786
1005002235939963
33042682319
32861634151
32952616783
32864923351
1005001441443566
32987801186
1005002443584096
4001013814356
1005002499847719
4000261569764
1005001405721810
4000594726195
1005002465890743
33035256302
32887173114
4000143646076
1005002265091536
1005001967002442
4000020651565
4000059630808
32975776243
1005002382805224
1005001835752022
4001278510199
32975230917
4001319615213
1005001984628189
1005002086803540
1005001882430402
4000278048627
1005002316236445
4001231423484
1005001581891482
1005002498443277
32961316002
1005002058955693
1005001399063504
33051357587
1005001601537640
1005002412153483
1005001885057112
1005001988674639
4001267892800
32912562018
4001278868329
1005002347287083
1005002227990894
1005001556744234
4000691602234
1005002223993246
1005002167892543
32812959977
32914446147
1005002372038214
32876800884
33058112813
1005002378933214
1005001489343702
32345453855
1005001708235413
4001171484099
1005001859642663
32856272118
10000027588770
32976633956
4001358999966
1005002389500343
1005001940106078
1005001894451424
1005002434834536
1005002488190934
4001228671058
4000462690167
1005002304304586
4001116908250
1005002229805079
1005002414492422
1005002258742498
4000934059938
1005001881066127
4000157091279
4000808868307
4001303193705
4001030463010
33004575100
4000895275906
1005001555160249
32798444988
4000292678761
1005002364303306
4001176175573
4000063180647
1005002386048450
4001147749199
1005001998644029
1005001855111080
1005002018783529
32819223963
1005002325136830
1005001656463347
32896527428
32987453498
4000862724727
33051747919
4001333159099
1005001836267127
1005002108444909
1005001638316389
32790931058
4000984981831
1005002347606022
1005002488538341
4001327061254
33053752007
32818355107
4001168786797
1005001596939273
1005002334250055
1005001557051541
1005001414828220
1005001607779230
1005001889170725
1005002223059955
4000718515027
1005002281819668
32830014383
1005001630580438
4001224126524
1005002362937383
32698480648
1005001361222467
32809642268
32917162709
33026008136
4000076145130
4000320859539
1005001950710598
32558805393
4001225227245
32840381032
4000988966486
32858757742
1005001581370937
1005001343167947
1005001478406152
1005002395065883
1005001670741047
4000986443042
1005002314564915
1005001468100264
1005002329902324
1005001393507051
32850701727
1005001276629005
1005002471833209
1005002475977255
1005001618105355
1005002314211662
32631845052
1005002144704321
4001292625081
1005002077833297
1005002035657150
1005002395524539
1005001387704722
4000793009319
1005001604286203
1005002438186939
1005002243227522
1005002347809007
1005001496336227
4001320531725
1005001671566696
4000668295683
1005002362553561
1005002345098865
1005002274475127
33053358174
1005002332596290
1005002322944339
4001241307504
1005002271946019
4000766808525
1005002388312810
1005002012025956
33022883318
4000305678609
32703203579
1005001593076291
1005002366397331
1005001688561533
4000410281337
1005002409413556
32438775302
4001090658422
4000626520385
1005002311798304
1005002241494339
1005002026983763
1005001308048854
1981154060
4000008760182
1005002319561810
4001274980251
4001061987553
1005001671727203
32990431982
32991422603
1005001838302231
1005002144187314
1005001556216102
4000810371490
1005001621341327
1005001682995142
1005001709909921
1005001302279083
1005002301560665
4000315270312
1005002436534852
1005001664286127
1005001453223536
33044698898
1005002413463076
4001179400505
1005001832186144
1005001654776371
32879679597
1005001626255333
10000371571826
32823966517
1005001973622217
1005001985467705
4000801762225
1005002313701782
1005001405282057
4001218199103
1005001777194266
32824427937
1005002443498158
32993002046
1005001586387553
1005001595119176
1005002062028560
32853928951
1005002339531742
32880350313
4000482773308
4000351797760
32798578140
1005001573902881
1005002466964323
32875989917
1005002466968180
1005002410911348
32816172890
32992274615
1005001269639308
1005002007557337
4001320472816
1005002230447039
32969978886
32996336735
1005002286464873
4001240028405
32946413852
1005001611834062
4001104331782
4000111849078
1005001885950715
32808029014
4001244640551
1005001619437972
10000404574327
1005001425387002
1005001873902132
4000725519794
1005002309042618
4001097162958
1005002294256280
32944940185
32966707465
1005001441444603
32988570818
10000327753832
1005001309492034
4000052837438
1005001565064198
33017271674
4000519517001
4001015772579
32988260913
1005002211664486
1005001585640365
32546895974
1005001848697490
1005001975658410
1005001437886676
1005002079958068
4001131556744
1005002377087804
1005001868416446
1005002298067376
1005001762963020
32953446143
32574757105
32989673766
32814706032
1005001275918899
1005002354054378
1005002420931212
32886264267
33059487356
4001287939753
1005002387267276
33002069736
1005002381334507
4000598382853
1005001315059944
1005002500534609
1005002032718520
32321530237
32790068787
1005002390080914
32884548946
1005002404885322
32802993580
1005002411028939
1005002042447312
1005001526358231
4000849803502
1005002231986040
4000117514661
4001085730761
4001093758140
33034988044
4000465913777
1005001972238812
1005002109669610
1005002393464819
1005001418755063
1005001437780815
32824643036
32979853387
1005001966516136
32995587958
1005002439467101
1005002098995976
4000055666614
1005001795085518
1005002454406310
32666798604
4001108131982
32955967445
32721216721
32885257743
1005001844396637
4000029031255
1005001873501407
33041192714
1005002449683878
32898218489
4001019526722
33019735664
10000091017965
32845619059
1005001420587035
4001259303241
1005002424384963
1005002458734768
32791136769
32963815244
33031851413
4000864696800
1005002401187973
4000734559941
1005001763681460
32831615400
1005002253809079
4000038696656
1005001790378739
32691322271
1005002473257823
4001155801255
33015409335
1005002387577861
32834859782
32940720106
1005001976834491
4000991086256
32697755048
1005002170757502
1005002330565794
32818923287
1005002203994772
4000781563135
1005001670831502
33021113354
1005002082432413
32895414453
32870295576
33006584376
4001096428404
32999911864
32857634625
4001192794257
1005001505533981
32728280922
1005001598010346
1005002299238228
32748785067
32924456163
33047629559
1005001985328879
1005002322057557
32914245539
32435219749
1005002348610899
32962533638
4000902922645
1005001780756901
1005001398232856
4000405714870
1005002488895463
1005001966450380
4000583221841
1005001748941312
33048292123
1005001419603057
32866689549
32959425363
32382972684
1005001540186596
1005002358574476
32949654069
32959714685
4000120958290
1005001942811905
1005001606111068
32684291451
1005002019020736
4001029098023
4000092129457
32807512251
1005001477798491
1005001349473197
1005002485535087
1005001939864353
1005002356286601
32989525097
32855847396
32651148335
1005002293794756
4001289937295
32775515782
4000739386026
4001052555031
1005002288583681
330764701
32795496362
1005002364528800
1005001571280041
4001171948775
32949253920
4000782960894
1005002346718887
33016023282
1005002467069477
1005002449029269