1005002313649002
4000505425758
1005001768563596
4000321654439
4001178295856
32556578420
1005002357570220
1005002466087271
1005001883434844
1005002372047021
1005001937280483
4001037082986
1005002324462943
1005001606170572
4001155241667
1005002371418781
32887394355
32796374576
1005001765116057
33000947002
1000006213323
32860853525
4001321307232
10000420715360
1005002064217061
1005002356348083
4001215614759
1005002420838627
1005002409987783
4001103243130
1005002010985077
1005002357775711
32885185512
33016138585
1005001303615931
32831545365
1005002405336080
1005001424063805
4000701239170
32848804390
1005002165875241
32963681405
4000341135082
33041096712
32969150076
1005001286190501
32326642333
1005001336306606
4001058233633
32789828126
4001127360508
4000720245423
4001326352235
32894523771
1005001840580424
33021011415
1005002310494378
1005002276674784
1005002382249903
1005002224677178
4000748828636
4000122905554
32823817250
1005002286140774
32220265849
4001075855870
1005001942763894
4001214529266
1005002454044854
1005002334544212
1005001580205519
32985066833
4000204573647
32840235102
1005002287398090
32703766933
1005001852079616
1005002247409080
1005001997381813
1005002306031640
4000156519342
1005002122370885
10000395866714
1005002341573827
33001070065
4000472409127
4000777160063
33017239821
1716234757
32824139747
4001126168731
1005001470129504
4000444648427
4001339372192
1005002282023406
1005002302209848
4000772663422
1005002500711861
4000473475792
4000392627474
1005002325144133
4001268464675
1005002315988801
1005001869031203
1005001907675585
1005002363697691
33011504128
32959011867
1005001795547045
1005002302906050
1005001560313193
32861558563
1005001515937329
1005001708555904
4000522295128
4000990976099
1005001813357111
1005002275608023
1005002305737978
1005001636432552
1005002029164381
32873009362
1005002017025530
1005001957551426
32869022977
32677320849
1005001561476908
4000575599632
32845509835
1005001278533212
1005001519517339
1005001579758694
4001282691281
4000545471225
32581024032
1005001604051802
1005001705739071
4000926544405
4000400331192
1005002295202887
4001150226713
4000266123977
1005001671833547
4001021465259
32492481856
1005002231964713
32814015683
33047593260
4001184604670
1005002392744686
1005002300714055
1005002288151136
1005001728803286
32877343132
33048621225
32708333477
4000310023966
32974081585
4001313606799
32819973035
4000693499406
1005001625841187
1005001996853171
4001228720516
1005002154420419
4000473419578
1005001641366262
4000804411240
4000123020610
1005001570076977
33030969353
32952393803
33043186943
33003070772
32721260276
32651878604
1005001418414645
32899221705
32965324251
32861450409
4001103405674
4001166319754
1005001955350271
1005002294371357
1005002453562366
32630411642
4000161181632
4000335550639
33057400827
32972723983
32658493155
1005001398271311
32916133612
4000829376952
4000884918887
32961668286
32378160882
33044321592
1005002440101787
1005002466081924
4000016768732
32894370848
32965806314
10000397735288
1005002406815177
1005001545549586
32870053258
4001191554085
1000008156381
4000603392193
32992261255
32969305949
32959764558
1005002468086304
32671182264
1005002068440004
32833118413
1005002468358803
4001213486721
1005001834626993
32858514575
1005002306483183
4000314771577
32851887399
32923282518
1005001474470907
1005002249124510
32677947557
4000704808403
32964766491
4001013049610
4000792403605
1005002180101889
32682356406
1005001720880082
1005002278944047
1005002224685582
32902060269
1005002474585543
4000527807300
1005002289646675
32990373720
32627584998
32816519051
32853357524
33046867312
1005001476120037
1005002133419177
4001254920316
1005001568552123
32904734085
4000009514310
32842483305
1005001576874673
1005002472752977
4001042052950
4000011772264
1005002317252438
1005001831769645
32836429134
32872273617
1005001988150166
33000608839
4001006299463
33031971493
4000967797794
32727291093
1005001315286789
1005002312032070
1005001519902256
1005002100231981
1005002150934225
4000666066990
4001345713996
32962257237
4000593604162
1005001511504959
32682943763
4000662491452
1005002339008862
1005002204434456
32904745503
4001094475675
1005001507070087
32893699754
4000562086982
1005001548714467
4000732999504
1005001934978209
1005002494106137
32871719286
1005002358564852
32792814428
1005002473711430
1005001975278408
1005002293997056
1005002071699454
1005002314573879
1005002349541869
4000982412751
1005001329787139
1005002460374062
1005001405619859
32258572336
32851290185
1005001279708550
1005002372312270
32318670109
1005002424411823
4001105577475
33045709173
1005002373061624
1005002377641049
32789134538
32343869827
1005001698821659
4001022313849
1005002033756461
32957686860
1005001783044787
32803336924
33022448939
1005002329804017
1005002369894582
32813668405
32714659075
33055496441
1005001439059658
1005002424148803
32971754213
32960719337
1005002304327615
1005002470523879
33023524439
1005002250718039
1005002383604389
4000905522381
4000149967082
1005001541358905
33055572083
1005002400811760
1005001883029106
33005961760
1005001561111286
33013627520
1005002027201782
4000171851063
1005001604602480
32958109337
1005002390218546
1005001984699735
4001189705066
4000047199847
4000607428151
1005002168244342
32863316883
4001108653331
1005001702936591
4000978873837
4000001696910
4001114657929
32682177432
4001268722309
1005001313991742
1005001774320328
4000794663652
4000204472561
1005001489154513
33024579544
4001214186801
1005002256646159
4000688602675
4000899630431
1005001412273776
914867580
1005001612866767
4000982016368
1005002206208429
32888859265
1005002465022048
1005001814567231
1005002393854713
1005001793531136
1291121885
4000510231175
1005002256123898
33029543690
1005002271256721
1005001398239278
4001065730512
32955049752
1005002039527343
33006636832
1005002387811645
4000955827518
4000086786285
1005002482895592
1005002469018446
1005001506435923
1005001854492848
4001242113697
1005001976241303
4001204986968
32906354127
1005002363381480
4000196232246
1005001482567415
1005002090838113
32850874443
1005002148445676
32874350301
1005001380403460
4000308253893
4000832763325
4001355093612
1005002406077185
4001022017397
1005002303589809
4000709905047
1005001805775502
4000791349558
1005002483486765
1005001676752613
1005001854344091
1005002273330421
1005002490488130
1005002433776917
4001260206820
32968847855
1005002344572991
1005001592624260
1005001976195002
1005002387510953
1005001585816946
1005001868541482
1005001995528443
1005002245365141
32685123399
1005002375153327
1005002174378724
4000109247710
32890484033
33033030949
1005002314674655
4000777120419
4000510618750
1005002475864208
32998530117
1005002462490880
1005001609671169
32866985635
4001196525041
4000093447050
1005001638382992
1005002447686544
1005002232181165
1005001988830293
32978219533
1005001609655711
4001272462291
1005002042815118
1005001670707945
4000115578716
33000244307
32905295189
1005002392703954
4000979767712
1005001565612785
1005001515809681
4000066653942
1005001457996271
32951526836
1005002254719470
32842874133
4000630481336
1005002001565212
32864331971
4001166507984
32956494196
1005001930159639
1005002365234417
4000484709752
1005002272342815
10000022856146
1005002318707327
1005001756708591
1005002312070408
1005001560143759
33040231982
4000811509842
1005001426006315
1005002250376594
4000147854994
1005001677484102
1005002337321525
1005002426566546
32744543907
32806761409
4001360374374
32801183943
1005001412400724
4001331282348
1005001839138545
1005002317672922
1005002278067363
1005002474029248
1005001504049130
1005002447434883
1005002314228833
1005002166259718
1005002365565705
1005002091610744
1005002347121249
1005001423562098
32891618131
1005001900780178
1005001441474391
1005002372409304
1005002205334712
1005001683299837
1005001338284700
4000834165066
32859618066
4000469228950
1005002061026075
4000405536098
4000762210711
4001271211646
32963154688
1005001303536016
1005002108502913
1005002368790981
301316944
32808569371
1005002362938259
32223137703
1005001955180361
10000012731832
4000979500052
32833872558
1005002302358234
1005001574133309
32983831605
1005002395739861
1005001288283764
32814296146
32820617438
1005001627164268
1005001498656333
1005002275123660
4000257097411
4001119605019
1005002032159232
32804531697
32829934785
32333319405
32953127443
32873212953
32964769318
4001199697008
1005002304978677
1005002211898075
1005002406142597
1005001965772388
4000324161171
1005002413280504
32861828742
4000203009128
1005001298848294
1005002478353233
4000666223993
32515300478
32379173763
32783477144
1005001724160997
1005001462101936
1005001639272897
1005002167739800
4001248856199
1005002329873451
10000397362619
32845564201
32988160433
1005002337268061
32888563517
32949184616
4001266646924
1005001961667826
32825314018
1005001809071359
1005001893198690
1005002383933222
32964255996
1005001835414932
1005002348509286
1005001797110515
4001263764952
32975197316
1005002399890849
1005002500410097
4000060553157
32666001581
1005002409658864
4000982823554
33003943810
32917371504
1005002479921897
4000849944390
1005002340282709
32449830152
4001211108251
4001349510892
1005001474661603
1005001844165005
1005002286698737
32997047710
32905795644
1005002003146926
32823143472
1005001349580680
1005002336002791
1005002333843448
4000022130149
1005001985710544
1005001977911505
1005001948727679
1005002255741946
32980936950
4000526342345
1005001665520142
1005002323486552
4000533604979
4001350138705
4000290312799
1005001506054348
4000185613146
1005001907110662
32884126701
1005002192398343
10000106968587
1005001627324448
1005001842689797
32911140887
4000789797797
4001221865733
4001225171459
1005001575718759
1005002460933364
1005002204728316
1005001854601120
1005001405655439
32914748859
4000945886270
32678700643
4000098156820
33052614710
1005001917310507
32769959798
1005002029151207
4000351271445
1005002168610994
1005002019999424
1005001872560348
32946368512
1005001894896379
1005001647906960
4000903760579
4000709513637
1005001354253600
1005001895491136
4000384680619
32810018121
4000361136037
33003805431
32934251976
32965562335
1005001469291655
1005001664160594
4001270520431
32536253881
33002383100
1005002454236996
32934064897
1005002082232705
4000294973600
4000207703870
32845160050
1005001784832902
33027501989
1005002311975900
32848363484
1005002418560340
32964738317
1005001864380084
4001260894624
1005002280565131
1005001305233668
1005001927437302
32904361833
1005001883385042
4000708653716
4000466645487
1005001656780848
1005002378811648
4001345061126
32892863770
1005001803042840
1005001502019373
1005002175819860
32965717247
1005002312765075
4001222762072
1005002351736045
4000015785292
1005001561112413
32826164232
32918689706
4001003905877
32640878349
1005002354035406
484342107
32986667943
4000076852243
1005002319084536
1005002047202416
1005001270496172
32914393788
1005002247554744
1005002409930566
1005002294668160
4001127284889
32958256491
33057201092
32827681734
32899315424
1005002279228103
1005002297083088
32832334527
1005002111759655
4000115149247
1005002361900081
1005002484450989
1005002286823439
32848156941
1005001638255285
4001155046283
1005001940277999
1005002160451777
4000385220034
4001293855766
10000154063878
4001164234983
1005002468397332
4001209182533
4000547564688
1005002354134918
1005001973487519
33013513933
1005002356821884
4000738521026
1005002167997274
1005001942088916
1005001859212077
33023369694
4000828603924
1005002206442786
1005001923737082
10000367261402
10000277145685
1005001920618505
4000354657159
1005001609922721
32784031950
1005001619620988
4001225133616
33016535934
32998084821
1005002291188084
4001155583544
1005001516076876
4000794700107
1005002275894070
1005002355209464
1005002452989409
4000935489595
32808554806
4000898035932
4001362020096
1005001524804075
1005002315389316
4001268856155
33004241491
1005002415742384
4000069184517
1005002277831082
1005002419705587
1005002282714606
1005002462561575
1005001342824372
1005002436476254
1005001296765388
32974824953
1005001869709095
1005002268651521
32998328229
1005001915281340
1005001602388112
1005001727573445
1005002069409813
1005002352855090
10000411985735
4001223133652
32999046865
32780988059
1005002278805595
33012576081
1005002423956713
4000335737078
1005001478055689
33037925863
1005002176505726
4001007169028
1005001992098226
4001143301452
1005002012819112
1005002012974979
1005001488775890
1005002279128354
32827941884
1005001677770465
1005002324582894
1005001794093242
33009452017
1005002486075646
32983319758
4000059714103
32945972141
4000803639895
32946628569
1005002405184039
32726456029
1005002301137859
32868562368
1005002384812077
1005001792249127
1005001604221320
1005002288009562
32890685220
4000360803463
4000960848525
32894495905
1005001970466043
1005002473876633
4001150778091
32965158873
1005002364760598
1005001361336484
1005001275225690
1005001370016869
32368382187
1005002095712635
4000026740781
32997002118
1005002321414671
1005001854437223
1005001615351061
32870002960
4001157461670
33019917152
1005002238975063
1005002174531763
32783366738
1000008022938
1005002382455299
4000361351978
4001013115934
1005002315573756
1005002262114267
33001624003
1005002254728516
1005002051491575
32906555292
32905766787
1005002192645417
1005001959331870
1005002438353437
1005002304554819
4000187653169
4000011431220
1005002276817708
4000438232611
1005001792991839
1005002257013501
1005001591807543
32957896554
1005002207931615
32908936897
32961455780
1005001888195948
1005002206870300
1005001453485520
32965614801
1005002181347377
4000784362608
1005002468590903
1005002214992455
4000344531583
33014995298
1005001822354114
4000114342413
1005002297136140
4000819664733
1005002365179042
1005001881780310
33043850425
32807326859
1005002349820586
1005002096047347
1005002003429698
32849039897
32820632524
4000045495573
32958418806
1005001999713369
1005002311602682
1005002315720185
4001275169961
1005001704231366
1005002253889538
1005002470740069
1005002341784528
1005002100891708
32893617006
1005001899935782
4000671003656
4001141950334
1005001480229612
1005002359777026
1005001492812173
1005001424770744
1005002428287381
1005002314291961
1005002313884216
33063183196
4001185179228
32809896851
1005002310724977
4000903446441
4000793261570
4000238815179
4000416931978
1005001476062666
1005002104948350
1005001869614573
4001125149494
1005001524953873
4000300542503
4000269070866
4000140857949
33003029784
1005001560755677
1005002487626310
1005001571415412
1005002168143464
4000909421050
4001133688661
1005002475504400
1005002388860745
33000450435
4001221552129
1005002006110237
1005001961239404
1005001575523594
1005002315385030
32831226965
4001169829453
4000947854284
4001271446962
1005002273417589
1005001689139146
4001008892849
1005002410852507
4000558393795
32866286658
1005002310586333
1005002342494494
1005001906790631
4001027453062
4001228112678
32818212219
1005001597766199
33051727016
1005002274069984
1005002336928148
4000742996765
1005002163295043
4001056443229
4001275575761
32897873363
1005001505841705