1005002347324878
1005001367695977
1005002398832429
4000832606002
1897541937
32919187646
1005002306757575
4000484366638
32950637745
1005002341274629
32820277173
4000787310949
1005002266610329
1005002289828572
32910074763
32364401312
33048781803
32819686792
1005001321416130
1005002314701429
1005002366963785
1005002323850253
32951119399
32712012674
4000098756545
1005002234121949
4000842945895
1005002466085886
1005002400427776
4000033832034
1005001340339478
32332357562
1005001298434565
4000987234243
32921652756
1005002359601925
32456412825
1005002259230208
4000833793702
32886880963
1005001334481543
4000346035570
1005001889547677
32834441394
4000454210648
1005002483057419
4001037996536
32976094977
4001066026796
32912080961
1005001305855623
1005001319041357
4000388069536
1005002351798378
1005001639717861
1005002443335422
4001159865362
1005002468182260
1005001638214181
1005001921828273
4000829831441
1005001682429552
1005001506412203
1005002069645708
32894840603
1005002292116215
33029968658
32959774120
4000095593283
1779144588
4001272056464
1005002262217041
1005002102096817
4001132040121
1005002242609401
1005002373050115
4000896012671
1005002450954766
1005001430460613
1005002474555175
4000344204108
1005002315450289
1005002050079079
1005002438465001
33050485865
4001256009407
1005001699902771
4000544993288
33004284882
1005002417572867
4000191117270
1005002322184781
1005001638203038
4000385597535
32952898591
4000100133399
1005001863610280
4001208703355
32801490675
1005001742709040
1005002294575712
1005001826768298
1005002470865250
4000509724782
4001135846576
1005002476596886
1005002359149696
1005002065841241
1005002413243623
1005001808418931
32978483454
32926030861
1005002354092710
1005001495916130
1005002423406375
1005002296018997
32659119982
4000963698812
1005001782674138
1005001357501149
1005002042820371
33056714676
32703242563
1005002406154147
32951544910
1005001599111052
1005002240953744
4000560637654
4000145960162
32991817573
4001050198788
1005001617129281
4000580879879
4000067340019
1005002276297679
1005001682744238
1005002333527072
1005001838592497
1005002365051084
32967570508
1005002329816918
4000761251922
1005001551755632
10000205303221
4001051706642
1005001693427161
1005002387747417
1005001701614578
1005002460934571
32693021982
4001018943814
1005002259442372
4001008713761
33002136354
32813821273
1005001673269312
33016709294
1005001854408596
32859144059
32809369745
32835767352
32844236651
1005001929523213
1005001895061639
1005002050322615
1005002379063613
1005002173846967
32868046735
32886974715
4001131747866
1005002307080701
32812084996
1005001609702798
4000838401566
4000149514934
4000401174972
1005002049469477
1005002233535801
33027816436
32865409446
33003794753
4000771361117
4000437471496
4000064704359
1005002305564240
32921131107
4000958925937
32898564445
1005002317377826
1005002434115761
32963604824
4000796202368
4001196681847
32981677307
1005001813226730
4001189898964
4000217007335
32981185757
1005001562661315
1005002001135665
1005002256853116
32946680289
1005001930777855
4000894550322
32959567866
4001201206623
32810090043
4000843508726
10000371781620
4000944472650
32696263986
32922030422
33042380631
32917989625
1005002314330186
1005002244653546
32869724992
32981363086
32918413854
1005002381608247
1005001947572150
1005001874378475
32991187097
4000800224596
1005002147392114
1005002323342745
4000825719515
1005002297116461
1005002475934067
1005002287749409
4000930662876
1005001465511143
1005002048536306
1005001409758715
10000402938115
4001029226414
4001103246243
4000117133278
4001196611559
1005002301400764
10000004617926
4001014411625
1005001657293276
32898118797
4000123936221
33005181307
4000622573016
33006319381
32659683192
1005002363543589
1005001798219918
4000320596710
32978507018
32848253620
32964720995
1005002288956201
1005002123957542
1005002400400574
1005001835500080
32374229442
33035477604
32992508386
33015710591
32969701603
32948363087
32383714437
4000844039119
4000555758578
32833181133
32969275850
32830411414
32993177094
1005001841544797
1005002337055091
4000842558205
4000833901762
1005001992370329
1005002412404238
4000875875452
4000696330409
32947481240
1005002433729050
1005002497414307
4000777569180
4001238576494
1005002275297180
1005001853891342
10000395825257
4000906903771
1005002270576385
32823904078
1005002383022696
1005002381016373
2055145719
1005001638334037
4001239847107
1005002256684158
1005002317099847
32833950523
1005002449717634
1005002313710650
1005001955004292
4000305136219
32864475664
4000392171580
4001015202084
1005001833871020
1005001748852890
4001204247892
33052384613
1005002192632956
1005002205706882
1005002231390915
1005001636424352
1005001489909042
4001245880937
1005002373365129
4000206042073
4001218943261
1005002328343652
1005002451566522
1005002100590705
1005002290961474
32852987282
1005002393427360
1005001584420331
10000332768689
1005001646245126
1005001678033788
32887430810
1005002359967053
1005002339753232
32955036541
1005002410960168
1005001731139822
32807532231
32893935253
1005001661373689
1005001947086998
4001307980496
1005001441487138
1005001967769168
1005001488790446
32818841737
4001085460847
1005001915440598
32997592564
1005001970712519
4000242203616
1005002245545666
1005001497296927
1005002242053141
4000015930751
4000959610584
32913829814
1005002500206542
1005001621649495
32879041265
1005002369401740
4000532063504
1005001432166955
1005001649397755
1005002270019987
1005002365758276
1005001863635080
4000116924580
1005001761821981
4000200940709
4001217798622
1005002238348015
1005002030709038
1005002120797530
32952011970
32863323888
1005002283842850
4000112465428
1005002247096579
1005002281696865
4000329227074
1005002182518103
1005002279342406
4000186071217
1005001501827354
1005001737788411
4000924577025
32824769460
32977282649
1005001337689060
1005002250793544
32682178000
1005001921136745
4001208465935
1005002485256576
1005001732403529
1005002242649180
32906475021
1005002081622563
1005001748582398
4000056151319
1005001954876453
1005001360480803
1005001860939182
32863394490
32952945565
32961893917
1005002389260865
32951020088
4000589213774
32863242946
32974471929
32824196963
1005001614098208
1005001305409124
32516984685
1005002231644480
4000504944676
1005001273197343
32920648303
1005001424284992
32967340470
4000854911131
1005001848997797
1005001727700259
1005001705739202
32848948641
32844628383
1005001915460379
32372344090
4001360827160
1005002253088790
1005001628766087
1005001793853326
1005002231729087
32819339183
32919769029
1005001297842174
1005001775482227
1005002318067182
1005002383329443
1005001489933124
33052941900
32861693051
1005001512681754
4001219399219
4000259303367
4000555715543
1005002340858960
1005001422306569
577854593
4000821791738
32937100870
1005001458276087
4000254728283
32406145033
1005001419996689
4000282392666
1005001337550939
32902639540
1005001815571904
4000343925980
1005002383692210
4001222471649
33021891391
32954867086
33008324779
4000393333571
4000463953431
32706827265
1005001269297810
1005002351734159
10000372692668
4000303726140
1005001383595531
32955637208
32914148628
32974383429
4000271312349
32309395011
1005001670861441
32986532254
32793159332
4000546650584
1005002267816249
1005001644874371
33041055599
1005002231917786
1005001888922215
1005002271853357
1005002091700314
4000774664566
4000960656236
1005002042324627
33024019029
1005001462627297
1005002227397637
1005001667811632
1005001559836141
4001143810139
1005001923511298
4000144585980
1005002302631185
32970219926
4001241912310
4001038265922
32711500352
1005001398235338
32964774640
4001347856680
1005001850596128
1005001941129660
1005002475667291
4000072496752
1005002412976764
4001034022773
32661841976
32979949734
33051896393
1005001928476883
4001201493631
32861353865
1005002381083148
4001360058566
4000291027563
1005002408599131
32668851821
4001228750980
4000018723471
691390773
1005001364808653
32604939859
32995686904
1005001919013273
1005002398880229
4001323670730
1005001951922550
1005001857341315
4001239816770
1005001501014617
32648889848
4000337381695
1005002233765006
1005002277518524
1005001873350498
32949050689
1005002367608462
4000977857577
1005002353728577
1005002207778902
1005001657162028
32865011929
32969028402
1005002441109413
32965510844
32853546274
32795073129
4000683552694
1005001639234975
33061998456
32813831781
33033159109
32955729037
1005002288905721
10000395190818
1005002310984242
33001050733
1005001301536482
32828055594
32945856236
32800570052
1005001970594613
1005002390389533
1005002465179508
32969876218
4000987367712
4000641837313
32888619087
1005001307497466
4000519734210
4001280815089
4000037241549
32805300517
1005002292505640
33059439776
4000979705505
32980366603
1005001650572313
1005001566311372
32698044142
1005002314310009
4000358945278
4001315549876
1005002091647002
1005001686022876
1005002281103817
4000029281255
33055405145
33003362481
1005002427902142
1005001736362248
1005001381278134
32954069429
4000168814768
32965194468
1005001762990522
1005002299936798
32815359500
33026590593
4000069142854
4000148107831
32812044129
32946049775
1005002203615226
1005001339047251
4000691080577
32967182953
4000925661092
4001057124593
1005002277250876
1005002027095680
32969731290
4000889333288
4001108325230
1005002312486653
32952395040
1005002333783069
4000114258336
32907590240
32994930725
33026224410
1005001544536079
1005001498521919
1005001830730010
32885217091
4001299644111
4000138439776
1005002059595475
1005002465314550
1005002428145278
1005002287009534
32603466847
32827052730
4000169433054
4000682435139
1005002276884693
10000161667607
1005001914750895
1005001387637039
1005002412321429
4000552661377
1005002494590045
1005002069426838
1005001803982511
4001218097646
1005001907905908
1005002317437213
1005002359299636
1005001895834040
1005002288481968
4000389860809
1005002352562770
4001209469895
32952969108
1005001862639153
1005002246159132
32334018306
32952568882
32814227415
1005001929343506
4000751739233
1005002272273953
1005001679078769
32961105128
32964851169
4001205187507
4000403274454
4000235190247
1005001402778216
1005002394301078
1005002049464306
4000725234642
1005001491541379
4000278497125
4001179466579
32991295428
33027804998
32990761934
33001351547
1005001754225157
4001095190760
1005001793986160
1005002401125828
1005001633812749
33010962196
1005002383101580
1005002368743041
1005002496556866
32755343160
32982737338
1005001890350499
32699366547
4001185774384
1005001829455892
1005002284066640
1005002101414762
4001084359853
1005001971515059
32958876089
1005002337983254
32849469304
4000252952979
1005002262215935
1005002389519327
1005002356116079
33049924087
4001154668469
1005002258845121
4000177594924
1005001374778519
4001061721097
4001156926295
4000215005855
1005001671185676
2053842011
4001035990403
1005002392064684
1005001463939185
2053954632
4000856809331
4000114474067
1005002301231044
1005002315317699
32829295227
32587081566
32928283254
32960025363
1005001392780825
1005002321782526
32836478857
1005002285892239
32661369948
32860724202
33011362839
1005001958846046
1005002386842670
1005001551678605
4001305856268
1005002381718157
33014571548
32733958020
1005002214767703
32455351099
4000100205750
1005001697521798
33062194635
32840300569
1005002431039568
32838156972
1005001585245237
4001098127082
1005002313933537
1005002369132658
1005002361888536
1005002213631792
1005002033496506
1005001585248952
1005001592441285
1005002426582284
4001256937367
32991798121
4001063532070
32948541647
1005002016751655
1005002292647163
1005001325291922
1005001337869185
1005002317561632
1005001690926980
1005001731281989
32658325704
1005001586860180
1005001865482527
1005001561667086
1005002147161858
1005001317033537
32791184377
4000515922789
1005001889033447
32734625843
1005001531359694
1005002253733152
33047656027
1005002032729377
1005002259035204
1005001736315244
1005001651182526
1005002392942740
4000401625292
32972560598
4000057243661
1005002293497621
32891534359
1005002086205507
32974356656
1005002365803775
4000150137092
1005002434844637
1005002339044276
4001139435119
1005002306110562
32992716326
32765307433
4001321161367
1005001901117577
33007976734
1005002239236691
1005002418365981
1005002344664755
4000257944095
1005002053712596
1005002221385731
1005001888062265
33003347785
32911072305
4001181538016
1005001640201068
32705386345
1005001812575369
32811638597
1005001429000210
1000008396667
1005002333405300
4000748404621
32344971359
1005002114996002
4000066278858
4000808903240
1005002260632573
1005001308724155
33025607091
4001260555969
4000689399819
1005001457422201
32863567177
1005001582638676
1005002354566115
1005001889068627
1005002351832089
1005002118895987
10000086494344
4000987106907
1005001894314082
1005001501102262
1005002413435378
4001108961562
32769898940
32823105480
32233952603
32862809711
1005001561529668
32757973910
4000278601832
4000631647064
1005002064229087
4000056799231
4000891959748
1005002400740955
32444549002
1005002334649650
32807955434
1005001280197267
4001280933726
1005002219489882
32968973793
1005001639307911
4000846771695
1005002484116726
1005001537002960
1005002085747620
1005001853587078
1005002201831237
1005002400889414
1005001718967182
1005001330892062
1005002447876356
1005002079260707
4000268947396
4000599744270
4000959924307
1005002263385819
4001251409542
1005002338360226
32988850791
4001266869108
1005002345084874
32851344978
32821370508
1005002340866235
1005001709778726
32387363334
1005002144137772
1005002045070193
1005002345072368
1005001817049514
1005002265583578
1005002408748609
1005001898860448
4000988755795
4000937223834
32988160293
1005001779683944
1005001466549158
32966776170
4000076375993
1005002311579601
4001018917910
32953850929
1005002482543895
1005002372702527
32869779536
33036667444
1005002273417726
32830760265
1005002179565719
32970967001
4000297005424
32531579907
4000401672965
1005002337396085
4000161927780
33003181790
4000072243921
1005001757155012
1005002171045487
4001256108881
1005001449981535
4000147365589
32872509637
4000710164403
1005002460274499
1005001862701166
1180083317
1005002322612763
4000513271445
32861743077
1005002384057966
4000732772006
4000711009027
1005001913301760
4001347826832
1005002001417768
1005001935989182
1005001781019921
1005001708973263
32905088519
4001365481197
1005001858742396
4001287814279
1005002413400765
1005001971625511
4001061984600
4001268488307
1005001850372147
32852995986
32866164214
32850217541
1005001551204328
1882593078
1005002122398909
1005002129501969
33038618853
32960651861
32857100297
1005001802657882
32946101690
32791615029
4001075373024
32683027554
4000009795638
1005002330741520
1005002415371432
32862332511
1005002459295683
1005002392509831
4001316530943
1005002377644179
4001245898324
1005001830309193
32840716676
4001060227251
4000670079150
32466504399
1005001556932695
4000580205576
1005001550805719
32847013218
32976637635
1005002370063508
1005001278362513
1005002364530308
1005001345195899