4000077201582
1005002091634162
32651567996
32855745498
4001309818378
4000458071134
1005002013479330
1005002316354995
4000907384888
1005001487857080
4000818268937
1005002207453893
1005002284743245
1005002150431960
1005001431161882
4000372796176
1005001556759911
4000767682686
32723510309
33002408826
1005002442370756
4001155234804
1005001669498543
4000177567748
1005001555137705
32954581379
33030014050
4000512021597
1005002213692888
1005001667606638
1005002388099932
1005001316356581
32855788579
1005002318718578
32974222578
4000254250024
1005002335928720
1005002273273966
1763829952
32857493654
1005002194459120
1005002448150028
1005002347620563
33008141159
4000909776072
1005002420070040
4000157820038
32809641032
1005001785658619
1005001548195664
4000885656160
32816395403
4000135803103
1005001970014966
4001232583270
1005002494631703
1005001269473574
33026632869
4000803728301
1005002148620519
1005002022892374
1005001853036717
1005002262695105
1005001341156939
1005002312045686
32946664882
32973253502
4001084894174
1005002238239255
32829059033
1005002063895817
1005001997857424
1005002280929656
32847402213
1005002275729991
1005002315159466
1005002416786362
32962427187
1005002191565104
1005002313018530
1005002313010685
1005002399022103
1005002317985417
33058515076
1005002311789782
32657824824
10000397759234
4001101840242
1005001386911579
32807498980
1005001988855421
1005002467458548
1005002312378945
32993281395
4000772416878
32867398991
1005001763229505
10000307318681
1005002244727280
33045739058
4000982934130
4000133030123
32985006023
1421811190
4001304259630
1005002304913615
1005002182293018
1005001431725167
1005002380697613
4000238297924
1005002186277200
33014884849
4000036214966
32869491845
1005002449725949
4001230258987
32953927869
1005002420541560
1005002303729684
32955808980
33050554410
4000170171892
4001253120218
32888462570
32791262441
1005002066431522
1005001566641001
4001354864054
4000020614886
1005002196749208
1005002198250262
4001258772268
1005001619698260
1005001801755702
33026335866
32919592465
1005001511369074
32794124673
1005002327175552
32824901336
33009420491
32999273640
4000611658954
4000724464327
4000940692365
4000903344229
1005001333920056
1005002201870476
4000625428491
4000933384264
1005002422196533
1005002443507730
32966329755
4000640954262
33015176936
32848070696
1005002342572160
1005001958525587
4001144298265
4001193854791
1005002381790275
1005002359860204
1005002342112597
4001359775714
32928363976
4000150713054
33014927675
4001230425090
32997522075
1005002283780140
32976131390
33000755052
1005002288988584
1005002315622291
32969778550
1005001457434155
32898450749
1005001441267823
1005001779590528
32881103350
1005002351667098
1005002467303627
1005001527727353
32827240683
1005001329855401
1005001975636616
1005002435334921
32598138979
1005002302195581
4001211205392
33029223366
32946293208
33040114538
1005001527284237
32642304743
32950005823
1005001406191620
1005001583165242
32651859342
1005002442355287
1005001418427456
1005001422972467
32547967291
1005002383745910
32945215423
1005002010733633
1005002068863570
1005002260159614
1005002293066009
32781016858
32853639978
32921915600
4000838316312
1005001864611062
1005002303983805
4000056157650
1005001853178234
1005002247703836
4000240796112
4000774983996
1005002252787004
32978102614
4000272829380
1005002032748972
1005001996902337
4000506186371
1005002496221662
1005001433827455
32855625961
1005001813122511
1005001748377744
4001223877823
1005002496128571
32908307161
1005002354724660
1005001913703097
4001063526375
2040274776
32782988606
4000789457666
32999400594
4000300495812
1005002369692652
32882419613
4001032175602
4001278892832
4000384581253
32888208312
1005001543778025
1851846042
1005001667265091
1005002333903522
1005002054576602
4001276592261
1005002322605857
1005001637805786
4001277765977
32921944997
33006102584
1005001462300291
1005001939525313
4000133961382
1005002364076102
32340448002
32910013996
1005001551485759
1005002393072540
32833910901
1005002355445387
10000289122159
1005001658670506
1005002284581858
1005002328869346
4001168053382
1005002428260583
1005002336082173
32372025311
4000640917881
32961960419
4001196563654
1005002375988201
1005001937075614
1005001707980961
4001064656229
1005002306188431
1005001594344610
32969967934
4000846076339
1005002313027639
1005002337173479
4000381019647
1005002240898858
4000967771841
4001084672970
1005001899397730
1005001890259269
1005002322762707
32846424240
1005001405970761
33032407009
1005002305214906
4000761640697
1005002492435101
32993426852
1005002053594902
4000463147309
4000023002605
32826883925
32824734791
1005002466970589
1005001614155120
4001351901109
33051306767
1005001983290054
33013421130
1005002085033273
32801159305
1005002341667783
1005002336735757
1005002176944845
33012211565
1005002379004834
1005001640443414
1005002287274447
32717444333
32800411494
4000288975459
4001322157233
4000726927892
1005001554445498
1005002361680954
1005001393512560
1005002309205520
32845006553
32830273516
1005002085122665
1005002395962034
4000151067705
1005001406772311
1005001950376228
1005002314363789
33006036814
1005001520065163
4000935979869
33027521947
4001025728162
1005002407819598
4000311882991
1005001933819907
32859955312
32827267126
32672073869
32655445942
33009132844
1005001346352435
1005002317548612
32889160607
1005001326203139
4001174250848
32616379384
1005001337510854
4000489909055
32785013679
4000364788830
1005001462165199
1005001752043349
32623314033
32670277421
32885896229
1005001677381789
1005001319531772
1005002393148151
4000693832713
1005002319519995
1005002312674866
4000784323401
1005001468924705
1005002478665012
1005002298284001
1005001884689215
4001282747493
1005001507920906
1005002368872251
1005001555443913
1005002293240799
1005002176863694
32801631088
1005002381547400
1005001839369366
32847634402
32797729908
1005001494592761
1005002306249101
32827171210
1005002019657960
1005002314916118
32834201311
4000301239215
1005001741067688
1005002280829397
1005002270910047
32960083904
4000850611980
1005002211247943
1005001745324513
1005002317521555
32830559579
1005001872308172
32814693174
4000433888985
4000147299439
1005001630645490
33033788462
1005002480183377
1005002395916820
4000718527357
1005002425578708
4000128076914
1005002280001065
32904506008
1005002340592343
33002466864
4000248518470
1005001627428992
1005002252684547
1005001902385297
1005002040639530
33003253047
4000066661391
32968742882
1005002499410661
4000546671498
1005001953937611
4001178091926
1005001909369667
1005001560823464
32416423768
1005001656836681
1005001600804876
32984435333
32815339490
1005002329305195
4001225945857
1005002258397630
32814036592
4000802390460
1005002271129395
4000111304659
33009152942
1005002259775161
4000964573247
1005002355325218
4001251587510
1005002323803289
1005001841711763
1005002099960398
1005002327928681
1005002314369385
4001268686073
1005002475860076
1005002395063103
4001274938746
4000233620273
1005002346053225
1005002323105946
1005001603621017
1005002363715509
1005002119065850
4000106183668
4001290394118
1005002180516998
1005002267575095
4001320616842
32942803878
4000945369220
1005002315898410
4001160232784
4001053618379
32959526803
1005002423572067
33014839442
1005002357818584
32925487296
33051747416
32626729104
32947329678
4001313877482
1005002350760059
1005002244761073
4000856896393
32854965419
32919294032
1005002427938889
1005001617316000
32811129064
4000219013642
1005002490153846
32809573398
4000370381810
4000033297340
32902763221
32618507839
4001072182700
32793805975
10000022848118
4000666119325
1005001620897556
32833599687
32853925272
1005001855627607
4000335908994
4001174254454
33035882839
4000017848750
32834392792
4000380980950
1005002270072539
1005002460720413
4000991073622
1005002287928926
4000038735357
1005001737598633
1005002152726312
1005001682304268
32791515828
1005002014051479
4000539027911
32889014815
32940596820
1005002248739727
1005002337726649
4000661162057
4001149022380
33057756205
1005002275626374
1005001671166607
4000830029632
1005002313265130
4001170428895
4000546580849
1005001874822765
1005002050584060
1005001848679062
4001273228491
1005002344933999
1005002318453236
1005002033620561
32902803360
32882361202
33002302248
32978266366
1819830263
33013127161
10000012604653
32991109204
1005002084621854
32915643040
1005002308134075
1005001398286300
1005002351727569
33005930779
1005002439682478
32671990041
32892323403
1005002292707512
1005002288957070
1005002420940490
1005002219455270
1005002310445370
1005002404950587
1005002337345912
1005002383075836
32964366997
1005001854257078
10000395856292
4000071598726
4000837372741
1005002453769641
1005002289513599
32961217898
1005001767925520
1005002442874539
1005001307528614
1005001347927554
4000712328273
1005001458362583
32937564358
1005001513181609
1005001686000946
1005002326908394
32908943508
1005001561104619
32808937096
1005002313055750
4001131965648
1005001689305224
1005002248773367
1005002476138334
1005001975888624
32889313259
1005002494621797
32831864804
1005002307582431
32921860730
1005001843940204
1005002355777500
1005002443671310
1005002318358930
1005002331719291
32581019615
1005002077247667
32963557077
1005002260254777
32298085234
32844348477
1005002233061907
32945209051
1005001849763031
4000106911636
1005002197332568
1005001942299708
1005002267719478
33020578436
32747702091
1005002303375080
1005002356816864
32816985148
1005002332210463
1005002219406550
4001061783617
4000506429850
1005001941937832
1005002341763319
1005001349141364
1005001733036092
1005001850808042
4001015557163
1005002298668612
4001155382829
1005001464542211
1005001860432317
1005002000052902
32947298461
1005002378319188
32846251553
1005002248717469
1005002271746375
1005001839529811
1005001827756844
1005001406660401
1005002382801763
1005001716024561
4001228580676
1005002195931632
1005001272897058
1000007886576
1005001957490063
32807744518
1005002235911093
1005002168749983
32895145577
1005001381915058
4001067985825
1005001817744777
4000378561951
4001144715603
1005002278007455
1005002381442669
1005002094381301
1005001918033407
4001085846168
32898193164
1005002425572651
1005002173465779
1005002318004304
1005001734704418
1005002002556757
32721752472
32832861670
1005002376636169
1005002375300612
32821590502
1005002229055969
32967978716
32885625025
1005001774626732
4001290200490
32889963959
1005001664385378
1005001580105967
32788745244
1005002314347567
1005002298074831
1005002315169295
1005002322541995
32746078309
1005001544137885
4000928064910
1005002398945056
1005002197829945
32949755184
32984270619
1005002334179723
1005002141311720
32500117986
1005001805832699
1005001789098981
32891991974
32726418410
4001042608949
1005002334627205
32791456515
1005002463819970
1005002312011501
1005002333224091
4000269058952
1005001597604250
32810413506
32859484277
1005002314395832
4001327542012
32821761048
4001085029087
4000458467927
1005002475759005
1005002406985198
33031859633
4001155791225
1005001278162901
1005002243266676
32931574343
1005002268292926
33005890248
1005001308217059
33041287536
32889649035
4000636818073
1005002443124147
1005001728277760
4000807783128
1005002365996263
1005002309575000
4000726661414
1005002341411980
4000091804690
659322225
32332381094
1005001612591394
32681695243
1005002258636676
1005002345876725
32964214955
1005001983010331
1005001834784033
1005002313611909
4001276992676
1005002234411611
1005001305503900
1005001889142521
4000777471744
33057539845
32982013851
1005002387567358
1005002301691308
1693906027
1005002132776961
1005002313831337
4000714799554
1005001393195888
1005001807953001
1005001380586921
1005001566476666
32969735126
1005001592122822
1005001381272170
33048594848
4000685285381
1005002264245782
33004278208
4001112252936
1005002040399804
4000837886364
32866594479
510349682
1005002212488316
1005002287654505
32788005747
1005002448786890
1005002262570946
4000270342293
1005001476362299
1005002205981288
32259305299
32516891613
1005002474859940
1005002383743439
32824566638
1005002333962158
33018633403
32859778179
1005001383597519
33039321086
1005002376311045
32847447362
4000762327069
1005001711393351
1005001922414875
33003250477
1005002398944097
32919488670
1005001267009659
33008577838
1005002281291314
1005001575362770
1005001648004757
32885100089
1005001792995421
1005002272652785
1005002413564693
4000860983146
10000022569377
4001230926133
4001272463315
32774570450
1005001363982966
1005002347069587
1005002483230218
4001049979705
4001285589303
1005002334890461
33011899637
1005002306973472
1005001617547353
4000882622640
1005001901339424
1005002353240710
4000842212633
32721589426
32860094880
4000204555899
4000935498520
32961441319
4000711196804
32842878500
1005002334322069
1005002291416171
32924885751
1005002018415952
32901875795
32995039335
4000930721084
1005002420073885
32959688088
1005002420888795
4000533581677
32278302482
1005002316557517
4001211885343
1005001981747329
1005001843927108
1005002467228219
1005002240390200
33027505940
32958922278
32603848859
1005001848800208
32793535141
32967687238
1005002369365772
4000416666866
1005002131304937
32976944306
1005001321268288
32836832526
1005001680486877
1005002459441160
33063259224
4001015128823
1005002265620890
1005002399346573
33059499569
1005001297271167
1005002371558529
1005002449252999
33024136694
4000214541331
1005001872060712
4001138963613
1005002282758652
1005001595015051
33003130876
4000398602154
1005002424820919
1005002439312108
1005002187272757
33043062839
1005002313981537
1005001721723512
1005002293591461
1005001779825666
1005001999460960
32902777044
4001333661713
1005001411678648
33000184909
32694814996
1005001687700691
1005002475780935
32831653177
4001037046063
1005002292648748
32947359783
32789110975
1005002309359168
1005002320809249
1005001852030153
1005002314337792
4000173264968
1005002324320310
4001052952058
32986733468
33061122762
1005002315842116
1005002077230420
4001258639305
32430868102
1320854218
1005001915907665
4000641280352
33031770521
1005002003709059
1005001577880174
1005001319706505
1005002291221837
4000772745241
1005002122481220
33031778776
4000038368802
4001130503778
4001041354063
1005001562978393
1005002441861446
1005002460658853
1005001931142019
1005001833592964
1005001525306656
1005002312545221
1005002245588464
4000073780960
1005002387077909
1005001914948938
1005002264906268
1005002245168541
1005001930853720
32864015425
32890607779
4000768150349
32904645561
1005002314640242
1005002418981271
32909666880
1005001953804593
4001225088999
4001193130874
1005001444476941
4000215680771
1005002339312411
4000906264830
1005001908488780
1005001942876561
32850759900
1005002268434582
1005002406021343
32405555899
1005001519697038
1005001580363752
1005002282476818
32851359587
10000423261059
1005002388799211
1005002271137846
1005002313768189
4001255771421
4001180411238
1005002160051388
1005002393890370
4000093673153
1005002281915358
1005002022003518
1005001681880070
32824016665
1005001625730294
32985069147
4001012486150
4001145765119
32822906645
1005002456859285
1005002194891275
4000325691775
1005002271275739