4000217495453
2026148639
4000475610714
4000827128075
1005002226299280
1005002247378403
1005001762163480
1005001848997742
32798806011
1005001334323039
4001214411966
4001231282623
1005002270718832
4000313548909
32724337432
1005002304011009
1005002330307948
32667476147
4001011366598
32835140458
1005001287371232
4000496828830
1005002258541528
1005002346082107
1005001417089550
32657570518
1005002439156873
1005001994942855
32860875028
4000007325692
33021594100
1005002235965047
1005002206075677
1005001744302876
32853871274
1005002444023392
32858361721
4000784454827
4001365038446
4001343315951
1005001463104799
1005002206530719
32825303168
32904461346
32962652825
1005002244012649
4001220126818
1005001522262144
32921193167
1005001578588440
1005001994667724
1005002428266175
4000735689213
1005001411216879
32957085478
32983118061
32920379497
4001241396261
4000960029756
1005001270413730
1005001640269062
1005002355463939
1005001359658409
4000850552236
1005001824130777
1005002353959120
4000985377382
32895224414
32842022287
1005002352551764
1005002363305526
33039723836
1005002376191750
1005001483485452
32996983897
4000960259564
33029665711
4000144136913
1005002273005376
1005002460441699
33049699230
4000990833381
33002720299
33014161880
1005001678459141
1005001525311787
1005001928621863
1005002371820038
4001201169649
33003671425
4000820308434
32817666431
1005002257666432
32956040020
32596194519
32720135654
32890054132
33009579892
4001202110209
10000003258306
4000545746207
4000929150156
4000117951154
4000004031557
1005002278109284
32805307935
1005001812291856
1005002283067667
1005002347171377
1005002348025419
1005002021474314
32948377958
1005001619824968
1005002314473149
1005001458846213
4001243224886
32983963810
1005001304349814
1005001380281515
1005001319329026
1005001708293714
1005002289064621
32947811101
1005002372477400
1005002329593299
1005002094865447
33030423055
33013244810
1005002398876240
1005002267933008
33052391130
10000022852506
1005001296709419
1005001320762134
4001080929803
32863100010
1005002234563290
1005002275845707
4001288163893
32589253032
32820673212
1005002352070614
4000778313275
32864852717
4001084951235
32769647442
1005002059470729
32980606414
4001355385009
1005002424048694
1005001704170930
1005001669671365
32956655538
32722508433
1005002144297073
32806223550
32922819395
1005001450317832
1005002288316411
4000989689285
4000743677867
4000226715206
1005002341625487
1005002430573340
4001054094468
1005002277795351
1005002377611898
1005001779236671
4000904652404
1005002428136965
1005001803439124
1005002225477102
4001071879888
4000875547879
1005001823706324
32552385628
4001204035738
32812833072
1005001840347572
1005002264000049
32662009146
32563163801
4000398079648
1005001325560669
33036686139
4001228584741
1005002359058559
1005002494561732
1005002279218355
1005002166300628
32992672744
1005002400853649
4000853278396
1005001679043308
1005002490715157
4000533712662
32790563563
1005001575538711
1005001963767345
32907853995
4001274097681
1005001489289587
4000185440165
32864811165
32909302114
1005002320696239
32841054489
1005002093859898
32849383102
32963037573
4001237042204
4001035208175
1005002347307322
4000761550644
1005001714922480
1005002003197321
4000571489066
32955220943
32959203156
1005001452489312
4000429759661
1005002258743326
1005002120643745
32793980522
1005002291328113
32777207345
1005002305677983
4000409300365
1000008304321
1005001270669546
32703378801
4000021998155
1005002304593913
4000050469084
32216497578
4000960637026
32870579646
1005001397251945
1005001285145637
32857073455
32995975830
1005001848190625
4000662944473
32610105032
1005001568305915
32576438689
1005002345038109
1005002318010795
1005002043625671
4000961167988
32950649250
32911712219
1005002400447470
32782763233
32922917056
33047555841
4000235300350
1005002336959065
1005001731323679
1005001578552149
4000382809348
1005002247327261
32985669692
4000966066660
32814247379
1005002280663180
32210913479
1005002070309916
1005001658932012
1005001596415846
32913889205
1005001987718508
1005002252706774
32997016309
4000885321313
4000046185911
1005002080538835
32992304799
1005002383269416
4000188140721
32975886913
1005002265139258
32975567858
4000838386444
1005001441456359
32954975508
4000037927798
33044312607
4000682655459
1005001849440538
1005002289610258
1005002336910179
4001326544564
1005002401074169
1005002334881429
4000248421454
32758179668
1005002388337353
4000324880221
1005001441383152
4000723860691
1005002363765693
4001340349945
32971551528
1005002034799285
32787984466
32919539051
4000378166804
1005002287982883
1005002357755621
4000082721372
4000262445438
1005001784511801
1005002346785476
32828435064
1005002466188326
1005002369894971
4001255267653
4000179708309
32884645050
1005002270943542
4000160938888
4001248725424
4001346746459
32904414048
32914635308
1005002314302839
4001229246808
32972366209
32975974930
4000259812471
4000244411985
1005001665998439
4000597821592
1005001705713577
32858064098
4001362650572
1005001659316538
1005002337900295
1005002344354307
4000174765477
1005001714890311
32897365058
33001087769
33027336546
32954548845
32865993629
32891129481
2038684414
4000023421625
4001263373962
1005002341081284
4001106463746
1005002232100762
1005001976405212
32733317288
1005001706650892
32817076612
32595450549
1005002408654123
32661422190
4000427050967
1005002330768951
4000483460922
1005002282279239
1005002011737648
1005001525240941
4000385320795
1005001374241810
32729925852
32861497639
1005002218998252
4000340345181
32860624089
1005001558526107
1005002259369192
1005002329862048
32991670518
1005002293020946
4001174608048
1005002461314834
1005001513141089
4001100124609
4001352983411
32793303087
1005002367743517
1005002441964305
1005002378278265
4001308299549
1005001868949759
4001037922125
32886802140
32865178381
1005002386420565
1005002352901370
1005002391040451
1005002206066987
32983003410
32887385127
1005001444923346
1005002500549552
1005002170960648
32919202016
1005002443733572
32246905932
1005002489816336
32970342292
1569521532
1005001961650534
1005002444478845
33038717467
1005002073971329
1005002094410980
1005001803877854
1005002139223278
1005002341503098
1005001769645937
1005002368237491
1005001977278346
32902363359
1005001978185157
32808209629
32831704105
1005002399018635
1005002338917859
4001194428637
32993872669
1005002476311911
4001305326264
1005002400715614
4000803784572
1005002157281885
4000865426359
1005001804796002
4000760936442
1005002484036583
10000281757325
1005001270636235
1005002385422651
1005001804626125
32250491033
32996684633
1005001721944917
4001174684002
1005001918012811
32924264362
1005001639270771
1005001394655809
4000781616963
1005002279256096
1005002466989143
32535103656
4000344093994
32853089343
1005002253555056
1005002464620208
1005002264498232
4000898455941
32763777473
32949942853
32820543008
32896924714
4000904778266
32877066069
1005002324219628
33011386918
4001331434327
32713786147
1005002206174335
1005002252504150
4000459561718
4001056965757
1977874950
4001302772826
1005002259591383
1005002264536982
32830603941
4000287989874
32290355626
1005001957296793
4001108286272
1005001814151879
1005002272111230
1005002423918512
4000111541877
4001010269796
1005001872876924
2020016259
4000001597299
33015091627
964485242
1005001846013524
4000788814088
1005001883903509
4001188754299
4000030125968
32958103501
1005002467406158
1005001732001401
4001192241531
1005002323329657
32918912018
4000710898679
32837969361
899907133
32804746136
4001266703052
32998104913
1005002104653037
4001036732055
4000838450241
32919049601
1005002405198983
4001161938870
1005002332168145
4001333944506
33024148063
1005001770706416
33008894799
1005002399401170
1005001858530901
1005001424449358
1005002490822175
1005001834774579
1005001437265613
32920806159
32859388370
1005001884293270
4001131177794
1005001765679514
4000553236274
33007616843
1005001365094545
1005002356937469
1005002108746179
4001063472292
4001250497338
4001108262415
1005002129047241
4001122720428
4001290723979
32836499720
32917160626
1005001802995915
1005002468582744
1005002002944323
32896262718
1005002481785155
4000726590638
4001068950972
1005002299347367
1005001994409644
32608555906
1005002425826461
4001214741167
1005002057447812
1005002253030176
1005002244613815
4001226666153
1005001303366876
1005002355651783
4001139510996
32618018408
1005002014836133
1005001332385066
4001255037375
1005002319971225
1005001813522184
4000426677248
4001299967528
4001351083928
32825855939
4001278536864
1005002098853131
32955506681
32421598288
1005002027891358
1005002055114087
1005002353641589
1005001470824487
4000263180197
1005002345913214
32982917790
4001228492984
10000402475709
1005002313531759
1005002006643220
1005002253863846
32229300823
33027816590
1000006669933
4001146690305
1005001833754012
1005001861056919
1005002353352172
32864179766
33041601522
4001041151126
10000166123058
4000407164835
1005001731209494
1005001381420659
4000826756115
4000682324031
4000437371177
1005001621067472
1005002396549661
1005001385821342
32909475204
4000598621902
4001290525222
32853944076
4000336136535
32959896332
1005001971116453
4000036154449
32930002125
1005002279791117
1548764590
32365035845
1005002412623738
1005002369265311
1005002314327183
1005002304076644
4001226323043
4000379824603
32956012453
1005002392629641
4000016368784
1005002413252659
32967390953
1005001345195279
1005002309764330
4001344979727
1005002330269200
1005001397045416
4001104777432
1005002467341568
1005002488282055
1005001334283401
4000820675313
1005001499839215
32885976866
32869148865
32787459643
1005001314086214
32958303181
4000182518819
4000632813631
32860874465
4001001891843
1005001483598315
4001189084589
1005001567265695
1005001650576599
1005002425885954
1005001894567908
33022287822
1005002342218861
4001264634665
32958588905
1005001682657501
32992342990
32799002677
1005001686247193
1005002319042127
4000168903306
32828349031
1005001623896037
4001038039282
1005001688716095
1005001679049621
4001307210863
1005002337261222
1005001937659796
1005002485180286
33020554690
32879091627
1005002408598184
1005002307657775
4001165853254
32962262820
1005001704088662
4000706982275
32922097616
1005002476184452
1005001425345307
32828412073
1005002242552765
32570497346
4000014834735
1005001860195078
1005001645532749
32921521685
4001293598256
32820846304
1005002196641850
32873021460
4001173691343
4001223421868
1005002246975622
1005002291274125
1005001626963388
32977975887
1005001954794927
1005002354147866
1005002089196315
1005001470093240
4000160343976
1005001545047999
1005002082209141
1005001468397548
1005002312528464
4001052836450
1005001929003003
32747914940
4001207218125
32965425659
4001240727534
33052477122
32822488499
1005001269394053
33040658667
1005001875713601
4001274016618
4001163733240
32875187730
1005002161445575
1005002308899786
4000138058067
1005002375463859
10000371449563
33021564475
32944709250
1005002090347524
1005002254898797
1005001928966889
1005001714958707
32741791068
32681909120
1005001908784205
4000473996310
32882499284
1005001802420315
1984085476
1005001687567877
1005002467018673
1005001946389789
4000332804659
1005001933193928
4000407809773
1005002252295479
1005001703910781
1005002489951547
32998964983
1005001555780217
32863903268
1005002358181097
32839922636
4000035633973
32921383530
1005002454349959
32966909286
1005002348369693
1005001500469570
1005001522666342
33018042575
1005001551125536
32968908565
1005002424805472
4001160955667
4000362598836
4000810186740
33012954297
4001272337883
32966955733
4000967314884
1005002170691598
1005001424569137
32951855822
4000969524565
1005001418846365
4000324420038
1005002292748751
1005002318967869
32880226846
1005002099958820
4000269025120
1005001971314472
4001052443838
32909004081
1005002387636825
1005001477622458
2041041020
1005002298427297
4000991018094
32833702035
4001112132541
32995499390
32557328526
32995352871
10000329560822
1005002009686587
32840218636
1005002246774087
32960272173
1005002069460100
1005002375286595
4001270720431
1005001744424430
32947672974
32569057159
4001200354065
1005002296423918
1005001463027379
1005002489630562
1005001659387001
4000338810833
4001146093656
1005001579088018
32548491808
1005002159716109
32485849527
1005001615344575
4001276292861
1005001287709999
1005002353092619
4001155916141
1005002390140321
32807199891
32899637154
33035583716
32966173766
4000567011360
4001036097710
1005002180602054
10000417752319
1005002388853019
32954388936
1005002252712482
1005001855923965
1005002316775240
1005001500374912
4001360565917
1005001349759671
33042587981
4000129567864
1005002002123877
1005002341041800
4001362269864
1005002449106978
1005002480461942
4001156244581
32876579275
1005001457713897
4001274870849
32853804008
1005001370085330
1005002252245386
4001286145370
4000902353321
1005001332502089
1005001980348128
33016371455
32966090404
1005001869263872
1005001441395858
1005002402972084
1005002275235878
1005002328116373
1005002271125604
32945001154
32836779127
1005001941825954
1005001444323703
1005001635628484
32674563918
1005002275651410
4000104738360
33043023714
32804948159
4000159263982
1005002055832549
32819929202
4001196420513
4000122284497
4001365263215
32793083335
1005002167428354
32957808039
32642453784
1005001724750858
1005001741266664
1005002191008663
1005002076387529
4000017792320
1005002269372775
1005002266237638
32976163726
4000705802704
1005001834622700
4001242212895
1005002314373674
1005001615393425
32986900595
32995881034
1005001541522544
32891320044
1005001966589116
4000684508499
32461305379
32913391139
1005001926563198
4000843293456
1005002274681574
32271346892
4001220431444
1005001460100163
4000134776199
1005001813344468
1005002279125392
4000222685216
32930153878
1005001798010111
33029367900
33051714264
4001259767114
4001089892288
1005002389340965
32872309481
32857786313
1005002327154880
1005002363032766
32905453292
1005001663007501
4000220536023
1005001724000625
1005002395139685
33021966942
1005002313919835
4000750953969
1005002120195197
1005001946791595
1005002376732025
1005002369202908
32819028508
32958071076
1005002405836924
1005002491453620
32986357591
32884719826
32996626891
4001200460571
4001290131273
4000048188953
32891801093
4000623898538
1005001309798241
4001039445332
4001098348706
32937631037
4000995542247
4000465139636
32934211831
1005002080778234
32821936798
1005002014686410
33053772395
1005001609521214
1005002238163166
32751043634
1005002480082556
1005002372489741
32413133225
1005002362630427
1005002210482454
1005001816922853
1005001439101943
32660912583
32882360645
4000687122418
32954454864
1307460036
1005002261393857
1005002313963435
1005002467952568
1005001922120498
4000309201377
1005002055119938
1005002323066744
1005001525478228
32867019879
1005001394756170
4000817807272
4000538545213
4001206334154
4001220994092
4001298997669
4000780158828
33009964460