32818011624
1005001999567128
32790589608
1005001688043992
4001030482206
4000833877564
32794049945
32931609340
32742056443
4000864302105
4000510953643
4000991020729
32912652353
1005001488452907
32985671913
4001335010959
4000315066647
1005001930754804
4001006047448
1005002390138445
1005002295268736
4001144893254
1005002219251559
1005002254437067
32837895251
1005001290839908
32342758446
1005001521411432
32954704224
32955569855
33009446253
32933885692
4001333437506
4000478629303
32617937166
1005002384837284
1005001799014905
1005002348778844
32459785519
4000048187751
1005001510784630
32667828793
1005002481666834
4000910284861
4000627795092
4001080104994
1005002073682829
4000429923017
4000340555595
32833887027
32965863253
1005001525417454
32831898020
32810144508
1005002315123132
1005002315644110
1005001418417012
33047423444
1005002297744834
1005002111349270
4001309448872
4001186593551
1005001792002917
1005002462604191
32953772958
4000943910862
32957439902
1005001567324485
32791595884
32991441555
1005001935475745
4001288817044
4000181286066
4000701558388
33006611798
4000217834610
1005001983001073
1005002453920535
4001041108175
32910421553
4001234126878
32838816953
1005002257790517
1005002324951935
32942459101
32828086885
1005002369280144
4001171508846
32980178318
4001243802026
1005001980127491
1005002334219558
32812900418
32907294359
4000155917115
32883323074
32958265019
4001265628691
32717106352
1005002301140032
1005002382690895
1005002408310898
33013248017
1005001405964124
32951392812
1005002314751873
1005001316855386
1005002350275093
1005002045816662
1005002165783767
1005001989245741
4000373634433
4000117947095
32957835654
4001087573753
1005001817322767
32914156976
1005001906695933
32877280376
1005002330752521
4000595218507
32897852072
1005002239367191
1005002337851880
1005002459891897
4000903401385
1005002278846164
4000907195557
1005002388906394
4000277735374
1005001991926649
1005001830420233
4001223743560
4000617396801
32987344277
1005001428860105
4000783080948
1005002295629099
1005001934838560
4000916281858
4001314152836
1005001993446545
1005001686243166
1005001483731742
4000037247847
1005002453692790
1005002317629544
32236483077
4000463033370
1005002254158350
1005002364951491
4001017044958
4000468693249
32856478819
1005002364077901
1005002462223608
4000159474562
1005001578838991
32987948371
1005002449052148
1005002246887432
1397317879
1005001462458907
1005002125742338
1005002319105574
33059549829
32596919601
1005002460285696
1005002224396657
32858887269
2037532451
4000744392589
32899849581
4000227332722
32824874441
32960387169
1005002494878378
32672812860
4000068193187
33026794849
1005001874806038
1005002440103535
4000666140126
32888705256
1005001403778730
1005002313617004
1005002496132733
4000314566615
32848126715
4000829518366
1005001915144938
1005002442496293
1005001753992653
33024129911
1005002347398455
1005002314345049
1005002390870420
10000220989358
1005002340782814
1005002340944775
4000511086874
1005002264641789
32952171810
665197700
1005002424636567
33059647942
4000844950969
1005002369850715
4000346028751
1005002467105858
1005002306319233
32968667149
32964583866
1005001737242001
1005002010595364
1005001653131513
4000101501555
1005002220838503
32905169307
4001142247432
1005001718541875
4000711566636
1005001411549902
4000891773651
32653734691
1005002282777373
33000686295
1005001697739670
33026838654
1005001703598639
1005001468142720
1005001282539929
1005002307760380
32977379968
33039318155
1005002268819805
32966964977
1005002291985462
32795657781
1005001820671969
1005001706362612
1005002165471899
1005001613028824
1005002387667693
1005001543684392
1005001952940576
4000227522242
4001174054709
32821624331
1005001551570672
4000202968743
4000939526223
1005002327830888
4000716953311
32772195450
1005002316112193
4000469683403
1005002049896335
4000904485894
1005002292285917
33002893586
32896401136
4000773612661
1005001296944920
1005001329748751
32888979237
32940724278
1005002284582346
32854479652
4000988282299
4000701261718
1005001484517967
2002192689
1005002418607684
32887742413
33060338740
4001056784161
4000837324561
4000218547780
4001151398505
1005001321315094
4000919964985
32452945844
1005002382199695
32839163251
1005001580322917
10000056970240
1005001367032007
4000056585960
4000668373516
4000561858045
1005002374628394
1005002322773818
4001102849583
32967341703
4000142542424
1005001493579818
33041341482
1005001844609215
1005002114176978
1005001812594951
1005001577628416
1005002454313865
32825185495
1005002265114770
1005001333232731
32849869131
1005001860635070
4000270556121
1005001507290782
1005001560877099
4000129373133
1005002347319450
1005001835160764
1005002436412347
1005002051401606
4001156469238
1005001355553485
1005002235696570
4000885409719
1005002052260071
4001227730649
4000503806465
1005001457870156
4000429773165
4000850492999
4000278647365
1005002165023498
1005001303837748
1005002232363931
1005002157598649
1005002356781567
1005002310941671
1005002362792067
1005002353100394
33016771025
4000154546881
1005002169080413
32969216176
1005002030167784
33007813026
4001340459396
1005001627879339
32856225347
4001212835629
4001167680802
4000790755411
4001014767057
1005002375427915
4001176723348
4000758169229
32251930658
4000340656665
4000706656480
1005002413897754
4000480366353
1005002100109407
1005001656792981
1005002488570196
1005001937822683
1005002245643686
1005002284465885
1005001369509036
32849715922
32909539501
1005002473198730
1005001386693620
1005001611243769
1005001444744490
32965612106
1005002432172719
4001165873657
1005002423774450
1005001995124986
1005001395023294
32922563409
4001060518111
1005001475823619
1005002465562481
1005001615444270
1005001653462678
32986805368
1005002365779404
1005001417165975
4000532247149
1005002247272161
4000876113967
32989839777
1005002252870746
4000466033522
1005001883654794
33038811366
4000777143396
1005002351013949
1005001396946191
1005001700991745
1005002144217694
4001115345600
1005001557369273
1005002276497791
1005001439082646
1005002459013236
4001282964701
1005002439125267
4001194950663
4001118133239
4001230401450
1005002443439146
1005001702686633
4000917736941
1005002288520943
32696130677
1005002065725654
4000500114763
1005001560665348
1005002317520390
4001179396527
4000275397906
1005001965049803
1005002054284637
32825980104
33036417842
1005001966589353
4001013189119
4001186359445
4000498648297
1005002012004232
4001253679145
1005002448552290
4000768987161
1005002260661931
32572075865
1005002264963699
1005002351389447
33018745761
33010793618
1005002247574156
1005002192407161
1005001399196749
33003868731
32814781631
4000245034953
1005001324458538
1005002399348138
1005001592602196
32838381990
755591999
4000516878145
32353087857
1005002263800519
1005002273596134
1005001565467838
33029634525
1005002279043019
4001290689765
1005002002769684
1005002027744198
4000191670901
33024534500
32949326464
33015864774
1005001966668624
4001192751843
1005001889540585
32301516594
1005002294810412
1005002317416084
1005002301363209
32852753933
32870119186
1005002268972315
32757420123
1005002286764211
1005001444508819
32993177026
33015238149
1005001886262558
1005002279145258
1005002347037628
1005001381868371
1005001321387793
32960121554
1005002107184905
1005002467741544
1005002446817516
4001155226271
1005002085227439
32968374198
4001018790710
1005001341306287
1005002475534957
1005002413332149
1005001709259081
1005002283263555
1000007993245
1005001732037711
1005002322059936
1005002215831426
1005002433910133
4000546656829
1005001933269517
4001080832077
1005002222397382
1005002296973982
1005002234704743
1000007013912
32842089972
1005002240474026
1005001820656907
32861822348
1005002100854475
32813547492
1005001855104068
4001275058592
4001054819507
4000779038136
32987764631
1005002386522966
4000603246604
1005002426152940
4000567918383
1005001361437280
1005001348069402
1005001942755181
1005002049958392
32817894451
1005002496238931
32992592164
10000197550721
1005002346349632
1005001800939141
1005002267330786
4001045178825
1005001963437260
4001149432682
4000790994018
1005002443731306
4001349377313
10000382216974
33000067361
4001041069521
1005002323659018
32479784710
1005002206565042
32918904711
32791249626
1005002013049759
4000429615209
1005002290033736
4000897346119
32921157594
1005001786450028
4001163556894
4001080350269
1005002281130410
1005002319199165
1005001731657168
1005001914263376
1005001513113838
4001183887807
33043247649
1005002459937435
4000039288698
1005001907357855
33018909643
4000907428662
1005001605032004
4001066597309
1005002244816306
1005001611771043
1005002179936357
4000350053911
1005002314255894
1005001309447398
1005002350685572
1005001868307326
32906813021
4000808620005
1005002394103244
1005001640768453
1005001368509058
32903096962
1005002488278126
33045351065
4001035946354
1005002319075752
1005002196812322
1005002342731392
1005002401798838
1005002346810395
1005002352129046
32824540424
4000833822111
33055069906
1005001836107836
4000980555288
1005002204252368
32970586850
4000791416765
4000516917206
1005002426738495
32916394004
32953885983
1005002320332076
33045610231
32848193585
32609180786
1005002381613760
1005002261511733
32855566021
1005001571573081
2046704798
1005002356829604
1005001720830584
1005001862605331
33002867682
1005002287002610
1005002480172246
1005001271550504
32667936310
32837021979
32384768022
1005002008012286
1005002208211487
4001153844286
32796102791
1005002248401904
4000542353177
1005002467486298
4000906079198
1005002167585468
1005001610488528
32876228729
1005001737928171
4000303307015
32820310466
4001006717557
1005002454402044
4000473129522
1005002325436914
1005002268630196
1005002242301562
4000159897754
1005002348386839
1005001844812932
1005001586705313
4001122710581
4000272634150
1005002266837377
4001023010699
1005002328248378
32477388689
4000989772976
1005002247737822
1005001469448584
1005002288820532
1005002317400811
4000504142225
33011547961
1005001995044155
32898333169
32515670646
32971284990
1005001641417361
1005002344053776
1005001547507746
4001170658090
1005002198348802
32991675007
1005002161533509
32981063128
1005002323649127
1005002419826854
1005001332805132
32919490153
4000587502591
4001156241089
1005002278982994
1005002262256246
32783390485
32824524272
33026672865
1005001841308864
32657444285
1005001708452113
1005002476394582
1005001426318920
4001192602919
1005002416720157
1005001374112106
33046108673
4001301951257
1005002024100053
1005002372710855
4001130888670
1005001622298090
1005002474193305
32854194758
1005002332903895
1005002388286952
4000957796946
32958573878
32702824357
1005002460015141
4000846484335
33045049197
4000055471700
32863026254
4001192976623
32873211218
1005001391288894
32848433681
1005001960410115
1005002333379212
1005002351559721
4001261557368
32970848211
4000245373748
32251359207
1005001935849809
32813769929
32982341538
1005001715502660
1005002058553922
1005002107661117
1005001567613056
1005001573254695
1000007915486
1005002305441932
4000905676647
1005002090408930
32940568569
1005001272809946
1005001867285554
4001165200393
32966784579
4000042147556
1005002122483526
1005002247549371
32766236562
4000741965969
1005002323375593
1005001841708664
10000060648491
32971775819
1005002443649880
32836510784
4001287720662
1005002161900634
32810042236
32912377033
1005001515290963
1005002245519532
4001333822617
1005002319177340
1005002322038764
32949385840
4000199106312
1005002355951820
33003332207
1005002246860276
1005002243240102
32869173285
1005001928434805
4001276934182
4000956242618
4000993970368
32848868359
33043918287
1005002293712196
1005001721051009
1005002081543571
1005002483929298
4001150534303
1005002382299049
1005002333729257
1005002356044864
1005002304407143
1005002273385274
1005001630942383
1005002453296693
32919485372
4000253407443
4000883292794
32800354105
1005002240284768
32366575807
1005001671363264
32747051753
1005002421635113
4001264527167
1005002024243224
1005001780089244
1005002228631164
1005002311862641
1005002273804130
1005001417223268
32528533608
1005001495830165
33004070525
4000576888272
1005001537532827
32793095924
4000269811955
1005002099554327
4000023152883
1005002418431403
32599400745
4000776543046
4001324050720
1005001334126821
33022677733
4000670967269
1005002093124571
4000010792104
33054459765
4000958826401
32855031805
33027441679
1005002116515312
1005001841609669
1005001891476900
4000959800135
33060009012
1005001921768433
32966728771
1005001482542477
1005002332465133
33014585956
4000021988085
4000148370844
33035253441
1005002412088690
1005001454208036
1005002416834706
4000253233552
4001002903335
33014179680
32845632136
1005002177048041
1005002458988733
32886372941
1005002286690810
1005002321061215
1005001594924153
1005002222863153
1005001817972354
4000535387762
1005002254958133
1005002293102562
32761225310
1005001446150386
1005001373768725
1005002094064649
4000611422138
32917895385
10000395832536
4000894173686
32780700386
1005002228326581
1005002280819515
4001137967406
1005001914767830
4001051075758
1005002265695539
4000792762292
1005001287737921
1005001621287205
32874772957
32889848181
1005001971448175
1005002103421419
4001173748959
1005002004053247
1005002428001943
32971794262
4001127702839
1005002042290289
1005002412266223
1005001528774224
4000475063910
33056310152
1005002389037934
4001057141452
1005002277179540
1005001391499754
33018029283
1005001567322500
32801481181
1005002418634119
1005002276888207
1005001506678494
1005002258992655
1005002040401903
1005001897372217
4001178264522
4001293591177
4000051195400
4000923943332
1005001950176296
1005002495418910
1005002494823619
32834282130
1005002080634540
4000516414536
4001276113828
1005002263857454
32963899629
1005001613151385
33053229671
32987008393
1005001570572502
1005001916119398
1005001298887086
1005001368745773
1005002489067574
4001104088975
33046892048
1005002259110854
477101566
1005001437039740
1005001960281057
1005002196577337
4001199306838
1005002312118775
4000140409584
4000873842594
4000523657045
4000990988173
1005001982608055
1005002211899372
4001133827982
1005002016537899
32896349461
4000832152460
4000859824634
1005001638931965
4000825174708
2048712162
32814517943
33043912995
33056610130
4000115969928
1005002330470084
32982258630
1005001334268071
32869579222
1005001422911244
4000853714171
32983495834
32962203963
32880720961
1005002302205663
4000235665215
4001041179716
32839873384
4000108655209
1005001623783972
1005001596124855
4000341353269
32973653161
1005001648490085
32911028339
32852155842
1005002271238188
33044158473
1005001555556689
1005002281999679
32897146503
4001301827992
4001115364291
4000127328190
1005001291095981
1005001810915548
32911710869
1005002353379574
1005002480913862
32355621894
32367101392
1005002241200623
1005002362235242
32973225204
1005001273002468
4000179610928
4000752179243
33006651064
32902746336
4000491501662
1005001371150442
32884661599
33046507867
1005002317282877
1005002301102637
1005001423841969
4001243816135
10000395940459
1005001446457030
4001003210128
1005001906043624
1005002316021449