4000109839729
32916439368
4000130271667
1005002332434080
33029852523
1005002283882039
10000039871508
1005002223761904
1005002210956001
1005002423650374
1005002418062466
32952776144
4001009023125
4000005788906
1005001704277254
4000055482126
4000338305857
1005001946280522
1005001688971149
1005001494563401
4001029249772
1005002180268851
32360347749
1005001440728207
32887126993
1005001506343825
32959979700
4000956123896
1005001460916417
33006982569
1005002484224608
1005002212167049
32871295112
1005002133123901
1005001820949622
1005001798260690
32824625380
1005002116975528
1005001874706826
32961006516
1005002443372432
32644386698
1005001354232800
4000309900628
32818286397
4001327128280
4001361244360
1005002481087342
1005001896547600
32544525272
1005002458896140
4000926172458
1005002181518858
4001359573488
33004591802
1005002074731092
1005002308745966
32376986344
1005001498732365
1005002485172411
1005001888890387
1005002023222959
4001300629420
1005002489922291
1005002363126917
32884682116
1005001393117141
33049109277
32964416338
1005002381065506
1005002375611124
4001360636459
32744370119
1005002346378133
4000668318550
32680402082
1005002400558356
1005002399390478
4001296382844
33022495118
32952087580
10000364863271
4000796318249
32895050602
1005001442639490
32875058920
1005002211968413
32426914824
32882979885
1005001627355520
4000203872430
1005002435403011
32617788360
4001249780473
1005001769715524
1005001878652057
32968393930
10000164707399
1005002242638669
32848142478
32838525897
1005001579110395
1005002242283801
1005001495436027
1005002453790186
1005001588193701
4000077927501
4000008806626
4001112542718
33042628361
32587793944
1005002247920224
32694740944
32410595539
1005002361622323
4000222864401
32688880623
1005002054597852
32818553020
1005001913698790
1005001439134258
1005001608674533
1005002305555820
32990411252
1005002363495984
4000623605504
1005002327937837
1005001365827436
32982989757
1005002334323392
1005002319153590
32820548854
4000225848607
1005002327697170
33009753161
1005002369414700
32827957970
4001241935566
4000113994961
1005002337391085
32790062882
32865443038
4001338701424
1005001903361235
4001079639058
32968634502
1005001681848127
1005002228633236
32663029516
1005002482745578
1005002076904815
32845776444
4001142631017
1005001683006616
1005002271102464
32691377338
10000400026451
1005001844553368
1005002310353582
4001091930946
4001237806611
1005002049983838
1005002359716838
32860766477
4000802135399
33039909323
1005001725993236
1005001611239910
4000307359672
1005002451125738
32841905476
1005002264142021
32956985986
32951270190
1005002398613837
1005002378733413
4000588918036
4000449024509
1005001694655202
1005002457667865
1005002011991349
4000941143222
1005002023924065
1005002114188682
4000406645166
1005002333870358
33049661465
1005001515982042
32570203625
32999368918
1005002268499103
4000159057010
1005002378690715
1005001453079979
1005001376444356
1005002198322883
4001194253536
32999460696
1005001864667545
1005001686392978
1005002443093860
1005001656990085
1005001706316454
1005001940581111
1005002311624600
1005002306361266
1005002213204257
4000997014927
32886184787
32881788926
32809302456
1005002447624857
4001192227772
1005002435979742
1005002338641187
1005002107447051
4001187095192
1005002288975866
1005002375401801
1005001298297502
1005002431980390
32964234046
1902167332
32840447761
1005001626907060
32982824600
1005002420223384
1005001895970377
32315074089
32923793445
4001171344325
1005001794269654
33032579202
32959052161
1005002253009670
4000941026103
1005002328989706
4000012501681
4001228554648
4000238773260
33032434714
4001104061225
4001316893812
1005002061952535
1005002465149602
1005002306014530
1005002416041743
4000319267895
1005001596708951
1005002210460687
1005001623502734
1005002351798697
1005001599995829
1005002081736967
4001035906819
1005002387086453
32648636150
1005002032430197
32948412513
1005001288089667
1005002167564659
1005002344999219
4001334400778
4001156114413
32982228104
1005002339839230
4001278852816
33057717112
1005002308869236
4000661069331
32820502981
33043265504
1005002314377895
4000933680476
702471864
32960978562
32850121824
4001204432311
1005002324116704
1005002280345870
4000916273830
4001234401126
1005001599514256
32303503289
1005002223974792
1005002265095530
32993569776
4000834509412
32832865764
32923836729
1005002395176065
1005001628045699
1005002311299165
4001218141367
4001230605188
1005002258676609
4001066377524
1005002370330755
4001150310465
1005001826369599
1005002328902426
4001272494309
1005001510097020
1005001481971958
4001162846544
32296489350
4000929979627
10000032383931
4000546624171
33056215380
33027682590
1005001692497302
1005001988936195
1005001865242636
1005001695845766
4000614522451
1005002353616064
1005001273537198
32670330448
32891818919
33012305803
4001046913536
1005002364790560
2031755985
1005002418304034
1005001921381705
4000171222455
33058765297
33014547463
1005001564662087
33047110966
1005002314345107
33008452627
1005001300142857
1005002352590844
33030877987
4001183535374
1005002370634705
4000944996573
1005001621993630
32998641183
1005002213569600
1005001997875685
10000420261556
1005001870049431
1005001722229421
1005001693145893
1005001756653764
4000336963517
1005001586842582
1005002409245672
1005002332490721
1005002433755569
32854994148
1005002281899537
1005002484920597
1005001423940933
1005002206180739
1005002358551962
1005002466712042
32858156209
32897252416
1005001465388139
4000414088310
32842755090
1005002054296257
32797704283
1005002090335160
4000691552927
4001170542409
32755706261
32803760143
1005001954969293
1005002314356295
32832606448
32954058093
1005001650333918
1005002363095239
4000874883113
1005002167869540
1005002341465511
10000009822432
1005002373781767
33025001205
32496146227
32979641223
32872151852
1005002323255261
1005001332284383
1005001592606835
1005002359703343
1005001935336006
33039874011
4001346451692
1005001843540151
1005002086452226
4000768939255
32965999619
4000305461847
4000512963837
4000181579891
32875381771
32951451496
1005001896054381
32851162652
1005002022693233
33047727726
32465663771
32466383048
32618467922
1005001303363335
1005002305692159
32965236404
1005001350423891
1005001968569098
1005001839859709
1005001680569593
1005002390112594
1005001727348898
4000222104717
1005001493559546
1005002367910546
1005002307095591
1005001270816452
1005002414819524
1005001507646888
1005002021802594
32853267750
1005001506757372
4000779238535
32970472059
1005002467025628
1005002346628005
32962729089
1005001874465264
1005002407733766
32845376207
4000657030793
1005001962032436
1005002377522499
1005002334104841
1005002362315659
4001103300846
32911728969
1005001996898824
32895624316
1005002322407554
4000903687297
1005002346922459
32681051049
1005002244870681
1005002387693193
1005002356968238
1005001420515179
1005001907297244
4001259552274
1005002469112087
32882406057
1005002288373018
1005001840697439
1005002192389650
4000926929889
1005001550688822
4000364705645
32961949909
33016525798
4000661079333
33046294631
1005002326988502
1005001648409408
32954242953
1005002325071885
1005001599323319
1005001955084322
4001060701591
4001153543850
1005001688625556
1005002346170785
1005001536928284
32860443713
4000991650416
1005001598405445
32329760138
1005001726358842
1005002468214589
33049820352
1005001385535357
1005002418954666
1005002441896247
1005002416059898
32950705036
32884961207
32959712935
1005001364623727
4000934493323
1005002012461573
1005001591945832
33027529189
1005002321894244
1005002304408636
1005001398655101
1005001329261466
1005002372330396
1005002074322448
33046576548
4000306338920
1005002305077833
4000709817914
1005001553147566
1005002353536690
1005001895020005
32971076118
1005001300599829
1005002323827118
4000611693064
1005002362928100
32846853914
1005002302505838
32996457062
32897218706
1005002458944092
1005002034228995
1005002000300470
4001120242796
4000226882936
32995317920
32652376974
1005001876415729
32916974719
1005002212849283
1005001574762406
4001014896649
1005001717972157
32797814635
32434186170
4000849796111
1005001425805289
1005001519636619
1005002248472106
32965082508
10000415540854
1005001502883460
33003070036
4000544833917
32952412683
4000543744414
4000360785364
4001297371069
32842971614
32899415720
1005001830523704
1005002275621674
4000927775162
1005002316924894
33004449471
1005002403793948
1005002306579706
1005002500653083
1005001810459664
4001006597064
4000471010009
1005002314369708
1005002353253664
1005002493988200
4000498130146
32857749585
32463532629
1005002244466635
33000343907
1005002166279738
1005002406315456
1005001926044696
1005001405743302
4000380575256
1005002004270118
10000351158252
32959077950
4000833375169
1005002363310143
1005002430759622
1005002318052156
1005001861272331
1005002496129674
33029480374
32554828280
1005001813896488
1005002335860967
1005002423979879
1005001313549410
4000021816407
32916839686
32808825299
4000177777597
1005001435753311
33013110347
4001272431660
1005002050078637
4000960938444
32738488976
32793879978
4000986618679
32845616493
1005002458988082
1005001286295285
1005002341876477
1005001304634405
32861612483
1005002436407058
1005002260181674
10000002728915
1005001652089525
32990524584
1005002203377766
1005001695766326
1005002180579483
33048371405
4000163906330
4001226136186
1005002394744955
1005002460409092
32493931192
1005002239491491
33059446046
32559467302
1005002389086104
32699429732
32352661182
4001006743806
1005002389183932
4000073869907
4001037884551
4001043558479
1005001657035109
4000165534270
4001047176556
1005002396232248
4001040879402
1005002382490561
4000611390626
10000134766157
1005001787366254
1005002049708205
1005001659085802
4000333101431
32893787320
1005002333612494
1005002314352739
10000214571949
4000772401654
33058562528
33006999033
1005002294965554
4000571490555
1005002401389971
1005002179883189
33017878496
1005002205123920
1005002248178252
4001280550457
1005002275531094
4000142029261
1005002314384725
1005002401714573
4000216616158
1005001769982009
1005002367863327
32916176159
1005002092477322
1005001589938188
1005001831946655
1005002376751583
1005001813189339
32906834289
32932336244
4001050407100
32949178657
4000453891262
1005002394836217
4001095789645
1005002381156557
1005001717295691
32971346751
33009605390
1005001431006329
4000059011964
1005002358988849
4000586382718
1005001742369771
1005001915076810
10000102447670
1005002336555776
1005002089340529
1005001638573178
4001137384971
1005002221920686
4001103251357
32925119004
32961607263
4001331555439
32828461264
1005001729488066
4000193916306
1005002228967000
1005002448120324
1005002323506884
32805032225
1005001286823243
4000118036775
1005002279536842
1005001998799062
1005001483981004
32636624763
4001084017150
1005002037860552
1005001332728966
1005001519804922
32761393976
4000071534193
4000320428676
4001349504696
32750436095
1005001708407583
4001224005711
32960340926
32696049399
1005002198869156
1005002333837588
32960478475
1005001843271684
32977629572
33052512921
4000683342853
4001128466130
1005002388724882
1005001564807633
4000434606328
1005002051969725
32971425134
32858055798
4001290380939
33002537868
4000106455986
1005002467146672
4001295796876
1005001308250130
33005409250
1005002378500801
4001262197121
4000759309929
4001151408416
32696061087
1005001468187189
1005001866375436
33054299385
33027499818
4000969254271
32961915598
1005002272307402
4000042617248
1005002467076333
1005002098799314
1005001452935681
1005001895669105
1005002037505077
1005002356879525
1005002245332628
4001273011734
1005001929110766
1005001878890692
32637954717
1005002208771754
33041364764
1005002378980412
4001198106220
1005002012445091
1005002458973954
1005001353831922
1005002291713069
32946340292
1005002224465689
4001190135635
32919296176
1005001732169998
1005002337396191
1005001633872024
496213292
33019239382
32715483381
1669220690
1005001344700216
1005002000238424
4000428859976
32883108842
4001159708686
1005002314318671
1005002113496924
33005469270
4000829406856
4001112564983
4001279036486
1005002136508325
4001222572606
4001176854219
1005002191972128
1005002238298239
4000336538653
1005002224660110
4001222938649
1005002240977100
32958751844
1005001359427472
1005001793357620
1005002401934451
1005002288207797
32691527759
1005002297175863
1005002351718222
1005002296464668
1005002310383058
32731294543
1005002408664213
4000496872196
1005002165839740
1005002483207564
4000865212096
1005002329031294
1005002073985274
32820063567
1005001445921543
4000341953578
32958111082
4000544655690
4000814774601
33038189051
32898205627
4000907136104
1005001602598281
32215644697
1005002413232089
32917420320
1005001487299246
33045495011
32677323783
32992849273
1005001735044755
1005001479925616
32999625406
4001204739297
32829865922
4001339348788
1005002319062691
930725602
1005002384501996
32757450946
1005002260192630
4001139152064
1005002298408490
32949279406
33041623924
32946574415
1005002071505934
1005002467272265
4000626852361
1005002268031057
10000302524399
33033174504
4001056553184
32846694269
33034326680
1005002318885962
1005002344794214
1005001952563187
1005001678765539
1005002122564273
1005001420139961
4001015422858
1005002258854077
33001614130
1005001788800377
1005002244482680
1005001520360423
1005001817278783
1005002372244750
1005002261286283
32894776742
32824686655
33040356967
32961328179
32886962367
33037368956
10000424264407
1005002122313620
1005001517090909
32565404852
1005001295866946
32753660931
32937172089
1005001632467164
1005001774894923
4000825569834
32892598183
32926290308
4001119468620
1005002377426068
33014496613
1005001413847360
4000084710649
4001049677393
1005001475808448
1005002428216022
32954115294
1005002454261624
32960389942
1005002312949944
32738322440
4000777368004
33015968149
1005001603650724
1005001677020183
1005001929016451
32466370919
1005002213632402
1005001873019081
1005001803705608
4000691571138
1005001872973462
1005002319257918
4001270261699
1005001851707975
1005001464698826
4001125060664
1005001687732838
1000006253993
1005002103296936
1005002477336864
4000418564959
4000777657165
4001283732281
4001122311718
1005002375075808
1005001605427163
1005002328005123
1005002282294125
32957287920
1005001405396086
32851354250
1005002487335773
33057092139
4001249776243
4001231769514
1005002400999428
1005001861012309
1005002351117612
1005001623706541
4001299381470
1005002033104415
4001271855833
1005002435759659
32679036594
4000658129254
4000409110628
4000306546216
4000429570169
32959944819
33024322227
1005002090164766
1005001365390872
1005002026981255
4001027094846
32849657242
4000806023994
4000259926321
1005002378691024
32797291515
1005001488841230
1005001483197624
1005001670823595
33000676510
33053088839
1005002024325003
4000176136553
32844570601
4000533569952
1005002226287623
1005001464269140
4000563820289
1005002428157069
1005001469558473
1005001872878698
1005002207461897
1005002483175869
1005001329780980
32951406487
33031058475
1005001968201618
32748168826
4000535159202
4000812405254
4001199388695
33025810204