1005001640766089
1005001285105848
1817849184
1005001627660737
32787601485
4001347658746
4001014148683
1005001786184876
32860359914
1335529595
1005001348442270
32981714023
4000009858615
1005002323511526
4000071365274
1005002265123935
1005001525534106
1005001397624583
1005002328610510
1005001612505963
4000771335557
4000142223864
1005002258958916
1005002356493085
32856186030
1005002490346926
32932440170
1005002337311666
32824229617
1005001491346225
1005002454873618
1005002289148091
4000986643764
1005001853934589
4001086417014
1005001666552424
32613245307
4000624706600
4001082753146
32958609086
1005001958522072
1005002162778088
1005002055212233
4000510913368
1005002210721259
1005001343061245
32771501737
4000247315681
1005001518824654
32789666105
4000276579369
32962631237
4000883290927
4001118203455
32933394098
32844058254
32848462210
1005002177361986
4000085496719
10000395821739
1005002483037796
32998983329
1005001606135899
32820622299
32777894723
4001276527799
4000057575363
1005002368420884
32949690211
1005002368039320
1005001607865551
1005002234499883
4000300001859
32958352565
1005001581099752
32829606367
33007122901
32810728953
1005002284678496
1005002318370551
1005001544622343
1005002265266079
4000218845607
1005002258515057
4000561950004
4000916246883
32859358875
1005001985981560
4000434275399
32714552642
32808262963
32824636105
1274933517
32972429602
1005001817352261
32878893310
1005002281101960
32951976108
1005002398209337
1005002271083219
32930440084
1005002425442839
33044131998
32921554873
33004211752
1005001770199679
1005002010927327
1005001861726733
32919194288
4000041265808
1005002308869354
32836428721
4000208163904
1005001925528723
1005001698781553
4001290698127
1005002351237139
1005002400146212
4000921297006
4001201772236
1005001441456555
1005001641115284
4001238588691
32630453665
1005002481279767
32795509267
1005002348417822
4000742898838
1005002364547133
32400553283
1005002312074220
4001080881831
4000918143679
1005002482285676
4000123412165
32888107072
1005002288893739
4000018927015
32984710590
1005001357658873
1005002315660701
1005001873895475
4001346485143
4000938247947
1005001392988291
4000182049947
4000530781699
33051963453
1005001835504186
1005002356993348
1005002406605938
4000297159786
10000395874437
1005001534834099
4000356088693
1005002432995466
32962353797
1005002006594761
4000642839568
4001194611289
1005002292294570
1005002377708636
1005001877682033
1005002461547861
4001061649323
32843556659
1005001882509978
1005002476994340
32978267626
1005002444360455
32970854344
32899911583
1005001878360551
10000040606249
32961767150
4001224033958
1005002128632958
1005002206636445
1005001853552213
4000410476958
1005002351188460
32630913108
4000939709007
32834374235
4001108584959
4000237298464
4001104132816
32993832798
32633023585
4001209734220
1005002340350620
4001157120943
4000187094495
1005002314366483
1005002465892208
4000086181868
32854881911
1005001609127352
1005001780293620
32838334815
32911717220
32814992757
1005001415045522
1005001812831319
1005002377611755
4000857243770
32416101691
1005001835119272
1005001669623913
4000406488963
33030821093
32798335832
4000902645550
1005001474346296
32991078306
1005002314684592
33061407236
1005002115175516
1005001615708664
4001211163400
33042965366
1005002412342304
1005002347401387
1005001893425152
4000942009423
1005002322658357
1005001350178045
1005002352443428
1005001613110486
4000095442390
32853520869
4001333153341
4001031725090
32743419475
4000516803089
33024272039
1005002207056924
1005002278543708
4001065037502
1005001998189055
4000943536646
1005001806382046
4001349426877
32867323571
1005001999759956
1005001914620984
4000657166727
1005002305916679
1005001742651904
1005001458420368
4000509298574
1005002400115056
4001060716627
32969705121
1005002425800456
1005002309783620
32897561625
1005002334700175
1005001934813165
1005001750098644
1005002304253420
4000112536802
1005001655418873
1005002340553246
1005002361945774
1005001545198540
32868138102
1005002484299177
1005001861297315
1005002367495444
32955665229
4000326746779
32864798503
663655986
1005001568118479
1005001683767715
32887375314
1005001357625606
32788633879
1005002273260277
32856814701
1005001453136954
4001136491240
4000643082665
32812156714
4000095917202
4001261424468
1005002346817154
1005001285124746
32958853191
32827585310
1005002356773462
4001258070513
32831666501
1005002180906440
1005001710250225
1005001835255900
4000115910651
32870775592
4000967315638
1005001515375956
4000922814462
1005002427144907
1005002337920209
32609293184
4000224919783
1005001680573541
4000745234776
1005001321819644
1005002301718826
1005001521356729
32716999827
1005002273041723
1005002418805233
4000837660502
4000084675931
4000879146746
32979565265
33056992373
32851494371
1005002369943427
4000246451618
32650094780
1005001962659299
32642339089
32883746933
32922090159
1005002452884728
1005001469344909
4000267745757
32854198711
1005002345700944
1005001554792364
1005002157540655
1005001664704867
4000993986745
1005001655818022
1005002412519379
32993709315
32944884785
4001271901391
1005002355593294
1005001893289282
1005001698314656
1005001804376471
32977811023
1005001774080878
33031489517
4001051003017
4001230377399
1005001571433582
32786806323
1005002327297419
1005001580147063
32302243838
1005002373577744
1005001521395499
4000874473153
4000607628681
1005001629057495
4000780677938
4000574768786
1005002364651157
1005002341137522
1005002315634098
33043286357
1005001338762268
4000796646005
1005002319541918
1005002496722706
32858087882
4000592632765
1005001738659826
4001239250086
4000599046647
33049196752
33004511711
1005002346096234
33018691966
33054434515
1005001302392953
33059020375
4001037831133
32754988850
33012789312
4000938750355
1005002442377006
4000790003422
32858536612
33035751288
32919122277
1005001493110323
1005001845584916
1005002320896327
4000791388718
4000414502542
1005001603725515
4000073758425
1005001602417071
1005001426699787
1005001639674841
1005002281924340
4000210288479
1005002364806844
1005001966687604
4000405893733
1005002077902046
1005001494925949
4000956023580
4000987173555
1005001776872368
4000007660803
1005002326526088
32631702934
4000199016100
1005002282376866
1005002352717448
32981334666
32822679910
1005002329443799
4001298362922
32851927814
4000944622954
4001063355600
4000470429454
1005002416510100
1005001314747680
32856750769
32958550025
4000311318370
1005001525530143
1005002428587931
1005002424590074
1005002229243204
1005002028529145
32416557159
1005002111607151
32868599879
4001085650181
4000492814041
32914803123
4001258753185
1005001603667678
32858667199
1005001638336307
1005002287543130
33053445455
4000498770266
1005002456851356
1005001441276809
32811197782
4000151011997
4000928620448
4000167661163
1005002304825301
1005002275454729
1005002221363331
1005002389233730
1005002275699199
1005001872381593
33012137832
1005002060695256
1005002319358267
1005002279261050
1005001920775848
32391511520
4000031523892
1005002346115335
32687869074
32792695386
1005001820843487
1005002255138769
1005002295510480
33058023144
1421838253
1005002347340916
33016821574
4000972169798
32580394335
1005002317907483
33022313259
1005002418462010
1005002431653825
32967879955
4000184086567
4000850494874
4000818302459
1005001556130533
4000106301187
1005002383278469
1005001848737964
1005002175467178
1005001541005628
33025810166
1005002443472482
1005002494525666
33003650880
1005001478522696
1005002327798076
32264888462
1005002335128396
1005002071534731
32859929914
4000166661348
33054868404
1005002072443708
4000206378745
1005002264188815
33059659993
1005002066145317
1005002473276323
1005002336195530
4000449087823
1005002396802226
4000800585111
4001314530277
32988042724
4000842946960
4001110141184
32995726505
1005002363909173
1005002331131531
33061270513
1005002433374040
32955510606
1005001698785116
1005001799339694
1005002454342348
1005002270514092
32985505876
1005001305518661
33057632755
1000001794020
1005001566211260
1005001992020398
4000353220427
1005002245586932
1005002270481705
4001286447450
1005001446363482
1005001937271211
1005001864045451
1005002237807428
4000008765741
33046022810
4001141754408
32661321385
1005002334543228
33044830682
32855980002
32908344903
1005001736681677
4000955839499
4000704070290
4001165636006
1005002466984608
1005001681713490
32926116649
1005002355707975
1005002342313760
32962726332
1005001406420516
4000274055007
1005002475323855
4000489366331
1005002322795263
1005001971989128
1005001958779438
4000959287289
32993141676
1005002389614412
1005002450277873
4001057578510
32845492828
32757304361
1005002308970250
32732482167
1005001723493266
1005001360105566
1005001354153664
33014663487
1005002276961628
32879245178
32959116115
1005001883432744
32861249772
1005002361954740
4000505384300
4000083238606
1005001907890863
1005001614688157
1005001600182335
1005001593713071
1005001678340652
1005001670561849
1005001604663919
32889963656
4000886116448
32677203440
4000085684195
33037340132
4000210890810
32957201522
4000333164610
1005002377144284
1005002015487539
1005002341557345
4001208789301
1005002314332180
1005002453609001
32648719900
1005002430726341
32952286025
4000449142729
1005002319047956
33040807246
32854443885
32801068120
1005002421339607
1005002378688194
4000196527925
1005002359687481
4001280582588
1005002177772200
1005002285794128
1005002340140117
1005002323833541
4000858162067
1005001516672001
1005002454229867
1005002339985967
1005001568209897
32824755533
33032081569
1005001817063452
1005001797241899
1005002439766065
1005001476436234
32865607884
4000964248285
1005002347036341
1005001980353609
32928367541
4000181799061
1005001992423924
1005002351217077
4001005209588
4000764008611
1005001726027776
1005002350830499
4001037084394
32867018603
1005001949685405
1005002393115202
4000129356677
32881512071
1005001793076595
4000337764621
1005002252412461
1005002037597516
1005002433238743
1005002476924443
33036896973
1005002454376055
4001017867679
1005001862899658
4001154092797
902607501
1005002309837847
33032461164
1005002314444992
4000327475293
1005002249958911
4000600692814
32995071023
32822276533
1005002245728026
4000166456043
4000677607393
1005002398796541
32386061631
1005001966303578
1935078510
32856448038
1005001554039148
1005002072255509
32884729746
32958310902
1005002089398548
33007467590
32863454862
1005001489148159
4001255238023
1005002261958858
1005001351151536
4000056458648
1005001851338033
1005002372194479
32981398960
4000077479779
1005002233457189
1112831753
1005002367275645
32677183711
1005001841471451
1005002283061367
1005001829977558
1005001807308622
10000145930547
33047097621
1005001287346904
4000023645501
1005002473564930
1005002237545365
1005001507779955
4000381653752
1005002180733847
1005002495230812
32863814776
1005002212294535
1725634449
1005002357880339
1005002111976597
32813445839
32983430875
1005001333732420
32956767385
1005002287196119
1005001611576777
1005002382169499
4000194909991
32917109084
1005001966360468
4000043172192
33032405366
4001195387901
4001139727256
32989875586
32753585784
10000367664969
32914497509
4001287072683
4001038310678
4000955310000
32957684264
4001204872045
1005002328553024
32579432591
4000184029591
1005002293478871
1005002220384271
1005002018492548
1005002345616223
1005002090297688
1005001987548095
32957227426
32953596442
1005002277614351
1005002292054334
1005001732152721
4000399504036
33000767319
1005001972145647
32976120658
4000670203927
1005001580936591
1005002342890510
1005002435138142
4001228643588
32805396156
1005002310323106
4000473453579
4000625982917
1005002387993918
33011174813
32835365415
1005002489774773
1005001915975995
32984742404
1005002125286236
1005002292166463
1005001333981818
1005002292302450
1005002389295443
32818009011
1005001987603832
1005002211881735
32864690046
4001130556746
1005001713382470
4000538581065
1005002312120809
1005002286710978
10000395862906
1005002321960366
33009353361
32912299291
4001230346625
1005002334477614
1005001397126176
33021885921
1005002332258424
1005002339536903
4000069095875
32984077817
1005002233992594
32840817816
1005002205918350
1005001543389225
32399815736
1005001894517698
4001014613361
4000415566270
1005002399209313
32867496014
1005002497572063
4001268237882
1005002319286935
1005002185073602
32334540762
1005002448101257
33058539704
33032684239
4000311280876
1005001764409940
32916117103
4000295935747
1005001948802465
4000423328401
1005002344296928
32606549606
4001244724861
4000351242674
1005002215551624
4001233487903
32703727391
1005002388305685
32954771523
32850818398
32902160110
1005002097669226
4001013482345
33024262896
4001183877780
1005002424252518
32892665971
4000207312081
4001089121753
4000425117538
32918636103
1005002357704702
4001268361406
32332757318
4000085555222
1005002244471427
1005002381038319
4001037640276
4001038307510
1005002362167800
4001284665157
4000883877931
1005002157644384
1492719018
33000244035
32949672155
4001054226217
1005002285254328
32979983037
4000136246414
4000994408734
32833564693
1005002021667075
33055714931
1005001698880139
1005002231965370
1005001840808956
4000052488695
32307638146
32880008217
4000578848950
1005002244203423
4000889534618
32965527136
32933654003
1005002119767674
1005002229285006
1005001687796350
1005001725858807
4001116974019
1005001430669971
1005002341431231
1005002319497410
1005001771729332
4000303812552
32998950043
1005001288652660
1005001438777634
32926051159
1005001353985694
1005002114639426
4000533477569
1005001361086284
1005002491118683
4000294057642
32870358813
32976506754
32998034216
32711643796
1005002240419849
1005002482914845
1005002459572416
1005002107377778
1005002247215704
1005001841800049
1005002465868509
4001166466079
32947323338
4000308323670
1005001780468386
4000843218914
32969403043
1005001830821032
32860282050
1005001519044501
1005002486245747
1005001615868792
1005002488835474
1005002319140151
1005002314324981
4000508598508
1005001441414015
1005002314631121
4001030555571
1005002130103853
1005002337091927
33018383477
1005001770449919
1005001918703400
1005002411424272
32841865109
1005002460067563
4000088060902
33054057689
1005002422030899
32823407985
1005001939576061
1005002162490211
1005002340917259
4000608535035
1005001973849433
4001218206202
32736780168
32819646207
4000380528490
1005002346637639
4001061431975
1005001374044444
4000036217215
4000311821603
32919694129
4001294296175
32764194025
4000542665169
1005002418122875
33025462446
1005002312108763
32330505402
33000896306
4001124821855
1005001323005929
32884385789
1005002406086954
1005001386727899
1005001797439145
1005002284824312
1005002367794804
4000260333446
32829804494
4001250923919
4001255122760
1005001571722218
33016413677
32651154110
1005001643869412
4001131965274
4000453544708
32894330395
1005002318068334
4001150165058
33031859453
1005002213129025
32822911768
1005001586997081
1005002050486690
32851620464
4000803547270
1005002454303398
4001229096867
32859570835
4000014574081