32963299920
1005001774725246
1005002392837632
1005001678788890
4000994350555
4000073721422
4000225741130
1005002321940180
32832308347
4000511812062
1005001457583639
32753585386
32969060052
4001333587742
1005002125012465
1005002448115914
1005002026901501
1005002244642616
32872347431
1847075162
1005001966601308
1005001403192382
1005002337903353
1005002099899790
1005001307309045
32969653380
1005002231340371
1005002059932223
1005002338605325
4000828537712
1005001565853909
1005002305237023
535729549
32947805626
32668305947
4001229897411
4001111881103
1005002428510922
1005001625118789
4001214722063
32513197566
32975842020
4001175854152
33027820119
4000943951240
4000624894656
4001077558061
1005001620993112
33031867542
1005001835868030
1005001728432339
1005002293130481
32985350439
1005002477084682
4001040860733
33018592031
1005002145162448
32850871618
32784211528
1005001781628873
33052693466
1005002263741423
1005002393151951
32907889576
32986425623
4000588398469
1005002223813993
10000004029805
10000197457452
32384269375
1005001406987625
4000927411737
4000329175990
1005002316114119
4001027638098
32880310085
4000864974799
1005002466183661
32857054469
32834741969
1005001356097806
1005002494569442
1005002499572916
4000581185058
1005002317092353
4000955163861
4000317775132
1005001722794115
32950572881
4001248498759
1005001333157253
1005001376403231
1005002468372216
1005001611864725
1005001687455437
1005001604823320
4001005289878
1005002252397829
1005002315367486
1005002256822262
1005002213042147
4000708492133
32912116503
1005002381861683
1005002311329583
1005001784639376
33008761954
1005001819197815
1005002307817754
1005001476182157
4001204201471
32840307618
32906576094
1005002318149823
1005002419036167
1005002056253140
4000802081532
32878701119
1005002353425326
32967307230
1005002322555625
1005002345207901
4000193774386
1005002167442090
32852369325
32956365211
1005002317127945
1005002404442056
1005002317776273
1005001688619607
4000387018636
1005002337425086
32883647850
1005002336156555
4000905899507
32866251789
1005002279658466
1005002226110510
1005002218820086
1005002259860581
1005001557096345
1005002113182509
32706409542
4000145162238
1005001418280348
1005001708331274
4000324636924
32822971006
4000186611727
1005001617221278
4000945209478
4000906639291
32981657737
4001041275454
1005001999164248
1005001962742770
4000777815605
32946664428
1005002277535377
33048545935
1005002429057538
1005002396066988
1005002350816649
4001175730764
4000264062451
1005001847159425
1005002264451150
1005002322527753
1005001452737729
32963199209
1005001954798847
4001101343823
1005001316947309
4001251526110
1005001615618029
1005002430118704
1005002131619360
4000902166508
1005001694301145
1005001477896661
1005002280681381
4001064417893
32671196048
1005002197997961
4000706986248
4000421484102
1005001729321631
32919628263
4001209004690
1005001523370728
32864851262
1005002058810421
4000696106860
1005002311676871
1005002453738570
1005001763416356
4001214572972
33009232862
1005001514882189
1005002293865562
32838946763
1005002304419043
32985863290
1005001439180070
32953015028
32891008712
4001223755410
1005002024742547
1005002355932704
33008173058
1005002130051210
1005002265634244
4001210904711
4000806258966
4000319857322
33040477620
1005002204266275
4000865440460
1005002091678672
1005002358371637
32913605164
32720307432
1005001315227294
1005001337749706
1005002413269282
1005002381495728
1005002017289165
1005002454277659
4000466114194
33042608500
1005002268847555
32905827260
1005002246504573
1005002382343682
4000340688113
1005002286266401
32956124153
33000832853
1005002303625979
1005002170909838
4000152965320
33051075217
1005002311234959
32973288335
1005001437576335
1005002325122747
1005001464178163
4000796388083
1005001666065442
1005002341760800
4001228068884
1005001280668321
1005002323573655
1005001758358834
4000382144008
4000875245819
4001358302198
1005001557132620
4000575830736
1005001463696899
33055325057
33017086111
32952219820
1005001800045651
33037045832
1005001928573774
4001347124143
1005002253779758
1005001273391422
4000815045199
32873395326
32826364006
1005002398929067
1005001909301580
1005002329607321
4001035245060
1005002421018649
4000977443385
1005001982848788
1005001565006656
4001354338781
32772243315
4000244194274
1005002334193659
1005002490453186
4000463579311
1005002199109768
1005002350291788
4001275598199
1005001614312025
32815743053
32951430785
1005002238611428
4000720055356
1005001709883014
1005002039236287
1005002210038714
1005002376161011
1005002346448844
4001034228830
1005002347649495
1005001872157871
32802057880
1005001311655253
4000427442352
1005002307928346
1005001499487543
4000849732923
1005001592371750
10000395825635
4000275374666
4000843011140
1005001351990208
1005002359217265
1005002413436294
1005002387586707
1005001489455016
32954141945
1005001640619618
1005001797260469
32964839275
32913564245
33017202386
1005002369494205
1005001481529989
1005001885712541
1005001840027681
1005002382528636
4001305259776
32975519079
1005002333243067
1005002291032259
1005002257386224
1005001284682297
1005002232874821
1005001524936955
1005002466088726
33013237889
1005001549114044
1005002096249074
4000853427146
1005001787472429
4000726707324
1005002254511096
4001189444750
1005001686120510
4001241081571
1005001611780891
4001282504930
32843800533
1005002468956458
1005001481285874
32942951107
1005002212748383
1005001963850242
1005002263597068
1005002468772200
4000442064121
33053970325
1005002407055683
1005002365467414
4001026082206
4000443783536
33008525983
4000979560508
32675559241
32302371768
32823726868
1005002475689075
32953050274
4000814511489
4000973671735
1005001818241462
1005002322121801
4000202027143
1005001585509887
1005002194976011
1005002321138149
1005001848356203
1005002204036321
1005002270273188
32835867109
32991171262
4000894752250
1005002336769749
1005002400133384
1005002422110682
1005002404975007
1005002497327309
33013472480
32959886667
1005002420628389
32504198833
32827612789
1005002269053034
1005002115541514
4001230328704
4001032187846
4000168196807
1005001271656874
32540266485
4001038642195
2021734419
1005001954924082
32978695764
1005002316565641
32664423364
1005002466928972
4000769239309
32823857680
1005001785031360
32954781721
1005002058083261
572218200
32847022936
1005002259553289
33025598494
1005002314271638
1005002270409026
1005002386647472
32571879336
1005002358760575
1005002309214028
33060539638
2008132908
32887932107
32997645812
1005001670829613
32563650458
4000772832178
32813213517
1005001666168923
32486236641
1005001706341962
1005002221179098
32704657805
32869241003
32847406250
32951447712
1005002226020562
1005002264644686
1005002047597466
1005002467974793
33030275035
1005002357672816
32819515835
4000415585995
4001084982349
1005002004522644
32666449086
33052796661
1005001802696271
1005002165902701
1005001444807315
1005002351070790
32985779900
4000955881466
4001039335167
1005002312712504
1005001863610666
1005002259547852
1005002266008093
1005002260688021
1005002476532109
1005002382731401
1005002320711950
33009650246
4000032403968
1005001834934522
32845406026
1005002474414475
1005002247538041
32803605172
4001315238264
4001114941756
1005001374770469
1005002412074583
4000157904587
33007631068
4001278743213
1005002094296158
1005001928166510
4000911465420
4000837201479
1005001742576717
33042898640
4000441737685
4000030385927
32647195826
1005001652240923
1005001930874928
32810952350
32961161137
32917185662
32829499249
1005001287070128
4000666064105
1005001683631567
1005001931040156
1005002350773629
1005002247747450
1005001298774838
4000349876837
1005001497053349
1005002434587521
32900484532
32805035484
1005002341328477
4000704304040
1005002260661767
1005002389381183
32623031280
4000918696130
1005001749246177
32823170800
4001200027238
1005001664761290
1005002294851775
1005002009494172
32982672298
1005001822770982
4001233606519
33046852357
1005001738565222
1005001848872028
1005001519688062
33043736453
32925795617
32798545187
32824938400
1005001939355309
1005002377206184
4001030029317
4001247134189
4000287609941
1005001867869403
1005002395941181
4001269844241
1005001953778702
32857087971
1005002333596233
1005002487195225
1005001441356922
4000147895454
1005002500511068
32963948410
1005002460234854
32973741397
33030961380
32917518785
1005002304162115
33057408208
1005002265845696
4001127871380
32816340655
1005002326069354
4001025725987
32959321156
32996801800
32577134364
32972622147
1005002277344299
32888210357
32852431448
1005002389987427
4000155098676
32883930193
1005002334975923
1005002092529259
1005001447352791
1005002288700904
32885624074
1005002279248436
32868026147
1005002315334332
4001238154676
1005001877426534
1005002051397213
762348854
4001092221719
1005001388760647
1005001359925018
1005002419568196
4000578309050
32975592700
4000197916427
4000696938825
1005002413883728
4001283441980
1005001950115012
4001312906014
32975333541
1005002228965988
32789013144
4001334406196
32854328544
4000661064618
1005001355480600
4001189559659
32906976540
1005002342438945
1005002316546520
1005001337703766
4001028010426
1005002329683451
32887227085
1005002467182125
1005002318946181
32861766483
1005002317577186
1005001319635936
4000897668978
1005002018955254
1005002326733895
1005002233868607
32871746919
4000812033894
4001240105018
4000836974840
32994941369
1005001382956480
1005002338195044
1005002096331624
32844354645
1005002096808812
1005002365017879
32868202033
10000399954235
1005002186336328
1005001526554656
1005001450691834
1005002340595641
4000720294869
4000219582013
4000241975531
1005002319070541
4000470808099
1005001764055915
1005002476002661
32983543337
1005002205292450
32995957373
1005001418461819
32898805071
1005002412924810
1005002213569074
1005002327487719
1005002283226393
32900567221
33011972509
1005002443069882
32870947481
1005001863158762
4000040114115
1005002130905056
33038282541
1005002034115348
1005001786043954
4000165066500
1005001860211788
4001358991207
1005002399664909
1005001620462210
33053005285
1005001930964093
1005002293160910
32997532257
375003713
1005002125440183
1005001797753395
32922999750
32969291320
4000126637119
1005002448913009
1005001597547701
4000230743656
32879828898
33002282881
1005002112101021
1005001756164335
1005002319198189
4001042073383
32735907398
32862741385
1005001835637010
1005002369819225
1005002292374222
1005001709123069
1005002180907655
1005001466423032
32813535439
1005001566326743
1005002394626827
32641289561
4000035855998
1005001445386221
1005002461892371
4001112327715
32703265359
10000395871148
33026395772
1005001629586220
1005002330692221
32883322453
1005002047419405
1005001695679355
1005002361655740
1005002219724296
32810980125
4001238556590
1005001917976197
1005001591237314
32738195092
4000195349166
1005001853541235
1005002320989122
1005002441672979
1005002361966555
32877487080
1005001655209696
4000751471832
1005002298300238
1005001681974318
32989702146
4000237945613
32810748140
1005002227066135
1005002159085054
1005001918338398
4000233931649
1005002377244246
1005002452962355
1005001625459218
1695955609
1005001841866245
1005002358302196
1005001757825476
1005001271493459
1005002482503103
4001304256810
4000618930326
1005001287687988
32868214713
4001194398584
1005001446671193
33022088326
1005002389055605
1005002242778290
1005001935095239
32828860300
1005002296697898
1005001286961056
4001293524596
1005002140316949
1005001472077282
4000841242256
4000763688942
32999818470
32931039209
32796767129
1000001599469
4001294235568
10000397730086
1005002396149674
1005002281215412
32916804295
32929206205
4001221329708
1005001942389175
4001122733637
4001192662574
32417311104
1005001997217446
1005002059991541
32836811294
1005002355890022
10000279588509
1005001787189134
32888953773
1005001446218568
1005002439852996
4000593002027
4000041576047
4001205367203
10000397707565
1005002281642175
10000358303933
4000119226415
32890974430
32999461455
1005002122417749
32978039213
32660864847
1005002315193433
4000180162819
1005002275907101
1005001467052434
32914085926
4000881596339
4001191573759
33008112677
1005002329032126
4001288188011
1005002332294976
1005002382179755
32797269485
1005002337378126
4000624180326
4000983318643
33040406292
1005002309011507
1005002327756181
1005002430850461
32898166123
32997142751
32832221254
1005002383197555
1005001812085487
4000924200902
1005002035457605
4001165561347
1005001586343501
1005002021536520
4001346789825
1005002348520306
4001309670584
32829236865
1005002347315258
1005002001271187
1005001599021430
32909624940
1005001889989447
4001279791333
32860263410
1005001638120501
4001161555947
1005002496039629
4000127778143
32921048355
4000054830390
4001111293275
1005002335894656
1005001560041497
1005001883333188
1005002400545123
1005001971560943
1005002398171250
32647897929
32972995969
1005002301279775
1005001429863664
1005002330430623
1005001996604040
1005002293791842
1005001666182021
4001197262534
32954920192
1005002126671475
32804244224
1005002356272280
4000137404745
1005001329835213
1005002027863206
4001119994520
4000463648128
1005001392353072
1005002435667638
4001294549698
4000987471395
4001230767782
1005002228430908
10000152877738
1005002294028268
33058347017
32896183837
1005001848517603
1005002459667711
32776181256
32961376136
1005001793555728
1005002170933026
1005002253489747
32991221512
1005001896655873
1005002352824648
4000898089303
1005002258241572
4001299331236
1005001604805518
32898672305
1005002393879191
1005002331616655
1005001349585983
32874684916
1005001996994862
1005002489243346
4001201923706
32607001900
1005002229685872
1005001645336831
32862199540
4000863652859
1494026063
1005002258213784
1005002258771238
1005001300605965
4000704735948
32820863235
32322479254
32949028479
1005002247221773
32989673721
1005002350724317
1005001730562904
4000177302069
1005002277363383
32880965543
4000843222699
4001233841588
4001270148038
1005002321641135
1005002306001401
32850224800
33035875632
4000014038618
1005002072271493
1005001417521721
1005001461754700
1005002313552549
4000680033705
1005002166518978
4000785984770
1005002365084035
32885604796
1005002259452957
32583352766
1005001683241559
4000409417123
4001276471078
1005001429590355
1005002344706364
33052488833
4000340486027
1005002452998673
32946193210
4000680917217
1005001939705164
1005001793021440
32868618146
1005002362286512
32979079626
32857516802
4001214615919
32330566704
32979477867
1005001644184555
4000504098125
1005001342860090
1005001333839863
1005002260657217
1005001900368132
33038368963
1005001615766010
33006014472
1005002294725342
32788382134
1005002086982448
33026102698
1005002191589197
1005002367848571
1005001588225268
1005002387542957
1005002028542933
1005002212425677
32832457404
4000642054294
1005001308280708
1005002468406877
1005002321044074
1005001370532718
1005002451093178
33025089896
1005001484430657
1005001809049269
32870847127
32360394534
1005001607728345
1005002454365166
1005002305994728
1005001961595816
4000420241487
1005002384590658
32817859067
33001757756
1005002382373172
4000781714211
4000185731629
1005002466193172
4000597307824
1005001482225152