33013809315
1005001666969311
1005001488728917
10000343691562
4000074122361
32995539206
1005002316767773
32972171977
32875923932
4001359777258
1005002240559895
1005002243723626
4000969560008
4000252365610
1005002327217920
33007210627
1005001356451368
32964875669
1005002353121082
1005002007451333
1005001835554951
32989713021
32888030642
1005002314105219
4000064778738
1005002224856461
1005002483057637
1005002494710671
4001216056827
4001115191376
1005001999773603
1005002281908389
4000386121107
1005002318368769
1005002435797560
32898003719
1005002100369610
1005001639898783
4001123046163
4000769842353
33007519040
1005002490520190
32785163923
32991435795
4000990946903
32863541346
4000248685630
33007258199
1005001409661844
4000553808432
1005002312194678
688114420
32601883082
32622442980
4001236135324
1005002276123236
1005002490420401
4001137737553
1005001707990412
1005002053675279
32807425433
32838832142
33032013994
33031064268
32956757810
1005001356592723
1005002049523770
4000261831188
1005002314385326
1005001810270702
32997907769
4000802102033
1005001270805247
1005002359997933
10000002745022
1005002293096362
32877892568
32908035562
1005001362807524
32950049177
1005002313819311
1005002462242284
4001225265362
4001143531344
1005001870811346
1005002285840173
1005001451212776
32781844509
1005001705176947
32851359266
1005002323886033
32864830835
1005002326440785
1005001638248593
1005002383076434
32920135612
1005001350841113
33027207844
1005002074087821
33061995486
1005001605326111
1005001514414209
1005002337256273
1005001624956011
4001215928926
1005001727585590
4000155732064
4001220246692
1005001720638776
1005001835598184
1005002262389755
32956457403
4000938636594
4000493177289
32960444644
1005001866810193
32880862555
32892334878
32813769482
1005002271873715
4001164498296
32856067533
1005001389547218
33013325983
1005001679188162
4000170264749
10000027903907
1779763152
32999905604
32759727269
32750063749
1005001986076794
32962741327
1005002337039386
1005002059847471
4000321635558
32920606696
4000279085205
1005001917324499
1005002353476115
1005001854531450
1005002288484436
4000119079910
1005002278628635
1005002432519021
32848862464
32703127377
1005001319746944
32895806474
4000704082813
4001002798701
1005001797452706
1005002326087299
1005001466249973
32847338077
1005002389421408
33032743066
1005002055340036
33056221446
32990597457
32352328777
1005002376874787
1005002287244233
32621632726
1005002348775253
1005002002728475
33047105166
4000839961046
4000562378481
4001039817381
1005001744067813
32693201007
1005002342386743
32974705428
1005002381427118
1005002337225378
4000755543318
4000627470955
4000024939165
32920841068
33030010572
32945966932
33052161632
4001240585791
32820740445
1005001999361516
1005001516420246
1005002123371786
32964560549
1005002408443089
32848627429
4001294997030
4001338691923
32903670055
1005002154943015
1005001763783068
1005002043474987
4000679561482
10000053688486
1005002262787615
4001037673850
1005001728116479
1005001459661940
1005002003498981
32927941229
32955688612
1005001996986520
4000017735284
4000809378313
1005001913102238
1005002458898163
4000602437766
1005001666413200
4001228627549
4000912477826
1000001578766
1005002171769944
4000669364099
1005002333315134
1005001504975078
1005002374940053
32992512584
1005002400267501
1005002275779189
32864402653
1005001730940606
1005001316648936
4001228767002
4000614228226
4000074143801
32840929337
4001317671512
1005002484640669
4000024059299
32971808846
10000185396908
1005002048544090
1005002095459313
1005002334473502
4000943924514
4000237062532
32844762021
32776053111
1005002039871571
1005002408850516
1005002099195019
4000335874610
1005002211900831
4000527188169
1005002341265466
33029200912
32868166839
32990498949
4001215698836
1005002429191019
32847398427
1005002347058954
1005002048724847
1005002272592195
32808088260
4001139170068
32822847523
4000202020779
4000011290342
1005001588351012
4001208160042
1005001574053278
1005002213689869
4000751229381
1005002060852385
33036464295
32857769028
32967041364
1005001270513656
32858559321
4001116905269
1005001846097175
32789082779
33051287039
1005001879985495
1005001597927360
4000156737588
1005002225895908
32703103811
1005002043394696
1005002372561423
32644037413
1005002314479263
32901043213
1005002389800242
1005002253704393
4001035821630
1005002375458827
32994004307
1005002000055904
1005001800248807
32978636136
1005002421129903
32894450211
33017094142
1005001823632409
1005002447819644
1005002275308137
1005002270990484
1005002194664125
32805575944
1005002291569291
1005002345160340
32976305803
1005002308249120
1005002116440143
1005002314306860
1005002220887316
32631952247
4001076111216
1005001302009832
1005002282195824
1005002314383675
1005002065400149
1005002198156126
1005002095717672
32982429279
1005002476842613
4000411012259
4001108746740
4000960631383
32955643937
4000439574688
32585092146
4000445849331
32858886674
4000826848193
1005001680367807
1005001338713372
1005002087084100
32560608722
32821854925
4001149056460
1005002246092312
1005002012750704
32828692722
4001079890518
1005001625918640
1005002170793366
4000017933962
4000142086820
1005002069851549
32984546689
1005002317577028
1005002259326387
1005001957693304
1005001304918832
1005002330229448
4001070806029
1005001381162501
4000956261268
1005002003467674
32651246148
4000320991518
1005002477399685
1005002392889779
1005001924298886
32955335470
32215465413
1005002345455289
1005002291990463
1005002400665509
1005002409474626
32998345115
1005001515408717
32962905483
1005001768335531
4000727343188
4000981363519
1005002375299816
4000755515947
1005002368441728
1005002429394024
4000623902401
32918494891
32913677184
1005002100685865
1005002371662915
1005001930814614
1005002266313565
1005001547452253
32402224908
1005002240432751
1005001977558646
32686877728
1005001626815514
1005002490381697
4000494820759
1005002233056811
1005002352110627
1005001366276139
32840643203
1005002327251533
1005002460158973
1005001562906875
1005002478720687
33020728780
1875676025
4000972301644
32991175195
33009448054
4001156558458
4000065177014
1005001894631234
1005001630682492
1005001954941271
4000883242602
4001225176708
4000939513567
1005002352474559
4000224224517
1005002212837711
1005002136462989
1005002281541807
32903550286
33016605946
1005002289224231
1005001936653458
4000098680522
1005002408559207
32431311477
1005002322516267
10000351124552
1005001287168404
32919275309
4000135205838
32884557493
32864611432
1005002019157731
32879837349
1005002255210028
4001144921480
33055207698
1005001820614967
33044937975
4000937448350
4001014322108
1005001268137105
4000100538091
1005002293634354
32981607097
1005001499670744
1005001286430589
32865755570
1005002460328848
32653285795
10000048548387
32585839884
1005002316000896
4000218646712
1005002336595016
1005002029913488
4001189035589
4000074170490
1005002175789647
1005002011539656
4000601967201
1005002332165706
1005002240309519
1005001868434546
1005002142956437
1005002466179047
1005002320521385
4001040940057
32829039354
1005001830154173
1005002290834712
4000844816662
1005002260108821
1005002033425992
32792256506
1005002240592702
1005002431462761
32899624271
1005002205775878
4001257367775
4000987100392
1005001309702256
1005001463675338
32993641546
1005001855342962
32956780635
32963584984
4000035591761
1005001431143945
1005001829034786
1005001479212519
1005002441194529
1005002247141901
32323165886
1005002033199961
4001197087580
1005002250294853
1005001349981683
4001285281092
1005001470117532
1005002354357441
32991678478
32615545574
4001265610390
1005002265822271
32789291515
4001287125203
32792700697
33058051008
1005002334813688
1005002000233295
32961634394
4001242608718
32905304421
1005001868422860
4000286542581
1005001868523442
4001028243865
10000423010087
32842833556
4000552429217
32987825636
32963676751
1005002395500280
1005001476689467
32975369646
1005002450617229
1005002309257760
1005001295986871
1005001715505646
1005001437105457
32623366293
1005002359767523
1005001416799438
1005001640259726
1005002410092083
1005001889212254
1005002494667146
1005001805986935
1005001402926107
1005001587072237
1005002347127273
1005002490378000
1005001388211999
1005001862528723
4001015786938
1005002296854623
1005002283681737
1005002396460678
4000542274621
1005001563167556
1005001623196155
32885013901
1005002279364135
1005002438183958
4001127214222
1005001286916706
1005001671723781
1005001859134422
32916030181
33029441016
1005001739552758
1005001506521029
32852211288
1005001719054569
4000437900584
1005002354455792
1005002314410006
1005001567548154
1005002122612045
1005002289033135
1005001412243074
1005001679622447
1005002344206646
1005002298319442
32833262897
4001079267042
33056174885
1005001858397978
32623082851
4001241564323
1005002359309454
4000148969394
1005002271689489
4000113772270
1005002426331128
32797558893
32954815363
4000315529321
1005002403987113
32855948483
1005002293452930
4000285107852
33006470536
4000023828104
1005002437928742
33015927084
32980006491
32780793255
33032008463
1005001311360027
32877168725
4001243918455
1005002459872939
1005002323216767
32916338680
33010327825
1005002304314751
1005002329865043
4000744571687
4000080409286
1005001688451396
4000235515972
1005001626871658
1979582148
33027531344
4001149482607
1005002454542374
1005002482563853
4000912914469
4001005587390
4001019480253
4000090853694
1005002233380378
1005002110105944
4001340123600
1005002137085498
4001003048588
32921744347
4001259593767
1005002261634196
1005002268052334
1005002369806600
32348160321
4001018874538
33049041997
1005002420575134
32378886311
32953390098
32392991188
1005001456720495
32966370585
1005001526207442
1005002426441541
32345455277
4001152056115
1005002378937430
4000785172294
33059115652
32879958495
32966561675
32526376190
32813573276
32901895176
4000852534876
1005002388402937
4000781994919
33001967737
1005002346460320
1005002035826023
4000402910168
1005002185825470
33035597186
1005001425640906
1005002327304609
1005001888088817
1005001313656531
1005001698791710
32912003876
4000724264501
1005002340373393
1005002335887847
33040251612
4001218160013
4000111117662
1005001466626413
32975304463
4001308357028
32815704229
33045827016
1005001948651841
1005002441929193
1005001695613002
4000945219803
1005002394854463
1005002275591461
1005001349088314
1005002399173784
1005002131286082
1005002306358738
32939494477
32587694081
1005001491345993
1005002466844084
1005001825363103
1005002101330553
4000149341219
4000246263925
4000588581444
4000598750402
4001229231755
1005002208394883
4001345786921
32991531632
1005001905761189
1005001830920899
32902535110
32871691639
4000077229690
1005002264434386
1005002232828792
32974885558
1005002270878968
32916067962
1005002307472718
1005002099590885
33004364430
1005002469208263
32954961051
32753850174
1005002292843535
4000402213308
4000401974920
4000295847001
1005002228387398
1005002443683552
4000029091697
1005002069573634
33063294444
33055106209
1005002314326843
4000967939791
1005002352642834
4000742012764
1005001877136572
32823866608
32967994290
4001149744371
4001294171817
4001108234477
32812600072
1005001597845185
4000214148658
1005002065476774
4000777628971
1005002123948796
32918316540
33013519312
1005001864624679
1005002318899683
32846328603
32870006904
1005001789998835
10000240017672
33001085315
4001196368898
1005001718503208
1005001334651610
4000755903347
32915999427
1005002293913166
32918718281
1005002467631777
1005001849346363
1005002334051712
1005001323239578
4000761479476
32903970147
1005002420149863
32857285592
1005002286167875
1005001364044782
1005001930735201
4001271694863
4000960568358
32807704406
1005002047253158
32601490102
1005002444556474
1005001808226512
1005002094494453
1005002373031664
4000019176694
1005002340843777
1005001731272075
1005002313703714
32913564050
1005002347433026
1005002225033081
1005001695346777
32960303533
1005002001647557
1005002394851020
1005001835868617
1005002278875331
32921263897
4001099191650
32957181018
4001275189193
1005002433409933
1005002074762147
33013977853
1005002281131781
32821868913
33043726449
32954787048
4001221377102
1005002475706147
4001209955736
4000398974646
1005002109997442
32811929719
4000049536155
4000161879150
1005002239042385
4000105939151
1005002106681317
1005002185709624
1005002298021998
1005002270469117
32921943055
32825533536
1005002394276088
1005002172018555
4001251215929
1005001494279531
32991551085
1005001496053498
1005001494727877
2020935812
1005001638502281
32834821302
33004014233
4001346866118
32515008570
32961327094
4001042426091
1005001986917694
32932816973
1005001349668861
1005002363203412
32918940412
32699430728
32757893153
1005002009384735
1005001587700354
4000542391691
1005002317308406
1005001809965359
4001174612928
1005001565211610
4000125459415
1005002032196885
1005001703758336
1005002275666719
32834995228
1005001813570098
1005002330766126
1005002103813958
1005002089313858
4000239917064
32855024647
1005001797739411
32920470538
1005001946568524
4000249765794
4000899372386
1005002316677951
33010199162
32879998052
33002407089
1005001544213151
1005002260841103
32831907646
1005002014204282
1005002356446726
10000381121948
1005001326118304
4000357138524
32811015324
32606501972
4001289079056
32882992285
1005002132661948
1005002333832536
1005001489188780
32883202314
1005002466968290
1005002334477575
4001128926582
32911872324
1005001700045281
32889900554
4001269544563
1005002311756709
1005001406399685
4001241630997
1005001796992195
32858255038
4001269377485
32894371211
1005001678163478
4000245295556
1005002295843399
4001273168894
1005001541667184
4000990665599
4000101154047
4001268235315
32997517011
1005001514112700
4001314358706
1005002354473157
4001146250036
1005002388344562
4001172238389
1005002348462969
4001155301330
1005002474020054
4000773221443
4000479879799
1005002043612916
32808789511
1005002448159437
4001189555078
32911883863
32722216950
1005002312127166
1005002372926022
1005001708625318
32981047954
1005001561761743
1005002476381064
1005002459062476
10000118783475
4001082349800
1005001566388881
1005001678843344
1005002264260606
1005002311684299
1005001608782516
32974481874
32968980155
1005002426428620
4000622762530
4000768680195
1005002408339810
4001277405188
1005002421428811
4001043216570
4001111923163
32917797098
4001179893887
1005001855102027
1005001626855860
4000023114691
1005001858381398
1005001305740166
4001061818536
1005001588250753
32347247233
4001015197074
1005002394137262
1005001670264566
1005002268664063
32838669137
1005002274283352
1005001489313826
1005001942254372
1005001962925538
1005002026411390
1005002500429815
32958138944
4000799483961
1005001756492381
32972394708
1005001344195666
32938901176
1005002314292917
32975205948
1005001930897587
1005001313878960
4001320774224
32966930206
32973328777
32955073062
32975991987
1005002453598087
1005002282539709
1005001897531054
1005001557832717
4000061670253
32890946185
4000041054219
1005002480203343
1005002318779327
32973054772
32930496236
1005002288272274