4000945205294
1005002347364422
32567264850
1005002388679823
4001064540008
1005001764085101
32978197474
10000039236383
32613534087
1005001700909012
1005002387957212
32917726674
1005002282819094
1005002245934737
1005002302669883
33030265446
1005002212904333
32314307163
32603002713
32750711785
1005001389561484
4000771175982
853785135
1005002227888293
1005002462678560
10000343699705
1005002290237108
1005001462334150
1005001798608550
4001124407212
1005001546803278
4000750482697
32839163080
1005001381176803
1005002316278309
32334014587
1005002316907677
1005001451907315
1005002028136310
32986315898
10000011525771
4000938075592
1005002376890352
1005002312175414
1005002316971108
1005002494219860
4000539969076
1005001625829977
1005001930927526
1005002389932830
1005002344964731
32356038203
32892770693
1972988520
4000961383429
1005002271738276
4000789223561
1005002081801075
4001282069177
1005002344990101
1005002319611348
1005001704458923
4001089642788
1005002311398390
1005002224313641
32806761555
32954021817
1005002428112744
32803713278
1005002473902033
32786509724
1005001311758224
4000960126459
4000116669981
4000957178362
4000235781412
1005001963129110
1005002210294175
33028403792
1005001292512328
10000395865238
4000906318557
1005001586564066
32788972417
32426467848
4000781692862
32659910621
32955571229
32476175999
10000402131276
4000062075957
1005002256972123
32862470409
33000685219
1005002293169141
1005001593524849
4001021648736
1005001905930432
32878424018
4000692788642
32994352081
1005002254946473
4000546517560
1005001835334687
1005001617741790
4000494264275
1005002350601495
1005002260533200
32974150980
1005002349552274
1005002267766211
4000235107114
4000789358979
4000223919954
1005001785076977
33002842937
1005002304280798
1005002068474415
1005001326512865
1005002424306126
32882185808
1005001870901620
32880939239
1005002375496903
1005001570563251
1005001907064965
4001344645930
1005001688101099
1005001576689100
32801019998
32985231398
4000987385491
32880030765
1005002284333448
1005001749743566
1005002271238042
1005002259996467
1005002333462641
33044474647
32866647635
1005001666655854
1005001393127657
4000185413027
4001041225647
33039491523
1005002034467907
4000130974827
33002742794
4001296949076
4001280572554
1005002098851451
1005001638371875
33037509380
1005001948000031
4001041670786
1005001794377295
1005001786577233
1005002046471764
4001207961565
32860658525
32849341826
4000141114282
32857925203
4001294367062
1005002454299741
1005001632280161
32868500851
32861037894
1005002270817195
32698922027
1005002460374465
33009082028
1005002220892227
1005002315246207
1005002469110409
1005002491086786
1005001351826502
1005001902304282
32813803829
32902333972
32534049741
1005002197471510
1005001447996884
32872411775
32907694206
1005001287560137
4001211116750
32993729181
1005002316178980
4000069662638
1005002356187532
1005001412933564
1005002425214728
4000850681459
1005002413659252
1005002339885251
32996624990
1005001659642046
4000990945734
4000631355457
1005001591680405
4000693313371
1005002040650368
4000145490649
32891195685
4000489674773
4000670566217
32827908809
32861292729
1005002423793878
4001273042662
4000699722229
4001196065788
4000178937260
1005002288602196
32574713019
2029386442
32960221768
4001278135987
32867683966
1005002263851993
1005002080347758
1005001953916204
1005001793177573
4001335552082
1005001998699657
4000217286136
1005002074169560
1005002427858488
1005002271526506
4000549874164
1005002245303975
32843976409
1005002066289112
4000827132364
32804849266
4000812914998
32828337261
1005001972874180
1005002381087146
4000308455046
1005001288144792
32886272670
33026319999
4000113938864
32949659886
32838135343
1005002281109728
4000786806244
4000555431341
32371892744
4001270413914
1005002001072636
1005001440169532
1005002022318757
4001169844035
1005001488999746
33018630584
1005002336355661
33024483862
32956244904
10000033493377
4000320760848
4000897696172
1005001418536579
1005002061972202
1005001334841372
1005002365625161
1005002319267451
1005002376895931
1005001839360170
32919754694
4000533582644
33056256660
4001264318617
32892765333
4000709873620
1005002185733874
4000781574952
4001280568150
1005001864770176
4001143283661
1005002219426347
1005001518465190
33057969604
1005002292230779
32869436703
4001017695349
1005001502328817
1005002431937856
1005001276213801
32963862165
4001277915697
1005002272564573
4000283265406
4000589069808
1005002220818035
1005002475348823
1005002052660016
4000417541078
1005001613906458
1005002150756556
1005002317903282
4000134815918
32859678801
1005002363223352
1005001355361544
32850342636
1005002358748523
4000052314868
4001115130778
32808405318
1005002104196642
4000031269000
1005001555927219
32923045402
4001256478717
4000858745645
32417435743
4001214260736
32949772723
4000062824249
32758926477
32880998334
33039464299
4001129950821
4001358230455
4000773329154
1005001365020546
1005001273810067
1005001992769175
1005002327648883
4001294238988
4001270751931
1005002271984438
33031531644
1005001737251689
1005002314774445
1005001392312744
1005002315978618
1005002320739616
32811803443
4000816644791
1005002058123418
4001253345031
4001246968822
1005002466173285
4000447509850
32749738845
1005002243695238
4000444328963
32527005469
4001131976698
32885873910
4000853247036
1005001274335874
32390117199
4000015013903
1005002277913751
4001286401693
1005002443183067
32962398838
1005002347598874
4000101537241
1005002085604936
1005002319205822
32895440993
33014563284
4001228709403
32801698269
4001218960131
4000885720515
1005002448245396
4000842665224
1005002141196882
32915722996
1005001483136817
1005002411189114
32979776949
32936208745
1005001348523378
4000034340973
32963349578
4001124813314
32998526261
1005001333994628
32843261562
4000384214851
1005001303706017
1005001506718800
33046960452
1005001810595940
32949221733
1005001335471198
4001145842056
1005002357641523
32881448536
1005002387660419
1005001506883377
1005001838881316
1005002467728142
1005002292551894
32583052094
1005002454287688
1005002361938486
1005002263601942
1005001997493443
33027824712
1005002476493065
1005002129896286
32612607594
33029647055
4001066782651
1005002167682884
4000259954115
33023216050
1005002204732870
4000941092316
33047677571
10000194573545
4001126923622
1005001360640350
1005002225512304
4000108997388
4000686687426
4001152915470
32860379572
32710131652
4001272128565
32864848503
32967466402
1005002314258747
1005001828497352
4000904615324
1005002490399677
32957162499
32944713868
1005001722857263
1005001286121866
1005002060266423
32671500025
1005001731944012
1005002223399559
4000806547168
1005002084570491
32872603066
33010996062
32965139839
1005001666521404
4000990999242
1005001853790506
1005002454350107
1005002358078461
1005002259970917
1005002247582939
1005001713282413
32969370580
4001294065543
33060643738
1005002166680294
4000216134504
1005001843316279
4000249673170
1005001913817362
1005002356053410
1005001845185448
32855593347
1005002401857313
1005001786494707
32976641339
1005002377512387
32835163554
4000345779096
1005001958651811
1005002378856745
4001275977209
1005002005940557
32975535986
4000921376630
33047890370
33005375998
1005002438319016
4000684621171
4000116893320
32863771435
33018649138
1005001393546957
1005002233458626
1005002456798517
1005002167131344
33010424348
32991919178
4000955926066
1005002352599563
33006996399
1005002284249702
1005002311695883
1005002351456725
1005002362285255
1005002417035329
4000241588642
1005001718014464
1005002312234485
1005002385965967
33007840216
1005001971002775
32986908927
1005002318361751
1005001605024842
1005001773615440
32790075523
1005002365499032
32869867301
1005002278027684
1005001883038913
1005001999261561
1005001791953193
1005002271797286
1005002097605633
1005002341000354
4000506309303
1005002499562838
32923895474
4000211955176
1005001943732241
4000262401881
32971373048
1005002312242096
1005001763342366
1005002239984807
4000959389579
2038021499
4000064962825
4001222070659
32997390523
1005002116327310
4001041097583
4000311922483
4000058133458
32795000719
32814517553
1005002393342407
33012086139
1005002423824225
1005001793172393
32861883912
1005002228502833
4000467600703
1005002142698456
32828413375
32921849423
32793514394
1005002395612514
1005002345652153
4001276580503
1005001356675768
1005001915960350
1005002378150866
32988763921
1005002449174463
4000982819818
4001150086936
1005001619160827
1005002327311512
1005002465683603
1005001769710555
1005001971149873
32890894637
1005001355451654
4000838035733
1005002240889151
32952956019
1005002303471317
1005002314245847
1005001993863099
1005002324100224
4001090843856
32854836891
1005001847397441
4000339703616
4000979206413
1005002097253631
4001296706140
32961448252
4000153001383
4001085830926
1005001431324365
1005002033029026
32861647401
4000699511488
1005001424729185
1005002326971228
33051651120
1005002416876328
4000096801612
1005001998699903
1005002290921634
4000217220900
1005001415986654
1005002466091674
32906836134
1005001615663332
1005002318178351
32832350695
4000355574796
1005001431273092
32808231643
10000127462347
4000329383064
4001304270482
1005002265895367
32820649280
32900715838
1005002304095037
1005001350389601
1005001664556841
32794498417
4000827943870
1005002441724113
1005002176580734
4000452876674
4000415008545
1005002454209964
1005002354515021
32882105070
33020378146
1005002320590209
1005002356823981
1005001727597077
1005002133865791
1005001849863405
32812566150
32901863118
32893542356
1005001681090139
32949124373
1005001707738144
10000029453796
32969575998
4000155991507
32458889076
4000833535551
4001150238279
32984539074
1005002468765572
1005002303466021
33020805573
1005001798057907
32994781804
33040997757
4000841107437
1005002323481712
1005001978201655
4000842161884
4000373074240
1005002390109261
1005001889892037
33024328221
1005001641467460
4001166068321
1005001966500097
4001230423102
4000246438052
32682824461
32998326259
1005001458828372
1005002307520856
1005002298167242
4001053238338
4000412214375
32697062633
10000251061651
1005002276318127
1005002281817806
4000088686175
1005001897698226
4000113222217
1005001834576424
1005002400350398
32986847444
4000959261331
1005002020339654
4000843012149
4001117228471
32667737027
1005002298093337
4001275664624
1005002346413617
1005002038768244
1005002226823559
1005002386264664
32829320174
1005002175520751
1005001278773524
32921267214
33004690612
1005002287420297
32836125218
1005002244375224
1005001935582714
33027533210
1005001953579357
4000561454902
1005002203488759
1005002433192434
32876816388
32816696028
1005002394467030
1005002464799416
1005002062125455
33054023070
4001277605410
4000764133117
1005002354096663
1005002320685022
1005002271619682
1005002243629390
1005001744604373
1005002298361607
1005002293493399
4000067659633
4001271287677
1005002413310710
33004461129
1005002137214421
4000785120842
1005002037981969
1005001958748684
1005001670867564
4000627272444
1005001465078881
32950666257
1005001781886985
1005001338357191
1005002265396764
32899632256
33027509882
1005002440178135
1005002363948093
32993807115
1005001348548868
32853919978
4000313713875
4000804641995
1005002344566243
1005002443634351
32721667693
1005002432029028
32640417519
1005001632177661
1005001701105193
32928790969
4000803633978
4001196148200
1005002192892163
1005001907388369
1005002299048469
4000292920909
32867036320
32809155158
1005002319440120
1005001265296856
32907323573
1005001515853655
32974924732
4000774878686
32553357114
32917404546
4001028935109
1005001860206442
32911159324
1005002258201958
1005001807657367
32678485596
1005001552667188
4000101693179
1005002275935435
32880843563
4000324456345
32954990903
1005002322411156
4001039905413
1005001265693103
32975177998
4001335376181
32858852798
4001355789304
32904789613
33017304189
4000301222232
4001276780975
4001202138848
1005001794945975
1005001983272385
4000155051210
32971852888
32784918344
32954760823
4000083598102
33011943364
32522285239
4000955072048
1005002444128996
32934663501
32526883055
4000640956926
4001270378994
4000195126950
1005002279273591
32973609541
1495488869
32990148210
32913627464
4000655898198
4000953538668
1005002448289859
1005002469276081
1005001325935884
4001162294080
4000323089654
1005002358322153
1005002428212003
1005002264747133
32991799837
32879534740
32852181706
1005002066634541
1005001913070954
1005002435346899
4000987409179
32729333144
1005001413843037
1005002272606403
32804900785
32908459778
4000153646169
4000162277291
4001166834003
32804159488
1005001581354219
1005002440637247
32932320520
1005001411615013
1005002021832779
1005002443752956
33010623730
1005002294797942
1005002311867535
32708519054
4000196332231
4000866818847
32653466440
1005002095498422
1005001731044908
4000523448427
1005002377667020
32999942210
4000959184599
32858051196
1005001922630355
1005002322470956
1005001603166087
32973645350
32834151714
1005002032495936
1005002272778358
1005002243265300
32985773698
32557866335
33042190224
32725665147
1005002311333447
32904990139
1005001365417618
4001248685873
4000722101698
1005002281260365
1005002424484740
1005002280905051
1005002389386801
1005001942883900
32878589705
1005001651157455
32938087796
32352974441
4001056024878
1005001933269504
32948776906
1005002498950801
1005001936302223
4000263194027
1005002143201382
1005002059369015
1005001756083963
1005002347193662
4000116794598
1005002317919621
1005002022096066
1005002457088672
32994498462
1005001799861456
32975493470
1005001961640060
1005002314296002
1005001897655157
33030768241
1005002423114723
1005002210702067
32981093175
10000148049369
1005001593726615
32822587323
4000679814283
1005002231599685
1005002389036336
4000629030689
1005002341640461
1005001609256463
4001339431730
1005002322972110
32974291988
1005001962339930
1005001609031512
32645498842
1005001685665255
32520373702
4001080417476
1005002337642754
1005001441669355
33003847937
1005002337407335
32572061533
4001113745447
1005001445086748
1005002333440197
1005002389577380
32923229448
1005001705314181
32779987835
1005002198488718
1005001645930526
1005001942777843
1005001977237142
1005001678514700
1005002330745325
1005001459781910
32893581153
4000984130336
1005001567293196
32969896351
1005002492331464
1005001594435523
1005001303973433
32932416801
1005001792668345
4000099778948
32873404032
32981497863
1005002476058228
1005001915588993
4000970581808
1005002384244189
4000983488757
32972733236
1005002339313152
32968934655
1005002146248556
32954000545
33002171157
1005002364013883
1005002376038355
4000635869554
1005002233522669
32333308195
32570298699
33002187193
1005001927624487
1005002027660125
10000383731196
32944685475
1005002440129533
1005002379265294
32852589229
1005002358210953
1005002432894337
1005002393359820
32893399916
4000080272946
4000367971610
4000626646306
4000235076027
32804483037
1005002398143643
1005001865398404
1005002237780035
33044632107
4000784220892
4000018464625
32832797441
4000093991790