32971813388
4000168813189
32661438279
1005001798020644
1005002399038781
33000120912
1005002425438040
1005002232166940
32824327787
32995401165
1005002239283373
1005001848756590
1005002253764542
1005002316278588
32976839872
4001239014736
1005001502140355
4001094926732
1005002381964217
4001157021164
1005002481865202
1005001806216980
1005002420848657
4000906710330
1005001458313275
32892050696
4000999412522
1005001835367353
4000060248625
1005002200773612
1005002350944904
1005001341215689
1005001553321466
32970113784
4001351543628
32841758809
32869780077
4001365432234
1005001834713164
1005002428043523
4000904692763
33031633560
4000740138369
32798599714
1005001645639622
1005002275196396
32602890111
4000493198024
1005001628830066
1005002069704709
33025759132
1005001590797222
1005001763803345
1005002233836746
1005001857116554
1005002205427216
1005001495624598
1005001529551654
1005002180566950
4000162727278
10000097404618
4001220677564
1005002077643984
1005001826435402
1005002051057082
4001054019396
1005002356068894
4001233579114
1005002363744942
1005002390610855
4001230275925
1005001813912767
1005002002204855
4001300348389
32645949063
1005002313872920
10000032759196
32904602848
4000938123314
1005002042999827
10000402330880
32962408272
32838249730
1005002347266645
1000007639614
1005002238275684
32813448226
32998942171
1005001635072536
1005001848900851
4000960897282
32889734552
32921196142
1005002336552398
32858161562
4001334217824
32887567132
1005001884531410
1005001475146033
32806040624
1005002388547002
32982070161
1005001864211911
4000100427419
1005002427121360
4000989879021
4000864806407
32845768809
4000053421197
1005001698474892
1005001817478952
4000764820256
1005002291832197
4001360043391
32833312284
33044948139
33060767299
1005001641385111
4000842622669
1005002324057289
32896913919
1005002236321337
32989904805
4001294163209
4001211655542
1005001987388828
1005002372677445
1005001698532262
1005002359798689
10000385995687
1005002418385725
32868011633
1005002376609686
32809937972
32721752170
33043364321
32981605699
4000126806658
1005002034390581
1005002024535826
1005001793839766
4001175999114
1005001388033768
1005001823752335
4001055759247
32910158301
1005002319328379
4001201546597
1005001403524053
1005002310927683
1005002064930952
1005002323333328
1005002121356420
4001241436419
1005001680506726
1005002276495834
1005001920998893
33009022587
1005002095806799
1005001466572866
32622257379
1670189475
32972941675
1005001942387916
10000008145239
33034815782
1005002063360031
1005001575760841
1005001567044785
4000090561347
32998524629
32966748615
1005002409823923
4001294105248
1005002467464414
33000343711
4000623035757
1005001580372214
32974081841
4000058554099
32876332939
32915014107
1005002247504533
1005001636125606
1005002447676976
1005002197902048
32948137823
1005002406706814
1005001791954657
1005001419165598
1005001500461666
32939549045
4000896342726
1005001625368943
32867886643
4001003425643
32894329901
32904594538
1005002412756748
32911668195
1005002241481037
1005002069669483
1005002306308077
4001274211224
1005002305373706
4000849829361
1005002405471771
32858270995
4000330867984
1005002257991506
4001272738676
33030750187
1005001678831564
4000198635962
32974737843
4001248707072
32909061083
1005001402937096
4000668808447
1005001458053654
1005002347361163
4001202687747
1005001626940497
1005002369277608
1005001478508647
4000623347656
32984651207
1005002435756645
1005002417400199
33030761272
32289673525
1005001891050124
4000185001571
32979334407
1005001405536598
32903682890
1005002331772565
4001035867150
1005001698614673
33032353510
1005002467442637
1005002356707701
10000127410123
33010935238
1005001796152139
4001119048165
1005001291703573
32797463630
32817573909
1005001644276329
1005002405455278
1005001695511313
1005002292608703
1005001694629347
32513165060
1005001817064438
1005002339476593
4000829197925
1005001639224427
32822064006
1005002394062565
32778364864
4000235175957
4000209809685
32806343826
1005001537582978
1005001868802907
1005001356473354
32881104597
32795746975
4000705892196
32990407969
1005002317642465
1005001321146813
1005002435718899
1005001963512212
1005002268263694
1005001598004956
4001338594371
32890141277
1005002090799141
1005001757435305
1005002326404966
33044714590
1005001807711990
1005002365136445
10000181141918
4001061019844
33058191146
32961430793
4000655874457
1005002247632224
33010651772
1005002378300963
32596348817
32898825012
1005002042124549
32866853407
4000092575260
32431171421
32732719248
1005002373847007
1005001350879633
4000248917720
4000404258801
1005002340537498
1005001609511173
1005001596866922
4000244667267
4001277817489
1005002292699539
32955809949
32923899377
1005001797437452
1005002365885085
1005001437560474
1005002123886575
4000235773532
32995046506
4001172089146
4001002306826
1005002233167659
32795276300
32880140576
1005002311698298
1005001486705595
32481456363
32968385715
1005002281906514
1005002258952477
1005001579805769
654311134
4000100123294
32838731140
32863403743
1561751010
1005001821639353
32422561083
4000256268586
4001285035499
1005001693463242
4001108305309
1005001645594796
1005001296145030
1005002090541084
4000560506721
1005002489414399
1005002370040733
4001152812587
32954477120
1005001706728071
1005001877425203
32970265016
1005002387824215
4000972240109
1005001954095432
1005002331658802
1005002330132971
1005002108214934
32816368228
4001115001537
4000105511172
1005002011463170
32978361233
1005001828518502
4001280324689
1005001965144733
1925159649
1005002383341661
1005002482701490
1005002312985482
1005002293647602
1005002064622636
1005002387553362
1005001989800023
4000403404096
1005002496534841
1005002474132668
33010552489
1005001906267040
1005002408611788
1005001529917199
32523437958
4000714789315
1005001525602699
1005002398177311
32841661806
4000505822587
1005002251843693
1005002387973669
4001112538230
1005001876411535
1005002278714507
4000959939102
1005002122412748
32905665692
1005001387829706
32835191332
33036658700
32968710726
33012915089
32758011835
1005002475047128
33022349652
32954201818
32913074941
32901908627
4001352517262
33009983636
4001270339390
1005002447422603
4001335626069
4000848669976
1005002044429376
32657679529
1005002327716078
4001259423660
4000984121199
4000966283475
1005001946577123
4000851735507
1005001622677308
4001204897645
4001226175065
1005002356634946
4000805143221
32821294991
4000194099461
32958254543
1005002447920315
4000559087236
4000029880541
4000194992272
1005002416599678
4001275187096
1005002074214206
32958176765
1005002387618091
1005002374614916
32952338251
1005001877131940
1005002035674786
1005001918074928
1753766932
1005002399610716
4001145992122
4000641802584
1005002389555941
32970165212
4000643917250
1005001381269190
1005001579826421
1005002397763423
4001228690584
4001016219531
4000466113982
32981442909
1005002275148693
32815749569
32482708554
32918904221
1005001958453984
1005001433738530
32944684939
1005002150503524
1005001909762814
1005001971430225
10000127415465
1005001475256855
1005002362760918
1005002387606276
1005001918795860
33058789194
32812480593
32655823103
32683934198
32989001508
1005002277887765
33050293011
1005001412412234
32798067227
33027517636
1005001603427316
10000039960462
1005001985038219
1005001908273645
4001190662092
1005002263052304
1005001803228283
1005001602528944
32959953643
1005002050388171
32473935540
32800855339
4001171584522
1005001703303136
1005001472460075
1005002418538298
1005002393064713
1005001343079305
32805753617
1005002339079314
1005001763662543
4000287386289
4000830280295
32921281296
1005002466014483
32810272205
4000058427766
32842964080
33014926200
4000729889094
32530547250
32968702478
33019309570
32853796758
1005001918821605
1005002470955939
4001003609374
32952653283
1005001444877446
1005001793907056
1005002314080251
1005002205305300
1005002491982303
1005002443497729
4000736151799
33010332444
1005002021994232
1005001615445136
1005002235925208
4000890420214
4001124817608
32975389621
32687544644
1005002137096430
4000602681148
4000496333695
32859324262
1005002267883294
1005002185376008
1005002359942414
4000954981333
4000211152677
32892979679
4000869576943
1005002333615366
4000982550978
32699688180
1005002485983592
1005001278372816
32376592292
1005002399128870
32979256756
4001064770462
4000096715128
32815333581
4000533760373
1005001797207904
4000808361043
1005002449702127
32644884051
1005002058431616
1005001277938476
4001119564449
1005002392325311
4001037399667
32973008179
4000337999298
4000706476450
1005001297865731
33031220735
1005001802905577
1005001479542013
1005002390804314
32506459475
32763895841
4000085690929
1005002452427619
1005002124397383
1005002347138944
1005002233366466
32572720940
1005002460917746
32900108983
1005001281242917
32974176927
4000316945963
1005002369745040
1005002389271734
4000134278276
1005001516819180
32298093305
32959242219
1005002388296015
32993935868
4000470657278
4000282580908
32857508409
1005001956413702
1005001370228210
1005001917591021
1005002359516260
1005002295286552
1005001489889420
1005002288374056
32301835912
1701474380
32964492555
4001165118957
1005002383063202
1005002434671998
4000748238686
1005002356813996
1005001526024004
4000830602376
1005001802192390
32978803574
4000760923626
1005002319172971
1005002374861514
4000036323778
1005001782352659
1005002396307218
4000038972955
1005001906048227
1005001433589745
1005002233389859
1005001737192818
1005002171069355
4000064586550
32654947369
1005002327660807
1005002283512751
4001131927781
1005002233643951
32651216257
1005001483072572
1005001599014494
1005002297680288
32875068051
32996848614
1005002238630330
1005002499678067
1005002490440197
1005002320996844
1005002368621149
32948956318
1005002028007418
1005001473969064
4001168056797
1005001678900635
32877119592
4000208218597
4001106187050
1005002388729199
1005001875794837
1005001833752212
4001244034344
1005002292941720
32853625552
4000532755466
4001228440878
4000509322829
1005002441682875
32799697215
1005002384780440
4000078622613
32799150247
4001230728777
1005002453515026
32651362538
1005001717764416
1005002432691374
1005002346467113
4001236036359
1005001458150972
4001213486319
4000707704431
32957105919
1005001872386250
4000173687815
1005002177733598
4001018299405
32693046069
1005001570795181
4001204127041
1005002099579352
1005002063487133
33046526818
1005002314349751
1005002252608632
32682189780
1005001893534992
4001189538591
32947924833
1005002314285947
32921899650
4000360195128
1005002384537911
2043445090
1005002281900496
1005002277656546
4000246916459
1005002143791870
1005001993565261
32511997059
1005002241328947
1005001567113040
32897908103
1005002179412841
1005002175077614
1005002423856956
1005002137630650
4001356661535
1005002494037958
1005002021507640
1005002417179532
1005002428391545
32607816863
4001038639661
4001042546059
32953376259
33027517999
1005002049026657
32864358158
1005002350759341
4000850532412
1005002280953464
1005002273160591
32704014600
1005001928968805
4001023035017
4000982845313
1005001560935263
1005002204702170
33054293286
32976920697
32567809950
1005001463863859
1005001821371553
4000955168575
32820053321
1005002077474849
32868102285
1005001961097225
1005001717701383
1005002407971440
1005001704598396
1005001989609584
1005002293859936
1005001874244922
1005002288316030
1005002122399778
4000034545145
1005002316365284
4000096981466
32978319582
1005001634093255
1005001729337550
1005002428100879
32861434107
4000273888532
32855315917
1005002223758645
1005002390641109
1005001395842022
4001269537784
4000781012080
32757636222
1005002300443806
4001244545987
33045058585
4000016078399
32970544533
1005002357211053
1005002337249728
1005001966190710
33013047924
4000788647404
1005001835342877
1005002346450960
1005001493075982
1005001936540562
33029671137
4001272928892
10000328916992
1005001286600370
4001170931552
32918372728
1005001594488402
1005002377744818
4000145664629
1005002306056872
1005002413040178
32573739559
4000287117008
1005001677503317
1005002346821068
32868885045
4000111063612
4000765697638
32863945948
1005002484354521
1005002390421754
1005002336420504
1005001693299997
1005002375219386
4000992734911
4001013458051
32861998205
4001150071723
1005002291792331
1005001540503590
1005001570206428
32999400133
1005001286600681
1005002364579697
1005002307898356
32910491038
1005002382436288
1005002236065798
1005002016743362
4000313862427
4001361844604
32805908740
4001258611346
1005002418834963
1005002418045973
1005002292680304
1005002306564584
32962377133
1005001766122809
32991245532
1005001351874517
4001061241226
1005002339000804
4001076476733
1005001607553567
4000987465010
4001156463048
1005002420070891
1005001348655279
1005002031974656
4000958575134
1005001785901308
1005001737488830
1005002318688309
32924899303
4000853821300
1005002252005008
32950697975
4001237843865
32915998243
1005002220066971
1005001543579175
1005001452964573
32853815231
32580971547
1005002212440469
1005001417483207
4000322113059
32968652729
4000730737650
1005002379090298
32945744377
4000202291067
4000316655982
1005002281122492
1005002340710441
4000240305899
1005002282083970
4000251568213
1005002375149935
1005002288907758
1005002500646037
32959881756
1005002367458092
4001081787178
1005001845081130
32261870065
10000314622108
1005001616326630
1005001609980652
1005002357783583
1005002217546097
4000416991814
4001062377794
1005002319145078
4001335301871
32707902056
4000516338549
1005002355665535
32950968990
32848927265
4000717559656
1005001798407846
1005002323332326
4000515249965
4001222860204
1005002496198690
32859844280
33040021590
4000959217425
1005001775007808
32255390867
1005001633482160
1005002129658517
1005001729074188
32842700443
32908980817
32807582821
1005002001379767
1005002360399329
1005002347681138
374889998
4001293551688
4000970052089
32827447646
1005001619935843
1005002314491498
32888973663
33010878126
32959973558
1005002396137579
1005002386801428
32888175933
4000078458131
4001252529955
32874474910
4000893995738
914810657
10000012739584
4000777500922
4001104693996
1005002148071301
32799761980
32864970248
4001171980832
1005002271351353
32894364319
4000128146327
1005002340292416
1005001847887105
32961038382
32994194795
1005002300865366
1005002103844727
1005001587453095
4001118977488
1005002092856462
1005001530131694
4001147914611
1005002352843548
1005002115378227
4001099684195
32899010050
4000237762623
1005001680443757
1005002326292592
1005002291333716
4001344768839
1005001646267246
1005001321054709
1005001965466877
1005002362665057
1005001779277266
4001263961400
1005001614653034
4000084723918
1005002066583056
32687541569
1005001831097359
33027320859
1005002377778137
32688122177
1005002330628602
32845999151
1005002326795761
1005001954829923
1005002043939951
32772713345
1005001499943746
32801056229
32818764149
1005002368355351
1005002037385231
4000791433592
32819189167
4001278232719
1005001488498075
1005002333236958
1005001914693784
4000669050675
4001212511104
4000522091545
1005002393232778
32968333816
1005002401344506
1005002292185379