1005001625865293
4000826556330
32806768899
4000223581682
1005002340570315
32911371986
1005001575657571
32703341279
4001131938027
4001117077290
1005001834701464
32647314610
4000679334675
1005001990738199
1005002301438280
32856481912
1005002383025777
1005002277588181
32968753778
1005001551604899
1005001810250617
1005002320561250
1005001388836375
1005001625666509
32992229672
32816256123
32834122152
4000329611618
1005002275913495
32797353682
1005002333719613
1005001916223627
1005002275976740
32924034972
32988560072
32980472659
1005001525466270
4000148108911
32970956811
1005002344838449
32843794454
1005002303892372
1005001518326637
32965690232
1005002363603045
4000673087153
1005002323475690
32856297259
10000287302746
32917014986
1005001593932246
32853165240
1005002383000897
32998586792
33018835761
4000055784817
1005002393429163
32988548931
32935115598
1005001446451557
33004820169
4001199656123
1005001861594228
4000842650438
4001251995109
4000555781740
4000054044702
1005002219873084
4001221914610
4001291669858
4000172699984
32880870344
1005002220831850
1005002450402661
1005001561642466
4000112249469
1005002427879157
32983966149
4000931883522
32920926095
4000084080516
1005002344966878
33060379004
4000586058446
1931322561
32997450169
33003407034
1005002433622018
4001145581579
1005001566332837
1005001997770420
1005001267169682
1005001699284512
1005001756657541
32584194821
1005001576234983
1005002337744571
1005002095609643
10000004053942
4001280654427
1005001984841427
32890316655
32873415222
1005001265531832
1005002368862179
1005001408557810
4000189576316
1005002046407313
32865783794
1005001437188522
33041917894
32957280614
1005002389574023
1005002167861852
33016556195
1005002312122712
4001289365950
4000332142179
1005002240635021
1005002311137687
1005002500489087
4000956021547
4000175267721
4000763816535
4001224500920
1005002186047200
1005001413649433
1005002167465501
32791393017
1005001349676821
32995622287
1005002115566524
4000275538012
1005002308966574
1005002382248584
32948766709
1005002434847799
1005002343889592
1005002235405379
1005001369203868
32813323623
1005001369217298
1005001888141006
1005002490371719
10000386254821
1005001988113865
1005001993125822
4000885713397
4000828136111
1005002219645424
4000776350067
1005002238708848
1106212681
33043936139
4000329864804
4000163378219
1005002480778637
1005002329050985
884653782
1005002404938887
1005001840584750
1005001748835577
1005002386106056
1005001684957427
1005002113115877
1005002060695162
1005002233868662
1005002069251628
1005002293145925
1005001972726522
1005001950551454
1005001845081260
4001267453648
32819809133
32955134637
4001267189905
33019020566
4000628961853
1005002315785982
1005001350882378
1005002494486095
4000443918254
4001252930060
1005002265086533
1005002318636908
4000272468833
1005002384366705
1005002318420599
4000283106256
32957000894
33033975667
4000467502563
1005001430141255
32833910858
32979841060
4001153756952
1005002347484885
32689313859
32646199512
32849343290
32573732246
4001132666744
4000752391234
1005001807310642
1005002389359382
1005002419096593
1005001875364207
33010933968
4001138716755
32954914943
4000047557313
4000156077089
4001277840361
1005001704895508
1005001458363305
1005001958655907
1005001820884443
4000894590691
32830046918
1005001417072014
4000546541525
1005002296971779
4001146314448
1005001393172656
4001038767356
1005002070741242
1005001890183184
33030208472
4000469649409
1005002123382975
1005002285959525
1005001832023567
1005001840282456
1005001540479518
33009542068
32818168963
1005002315641742
4000954436319
32889129829
4000666530693
1005002367989059
4001138037092
32759669651
1005002341241473
1005001458807684
33027878857
4001134500647
32895269141
4001097756486
32824427801
1005001592971743
4000092319861
4000311822671
4001015163804
1005001454161069
1005002318439716
1005001340147550
1005001550769149
4000327003797
1005001604150105
33030071954
4000036258698
1005001561627079
1005002273413514
1005001873424265
4001062855048
4000450271819
1005001658915176
32835042319
1005002002734014
1005002449895905
32693089124
1005001566563959
1005002276436071
1005002390230085
4000995179051
4001350682037
1005002086263795
1005001504702242
1005001504809242
32725140569
32955315257
1005002220425461
2035490442
1005001501886438
32918306899
32967468803
32845065864
4000037779879
1005002350815479
32989581495
1005001989143839
33038666659
4000483584584
1005002259559979
2035869062
1005001940634732
4000505539211
1005002237873421
32994066617
33002882332
1005002477192217
32789390435
33052950820
1005002297859720
4000166658687
4000674152546
4001203878912
4000410014897
1005002285736252
1005002345850024
33034111328
32966639936
33020546471
4000462597449
1005002337761201
1005002268825655
1005002090734279
1005001473513918
33005773950
32868980341
1005002339500455
1005002225585895
1005002358595205
32970049722
1005002107701497
1005001976288115
32944129787
1005002381527848
1005002340789151
1005002291530303
32923804750
1005001701014643
1005001884238762
32910863201
4000706476860
10000141785520
1005001510724810
4001334720633
33027804789
32878993894
32999522712
32765530400
4001014530636
1005001488904182
1005001287298525
4001159452750
4000281170806
4000510066367
4000548598261
32749417156
1005001965814214
32577253341
4000364867777
32996957325
32801309042
1005001680565417
1005002310888130
4001146277456
1005002134624963
4000761309945
1005002353801315
32896740171
32573604109
4000076929882
1005002383093369
1005002377633524
4000934385883
4001314666112
1005001268967928
1005001726657366
1005002242901950
1005002328567273
1005001828334214
1005001556067561
32494122454
1005002470241830
1005002111429508
1005002355276625
1005002348344875
1005002443088590
1005002290825711
4000468324467
32330140572
33029918173
1005002143008776
1005001612955935
1005001682719057
10000395948449
1005001895086821
32875437303
32970795361
1005001710980753
1005001976852943
1005002078974624
4000324918496
1005001293208220
1005002257634970
1005002240351792
4000550532073
1005002283123971
32735280275
1005001695424345
1005002254384373
4000192471971
4000290767303
1005002020185649
1005001315603103
1005002226694293
1005001642596458
32986516342
1005001953728907
4001180009171
4001096444205
32956442048
32828894165
1005002229359271
33008804384
4000148860412
32793739248
1005002372338490
4001312978194
1005002492649195
4001119552776
1005001714757876
4001220726030
32740758931
4000853575778
32970487736
33006208183
4000221295742
32696434408
1005002305242957
32662475183
1005002305674803
1005002395070066
1005001622817705
4000852926304
1005001993347838
1005002298995116
4001153659543
1005001891406418
1005002410821881
32988118642
4000857170861
1005002363046410
32843407192
32628730815
4000505789576
1005001481884554
1005001722161199
32813380058
4000784831665
33009261606
1005001783316596
32963865993
1005002276220017
32834626301
1005002312071339
1005001470430608
1005002231748040
4001138951422
1005002194176921
1005001776287378
1005001813415340
1005001758303206
4000511456601
4000112179086
32985973456
1005001839450308
32996682533
32600679899
4001273164122
1005002287215700
32949636463
1005001481580483
4000414659641
1005001749541823
1005002058630001
1005002371566103
1005002448646278
4000833644180
1005001962537927
4001270224695
4001269410019
1005002351541793
1005002444589175
4000852371981
1005002314085487
1005002281933267
32905088946
32917485259
1005001948474295
32793755923
4001069282952
1005001494585013
1005001963847085
1005001929379457
1000004721018
32834324062
4000033961386
32812761819
1005002282488026
33007226345
33037402771
1005002285136041
4000115123189
1005001981077004
32971859914
1005002224395763
1005001298506129
1005002378080164
1005002065622089
4000863439062
1005002492566275
32939596965
32842932132
32844994618
1005002466202590
1005002313762777
32996291845
1005001952051990
32792514230
1005002302285410
1005002268059537
1005002371555258
1005002240438125
1005001798798941
1005002480335676
1005002453024579
1005002439387384
1005002305360705
1005001825859099
1005001660206454
4000295211285
32686952508
1005001295543742
1005001332666941
1005001273708205
1000005370914
1005002413881316
1758979054
4000546091257
1005001937828759
32701599560
1005001525411862
1005002317273437
4001195624665
32696013143
4001317329915
33039051320
4001238212313
32796342686
1005002284076956
32790090721
32849327340
1591553566
4000026773478
1005001962493886
33023843366
1005001702737186
32854569825
1005001883418296
1005002475181134
32868109210
4001260543724
4001143097776
32605498244
32902530543
1005002371513065
1005002257927425
1005001300033428
4000838190675
32994948171
1005002057929910
33024595274
1005002079995374
1005002382344627
32954068859
1005001795138910
32585887404
32870819581
1005002193470311
4001147415829
1000006218542
1005002266718151
1005002452699578
1005002291822075
32993996878
1005001465166186
4000077858353
4000789014871
1005001567742112
1005001352494048
1005001912731867
32676672637
32965647065
1005001799069663
32852473863
1005001650517719
4000531856003
1005001413420052
1005002331625221
32824133718
1005002353995094
32663584961
32575749916
32868730576
1005001766023526
33024090050
4000215741418
1005002409680040
1005002313912767
1005002481216663
4000382904573
32889152689
1005001611464866
1005002321914141
1005002327227793
1005002450381218
1005001405222461
1005002305064771
4001071924740
33013736731
4000269462707
4000205184983
1005002383162781
1005002319273459
4001190243610
1005002288563699
4000912531800
1005002397751861
4000215013278
32813643482
4000760979381
32823597948
32921968503
1005001894578663
1005002343013305
32991825061
32951921683
1005001651274125
1005002321099998
1005001850053240
1005002487995397
1005001459731064
1005002344978489
1005002203507034
4000854859797
1005002404153067
32947782460
1005001298097957
1005002357570537
4000516157877
1005002247047246
1005001514339059
4000399046694
32974665654
1005001469111456
1005002344889173
1005002235190239
1223372193
1005002272073872
32887018461
1005002367805093
1005001943835771
1005002434130065
32822322916
32990378561
1005002500496360
1005001813788186
32878280525
33010908243
1005002448947218
10000381149775
1005001566133687
33022182918
1005002381596110
32963004067
1005001831438625
32811510201
33054331110
1005002276525565
32807438632
10000402357314
4001184123371
1005002061672074
1005001787424775
1005001616144386
32839317378
1005001475739016
1005001772213020
1005001942925361
1005002432041166
1005002146259118
1005002320967521
33057517554
32717474110
32953757713
1005001906024798
1005001325223107
4000266166014
1005002329354463
4000966972180
1005001349651060
32922769143
32960662078
1005001628462523
4000393510346
4000246200259
32991430738
1005001603671885
4000066972837
1005002044072808
1005001345393788
4001229789253
1000008047185
1005002337816866
1005002277432167
4000492814995
4000965795508
4001293858891
1005002344118981
1005002292596893
32275328282
4000820493823
1005002240307428
32981180722
32961544165
33042546927
1005002292458028
4001222003058
1005002270985198
1005002467673590
1005002316852763
1005001335028556
1005002362612236
1005001947837843
1005002322755496
32818355102
32974057551
32979469994
32820378383
4000351647406
1005001356726466
4000603070531
1005002271625609
1005001386988893
1005002424088840
1005002327252735
4000938117848
1005002336799761
4001106083169
4000990867485
32957357578
1005001430274750
32998993184
4000641353526
1005002414643623
1005002377205284
1005001882756050
1005001922378967
32834066331
32809544868
1005002193242231
4000989442634
4000472564049
1005002413258507
1005002190929269
1005002284907335
1005002311412146
33010081480
33050190511
1005002345138466
1005001720791713
4000673557748
32918399118
1005002289667082
1948897865
1005002313267632
32348123406
1005002351603031
32810595741
1005002313292772
1005002130554326
1005002340315578
1005002328073933
4000038632729
32790406727
1005001350256103
32949506271
1005002471535817
32993974909
4000123864025
32581251300
4000772517320
32556955512
1005001609154784
1005002318985257
4001365585219
1005001635934116
1005001834072329
1005002443390742
1005002454309129
1005001930456207
1005001621684943
32952645512
1005002395224860
32817357276
1005001934781889
32855519310
1005001966204037
1005002306910840
1005001943479515
32823813689
32891426313
4000850600219
4001056035533
33039200322
32947413617
1005001882019299
32817482654
32825582490
32896211098
32962005509
4000224544261
1005002427877396
1005002277335359
1005001780703441
32998233977
32233098108
4000186186135
1005001670946804
1005002190523708
1005001305390207
1005001706422967
1005002487183704
4001132035550
1005002324165187
32814252400
1005002432949103
32979539949
1005001744408200
32953285578
1005001596597283
4000132705530
1005001371455986
4001272839154
1005002319252178
1005002317589603
1005001359660541
32834043039
4000381997364
1005002413499957
1005002400527368
1005002333673661
1005002460026268
1005001558266558
1005002413400440
4000155027292
1005001657499942
1005001639902779
1005002160344777
4000047957412
1005001923055155
1005001856144785
4000039213727
32824201322
1005002273478051
1005001768433031
1005002488704524
4001049967789
1005001628386362
1005001839500083
1005002281217651
4001354998463
4000033500429
1005002315376389
1005001430471611
1005002372652202
4001046964679
1005002490313779
1005001864818367
1005001450567791
1005001979868149
32978279448
4000741109310
1005002234277758
32903154725
1005002456695239
32883604555
1005002219355336
1005002328500131
4000874031085
33022754064
1005001730867223
4001195742758
32706443020
1005002462483947
4000933779793
32840570407
32851331970
1005001499502983
4000059071367
33012656975
4001228728457
1005001461947613
1005001965075308
1005001391187178
1005001993056566
1005001781092290
32648819550
1005002339458141
32995381461
1005001864103322
1005002432656014
32819700726
32833136397
1005002421311353
1005002434823111
1005002314321255
4000740740229
33002318425
1005002381372515
1005002382728775
1005002059103692
4001275536437
1005001311053306
1005002318408564
1005001466309841
4000905575570
1005002300262847
4000982507474
1005002241460561
32905757642
4001155490555
1005001890466820
1005001298741352
1005002467086694
33039217759
1005001998601060
1005002042568773
1005002276115616
4000139633590
4001244736727
1005002192151834
32666025836
4000263740694
10000134446948
1005001893930997
32797009972
4000431478426
4001350057270
32975490872
32849869346
1005001470797292
32980084945
4001174939186
1005001397899816
1005001887615378
1005002471416726
33031979543
1005001408624350
1005001520136712
32965340490
1005002315058316
33004897308
4000161004937
1005001824122108
2050540574
4001175784360
4000516195522
1005001336221067
1005001612532501
32976450910
1005001280588804
4000895354883
1005001701049497
32818164453
32892756396
32890554735
1005001873541769
1005002426889019
32892471727
32801642025
32723757619
32957543047
4001274067810
4000738668041
32955978677
1005002264887697
1005001708796464
4001291703118
4001258779876
32792234668
1005002353350714
32820344986
1005001656864500
408670273
4000082652255