32392767357
1005002094035999
32974728399
33060319654
1005001420048072
1005001341170861
1005002293326260
1005001479594513
1005001706308808
1005002167030985
1005002247238764
1005002473746956
4000494646009
4001176083497
1005002460621571
1005002285709440
1005001411435025
1005002469185272
10000045172299
1005001319750866
4000287139867
32619500087
4000627901846
1005001803193292
4000099614438
10000008751233
1005002488519529
32835186708
1005002319293288
4000188432112
4000159735586
1005002355865659
1005002298254976
32889202737
32633035107
4000390029141
32256764083
32975010261
1005002265227857
1005002493602104
4000741224882
1005002389572024
32899369711
32944417488
1005001334385787
1539386677
32661840021
32971296198
4000603246864
1005002378333625
1005002268590877
32979937845
1005001713885664
4000079711728
4001017471416
1165765709
4000202193861
32947028779
1005002326676330
4000801695078
4000640090417
1005001626370249
1005002431578850
4001232430999
4001038653388
1005002395215782
32336931547
4001291852125
32922537651
1005002279189727
4000094244290
4001297501001
4000858749739
1005002468379451
32296106501
33040236516
10000157056161
4001185317962
1005002390777421
1005002359730579
1005002246645321
4001335811287
1005001853279715
1005001519246535
1005001334944352
32410778018
1685557841
32947615653
1005002102287273
1005001586917213
1005001511139792
4000635400848
4001085447793
4000286927159
4001196724098
1005001805134748
1005002417172008
4001210911084
1005002238055604
1005002268746926
33045788545
32918054998
1005001659533281
4000464014379
1005001710054345
1005002367718239
4000878658562
1005001609119473
1005001721604849
32896411233
32855898536
1005001441450484
1005002458248282
4000597259306
32981025718
1005001381233184
32994474936
4000125009281
1005002372520970
32965447584
32837939997
1005002361623351
32803100419
1005001631867133
1005001621611307
1005002311898208
1005002385980920
32972469741
1005002318998646
1005002072266546
1005001962627596
1005002023708236
33057879588
32848923145
4000414949597
33005830912
4000094068274
32865206541
4001264529898
1005001774131059
4001075271199
4001241457272
32956796413
4000681201420
1005001891511228
1005001368699203
4001269071755
1005002357663391
4001018573712
1005002497110862
1005001670973030
1687572115
1005002321194254
1005002336745195
4000378683672
4001054091889
1005002310596180
1005001848964998
1005002297865711
1005001521925913
4000789160354
4001322815960
1005002339916631
4001204064137
4000782494574
1005002065872386
32833337494
1005002450598076
1005002460675415
1005001457932838
1005002260620692
1005001543817537
1005002271727499
32663599213
33017839334
1005002059956655
1005002345526411
1005001848871597
1005002344558995
32898484013
32954277398
1005001656756718
1005002466161218
33035235754
1005002354428756
4000704426451
32840177494
1005001488537163
1005001631090148
1005001776364934
1005001476955317
1005002192041119
1005002033069946
1005002451052725
32794445846
4000955823065
4000667020729
1005002333258674
4000429924378
1005001913830993
1005001518458056
1005001625231531
4001200461158
33001604994
32672688040
33008910778
1005002332559198
1005002002243265
1005001558240657
32757382105
4001300549233
33011750049
1005002255114895
32962217345
32956312135
4000917539807
4000348692944
32889358618
4001227585622
1005001812615105
32966043161
32982634260
32962801105
32917283386
1005002218852637
4000013377675
1005002321977909
1005001360903813
32734965821
4000850551588
1005002491667760
32871847247
32725956071
1005001418707823
1005002064654198
1005001962380834
1005001598424881
4000661196476
1005002361727218
32809674155
1005001869006213
4000685296467
32801280774
4001241442725
1005002368000239
1005002393548831
32504266644
32908817310
1005002198586823
1005001419175465
1005002418436412
32963935876
4000183721311
1005002191630926
32886429598
1005001600635072
32852022928
32809539709
1005002357784051
1005001878980068
1005002333708731
33023429909
32986224072
4001060847863
1005001499778940
33058530065
1005001810495068
1005002085774132
4001315128010
1005002340554477
32888883085
1005001994428800
4000275935557
33000888743
1005002447677022
1005002167912011
4000341227355
1005002149912818
4000409998559
32970956841
33010968304
4000414662732
4001325828585
1005002132932258
32966637348
4000983790390
1005002090019143
4000693456775
4000286382082
1005002298251931
32805150042
4001038210846
1005002235071164
1005001394094664
1005001894816052
4000246478899
4000760889553
4000511348110
4000145269610
1005002260321281
4000732865347
1005002272841001
1005002226062011
32856523664
1005001498998813
4000235616369
32847512754
4001043768817
1005002252420271
1005002314363783
4000679694985
1005001683053222
1005001514303926
1005002063214502
4000183771085
32788680918
4000447743672
1005001369393030
1005001389331429
32974802616
1005001577006621
4000117503999
1005002259225710
4001007153530
1005001694196388
1005002337256887
33001648990
1005001962717160
4000249024951
1005002318105023
1005002382467129
1005001424320761
1005001808306573
1005002438252480
1005001670690485
1005001587174092
33039873077
32954277127
1005001682432402
32968732551
1005002369868694
33032513004
1005002401096759
32536166540
4000654119367
4000392907083
32810377065
1005002284302029
1005002306441187
1005002346740619
32836507278
4000108064384
1005002314406537
32902296533
4000918121078
4000835333252
4000184039786
1005002156631764
4001224411827
1005001750121375
1005001589047707
4000055819965
1005001895550976
1005002353466602
1005002245597186
32909476163
1005002314383085
1005002281381305
1005001732022475
1005002301201260
1005002447937134
1005002372673421
4000341307668
1005002491246678
1005002378820642
1005002342872155
32577569652
1005002283002068
4000980653319
1005002409573893
32879087587
1005002242180783
1005001977413571
1005001830151167
4000928515473
1005001666626963
32936073568
1005001529009462
4000322038104
33037563625
32872281859
1005001519750311
1005002431520417
32859331402
33029510711
33029667543
1005002275515413
1005002496416386
33038317056
4000855293947
1005002181393372
1005002272183338
32824138609
1005002340200984
1005002277888410
4001211153039
32947191072
1005002506368843
1005002128491074
4000990156980
4001278991092
32957327477
1005002100758859
1005001280145593
4000924722013
4001135079096
1005001872042640
1005002404069919
33007090984
32991558290
4000663836756
33004958459
1005002246301535
4000528071500
1005001508501408
1005002402502424
1005001706745026
32859715722
1005002416895989
4001320716070
1005001628734321
4000003627757
1005002216299279
1005002357639666
1005001596588106
1005001918097869
4000543631036
32930935546
4001118779622
1005002259730391
32915591692
4000960595441
32784865111
33021612643
1005001834197161
1005001439048964
33007641764
4001127290761
32816299540
1005002245354134
1005002387558309
1005001525482451
32957330725
1005001350842006
32773873620
32830111505
1005002359408932
1005002322865759
1005002341899951
1005002259575432
4001169161278
1005002362514620
1005002333383371
4001281514628
33006642424
33005556107
4001257151935
1005002447425935
1005002381418758
1005001748362499
1005002086115159
1005002469204277
4000260099419
1696776462
32870104374
4000126107244
1005001280302480
32977883844
1005001269727736
32874077633
1005001355728490
32955692119
1005002372110069
4000049175928
32721506077
1005002427250362
4000979335035
32434174323
1005002417050240
4001320413920
4000857680465
1005002317201064
1005002427325551
1005001900090322
4000404690285
32834898019
1005001631831859
4001035285747
32816101560
4000586435253
1005001458719731
1005001750846629
4000469678753
4000339975838
33048244294
33015883032
32448361306
1005002290886756
1005001888877898
1005001632835073
4001313484468
1005002312440302
1005001455916938
1005002333219581
10000003691515
4000598733606
1005001464563894
1005002270382725
1005001565165039
4001224352659
32837164555
32859719100
4001005345531
1005002321935537
32874437544
4001061192132
1005002300937302
32851140329
1877128554
4000718162595
4000059138474
33035483755
1005002101971050
1005002305105357
1005001727053447
1005001936860264
1975032341
4000285825003
1005002079249244
1005002071517229
1005002393627696
1005002430986513
32833491378
1005001967531132
1005001482893553
32827970568
1005001621219111
1005002309310867
1005002308079052
32866763720
32801365485
1005002397903247
4000321948606
32997120486
1005001997355487
4000545972913
33002466436
1005001995026888
32795201462
4001118258623
4001041327222
32909935895
32618581761
32827524825
4001107794160
4001039004255
1005001339215232
32896371984
33013394697
32544701381
1005001475034419
4000860024110
32950957038
32862690931
1005002389651699
32833830570
32825341796
1005001685954560
32726166596
1005001303791228
32787975184
32662352876
1005002461650710
1005002221157446
32858475358
1005002124021486
1005002228878248
1005001697616390
4001135702872
1005002475886212
32614571849
1005002447566272
4000495522793
1005001621681807
32841116448
1005002371682133
33035327163
32895458837
32682097772
10000262386173
1005002268482654
4000207899265
1005001762856434
1000002011696
1005001323078098
32316741878
1005002317516053
1005001598478057
4000700144090
1005001643737539
1005002306422958
1005001705507547
4000240326212
1005001580111525
32951947709
32869754264
4000477334025
1005001418144230
1005001848793292
32945572125
32781685725
1005002344999413
1005001867294449
1005002299158052
1005002361409343
1005001280126266
32948993344
4000850501059
4000852796891
1005002344113341
4000018304511
33006894241
1005001644436064
1005001864482118
32878880252
1005002389145619
1005001525349875
1005001584542133
32897677253
32253178439
32991746516
1005001957398017
32975550297
1005002115510447
4001056907431
33009489101
1005001641425709
32815342194
4000547857733
10000027120369
32897749346
33007825053
32975041067
1005002335269858
1005002423785615
32905361872
1005002342033759
1005002176122944
1005002046660587
1005002479219117
1005002382057383
32838670539
4000924021753
1005001381576117
33004196877
1005002380405424
1779040709
1005002235698552
1005002475127496
1005002454025757
32820681378
32522060738
1005002280584876
33003144284
1005002320334622
33002792675
32248916929
32618948359
32459064671
1005001603723057
1005001633569156
1005002361774684
1005001516139905
1005002295369578
1005001835596165
1005002457165667
32802077349
4000511151228
32803239488
1005002348014518
32682888094
32860951043
33030865792
32979987813
1005002090642761
33043573308
1005002224636852
32902176419
1005002212736718
1005002206134047
1005002310616702
1005001588004955
33037306651
1005002205702788
4001039277367
1005001269978582
1005002379102756
1005002285891916
1005001635237032
1005002033173225
1005001387743286
1005001272927415
32848963884
4000505138365
1005001446882732
1005002342890861
1005002332173820
4000833427234
1005002278161959
4000343931132
32696209030
32770644183
1005001804167579
1005002129702164
32620562319
1005002405729850
4000227477175
4000267579617
33002971492
1005002426634943
1005001995017944
32970694912
1005002127108129
32852816128
32923231667
1005001957373563
4000906535051
4000460456825
1005002434139098
1005002198705533
1005002389070188
1005002256196169
4000211722922
33036653971
33021612140
1005002363988243
33013519872
32703309094
32848520973
1005001412678301
4000752529416
32962468024
1005001626341565
1005002220765750
1005001516823222
32967267165
1005002384446611
1005001705298884
1005002267959799
4000545123559
1005002340604090
33011490748
32957940105
1005001977434067
1005002323042504
33002622743
1005002058614496
1005001505983390
4001165908837
1005002233541190
1005002284237671
1005001664264625
4001234797076
1005001465635838
10000341696517
33043311230
1005001569534043
4000912536109
1005001700610790
33011255889
32755710039
4000008561928
4000320663548
4000755560479
1005001935097913
33032074925
1005002376540478
1005001763013779
1005002054372678
1005002349980879
32883257842
32976291076
1005002280864224
1005002261402050
1005002021879391
1005002448339161
33014516105
1005002359218247
1005001544370825
1005002099541286
32696124674
4001122287614
1005002286534512
4000731676971
1005001988505917
1005002428779811
1005001736974049
4000417599768
4001313300930
1005002361509515
33027816702
32806095767
1005001632696753
32893188798
32999984812
32854243046
4001278853718
33035420725
32851572373
4000405548594
32705504654
1005002224993392
1005002372608928
1005001391755780
1005002418633627
1005001993342229
1005002244692016
1005002467016148
32983125285
4001321810842
1005001264652746
33029638179
32965803268
1005002333888158
1005001590837412
32940624246
1005002235453986
4000626268673
1005002362346798
32885580702
4000090433242
1005002265029243
4000550918057
1005002325346136
4000465225982
4001207680648
32503606968
32886717847
32999091815
1005002298982260
4000636350571
1005002118645811
4001144756662
1005001398197167
32755287804
1005001815653478
4000267015309
1005002323208344
4000419782512
1005001829788376
32918261098
1005002390298851
33026378635
1005001785720680
1005002288329862
1005002332532812
1005002312093450
32908439520
32931822502
4000172731141
32722338704
1005002331642480
33011877691
1005002177960378
32665614958
4001066986095
1005002135362335
32817960514
32921492487
4000723387617
4001104203683
32946964875
1005002448833564
1005001456932569
4001197685069
32916728937
4001143552938
33063571461
1005001877568509
32818774847
1005002329207600
32917019716
4000886172489
1000004581726
32672166557
1005001846023407
1005002271934321
32803556433
32848619461
1005002021816490
1005001431445465
1005002427629747
4001234465911
1005001970696449
4000036733025
1005002312218048
718353961
1005002324712312
33027845073
1005002337789412
4001053071516
1005001672804090
1005002414665963
4001340228033
1005002276653230
32932881824
1005001722724013
4001113262100
32991225577
1005001788725878
32944044940
1005001721775511
32999615232
1005001813964064
10000304939587
1005001818896963
32991493477
1005001678534562
1005001670717246
1005002054890064
1005001456337302
1005001652112790
1005001344421463
33058507002
4001256319591
32292693807
1005002398025380
1005002371717246
1005002171599172
1005002313848116
1005001869950139
33053565570
4001196660345
32229764137
1005002234516539
1005001991179025
4000210585252
1005001592933642
1005002297829973
1005002329118194
4000860879924
1005002323630759
1005001407441313
4000154510337
1005001987580432
4000695764853
1005002063163263
1005002395930687
32802911641
33056566629
4000478862197
1005001736767224
1005002450508168
1005002314235305
32886184691
32848704802
1005001948284480
1005002443585653
32809745236
1005002246522104
1005002296963922
4000156627754
1005001349445893
4000123879948
1005001860759834
1005002315286959
1005001880271736
32956802681
1005001719180425
33010000825
32792775673
33040926117
32968181232
4000981158881
1005001284565511
1005002489978784
1005002270367308
4001251939023
1005002319066623
4000187420790
32946021042
32874974472
1005002382593969
1005001444833464
1005002389668023
1005001713551624
1005002467023104
1005002323488138
32369261340
4000212405005