33042452497
1005002314487169
1005001640484851
1005001731828634
4000602546514
10000377657138
1005002309645692
33017118982
32270228312
33050766314
32695989520
32736754891
33024123813
2038594298
4000994777947
1000007394650
32212951149
32615553638
4001242390752
32981066323
1005001703726635
1005002351241136
1005001348767773
32845350397
1005001564894500
4001004861747
1005001698671810
32822260397
4000838404804
32948096843
1005001287223628
1005002233521016
4001166165705
4000793620581
4000768884413
1005001822357235
32852960389
33045213423
1005002329119369
1005001430760398
1005001264633531
1005002314504486
33050704258
1005002364765751
1005002273615239
1005002221985086
1005002011965271
1005001374916173
1005002477693574
1005001897242372
1005002256815416
1005002168381143
4000482688869
1005002166650328
4001204121849
32953227745
32846133919
1005002392815538
32786745664
1005002028595216
1005002269564144
1005002363852915
4001360566419
902565107
4001169150691
32854826359
1005002401006585
1005002319475143
4000632973420
1005002281315962
1005002252632957
1005002402760320
1005002094794850
32857480394
1005001603775513
1005002289268231
33003605554
1005001731313169
1005002293734303
32882382535
1005002344232243
4000604310316
32973323400
1005001617679118
32993889309
32849379180
32962278614
4001287840267
1005002139650705
1005002361853684
1005001736836099
32965893620
4000429660215
1005001933252810
1005002418047784
1005001580877249
32883554766
4000002423095
1005002287155176
33017431571
1005002278083769
1005002286946317
1005002383300663
1005001893211997
33035962208
4000229089425
4000711249667
1005001849106540
4001240178472
1005001806034753
1005002181687060
1005002265337037
1005001779976099
32956377036
4001362035334
1005002276977817
32970489283
33021077736
4000332499858
32929849102
2048136598
1005001365862818
1005001447588254
1005001278530523
1005002281154186
1005001354223600
1005002474096994
1005002100038787
32835183667
4001208277814
33007103323
4001044200003
4000920422821
1345895415
32971654361
1005001467058003
4001163610436
1005002326971854
33023935324
4001090512287
1005002014109907
4001290508957
1005002318324601
1005002168231660
4000719730570
4001199646013
32689185419
1005002023537736
1005002084372024
1005002318743402
32849079343
4000332017175
1005002356064079
1005001452830478
1005001321116116
1005002430227766
1005002245104472
1005002332131130
1005002484077226
4001270577992
1005002210767600
1005002290700204
1005001599442079
1005001991936290
33027247732
1005001666046835
760064688
32645219052
32824555905
4001220489837
32967811212
1005002238523862
1005002426651845
32770087245
32996539731
32945988449
1005001648254878
1005001591951356
33027627792
1005002376249759
1005002187335200
4001222589552
4001179953470
1005002310961505
1005002316606181
1005001895383000
4000329068136
4000554502655
4000483129773
32812833425
4001313405783
33031696943
4000930271646
4001005217130
4000271910011
32355150757
4000532867568
1005001511269266
1005001875208283
33043427030
4000987210906
1005002286660258
4000253223071
1005001273507167
4000406157675
1005001845417781
32598952077
1005001900936785
32830000529
1005001834632032
1005001679254680
1005002001088631
1005002418258829
4001268327727
1005002292615583
1005002448726198
32925979036
4001231774120
1005002225058879
1005002056302948
32997501559
1005002400813433
1005002315829493
32866004771
1005002091207960
32956478973
1005002312441412
1005002314410488
1005001905411724
10000131375040
4001167595640
32807249753
4000105822039
1005001769749027
4000381037467
32998875615
1005002220455621
33000902406
1005001796974464
32968408718
4000959159861
32906098697
1005001418093232
4000463885354
4001090354750
32729216439
1005002271838698
1005002136088645
32970405990
4000268965232
1005002353090962
33025013796
32844828706
1005002237822426
1005002482711068
32872031401
4000772043937
1005002288404548
4000592741101
32920290471
1005001646682512
32806521117
32812155913
1005001789733068
32842862668
4000558610101
1005001346572184
4000982334265
1005001529747382
32853693230
32984167464
1005002042883384
1005001680539385
32961467172
33012354235
32920771924
4000777455976
4000250463072
1005001636362936
1005002490394744
33012204500
32227702098
1005002072587567
1005001873303169
4000395967788
1005002322604684
4000208359110
1005002219548048
1005002328310450
4001022703860
4001138483047
1005002293030063
1005002333680358
4000064773132
1005002354770025
4001286098400
1005001848587966
4000064088897
1005002219855976
1005002328542381
32980966239
1005002213892678
32246639282
32863047597
1005002241195472
32959177879
1005002262540012
33021975098
4000040677325
1005001375876996
4000987404102
4001299198174
4001138641610
1005002395883504
10000404596025
1005002339654828
32857002299
32946412413
1005001467699896
4001321561033
1005002394788876
1005002432144442
1005002377210326
4000420978571
1005001305468495
4000842355650
1005001516397155
4000463483986
1005002271483159
1005002500742352
33045319311
32900901597
4000691540872
1005001999983724
4001176821154
1005002252314829
32986897705
1005002324228311
4000386102792
1005002304991581
32726954822
1005002358442800
1005001315409628
33046933733
4001227162614
1005001354363369
1005002314479685
1005002346884574
1005002317327121
32795804104
32655038648
32892886847
4000062412180
32837651751
1005001669007082
1005002347117601
4001295889078
1005001845387551
33002724744
4001222472053
1005002277977980
1005001578675964
32945293644
32645682506
1005001450578918
33031305157
1005001865317240
1005002174945892
32626275944
1005002396506631
32770866494
32739597935
1005002409877268
1005002381073258
1005001313562938
32840105177
1005001669967870
4001047852418
4001041192678
4001214078006
1005001491435230
1005002345331731
1005002085070712
4001066249079
1005002270382356
33007234303
1005002000521289
33007324768
4001247430922
1005001971283325
1005001845988255
1005002237700031
1005001451922461
32910095051
33024448910
1005001607544315
4001242802932
1005002336609225
1005002282149903
4000890335982
1005001298395963
33017043012
32942472359
1005002346882600
4000092019149
4000341670912
1005002484834612
4000729868623
4001142731804
32990894244
32776617574
4001109599242
1005002233758141
1005001769619785
32597660031
4001042652222
32881202188
1005001750782328
4000156008502
32785964293
32701223592
1005001725229894
33053585231
1005002238712392
1005002304988102
32747390689
1005002240056511
33026419905
4001307471206
32674305052
32921324808
33001755381
1005002028467596
4000792992612
1005002321767704
33039844053
1005001475455850
1005002388761144
1005002414724366
1000008057664
4000108794758
10000261829794
1005001334232346
1005002478489606
1005001411454481
4001094821253
1005001613342919
1005002258795094
4000053083972
32613206414
32839640872
32590360738
32974653933
33010886393
1005002318371645
1005001992956220
1005002280668755
1005002345113711
32915552612
4000546563284
32877119356
1005001897503213
4000477068938
1005002244795121
32956479411
1005002467576475
1005002192931538
4001268950737
1005002317389107
32968680566
1005001779294290
4000303392991
4000594745324
1005002316349567
4000419630420
32988491398
1005002272977891
1005002345500837
1005002341535718
1005001966175529
4001138495596
1005002496737414
4001150387436
4001259946100
1005002002870681
4000932738055
1005002231533973
1005001774153987
4001345869673
4000804431460
10000384140931
4000794214322
32866267560
1005001797434654
4000246513821
4001247007415
32838787579
32701402231
1005001440705885
1005002400101300
33058494430
1005002413227924
4000026303437
1005001505202856
1005001525511828
1005001883473234
1005001642535193
1005002377089123
32954122593
1005002205643679
32526453590
1005001309841748
1005001894717006
1005002499582790
1005001565213482
1005002362482011
32867240012
4001049903488
4000897723842
4000232861236
4000842655426
1005001271157243
1005001375130289
1005002500426675
1005002476139932
32730881347
1005002032117981
1005002301448148
1005002390375881
32848327964
1005001431232338
1005002376383427
4001315767179
4000719612540
4001083532850
1005002060573853
1005002268886641
4001021599722
1005002383829106
32853329121
1005001598095065
1005001817073423
1005001812909630
32878280606
1005001340849827
33034510145
33027911317
1005002196478631
1005002428117210
1005002104720082
4001358251722
1005001617910364
1005001515876590
4001290137957
1005002082706819
4000748239385
1005002226371378
1005002069855217
32864123149
32862734467
32969783119
1005001770081890
1005002314277656
32844577705
1005002266786013
4001137697397
1005002388422648
32602981007
1005002459081082
1005001702622632
4000062748448
10000348053144
1005002198043302
32899805039
32913529692
1005002314476254
4001315956424
1005002244385410
4000814639807
1005001685667882
1393619324
1005002326814584
1005001604870401
1005002059069786
1005001537801314
1005001811033498
4001038763588
1005002168085032
1005002475825951
32968351763
4000642800709
1005002322572750
1005001513881898
1005001373858502
4000468761159
33039218797
1005002423785137
1005001952039312
4001031074689
32604582924
4000504866012
1005002314574137
4001121665104
1005002307974058
1005002253605236
4000473021276
32846593014
1005002326590595
4001097338895
32838640048
1005002315299635
1005002315843003
1005001739721860
1005001762588416
32830066532
32621386378
1005001290021008
32846760193
1005001939456307
32999074932
1005002332972984
1005002186921679
4001143014216
32976474606
1005002417769500
4000056247436
1005002256635082
1005001696014696
4000945158670
32806376056
1005001720623839
1005002338921195
32232050664
1005002316818543
4001234087819
1005001971859322
4000595967353
32916358278
32944853844
32950344248
1005002259536382
1005002359988877
1005001633390351
1005002221096393
1005002076390348
32889100819
4001023095350
1005002180398018
1005002282296901
4000431274949
1005002296611649
1005002471651589
1005001295647883
4001202685867
1005002286022292
1005001817871229
4000978964884
1005002480689139
1005001561790736
1005002438291626
1005002281993962
1005001889857089
4001254947563
1005001671251133
32953593405
4001110480898
567377252
4000258968709
1005001338671222
4000467884696
1005002094822837
1005001499060813
32952718804
1005002448446941
1005002259803218
1005002322660321
1005001652979054
4001255069766
1005002382922533
33048160471
4000617839230
33027812444
32901098880
1005001860719682
1005002329779289
4001262800601
4000219320028
1005002316258764
32964920267
1005002397852062
32978796965
4001302545382
1005002241155099
32687290310
1005001839407319
1005002325137818
32919033559
4000884885565
32732941358
4000966504956
1005002192560149
1005002372650701
1005002196556595
4001149233369
33040796510
1005001424876372
1005002227515963
32961032441
1005001875489812
4000626947153
1005001386223105
4001214196332
32949778991
1005002314026323
4001030773374
32508259676
32870179298
32923988317
1005002377015002
4001108934888
1005001617024997
1005002314123912
1005002358082581
1005002318953187
1005001515453378
1005001934387540
1005002306445164
1005002440228237
4001165505774
1005002301491789
32991046771
1005001990696094
4001187829750
1005001585742946
4001282961709
4000589375463
4000509668308
32806489259
4001308441820
4000742517699
4001175862189
1005002289737195
32856508175
4000817253647
1005001450450450
1005001863369408
32959180264
4000968154912
32854249315
1005002465228822
1005001949608401
1005002416087674
1005001966832359
33031584132
1005001325308461
1005002064939018
1005001633446636
1005002037155492
1005002387473668
1005001828860510
1005002474261554
32998482516
1005001566820084
32962229876
4000988053807
4001081277603
1005002350938717
1005001958351441
1005002340883762
1005001689338563
1005001494193721
1005001404916772
32622925050
1005002397546943
32910456543
1005002133598352
4000800178058
32971629027
1005002334575742
1005001450883533
32810192986
1005001573560157
4000823422242
32951330594
1005002400196986
1005002055893908
4001012969961
1005002175515536
4000782804167
1005001872227551
32749370224
4000825981639
4000872924765
1005002232828821
1005001340861091
1005002181342231
32856784377
1005002024619051
4001262953697
1005002119134468
1005002280828445
1005001491176265
1005001593797118
32966528014
32630218750
33054714090
4001057695486
32915162862
1005002277922403
4000047850593
1005002277880378
32890325850
4001320868394
1005002289077554
32704189743
1005002489986038
32479066107
1005001840990138
32990034014
1005002304466335
4001233978775
4001264555582
1005002443346563
1005002340496515
1005002370502686
1005001666115232
1005002311005400
32918682229
1005001624753589
1005002055295090
1005002009449666
1005002389673300
1005002278036087
1005002355492802
1005002372307619
32877919725
33008480691
1005002017517068
1005002392701304
1005002004803255
1005002166435720
1005002481950043
1005001453436239
4000043798370
32757499434
32858120321
33003080816
32818280674
32803514943
4000123354996
4000955223486
1005002406057833
4001270854727
1005001742340995
1005002312125487
1005001339124910
1005002316077176
4000167508182
1005002483155403
33027505833
1005002322040786
4001019960300
1005002294292461
32974393836
1005001573113245
32867668926
1005002334726904
32834257467
1005001465219666
1005002024360505
4000147237914
4000087405358
4000272933840
32761598524
1005002180148036
4001076275406
4000341155621
4000153203485
32360939607
1005002270682556
32721700775
32792993948
4000662452525
1005002474534579
32807552183
1005002352391765
1005002449240267
4000106266361
1005001693503784
32911483910
32842994003
1005001302335573
1005002356735908
33018104692
32874577008
1005001495689337
33022786598
1419275992
1005001306052457
4001041975985
1005001470574081
32991865966
1005002434323499
1005001652950108
32919089359
4001226067697
32775228534
32828498849
4000909484235
1005002323723315
1005002081251288
1005002433406057
1005002375257198
1005001982646731
1005002319366499
33007176705
1005002190636561
4000247203833
4001180280636
4001215379960
33013992052
1005002420733630
4000857435019
1005002496645123
1005002313675938
1005002353106398
4001165568687
1005001268578223
33002223554
1005002220083840
4000976110871
4000249017711
32890360147
32998084894
1005002219318977
1005002349558247
4001108448860
32651227246
1005002288531571
1005001560986410
1005002318986993
33027647749
1005002482372802
1005001282493109
4001326854421
1005002427456437
1005002220931658
1005002304418604
4000928968907
1005001407786611
1005001868564162
4001030143607
1005002268591794
32818822381
1005001456523462
32648139619
4000409053520
1005001996650108
1005002359450550
33016059352
32812982069
32977231648
4000577075606
4000430160318
32997546831
1005001486811421
4000903966842
1005002244635843
1005002206419698
1005002390130984
32414014836
32976826558
1005001473843923
1005002288176729
4000894985326
32827992905
10000306309823
1005002333911897
32961667568
1005001957474589
4001132148368
1005001678271564
32858731567
32953081476
1005002433253805
32914088786
4000774266064
32984618988
1005002453559283
1005001763207479
4001290301963
1005001865932164
32985529453
1005002005842965
1005002452657200
1005001607083384
32963566421
1005002370351607
1005002294178473
33049666638