32951786453
4000020112404
1005002326441907
1005001428985887
1005001977896886
4000808185152
1005002032410487
1005002458025217
32960927939
1005002205526286
1005001679024028
1005002334825337
32827581179
32528226489
32960133472
32958776507
4001215994564
4000085220843
1005001562999192
4001057230662
32822143537
4000666773472
1005001884576309
1005001694810250
4000258681510
1005002123145980
32817967074
4000960899344
32665319850
1005002371298961
4000203092498
1005002346347442
4000774743160
4000397493150
1005001888867093
1000006023191
10000369627924
1005002253458433
32846879198
1005002365753417
4000877158014
4000109607578
1005002176012301
32798949106
4000834164162
1005001667704031
4000531750280
1005001736757769
1005002388118472
4000561531274
1005001798524126
4001170636395
1005002383367229
1005002492486671
1005002198831150
1005001429063534
32954868576
1005002287620844
1005002443750139
1005001694352205
1005001639252370
1005002339591629
32888871877
1005001621204271
1005002431432414
4000163205024
32878819018
32999802345
1005001739545616
1005002215597349
32982924467
32635542917
4000279747739
4000786748199
1005002319243278
4000627119514
1005002088975446
1005001333807405
1005001458928875
33021019339
1005001678046843
4000817606218
32895499646
4001283755413
1005002342776905
1005001519769733
1005002309792895
32959885673
1005001844026894
4000779866607
4001143341705
32956549325
4000786776253
4000546555815
1005002423737472
1005002290867830
32608671892
32891967402
1005001797031328
1005001491606454
32840393061
4000035274748
32767121723
1005002242280492
1005001382392486
4001255773014
4000718318556
1005002421292778
32834811731
33027406810
1005001980110160
1005002482619894
32835144301
1005001727404919
33008026715
4001241987519
32750361025
10000001091732
4000469566793
4000718384778
4000092140768
1005001360373716
1005002395278667
32680262416
1005002319348164
1005002100139380
1005001918266167
4001021185089
32854038157
32996406378
1005001843065389
1005002450279161
4000466698205
1005001408092372
1005002317683148
4000850473435
1005001784107890
1798398088
32953176538
32907260818
1005001587941106
4000054430872
4000105367133
4000824039592
1005001718894382
1005001320778198
1005002450496451
4001010774455
2053883871
1005001883754350
32914205498
4000982656364
32860899708
1005002229546774
1005002458908303
32886796595
1005002265912210
32968620013
1005002448320718
33030730028
32619962927
1005001547645896
4000816636079
32958356741
1005001319934167
1005002367227969
1005001846078079
4000799637392
4001313778040
1005002381329542
32854154079
32795204034
32904203103
4000036819483
32920804133
32890178418
32653359340
1005002340514695
1005001954910698
32998051373
1005002313194435
32802823261
1005002398688801
1005002007589800
4000800847528
1005002307225540
32923863882
4000842830798
4000905714275
4000987525580
1005002310722069
4000437383339
32946599482
1005002319971224
32956380967
33008750843
32796105499
1005002337212510
33001184350
33005544249
1005002374350416
33003498949
4000363843517
1005002299119000
1005001664497538
4000444919681
1005002381601533
32777729476
32803849815
4001039777729
1005002323035150
1005001413867644
1005002426315390
4000666105456
1005002379178051
32918024450
4000654634077
1005001481172601
1005001891569664
32959634138
1005002368543543
4001196640555
4001153737730
1005001617177199
32377288210
1005002230203547
1005002321487517
32975756854
4000397486283
4001215881925
1005002253199248
4001179118961
1005002167262240
32823675667
33042071403
1005002287313123
32827045262
1005002125698405
4001229961497
1005001441475894
4001165890501
1005001656829722
4000427448247
1005001365098450
1005001405974776
4000449914037
405197336
1005002006313237
32459274871
1005002408130863
4000200675667
32841148149
4000985626370
33029307375
1005002310795542
1005002328482460
1005002337399067
4001075714670
32580441671
1789062268
32871234720
4000172398885
32958202728
32729508499
32783628057
1005002450447122
32977434940
1005001558294861
1005001301989708
4000180528644
1005001823997921
1005001864171611
1005002311076582
32975824638
32434678783
1005002323049775
33050041762
1005001807859269
4000782903477
1005002043635516
1005002276229611
32320784271
4000859967654
1005001739934053
4000377214641
32926035848
1005001761616990
1005001385570839
4001014446775
1005001437785596
1005002309404898
1005001373413362
1005002306597338
32850671245
32809173968
33033447164
1005002246134309
4000329640005
1005002312200192
4000802011828
1005002275526589
1189686845
1005002347128307
4001227994920
1005002304963491
4000025471809
33035351554
33061806562
32950433964
1005001338747017
1005001411042846
32844174614
4001150533881
33013545857
32770507044
1005001995253656
1005001525459325
4000525335661
4000016157580
1005001851002489
1005001688377920
1005002390565744
32945573256
4001245769314
4000867409521
1005002199382605
1005002265099215
1005002477957288
1005002191949466
32863938052
4000724307570
1005002446850738
1005001838700832
1005001729441037
32900160190
1005002099298302
1005002121902136
1005001779620216
32383806766
1840754599
1005002194046899
1005002055589021
4000868826759
32968205656
32646597319
4000991023123
32909311625
4000497886848
32332251604
33021601940
32943135661
1005002453311440
32817388709
1005001500521582
1005002259343238
32921955523
4001152383757
1005002467712680
1005001334069769
1005002434615849
1005001525369577
4000226214512
1005002212822607
4000888986570
33009716774
1005001657884321
32652742324
32354503114
1005001913222364
1005002233113554
4001297845240
4001297150679
32974352191
4001230307780
1005002069615867
1005001975288583
1005002042058980
1005002224925168
1005001841443770
1005002287941518
1005002054887661
1005002334861188
32881302549
1005002386946770
1005002485553345
1005002288274518
32810522796
4000817254669
1005002277523974
33000509439
1005002393143645
32826144006
4001237832759
32949197128
4001065870755
4001111754400
1005002201031148
1005002344141308
1005002232033128
32321232974
32860620186
1005002261022016
4001150299667
1005002186425677
1005002254349130
1005002318733705
4000990976533
1005001928219735
1005002255415775
4000245006547
1005002306421300
4000670627203
4001360990341
1005001286166864
32881068635
32888676894
1005002071435233
1005002179431293
32495246240
33036073024
33021944052
33004360875
1005002443793106
4000155853204
4000580518183
32995851439
1005001972892393
1005001592389236
4001112270081
4001223539831
32701847523
1005002281971090
1005002288416128
32756117430
32818828016
32964114291
1005002323241406
32876459098
1005002440078574
4001247619287
32858697243
1005001506776273
4000850626830
10000057094064
1005001947158623
1005001305363345
1005001863981391
750979904
33007263039
10000052739536
32978246897
1005002365159072
1005002413328016
32702600934
4000849690863
1005001525439373
1005002456739535
33049263653
33019013254
1005002310907901
33013363700
4000227527608
1005002001739731
1005002166410061
32919736966
4001180053330
1005001506490831
1005001438795823
1005002454531454
1005001975148178
1005002469559651
4001237207515
33025555991
1005002318986024
1005002396862162
1005002052628376
4000216304339
10000308699672
32839698383
4000717457212
4001272554208
32968729515
1005002229127167
1005001817070315
4000142036882
1005002289044868
1005002440170066
1005002226056960
4001227558148
32984119047
4000180716997
1005002196724518
1005001556463160
32893447677
1005001726053095
1005001858595532
1005001284774746
1005002239363418
1005002270511086
1005002400541186
4001339563442
32839001890
1005002308988187
32921724703
1005002279154251
1005002242878744
1005002365003323
1005002326105977
4000553589334
32738096955
32924234230
1005002130308513
4001196297308
1005002204049884
32899939896
33032047456
1005001831840733
1005002253289694
1005002495364052
4000307897507
1005001528849080
4000778694500
32297274785
4000132696590
10000407852875
1005002466755955
1005001825505126
1005002286288913
1005001843164960
4001061677754
32730369129
4000798170023
4001289058179
10000028400941
32906161146
1005001883235830
4001205389509
1005001540007316
1005002305488970
1005001844600415
32961073283
32841915700
1000007251743
32980033421
4000742186077
4000311587276
4000483757841
1005001901985155
4000818262369
32853627360
1005002368560763
1005001594609860
4000178896174
32858314328
1005001570610795
4000173275328
1005001381892505
32840125925
1005001942851791
1005002314294448
1005002324258611
4001228496260
1005002386515844
32997541559
4001219345585
33044572776
1005002306461356
1005002350421444
4000184317893
1005002385309345
1005001975891810
4001018486074
1005002387717277
1005001429985562
4000780225983
1005001794459095
1005002406414533
4001082677765
32835680917
4000199658115
1005002108000133
1005002066340160
1005002328559632
1005002460153873
32772082309
4001349425040
1005002318899980
1005002327586769
32228963172
1005001965582202
1005002310842496
1005002321761436
1005001597540640
1005002394712902
1005002341243037
32980874479
4000850498203
4001196124380
33009387977
4000386490303
4000178406355
1005002359229322
1005002353349709
4000473049611
4001260513924
1005002052398952
32838247950
33023181140
32995935658
32304245644
32893904038
1005002454377073
1005001708920923
32854103538
32895366613
4000977074209
1005001774283115
1005001397079703
1005002300295629
4001200046203
1005002357750210
1005002248986470
4000385227729
1005002256596131
32916216970
32870390411
32659180243
32862691101
1005002320866158
1005001808832420
1005001432771815
32997154571
1747054659
32770661784
1005002321679263
32912145698
1005002314631938
4000188778559
32861333377
32945977976
1005002366140067
1005002280644150
4000063037790
32887173864
1005001436359936
1005002275761171
4000048015249
4000696135599
4001345738447
32828490862
1005001883146581
33024771525
1005002307133043
1005002337404026
1005002006048965
1005002383285178
4000480284195
33021644593
4001036626337
1005002310919734
1005001698919469
32994162096
4000125420422
32970743941
1005001700908617
32713254619
1005002205035979
1005001901441795
4001264698106
32846146827
1005001597512940
1005001953339411
1005001854069178
32845390291
1005002481346965
1005002357072663
1005001686150487
1005002468187190
33004708268
1005001639256062
1005002127085623
32846486693
1005002367777858
1005001579689874
4001030575659
4000050421008
4001151005962
4001241721502
1005001265316194
4000945196551
32832629860
1005002421571639
1005002375053140
10000312343571
1005002426344819
1005001765754513
4000473091025
4000413766416
1005002247969551
32907376317
4000543571955
1005001927613797
1005001719207066
1005002340046703
4001172904552
32617798221
32826095242
4001290570898
32249866645
32955046499
1005001596495092
4000909254884
33015591013
32967384606
4000981757919
1005002424329942
4000955959725
32792484845
32996222839
1005001894414375
4000014166160
32974146086
4001247582051
1005001529801017
4000184194514
4001064935106
32970858922
1005001710866475
1005001823306349
1005001579112953
32892302793
1005001919239674
32725314461
1005001556405558
4000459683741
1005001798377177
1005002258251874
32631263282
4001296365324
32966108399
1005002300120412
1005001633997283
1005002341121891
4000828315415
1005002495369428
1005002136352284
1005002332780332
33032318054
4001294443003
1005002206470135
4000382588756
1005002380886489
1005001656792761
1005002289876751
33005770122
4000871391969
1005002428466677
33019281878
32956384991
1005002477457830
1005002329578134
1005002439826099
33017960338
1005002244288266
33001085913
1005001872964234
1005002199142312
1005001809618990
10000044776770
33060606489
1005001579472173
4001136693337
1005002442979577
4000781403785
32766055572
4001068834718
1005001715857269
4001152122599
1005002400908460
1005002406954393
4001039386772
32851524567
4000030076379
1005002317313919
1005002398387069
32967590738
1005002122468583
1005002376268400
1005002363836246
32893259642
32901806497
1005002347675958
1005002357570816
32947323903
1005002433272004
32789483971
1005001621816190
4001251814578
32900423282
1005002378459558
32954493929
1005001723166196
32717930675
1005002319222703
1005001697862992
1005002206210214
4001014020484
1005002386917327
1005002477114817
32955971670
1005002408031075
4001263147119
32606570754
33043550899
1005002227895276
1005001989510741
33056862239
2044147345
1005001738085034
4001285190576
4001206075396
1005002301099276
32856166834
32832644516
4000402204072
1005001847637340
1005001900621294
4000204997660
1005002034495903
1005002319907075
1005002355752884
33056120224
4001068940384
1005001386383299
1005002248322454
1005002387802047
1005002388637124
1005002240775818
1005002181707142
1005001379665572
4000277102258
32886184308
32833061777
1005002214926192
1005002122483310
1005001303773742
1005002439608567
1005002340982308
32757658541
4000941846693
4000443895194
1005001916435242
1005002244490538
1005002265399009
1005002460639524
4001042749755
4000893235196
1005002399166436
1005002485798406
4000817274031
32922671830
33040435258
1005001961520785
1005001987661472
1005002172329377
1005001882388242
1005002339076923
1005001405748551
1005002083971569
32924843257
1005002407591819
1005001632234824
4001108190628
32978666241
1005001616438157
4001227770032
1005002315290634
1005002430245387
4000720104234
32597646352
32408954227
4000708557188
32841713097
4000832358918
32890568798
1005002392337843
1005001287620693
10000306182146
1005002219351945
1005001770069994
30000000611739
4000959017239
1005002366437080
1005001361812572
1005002483308384
33036732119
1005001993637194
1005001570868328
1005002470164685
1005002323702636
1005002385043358
4001093284470
1005001951749543
32858233739
1005002291788472
1005001967356076
1005001287974869
1005002326323094
1005001373600590
4000704976359
1005002055148149
32696335461
1005002289710343
4001093081444
32871982391
1005001493806680
1005002317680350
32798284011
32881940791
32270228936
32830572750
4000222538192
32978981556
4001237764027
4000943159375
1005001337831981
4001120194640
4001185794329
32954078272
4000432793583
1005002459372432
4001208912629
33043455863
1005002244233901
32835182480
4000251646782
32826387941
1005001551390994
1005001624897101
32867102761
1005002460339489
1005001584800971
1005002406696192
1005001289985796
1005002314251652
4000560791526
4001143030846
4000116469831
4001269043160
33035144687
32928584409
1005002291095779
4000691755951
1005002232285223
32921476753
1005002494494625
1005002320995872
4001030070950
1005002313818576
32841044117
4000989871783
4001160818785
10000399954470
32878556678
32811783589
32841535819
1005002352535826
4000645286225
1005002074944783
32593243415
1005002296960257
4001085847377
4001090587978
1005002312556498
32829977137
4000473684710
32694801043
1005001335113091
1005001648510754
1005002370805999
1005001634686273
1005001936992372
32696178231
33011762282
32864568726
2021787868
1005001688340694
33051562015
1005002448645090
1005002191212631
1005002368992591
32806031227
1005002321958247
32964119433
1005002340207861
1005002343481673
4001114738520
32859333226
1005002472946677
4000965709719