32920179717
1005002317687067
4000429942532
32963576895
1005001594257165
1005001994236106
1005002396785924
1005001515798944
1005001768839153
1005002234223820
1005002301226883
32998151322
4000266133800
1005001834423424
925648284
32989212758
1005002319119132
1005002492331425
1005001695366868
1005002167866308
1005001848660093
1005001595737904
1005001976636126
1005002377330248
4000385263480
32833121331
4001333535490
4001145785853
4000150510199
1005002248578816
32993405050
1005001763716880
4001030368894
1249466019
32970928646
1005002292587553
32991777634
32814125929
4001108188739
1005002181075025
4000990946671
1005001909784622
1005002260779900
33046094450
1005001949890432
1005001300148589
32914032846
33017099795
1005001556964290
33010713955
1005001422887995
4001307170878
33005512684
32926069400
1005002318828959
1005002359730837
1005002307783724
32810627331
1005002315371278
32917587915
32811367357
1005002443487307
4000936755570
32890748066
32904563470
4000805245171
1005002423908681
1005002382035849
1005002359238179
4001285641320
1005001499136845
32765344306
4000733107816
1317735402
1005002417987847
1005002476498573
32861588855
1005002281983404
1005002348522321
4000262600145
1005001398622572
32851321426
4000131451397
4000170446308
1005002279161875
32826175221
4000627327322
1005001308767539
1005002361349822
4001153555972
1005002447994452
1005002361925031
1005002175501973
1005001529971779
32954250203
4000246930919
1005001787283584
32917169744
1005001326099369
1005001561740503
4000336819835
4001026684533
4001094245222
4000909586751
1005001538461720
1005001495167978
1005001921737537
1005001457107135
32828957483
1005002323447469
1005001386287058
4000079553076
33047644391
32976319074
4001280683804
1005002282853950
4000043687963
4001052123148
32828844819
4001278975887
1005002408675774
1005002382932990
1005002379852224
1005001620652547
10000178121975
4001231781802
32736149643
4000504536879
1005001617615666
1005002333413816
32720075778
4000641762925
4000348057690
4000989649014
1005002177987202
4000108702266
4001299994573
32956293390
1005002116159232
4001280022105
1005001273450347
1005001792869889
1005002365829304
1005001949749724
4000014354134
1005002388321646
1005002434772718
1005001632117154
1005002303606630
4001130527002
1005002314704981
1005002447748257
4001081008142
1005002388429029
1977802819
4000295183315
1005001682622775
33001812767
1005002276568163
1005002286946950
1005002235032169
1005001860320618
1005001830403256
1005002069522905
32952332089
4000849383607
1005001631121344
32905943097
1005002047240040
1005002346378712
32722076851
32856617741
4000493708869
1005002493256045
32885593236
4000877930677
33005420331
32674277423
1005002264961940
1005002294282208
33042513444
1005002427602334
4000507169212
1005002273054165
1005001368300995
1005001321191566
32953056443
1005002247317692
4001186710742
1005002490882791
32888499995
4000663795939
32958997310
4000523035972
1005002382806315
1005002063089768
1908752726
1005002372718787
1005002311035384
4001053167889
1005002319047745
1005002349823882
1005002314006308
1005001998411798
4001286264235
4000980048064
1005002233231528
1005001624908988
1005002246554510
1005002470829066
1005001656816817
1005002391007916
32975480250
1005002447948437
1005001617018948
1005002428656672
4001041133511
32849418731
4001284251747
32828605270
1005002388300921
1005002058962603
32824685091
1005002240328941
1005002315491906
1005002337373065
32654444770
4001003001493
4000498025022
1005001476385574
32672601620
33009090789
4001149454962
1005002024434810
4001269326693
1005002252139340
1005001812196025
4001147291506
32877486994
1005001963082785
4001235630163
32968079009
4000140688565
1005001893590549
4000070945745
10000127317243
4000774568280
32856830501
32808920697
32983672613
1005001659685399
32970111455
1005002368995001
1005002254847570
4001108168929
1005002317482791
1005002418761780
32996729518
1005002446565197
1005001824971018
1005002239801411
1005001841326956
1005001478807816
1005001998497129
1005001683633424
4000069742905
4000691195151
1005001315108551
4000960932610
1005002306229370
1005001587356809
1005002337192739
1005002367443637
32881317333
32954397415
33054380607
1005001758352348
4001047730795
1005002309571374
32920704884
1005002457347777
4000859017267
4001340198486
4001231423919
1005002282341525
32819715745
4001130939603
32809317538
1005002449066996
33010611562
32708352551
32959432258
32882091111
4001130788540
4000966969252
33025492261
1005001681731954
1005001999541612
33005460729
32556018476
33000518000
1005002395284274
32954077226
33003794758
1005001500487414
1005001470642808
4001034116475
4000315018229
1005001933387097
1005002323632648
32667122837
33013008998
4001314383762
33027800751
1005001831419023
4000893392114
1005001659114248
4001106707797
4000930751516
1005001769604168
4000850744695
1005001807627200
33010248867
33054787642
1005002344921872
1005002269067050
1005001821256841
32854257413
32919622381
32531523958
32916672654
4000816574268
1005001756041259
32971612127
1005001658112952
1005002032944202
4000067555670
4001288032676
1005002314331893
32967553133
4000058481627
4001221693320
32948443775
4000210150406
4000376968927
32760130041
4000134238241
1005001597680633
1005002382819014
32828387432
1005001799228791
1005001398696558
1005001689122806
1005002314302987
4001158617762
4000484406484
1005002321666991
32817044339
1005002347963392
32931657595
1005002368953218
1005001937970225
1005001622011920
1005002263424959
4000965828133
4001136216366
4001239280394
4000269322088
4000378281265
4000410142833
1005001998398591
1005002450963409
1005002238000587
1005002386194240
2036579283
1005001847631706
4000317694025
1005002385670953
755978983
1005002318646082
1005001762570968
1005002248871013
32915589175
4000287778001
1005002483915499
1005002413940529
1005001291367145
1005002153535146
32853373877
1005001313879092
32949510077
1005002330930845
32823029990
1005001709282151
1005001929970045
4001040873953
1005001524307652
32983072671
4001238459650
1005002120779784
1005002224194141
4001229485607
4001272098707
1005002313967261
1005002395833930
32846562073
1005001816674647
1005001855812591
1005002367536521
1005002396676168
4000336968940
4000373208074
1005002420492482
4000172396457
32975249398
32391718859
1005002244644591
1005002362798797
1005002306538080
4000980078507
10000135343433
32804576659
1005001846353948
32845255692
1005002172089145
4000927725379
1005002322713709
1005002252581888
1005001605153073
4001274985480
1005002358459107
1005001550994659
1005002289081945
32969887533
1005001595896321
1005002476431074
4000867837977
4000982497939
1005001828668853
1005002357568944
1005001618146760
1005001676963670
1005001644023450
32861512067
1005002265162851
1005001397583723
4000243489094
1005001380384024
32906060903
1005002422847049
1005001773857084
1005001896937844
1005002390467939
4000226843178
1005001652753187
1005002272755012
1005002377138341
32948873419
1005001990303319
4000205813366
1005002374860449
1005002467751966
32954614915
4001165968211
1005002477978588
4001031830029
1005001833789343
1005002082177906
1005001380776432
4000430240867
4000576376240
1005002338747250
1005001893434510
1005001858346397
1005001405951669
1005001780786589
1005001873339118
1005002328364291
1005002449594391
1005001265420767
32664536305
1005001437470978
1005002222686256
1005002474711710
1005001700532459
4000784523433
32818923164
1005002218102501
1005002439596154
1005002004552461
4001238472702
1005001943366833
32877731924
1005002412464125
32994276740
1005001772041379
1005001784628698
1005001868863097
33020227820
1005001671814126
1005002172927892
4000420094588
1005002460891837
32760259928
4001125018857
32879829723
32567897098
4000333126583
1005002312210761
32921911677
4001231366431
1005002301582412
1005002430047451
33059447468
4000118488485
4000025879298
1005002324294387
4001284249353
33008143711
4001053687563
1005002473241257
1005001793120276
1005002407862862
1005002443626526
32918758395
1005001587231845
4001134766626
1005002333492010
1005001467905263
1005001529093638
4000537381306
1005001670885044
1005002282389967
1005002074847864
32721189997
1005002321907725
4000392996943
32550687201
32855788406
32353973027
1005002316626624
1005002416856482
4000767138708
4000245341127
1005001882735152
1005002271379448
4000260892204
32873415973
1005002263940770
1005001510101015
1005001514172419
10000337562373
32952681382
4001056864924
1005002152942942
1005001454528609
32811615026
33018880653
1005002382629629
1005002240978085
1005001871291599
1005001809539210
1005001457858724
32962022969
4000255535010
1005002224238740
1005002339865975
1005002145989978
32896505613
4000861515462
1000006328764
32782768098
32796463586
4000842644682
1005001501392900
4000168374289
4001364508470
33047144122
32852836117
4000004503189
1005002362007956
1005001665496661
1005002326512466
1005001458661679
32969034065
4000861422846
1005002113214299
1005002440860310
1005002482103257
1005002328694228
1005002416388785
32745154236
4001093786280
32727531915
32913222980
1005002265163016
4000245434336
33008470288
10000148311543
1005002430260763
4000849244627
1005001501443462
1005001496653988
4001193357416
1005002372117792
32970746438
1005001972922093
4000191649108
1005002304218923
1005001813466634
4000473804611
32462567342
1005002402270402
1005001408415564
1005002058409733
1005002008509514
1005002311944087
4000200288269
4001156672540
1005001942744411
1005001992776384
33045880706
4000098829333
1005001966501683
1005002286752600
1005002100650394
1005001844738655
1005002313737039
33041896845
1005002351908728
1005002014886078
1005002233459422
1005002389397775
32933366345
33031703987
4001360127174
1005002359282712
1005002317690163
4000623887716
4001261269428
4000081659509
1005002292603682
4001228035034
32979661527
33034590905
1005002455264120
1005002352683460
32962613845
32979440847
32849770482
4000497720228
4000322094802
1005001392416868
4001313583371
1005002423661053
1005002245381062
1005002430336227
1005001645093458
4000811036470
1005002268498553
4001160474933
4000563912105
1005002453016428
4001282991745
4001045995122
4001196802096
1005002264324446
32854426103
1005001714765542
4000545553621
4001115888141
4000346034676
1005002048793395
4000709458163
1005001992506668
33005896793
1005001438826584
1005002304378271
32998702563
33003907939
4001296372194
1005001839404867
32965774355
1005001860724225
1005001900639667
32989263133
32992326381
4001080905935
32846941375
1005002359283471
4000241981556
1005001405252617
4000010142058
1005002244265069
4000263332171
32849440889
1005001579993837
4000046586773
1005002336107120
1005002317197929
32833421007
4000815030740
1005002500520150
4000977227517
1005001821455866
1005001278417617
4000714348695
1005002310871868
1005001616883934
1005001742917935
4000535778802
1005001808008574
1005002281670916
1005001671031644
32991203187
33042360259
1005001792645492
4000785775174
1005001883343797
1005002193108563
32917430409
4000195645436
4001365760398
1005001697482379
1005001591551889
1005002293386462
32895117311
1005002402554599
32885804575
4000229479277
1005002476370595
4000161182074
4000661077371
4001064784115
4000943886840
33025479870
1005001940011960
1005002347755698
1005002246478517
1005002489264347
4001202570071
4000530532435
4000539074485
1005001457798556
1005002246722297
4001302181531
32839471646
32953917699
1005001457568323
1005001506598589
4000426701190
1005002221460657
718209040
1005002247922067
1005002423897584
1005001630729392
1005002439151649
4000915820796
4000205897773
1005002426811658
4001037542417
1005002350687891
4001040952301
32789904710
32815836876
1005002052580366
1005002223685119
33012434735
1005002330925862
1005001275968903
32968527823
1005002322662155
1005002393297237
4001278899687
1005001771651629
1005002439951346
32825037187
1005002169130943
32615268080
32724150169
32884169773
1005001821877144
32949931038
32831601644
1005001452651674
1005002120994159
1000007497919
1005001670226388
4001015777515
1005002087410070
1005001626189530
4001214260412
1005002399294595
1005001513347292
33053472596
1005002225689031
1005001364716637
32602520128
1005002459197588
1005001812016512
1005001984838829
4001193167754
4000103982570
1005002178324314
1005002448218417
4000789097091
32816656530
4000042162939
1005002246914942
4001104424747
1005001549801619
1005002487656226
1005002412795704
32793313127
4000334415292
4001361324769
1005002439658806
32376714340
32710699538
1005002329250401
1005002491377870
1005001966128584
1005002299747155
1005001862711690
1005002312127486
32975076610
1005002068664028
1005001625273211
1005001858845519
1005002257518956
1005002413972117
4001090157931
4001114531702
4001010576114
1005002331967439
1005002219641754
4001042452960
1005001607214936
4001245871004
4001040280177
4000307495751
32848422509
1005002167788966
4000917571468
32786706367
1005001935587947
1005001779729282
4001294287561
1005001597032672
1005002465503393
32839912729
1005001952967908
4000747330486
32858478664
4001034475597
1005002252345344
32455067780
32796691757
1005001579971629
32762282768
1005001872445156
32856470354
32982068767
1005002070438182
32676657400
4001205286708
1005002401713551
32996608639
1005002443677294
32607480439
32961753244
1005002341818881
32837441922
1005001484184232
1005002095813597
4000927689579
1005001604321066
4000822227697
32843437416
4001250137663
32922267151
1005002218536137
1005002042072147
4001158483534
1005002359414491
1005001808168603
33005266182
1005001960139421
1005001824455071
1005001612901665
1005002300825044
1005002114427811
4000042528146
1005002114902819
1005002235675941
33000888611
1005002034353946
4000141457879
1005002281979097
4000789744573
4000663653025
4000473352393
1005002101928797
1005002383283256
1005001483539970
32249374031
4001310448471
1005001642960257
1005001530877235
1005001497457478
32685115701
1005002409526208
1005001926043683
1005001667499842
1005002319265557
1005002287316047
32946509048
32608511950
1005001966171249
33056174067
1005002223594204
32922825795
1005002287026955
4000054279056
32905056407
32767553797
1005002459902257
1005002254825884
4000301034168
1005002270808486
4000045123348
1005002348436858
1005001704551940
4001294026794
4000898889153
32949712424
1005001868795778
1005001987652008
4001141524912
4000959244034
1005002400417062
4001339364372
32816496110
1005001672602700
32965336576
1005002275446782
1005002108593255
33006417801
4001065745767
1005001607341195
32970752025
1005002317998816
32892402218
32921823282
1005002142742626
4000149480521
4001251044676
1005002446629553
4001270643609
1970475793
1005001305536333
32843989492
32681741047
32962214552
4000253185527
32638828761
4001341892067
32976130912
1005001339002540
1005001457817300
32854395161
32766263742
4001265071244
32907318943
1005002076684051
1005002022620402
1005001913397659
1005002091300939
33001825160
1005002400095576
1005002377228318
4001251874031
1005001558301019
1005001791735734
1005002259784661
1005001413102238
1005002488901439
4001361069496
1005001839786769
4000899631550
32968972104
1005001671048357
1005002287236851
4001055819914
32338661970
4001302421438
1005002066123669
32820950057
32815371308
1005002301152726