1005001960282074
1005001279482545
1005001592159576
1005001626375638
1005002434522908
1005002367775173
1005001817165737
4000246191018
1005002342191628
1005002371787254
32796691678
4000027109812
4000262795751
32852113975
1005001326635842
1847438376
1005001494537827
1005002264846739
1005001857878822
4000150700785
4001013457467
1005001698008515
32976486734
4000780240479
1005002462488871
32843138310
1005002417057442
1005002265608044
1005001786282196
1005001642934495
1005002168045874
1005002399706085
1005001935719108
1005002387301855
1005001388813234
1005002246417648
32838652261
32869275935
1005002412798543
32869581181
1005002436210063
1005002470821994
32364500693
32676842044
32841511419
1005002215327380
1005002302330320
1005002489850816
1005002197238144
32962071150
32965964645
1005002377455296
32832971021
4000297431170
32856105688
32965618991
1005001798530463
1005001703985347
1005002322423580
32760961135
32975752641
32994044099
1005002424229207
32919564884
1005001890026880
1005001726994824
4000324300620
1005002326293531
1005002271034692
1005002206505170
32946736196
4001190128302
1000007780882
1005002275502751
1005001639985321
1887836900
1005002237567763
1005002271964309
1005002237821979
4000001796659
10000154559488
4000401348821
33058173911
1005002352489691
32892567816
32979680694
1005002341338366
32964412364
1005001330683241
1005001494056156
32971096222
1005001436491835
32992361584
1005001888759533
32961922569
4001042839131
1005002330163047
1005001844948916
4000609550889
4000167091675
1005002474851187
32988064163
1005001275081866
1005002392102679
33019230770
1005002201512043
32970699867
1005002466067843
4001164051765
1005002389830431
33006124330
1005002474891763
4001151305081
4001293389785
1005002259614559
32980056845
1005001802148566
4000411843738
32875001156
4000499163154
4000090362727
1005002212908850
33003466832
32954955512
1005001524200982
1005002462350479
32831027697
4001360157842
4000990820812
1005001349523543
1005002428882466
1005001672455343
1005002194149589
4001314731201
1005002263984512
32973028388
1005002253696336
1005002374955900
32826312723
1005001560587309
1005002007981032
1005002099031340
33060363257
2014295267
1005002279493780
1005001839040180
1005001924666082
32813763227
4001284976628
1005001744163593
1005001326259706
4000830196522
1005001490724036
1005001900624674
32829369490
1005002309878783
4000467634643
32729292847
1005002421004005
32434276699
4000420651565
32952436148
4000857887592
1005002431121241
1005002370732774
32975222172
4000069157607
1005001391750969
1005001423462676
1005002384997659
1005002327204041
1005001804825233
1005002363892720
32990387410
1005002304501124
1005001829088749
33056196236
4000837550731
4000986116865
32822227237
4001226672121
1005002291541951
32838858503
1005001810741325
1005002052501662
1005002449764524
1005002315852349
1005001695723356
1005001576791134
32660473971
32889365876
4000833708427
4001084391484
1005002489268773
1005001818227248
4001287117807
4000623957662
1005001837069323
1005002418644405
10000244080719
32752648583
1005001608717390
1005002428487324
1005002089523142
1005001717948867
32884930704
1005002409388592
33000271518
1005001315833414
1005001862419989
4001196330954
1005001855133033
1005001405488395
4000200349754
33030529772
32952864610
4000695217868
1005002318870059
1005001957386607
1005001870657912
1005002283852880
4001113359050
4000480234301
4001160141586
1005002313336893
32987398099
4001207533276
4000994971137
32623298382
1005002337844913
33016343003
33031616280
33053430160
4000043946611
1005002312033983
1005002256202518
1005002404253645
4001084672680
1005002302522112
4000830933639
32957700509
4000411718192
32838812352
1005001998394409
1005002278474165
4000571098313
10000400001527
32789721627
1005001774917405
1005001984226553
1005001706062748
1005002210192289
1005002469096322
33048263341
1005002213227924
1005002467471203
1005001387201264
1005002345204466
1005002366076398
1005001509504286
1005002344183845
1005001728288573
1005002004499825
4001160530479
1005002282838426
1005002365447147
4000292037605
4000928361673
4000068590331
4001142871298
1005001298148485
4001225877940
32802124047
1005002399642465
1005001772280784
4001169977208
1005001836035825
33044668078
1005001736710371
1005002388294746
1005002219896171
4000866562176
1005001521742643
33050131025
1005001393297531
1005001387211716
1005001627206298
1005002347707514
1005001704905804
1005001727146452
4000314824185
4000806369721
32916053815
1005002282597810
32958277647
1005002281894436
1005002221567533
33056450568
33003986478
4000994299255
1005001561156683
32464305500
1005001610197674
32756549076
32881694473
4000203258783
1005002133747354
32855906186
1005002260661788
4000534807971
4000996508034
1005001439190080
4001005618122
33026511556
1005002330459727
32696022734
1005001504156573
1005001631673902
32951237534
32815907660
32792342094
1005002264028760
1005002260880085
1005001677518789
1005002404836534
1005002453748440
1005002413440706
1005001321132673
1005002357614309
4001317782048
33023506402
32814056258
1005001910565226
32307806836
10000155305473
1005002425938519
1005001367623876
1005001626500675
33049567584
1005002277736107
1005001525434584
1005002255146418
1005001752914401
1005001864449929
1005002118926474
32991835274
1005002416897229
1005001864715503
1005002245052576
4000198845908
4000310569356
33050027162
32957501590
32823152080
4000381678494
4000554825109
32902634022
1976117729
4000126003275
32970633250
32975657594
4001300205451
4000290769632
1005001663069210
4000166159931
1005001961923940
32869120734
32879783112
1005002400657985
1005002271940988
4001019150417
4000478461611
1005001719260138
1005002382321131
1005002442725752
1005002314795934
4000917201794
1005002280538691
1005001729078598
1005002197691506
4001195422319
32840354075
1005001645207692
4001171564320
1005002333663806
4001160337430
1005002317859169
32809886889
4000726883813
1005002405922898
32565545381
1005001646143196
1005002201915426
32918150681
4000628082278
1005001592235929
32800437208
33014828456
32826355825
1005001793919586
4000989569986
1005001744490207
4000287229280
4000969405527
1005001325350116
32956155094
1005001918862318
4000767711890
32940616019
1005002271700045
1005002424748643
1005002354472075
10000387388916
1005001653155713
4000921299563
32818879762
33061139979
1005001640329212
4001035099895
1005001750410208
1005001639967198
4001359265017
1005002235532881
4000479028892
32962849652
32636777650
1005002352678537
1005002130057051
32932032766
1005001431849003
1569285983
1005002360199418
32999612129
1005002499192727
4000850608120
4000532498019
4000853831408
4001228068394
1005002323528874
1005002205656488
32963585343
32797828179
33027834777
32893613446
33019822808
4001050471705
32845830851
1005002206539211
1005001433739503
1005002422142490
1005001279345203
1005002427125030
33062143187
32847494635
1005001448785735
1005001575682541
32823799844
4001084931368
1005002304105331
33044752927
1005001593007548
1005001870295701
1005001882394047
4001232857892
32868329628
1005001611698630
32973270097
32887547349
4000707542955
32873124183
32605112945
1005002339816793
1005001571636372
4001325831041
32964420390
32950920910
33026005381
1005001835704646
1005002416575762
1005002314210979
32245858118
4001263357732
1005001418984005
1005001621553382
4000086545301
1005002300968027
4001111316166
1005001437688852
32759679123
1005002240775856
32999293878
1005002340915368
4001264411456
1005002334538482
1005002003278825
1005002397612472
4001261509272
32380122676
4000346820170
1005002035414253
32926137540
4001248792708
1005002346402981
32843088098
1005002190758607
4001260305221
33028607014
1005001923028065
4000307105574
32796323798
4000230048000
33008273216
1005002432487142
4000543420773
1005001972026459
4001171231118
32845427670
1005002383223853
1005001280879002
1005002018257529
4001193584001
1005002047390341
1498330920
1005002257831546
32823209722
33038483698
1005001540018067
32992950497
1005001561239882
1005002319811016
1005001470975275
1005002205158378
32949865605
4000032307069
32819641596
4000145222094
1005001930994017
1005002033506127
4000780888968
1005002420252318
1005001835142069
33038991765
1005001800892594
1005002268882332
1005002197312066
1005001444911525
1005002432443386
4000018414352
1005001335765770
1005002277753882
1005002173367466
33000438975
1005001885336511
4001345906020
1005002323048844
1005002266379161
32947065802
1005002290987066
1005001399056238
32862635150
4000252271404
4001038341080
32836189172
1005002350662901
32864529947
4000548603294
1005002164283902
32897917988
1005002466153214
1005002293805329
1005001483440834
1005001524797697
4000891388016
1005002279152321
1005001287157666
1005001348401022
32838058668
1005001510413509
1005001769153446
1005002417254725
32947697296
1005002313597934
1005002448037929
4000411377790
1005002368706523
4000902464541
1005002324471138
32977358874
32990429081
33036713890
1005001977373890
1005002240547352
1005002016831505
1005001426736205
1005002314372251
1005002291286527
32984162118
32785678159
4000188759917
4000093167275
1005001816435175
10000169948327
32965920119
4000438117177
32982955440
33055850693
1005001438117181
1005002314481400
4000237947410
1005001865361225
1005002270552048
4000336027502
1005002367672774
32953762640
1005001570906775
1005002085229039
32882455180
1005002357679017
1005002331951081
1005001626540595
32852271139
1005001273081820
4000630149507
1005002365632796
4000450223645
10000031105135
1005002028502632
4001220705061
1005001388110234
1005002159907974
32846801905
4000959560859
4001189634738
1005002363223832
32775276090
1005002417729583
1005002488508945
1005002304457236
32962445599
1005001784814474
1005002297052037
1005001934482880
4001027115180
1005002322984530
1005001343121694
4000777187418
32965038479
32377380360
32831549703
1005001830154712
1005001757360217
1005002137986331
1005001930757825
1005001990485705
1005002364194579
4000685380347
32826965028
1005002244710301
32603904616
1005002405169519
1005002375022281
4001014715214
4000084522379
1005002235739056
32888102056
1005001580168253
4001265240722
32907611352
32902876278
4000196425464
4000216293350
1005002018239359
32852846169
1005002266715713
1005002342567227
1005002368738237
1005001670740712
1005002385707564
1005002321946123
32912607513
1005002212324830
1005001604323205
32731181324
32553972032
32707517062
1005002341245479
1005002311913320
4000336917985
4000046897882
1005001934652701
4001352824325
32926197965
32991809083
32987350829
4000903973865
32892815555
1005001370429414
1005002345662046
4000307111584
1005002055010018
4001075798776
1005002291538964
1005001890199239
32996617871
1005001267723406
32868356793
4001058398255
1005002373063414
4000588916516
32445458683
4000706631026
33029665032
1005001793407373
1005002298699906
32791911435
32970035261
32857295753
1005002291160650
1005001417980891
33010531760
1005001747529090
4000321576952
1005002310861326
1005001841505770
1005002485372122
1005001560220472
1005002394257465
1005002488647820
32426833336
1005001763259987
4000285163011
4000195985913
1005002258826019
1005002205917485
1005002377451143
32965450884
1005001433843143
32985514059
1005002167453296
32846004776
1005001419746903
1005002323351320
4000744437962
4001216285268
32996665010
32906079029
1005002476247842
1005002496788730
1005002255116806
4001198262506
1005002340827144
1005002488208145
1005001445174086
32971165770
1005002316922676
1005001323318242
1005002285696519
4000318973994
1005001759868165
1005001849282745
1005002314678456
4000980526284
32826783322
4001173863973
4001060644304
1005002169110699
4000402349233
32795144895
32891323730
4000726889261
1005001405451986
4000473820771
4001282457880
1005001397045077
1005002323235525
32977659671
1005002398693414
1005002345470102
1005001448168942
1005001520331440
1005002409987406
1005002201938402
1005002392198780
32308354430
1005001807820167
1005001725394440
1005002359268442
32601886452
1005002303859696
32950361563
32822649947
4001155860694
4000720748274
1005001337487389
4000303631714
32771765162
1005002007144576
1005002356302594
1441525456
1005002301535150
1005001992409313
4000749666981
1005002454433367
10000032914039
1005002435971478
4001198139635
1005001481856108
4001135212833
1005002101569715
32975212893
1005002443096923
4001077306820
4001163391660
4000546619898
33054325104
1005002487622561
1005002342062399
32985675193
4000329605148
4000759337334
1005002326753147
33010421941
1005002398755529
4001322851658
1005002107266646
32838932810
1005002311596962
1005002344428663
4000002688780
32850792012
1005002393607679
33043513275
1005002339723777
1005001965149604
32995697807
32976562921
32887467935
4000883066440
1005002296587020
1005002461040914
4000027661898
32845467714
1005001413873134
4000053392215
1005002356625166
32886767296
1005002382426695
1005002070258281
10000154206626
1005001894670723
32461765457
1005002279140951
4001038110225
32853226397
1005001319424517
32670722063
32922595742
4000729776767
1005001968578687
32800303574
1005001631889893
32921279836
4001121674454
4000771339622
1005002372482177
1005002259738472
32969881977
1005002167362877
32871687968
32926043707
1005002429536409
1005002211304927
1005001840367222
1005001619708626
1005002322599518
32997843606
32888913898
1005001921792017
4001354729215
1005002061538578
1005001288932170
33023827445
1005002383528736
1005001639216112
32831950352
4000641350401
32956293707
33059443549
4000342473011
4001225215164
1005001544717458
1005001725042448
1005002125425706
1005002342481704
1005001599760096
1005001970779156
1005002124437409
4001151789350
4000960658023
1005002393467632
4001047126789
1005002373319659
1005002482719883
1005001580069080
4001148349443
32878510843
1005002176493370
1005002262257249
1005002355978420
1005001511168640
1005001711407930
1005002302223770
32980477739
1005002347947467
32809341338
4001275033188
32810979374
1005002443526050
33043671797
1005002087371628
1005001862847183
1005002357644513
4001294262285
1005002301372883
1000008465991
4001305811623
32826490309
32937665756
32869460219
1005001430837053
1005001588641195
4000495359219
1005002197220469
33008686036
1005001915254427
32905781107
4001131762863
1005001773820460
32883929819
32553261280
1005002286198832
1005002452068704
4000832654776
1005002316643652
1005002473809440
1005002315772388
33055219337
32776752860
1005002363100466
1005001746288888
32548798384
33000885563
4000954989695
32963333726
1005002001162450
1005002030949545
1005001511894694
32802759436
4001324258416
1005001284444225
32803372230
32840855835
1005001992352498
1005002465062739
1005001403601880
1005001525574082
4001023107754
4001244650273
4000285530562
1005002275197604
1005001389704062
33002045711
4000875328279
32814716380
1005002425326411
4000826949831
1005002482848998
32840200647
1005002072482175
33035717433
1005001879937543
4001352914660
1005002312198031
10000287507590
4001272240848
1005002401636819
1005002196502919
4001278479323
32963609511
1005001487777500
32805265539
1005001710348898
33015998249
4001154946889
1005002453717290
1005002395688161
32790903655
1005002420695623
10000358724034
1005002382421396