33037205037
1005002339920020
1005002294121378
32850123184
33039603220
4000168597542
4001361026387
4001251646395
32827162656
1005001681463097
32813608548
33030002842
1711905747
1005002089262545
4001127546838
1005002492431981
32664005318
1005002413203920
1005002321443174
1005002394041401
4001339903335
32917260602
1005002026671715
32970051327
32837649417
32950466000
32981081884
1005002445766388
1005002314364964
1005001499985019
32811264581
1005002458632796
4001365073591
4000970426050
1005002334971110
4001254822896
1005001347156961
4001218318314
32848912240
4001272406707
32482700884
4000729899932
10000300139919
1005002069347984
4000907318319
32906454487
1005002120512659
4001106907291
4001313828946
32952286283
4000849809839
4000016131041
1005002258365556
32993395703
1005002470226052
1005001512807405
4001122400741
1005001463230531
4000761145557
1005001501518956
1005001819422436
1005002314306880
33047487160
4000521547333
32270412321
32973249894
33049628985
4000064620485
1005001525470380
1005002306153975
32624425978
1005001304777312
4000468659163
1005001765641379
1005002481288498
4000118744340
32958847890
4001140366978
4000236813656
1005002351582892
32854678280
1005002398439068
1005001921398248
1005001304481187
32810290798
4000029394866
32845043774
32665362459
1005002319152108
4000538780041
1005001835196041
33016514781
1005002447394112
1005002306057635
1005001971589938
33009135519
4000398432640
32991451494
32980454839
4000121697914
33016043679
1005002342074229
4001146670468
33037796148
1005001754811517
1005002304946214
917279819
4000740442494
1005002252083711
1005002500767091
1005002367207643
4000129315595
1005001918265044
4000921934761
1005002443155242
32865210432
4000439069303
1005002427707825
4000828425720
1005002120043534
4000535350262
33018056653
1005001446642131
33055232147
4000234218797
32689611415
1005002322349681
4001204281033
4000537782118
1005001845675218
1005001612656180
1005002476514946
32967615876
33046398237
4000264886932
1005001782968857
4000894881611
32369609588
4000505166029
1005001638416905
4000001529560
4001100446637
1005002040978363
1005001368066007
1005002017532974
1005002098290610
4000869127032
1005002060524792
4001039691807
1005002372641139
33051646192
4000685838325
32868309116
32946692815
1005002483727610
1005002278276098
32337596284
32848533307
4000051158109
4001108235061
1005002301153950
1005001588140693
1000007422938
1005002336941718
4000086489695
1005001698444642
1005002002809757
32997433705
32894647980
1005001659263102
32955209706
1005002254234548
32251424969
32772254116
1005001721938417
1005001453267902
32667235650
1005002332921229
1005001450127599
1005001529037266
1005001430716829
1005002198846218
4000152950441
32668136073
4001245548100
1005001476390120
1005002283060541
1005002314472010
4000155627603
1005002304610859
1005002247461722
4000120658786
1005002336519356
32965727666
32948170971
32652827975
32892379897
32961613864
1005001603436380
1005001305711213
4000214988587
1005001834593219
4000094330467
1005002301118567
1005002319132441
1005002398828377
1005002421242700
32835080545
32890530865
1005002440289100
1005001781511385
32802951544
1005001559631779
1005001775125389
4000711194406
1005002286698602
1005002337770353
33001753748
4000851804780
33039433992
4000064554702
10000403228911
4001026973970
1005002477636970
1005001317480104
1005001991649990
1005002323927835
1005002365050711
32795945305
32462571172
1005002308664514
1005001470648835
1005002381241229
1005002219377586
32273518183
1005002364198315
4001365553367
4001090674319
1005001808886883
1005002280882421
32889842251
32985929502
4000741937354
1005002243017605
1005001489982534
32960209340
1005002191406890
1005002313878924
1005002454357085
1005001413603026
1005002314310855
1005001790568486
1005002080198759
4000960780762
1005001503098696
1005002207273705
4000867578608
1005001860588023
4001351339945
4001316622436
1005002242124849
4000668758779
4001119300016
33009529759
1005002254109692
4000761133449
4000689041070
4000927926008
1005002117617199
32820781608
4001278574871
1005002254661257
4001264049436
4000168069994
4001271690441
32861918189
1005002270870118
1005001845277935
1005001708330061
1005002325294389
32736537919
4000842718996
1005002425742324
1005001884649326
1005001705556771
1005002362765179
32958060518
4001121392479
32986719035
1005001472615125
32967398961
1005002217686719
1005001638128695
1005001926677606
1005002372171533
1005002242044667
32958704749
32947517118
1005002245609147
4000139798023
1005002085609895
4000966133419
32951134199
1005001728831037
1005001464854875
4001212413553
32756325072
1005002315853807
1005002447651828
32959254071
4000607108652
1005002451136240
1005001908147204
1005002394784654
32971059968
32861109153
1005001721100440
1005002265734069
33027335444
1005002312079317
4000909390931
32536262596
1005001439135619
4000468523165
4000040374395
1005002351624190
1005001974989084
1005002007951756
1005001927060305
4000778445445
4001345456725
4001255167089
32990210897
1005001928142101
1000007780625
1005002473803061
32680834741
1005002196601538
1005002277054529
4000705846351
1005002371567440
1005002280694802
1005002313484040
4000777974812
1005002278772113
1005002369626043
1005002276943400
1005002259293551
1005002237987237
4000473474746
1005002274074163
1005001664556928
4000602367846
4000378941880
4000958951258
1005002001279844
32946170548
1005001880108548
10000295143444
1005002077045797
1005002226196720
32995808576
1005002304767226
32949950620
1005002497368336
32913810832
1005001354724031
32668397527
1005001561620658
1005002052466898
4000766713509
1005002357671633
4000903215101
4000781324915
1005002120365024
1005002005927962
4000818890716
1005002260206724
4001218145149
4001010171970
4000971180034
4000338435063
1005002308630710
1005002340910395
32995029620
1005002335165691
1005002414378187
4001221486642
1005002041086472
32849111860
32878388036
1005001295163277
32589166349
1005001505299816
4000483787165
1005001761862583
1005002324183618
32975613890
1005001971537486
1005002314080439
1005002198945675
1005002127040522
1005001940342060
4001103392642
33004839312
4000338070501
4000382068265
32989061172
1005001921038199
4000895971128
1005002254853903
1005001699183295
1005001551476562
1005002483057924
32975601133
33020892965
33008602448
32968548434
1005002319036437
1005002305237990
32818544617
32385905204
32806389088
32888915513
1005001781014594
1005002167811354
1005001670227544
4001156282200
4000711652524
32914606727
1005002282085339
1005002298241190
1005001942621455
1005001381589907
4000479326409
1005002314840042
4000181886816
988588947
1005002394033260
1005002260377746
1005001303284472
4000006403481
32885369046
4000119760358
1005002063722686
32874974382
1005002256718760
1005001867296690
1005002377338958
1005001339735304
1005001408260185
4000849681240
734178579
1005002130330749
1005002287886418
32677816132
32803749283
32662948409
4000662715642
4000589338850
32945203230
1005002433746196
4001152262112
1005002325055778
1005002373718415
1005001819235532
1005002279064446
1005002288740006
1005002095949555
10000122121745
32953989812
1005001715063589
1005001465648386
32989623192
1005002104244927
1005002314383811
4001034659792
1005002307421826
1005002287272153
1005002314445252
32913806411
4000401363094
1005002228376082
32957276682
1005002410851540
1005002184905931
32406056596
1005001405141675
32963021287
4000861483235
4000184215509
4001233525322
1005002332387267
33015001214
1005001496590787
32882524931
32694432968
1005002475089918
1005001670925211
1005001979763506
1005002400832814
32823215230
32837267963
1005001804745280
1005002476424734
1005002307200611
1005002371755932
1005002499235920
1005001882558116
1005002352753950
33024348032
4001264628214
1005002450521508
1005002357550416
1005001567323875
1005002500374083
32915807566
1005002482854316
32743967899
4001217772797
4000157765766
33063535707
4000774711834
33043601355
32649287288
1005002318686916
1005002291715407
32860838519
32971598957
1005001570559523
1005002291785968
32672774797
32920852291
32831976373
1005002262688725
1005001982777786
1005002015701809
1005002203953346
33040045873
1005002386667226
32773440830
32764993299
32722835078
32970909996
1005002050339426
32834465590
32806717876
4000544229311
1005001977195363
1005001872408885
1005001500143203
1005001598556687
4001362336805
4000453583557
1005002364692575
1005002287870979
1005002039234208
32961171834
33014405562
32661730709
1005002033365104
4000837466282
32447088332
1005002384942070
32774425945
1005002315593926
1005002282287679
4000041564750
1005002353427551
32820339409
1005002368857705
1005002347853084
1005002323923811
10000119103490
32956481724
1005001693405797
1005002435629277
1005001834736608
1005002279216799
32854072763
4000388377822
1005002431431909
1005002314213440
1005002286866135
4000116531056
4000954990329
1005002394676245
4001149276848
32391070339
1005002136027266
1005002460921536
1005002475990419
1005001868561379
4000264840348
32859762067
4001155853484
1005002346318794
1005001625958842
4000810972127
1005001968566877
1005002399718562
1005002381834417
4000531175249
1005001334777407
4000960773203
1005002316878116
4000959033449
4000454067863
1005002272846787
1005002224893778
4000671779847
32852328584
33019748080
4001308425471
1005001895620057
32976213162
1005001982632347
1005002068677862
1447593671
1005002168304199
1773501860
1005002288281733
1005001666887634
1005001699614355
33005524479
1180162296
33052613417
1005001508684352
4000759725099
1005002321871047
1005001806293486
4000609115398
4000875501901
1005002380966422
1005002013206203
32946757566
1005002424467712
4000291924612
1005001594596380
1005001544443376
33007740392
1005002380573321
4001230298588
1005001736851562
4001018216354
4001123300579
4000461213695
4000607507534
33020449695
1005001515906521
4001247231306
32982002990
32851737111
1005001780606798
1005002381464575
4000170146506
33041729614
4000392404751
1005002399262722
10000330799030
1005002265932057
4000327977908
1005002252827385
1005002421655208
33013432908
4000463372361
33048648338
32993685042
33050973175
1005002042209933
1005001380050282
1005001614722308
1005002301947387
1005002273960938
4001134532095
4000796320228
4000706597768
32365624917
1005002240217125
1005001726393829
32235551378
1005002407857985
4000768376583
1005002345863662
1005001657230509
33025571575
32903546383
4000051260589
1005001993116960
1005002459363572
32973229622
33041405387
4000405252471
4001155467767
1005002114592610
32956890978
1005002481928408
4000616141444
4000693028506
32877312286
4001280547025
4000258236716
33020067681
1005001705668498
1005002001789963
1005002120912235
1005002337267030
32818329312
33000190280
4000992603243
1005002417505595
1005002424153244
1005002408396618
32902248727
1005001305614122
4000021317828
1005001895428630
32907891505
4000516972870
1005001908540197
4000280500837
4000211880519
1005001889248258
1005002428195896
1005002137170042
4000817684390
4000975152301
4000411275502
4000784056222
32853725445
1005002196806834
33000484821
1005002433922187
1005002330767388
4000969391216
1005001705433862
32931169611
32795804924
4000438391762
1005002341369596
32794321166
1005001479783040
4000544006487
32821960944
1005001314166833
1005002006676665
1005001588220765
1005002402367070
32955378575
4001009184073
1005001334227406
1005002153292223
1005002206087732
1005001394493149
1000007996059
1005001729234079
4001286838376
32712667018
4000277262175
1005002118210419
1005001843196845
4000437330764
1005001398442781
1005002353163753
32827036292
1005002394950847
32873842691
32786650730
4000069174277
4000305625711
1005001841151418
4001323830323
1005001362094638
4001148013996
1005002485109053
1494008819
4001122562962
1005001422660603
32764312371
32755512138
1005002490398761
4000329593579
1005002354553412
4000399616718
33019397772
1005002468828958
4001021714767
1005002309146687
4001090331444
1005001617100683
1005002425486312
32807982477
33024034736
32617872731
32809200088
4000208171460
1005002289678105
1005001379277233
1005001889535183
1005002345973416
1005001626778141
1680598621
32897248448
4000907165435
1005002128206945
1005002499310168
1005002272066065
1005002311636996
1005002105378912
1005001597466093
4000479197733
1005001846711269
32898261745
32667264653
1005001941977936
4001225254335
1005002314720058
32589307536
4000956044358
4000552444270
32794086890
32973623649
32997627792
32964821022
1005002055439306
1005001487634394
32816286783
1005001848449210
4001268812995
1005002121821169
32913055228
1005002282965970
1005001459337260
1005002143445406
4001139560544
4001298603755
1005002258734651
1005001997725439
1005001405083280
1005001489910573
32959940803
33060035794
1005002094049789
1005002466996741
1005002312749708
1005002149558668
4000413832922
33015883139
32971915520
32448234420
4000821216562
1005002430637223
10000027110616
1005002279360563
1005001767845939
1005001324589865
1005001954216185
1005002121347285
1005002265699150
4001235213850
4001251544882
32811375525
4000299318761
32814287948
4000989234122
1005002132622409
4000791589014
1005001972651286
1005002389607442
1005002000163809
4000180570464
32912939988
1005002340654021
1005002054525620
1005002425329265
4000191877475
4001315613271
1005001950186587
32826633078
32774008984
4001153916216
32808017061
1005001999167165
1005002457495194
1005001998955512
1005001474057536
666892353
1005001890118664
32865038818
32997049110
1005001987428090
1005002244755872
1005001669966461
32272448786
1005002140016807
32446066478
1005002263879152
1005002324034403
32911019514
4001110580871
1005002411673404
1005002345349623
1005002499405258
4001156991911
1005001922975149
1005001844063473
4000963750154
1005002309679028
4000673397349
1005001676780051
32652252817
1005002081731216
4000553546550
32844428811
4000043159183
32831867209
32955171429
32611975503
32958486353
1005002277422603
1005002313536024
1005002256011548
4000990187049
4000860738465
1005001648309838
1005002467555349
32984978221
1005002335740979
32824516902
32888899409
32843100511
1005002144088184
4000064895051
1005002442147510
4000850508671
4000120918682
4001341461587
1005002340386081
1005002314308514
32566572288
1005002221108252
902607486
32954973257
4000019269949
4000453743999
4000937464513
4001147533519
4000735078381
1005001637885940
32965863435
4000321627941
1005002166300730
1005001386698974
4000752774003
33040410194
32978140589
1005001297209146
1005002244965013
32896387155
1005002359746273
1005002059140834
4001054146862
4001166184556
1005002287161642
1005002346495269
32890505865
1005001789525576
32818678120
4000202043860
32953152408
32883485543
32959815537
4001238749862
1005002011329332
4001223899120
1005001670597475
1005002321227407
1005001977369405
1005002469548289
1005001398525246
1005001902084778
1005002282967057
32823386192
4000074279395
1005002340606550
32617364497
33021500981
32850261323
1005002122441110
1005002231647346
4000215583087
1005001816899949
4000546487141
4001267661045
1005002292345875
1005002353478539
1005001485264973
32824573937
1005001971593488
32791069198