32990589297
1005002357360497
1005001803589898
1005001417400437
4000438512575
4000764654800
32811680586
1005002395060860
1005001398087626
32397077521
32904776672
1005002394028115
4000217791264
1005001894601144
1005002358131803
33061215090
4000004065823
4000212167659
10000395865921
1005002268500491
4000961407757
4001218016951
4000314182152
32303952509
1005001742563198
4000328161897
32964908031
1005002100634531
4000159238016
1005002204746581
4000905564001
32781028263
1005002412259152
1005002480846419
32810984996
1005002305208039
33008240075
1005002361443029
1005001525522215
1005002358699316
32348298586
1005002328667543
4001071908846
33035696799
4001062228765
1005002179262145
1005001975268002
33045004448
32855426758
4001203054367
1005001512192232
32784691160
33047831589
32791518730
4001290318252
33044938069
1005002225967431
1005002417705506
1005001901232582
32954747834
1005001926626851
1005001620780541
1005002450729724
1005001868513450
32825510309
1005001412857749
4001308912810
1005001640706099
1005001620889647
1005001807225843
1005002414455849
4000373420636
1005001514367280
1005002283584188
32899042563
1005002332229400
32938949474
4000170825361
1005002097249636
1005001536654767
1005001566415227
4000268834277
1005002264527017
1005002399389297
1005001628348152
4000381870895
32961261831
32828151126
1000007663652
1005002382834217
1005001671032297
32787775738
1005002238837757
33023448370
4000556952945
4000822645064
33004817651
4001035207955
4001290367200
1005001975794859
32617709879
4000073429636
32919927215
1005002357608435
1005001483413568
4000471146620
4001335229962
1005002351594511
4001189482122
1005001698711594
4001114434618
33034946152
1005002312694410
32802040391
32693860353
4001350879242
32968710716
1005002294729496
32217405239
4001211920179
1005002026866589
32449115948
4000953931410
32784505828
32578940852
4001064997062
4000755200083
1005001732307033
1005001453402714
1005002473546469
32888251680
4000423334088
1005002394139245
1005001666583390
4001273688925
1005002470705479
1005001511349731
1005002122395837
32909277327
4001044147023
1005002116645749
4001072088105
1005002309722019
32629821364
1005001620154033
4001241544344
4000462632206
1005002224818605
1005001707774494
1005001813349869
4000306824770
1005001392405403
4000817324719
4000626113940
1005002108538780
1005001804924479
1005002115958729
1005001828509514
32924212243
32672815654
4000925716880
1005002161519333
1005002085093336
32957299220
33025470716
1005002032920816
32949404781
32308607770
33001328045
33032433712
1005001782212891
4000981729029
1005002121883215
4000548182949
32829622376
1005001382351382
32950365104
32970771788
4000318413270
4000253260122
1005001588367112
1005002327776125
4000340475984
32958203530
1005002279207099
4000188854263
32893349245
32996510057
33014760489
1005002487207443
4000148100461
1005002265376588
1005001805272767
1005002474424571
32924883873
4001040710543
4001074312542
4000594797057
4001145876627
33012640156
1005002144224054
32873461119
1005001540008053
33058212392
1005002327810138
1005001695459322
1005002224045575
32830626295
32867283784
1005002004561169
1005002481304011
1005002318966739
32892222327
32355770677
1005001741783633
10000315957363
32758002775
1005001638366473
1005001311790908
1005002241360998
1005002304407093
4000171550706
1005001874461709
4000960119857
33041681856
1005002406636260
4000467601852
32914390965
1005001530713634
4000220903173
33009264076
716153063
1005001930908591
4001014995012
32861174347
1005002499305151
1005002252553007
1005002467819353
1005002378187209
1005001583521125
1005002400911368
4000734316397
1005002362987576
1005002167130008
1005001722561360
32953681437
1005001994660377
1005001989119992
1005002398881357
32970246683
1005002306589943
1005001780513329
32840599739
1005001377009148
1005001754044546
32862482766
1005002347178787
32969371379
1005002386917617
32896525715
1005002362249656
1005002467540469
1005002490497197
4001264622762
1005001812270011
1005001862929885
1005001560665985
4000466679570
1005001515993125
32782083668
32823550054
32918553191
1005002437468609
32723471703
32906125991
1005001795445074
4000718367170
1005001625517145
1005002224759229
1005002400551028
33023600760
1005002237817549
32834996260
1005001882887459
1005002281995153
32844012206
4000959701333
33006051808
10000397736816
4001189305826
4000676904965
4000509458942
32922959681
1005002408088945
1005002482967675
1005001522033587
1005001458438770
1005001422915330
32932655660
1005002388407303
10000146128357
1005002278757207
4000716772390
33007707680
4000174567874
4000073469674
1005002481319173
1005001864967796
960972997
4001248598799
32824636360
32973716851
1005002372658743
1005002398644679
4000594544766
1005002314613054
1005001645329773
1005001867331330
1005001955207073
1005002466881745
4001115813920
4000484039979
4001057070717
4001049208946
543687398
1005001451904528
1005001627843719
10000395866425
1005002314485791
4000707082222
1005002073762128
1005001796678379
32822991171
4000167631525
4001285105892
33058434493
32976570389
32971498160
32978408494
32918380268
4000338794154
4001281757621
4000135255422
33042099597
32559146164
1005002425292771
4000920132610
32856305917
32957629279
4000869102756
4001209136048
1005002203521361
32888728870
32999507320
1005002292383878
1005002496633288
1005002283279641
1005002450886862
4000880204837
32988246271
4000199907130
1005002433867006
1005002331899824
32953805206
1005001563189175
1005001998970578
4001014398904
10000415945781
1005002449007674
32415531681
32839293734
33050084773
1005002037352895
4000579066088
4001129835538
33008551299
1005002424936319
1005001396952688
4000362322964
4000607799362
1005002140174145
32966296559
1005002033358957
32728366110
4001237245796
1005002372269205
1005001943124104
1005001890998766
1005002270464493
4000152931234
1005002448522609
1005002314303975
1005002367766950
1005001680616028
33007834872
1005002434759854
1005001588120812
1005002454105455
4001064750332
1005002424684134
32932715148
32472653885
4001245187802
4001018525539
1005002441724637
4000309956922
4000975939999
1005002322351082
1005001431159939
32918338674
32792035640
32850133208
32962271819
4000319390172
32953225361
1005001411245424
1005001419165467
1005001978319588
4001025851231
1005002167481466
1005002428142418
32978045722
1005002381951305
4001294276444
4001195184724
32958268833
32522452520
32888963158
1005002320563158
4000386204661
4000908125266
32913709656
1005002305613069
4000098749968
1005002259625706
32623979865
1005002037208053
4001158424419
4000035720638
1005001701532239
4000418859412
1005001648518509
1005001390283401
33007386000
1005002473942291
1005001776553493
1005001683158557
4000194309592
32965464678
1005001280968519
1005001899259139
1715657878
1005001466632580
4001339626637
32850873796
1005002443529092
1005001551066460
1005001887611033
1005001835418603
1005001600032209
32900778374
32898652958
1005002082982072
32805040747
1005002300094281
4001166288149
1005002388935330
32911488939
1005001386715791
1005002167847869
1005001264834541
33046782042
4000798431207
32965666981
32882861397
33001450428
32417946617
4000528844677
4000036731659
32851243737
32739947466
32317262451
1005002214785534
4000602827050
4001047187676
1005002039627814
4001094964140
1005001862490825
1005002315814865
32362661920
1005002423802694
1005002314677441
1005002124826064
1005002264904404
32886505570
4000026569780
4000015813900
32967058820
1005001851805203
32866263124
4001282978126
1005001515927442
4000465978792
1005002340228716
1005001843868650
1005002312536681
1005002444333178
1005002443648609
1005002197113715
32797220021
4000516344332
1005001470124408
1005001543247299
10000218154511
32829572935
32903680558
1005002097220834
33048647549
4000263657256
1005002497608147
32377871061
1005002434780729
1005002395252344
33024958537
4000036548867
1005002468140830
4000113178540
1005002362973912
4001110233241
4000811777432
4001146467659
32594141230
32983544009
1005002239189005
1005002434502701
1005002125490505
4001053253430
32824698604
32977681076
1005002449612171
1005002356207082
1005002453413457
1005002431091413
32842503438
4001299112534
1005001520208830
1005001619678158
32513936634
1005001308432856
4000780996571
32917376621
1005002299522096
1005001582087284
1005002478674159
32843901539
4001227897279
1005002124226956
4001227468641
1005001808935275
1005001970321269
32942443052
4000790263977
10000089187034
1005002125309331
4001042518956
4000304748239
1005001391316967
1005002139316954
1005002053367380
4000124468981
1005001571660025
32962955696
1005001457129059
4000562473641
32708476495
32865429678
1005002500113920
32997609714
32756211056
1005002291589722
4000069414894
10000404558744
32850952358
4000555537526
32954981379
4000119054557
4001332457036
4000201194949
1005001354878863
4000879227907
4000272261582
4000682364396
1005001350919659
32743859539
4000965538888
4001038481362
32968051941
1005001469656355
1005002089589015
4001321604166
4000780323206
1005002428527471
32645940013
32968636959
1005002306291224
1005002204069192
32988121515
1005002445228924
33006867990
4000860600291
1005001616490517
4001308408611
1005001873353761
1005002328898199
33022896408
32868585759
1005001937596422
1005001920802864
32967248366
4000834045810
1005001643424143
1005001715829803
1005002263562564
4000872992207
1005001649042869
4000269447801
1005002287563426
4000294841350
4001223425214
1005001561391459
1005002418291046
32429181150
1005001992976634
32860624964
1005002411419815
4000596011407
1005001821179037
4001155664224
1005002319187578
1005001320867016
1005002240779771
4001130967355
4000627477404
1005002249073183
4001276043526
1005001285274363
1005002370221530
32924251133
32794739280
1005002097355998
1005002388273818
4000181978981
33009135551
32946560338
4001351719230
32973756963
1005001606828871
1005002357449157
1005002323670702
4001243937639
32947245386
4000216479971
4000379566950
1005002307442011
4000016219226
1005001756110563
33053569809
4001359444791
1005001981268267
32978783336
32850708063
32821637086
33024320610
1005001960142076
1005002343299710
4000415662107
1005002463951176
1005002028463033
4000917620581
32742487179
32820634775
33041750520
33009066194
1005002256881436
4001235640155
4001094622807
4000780345233
1005001332222711
4000401112744
32955020376
32953825949
1005002314455749
1005002418621830
32920692085
4001052164089
1005002283861233
1005002064316012
33005808856
1005002265605479
4000270233301
1981582172
4000557963263
4001254139833
1005002205342931
1005002294170032
4000429581778
33051767093
4000534858915
1005001561096421
1005001465030393
32949030268
1005002336605561
4001007278765
32842255676
1005002115680135
4001246665873
32985291182
1005002363015602
4000024778228
32842822205
1005001633806646
33001156600
32858417817
1005001705541883
4000109623660
4001005625160
4001275444757
1005001844874998
1005001893353354
1005002120081053
32749009505
1005002096929224
4000976211035
32737230015
4000071280825
32975432305
32800029748
1005001593030296
1005002380605891
32802870691
1005002318863435
1005001285089272
1005001670943190
4000675060269
4001289956372
1005001591889550
1005001526026463
33053468518
1005002419452817
1005001509367470
1005002090877579
1005002490380853
4001118924521
1005002191864304
33036937983
1005002388227690
33048813706
1005002259206714
32699700732
1005001768502094
1005002403174786
1005002340895008
1005001898738722
1005001303991823
1005001762450073
1005001860844862
1005002243923514
4000636317587
32816315934
1005002322805227
1005002033918012
32459768558
32582011226
1005002329312740
4000022462625
4001034274009
1005001329814137
1005002211363300
1005001738608458
4000593347215
1005002094851415
1005001343116221
4000868090850
4000090246738
32902553638
1005002214873362
1005002375997721
4001165263979
32809800089
33041171099
4000112094659
33003172810
1005002075326214
4001313510013
32425133653
1005002245037674
1005002375669799
32605463225
32314804476
4001298605632
32973604762
1005001699024145
1005001636592225
1005002292391307
4000094071161
1005002361469480
1005002214160532
1005001858387182
32944685071
1005002302637787
32984839443
32889321033
4001038371910
1005002246319480
32882552654
1005001851970769
1005001341207409
1005002252379317
4001294114782
1005002482900627
1005002283022875
33012334399
1005002395686113
1005001629667082
32838925982
1005002344786908
1005002321209796
1005001859193925
4001320250350
1005001921951642
4000545866508
1005002358533486
33001796629
32356082162
1005001933182907
1005002312011730
33027525708
1005001615867200
4001037396523
4001203154258
1005002472376052
1005002343422891
32297580168
32982545127
1005001885345591
4001086920431
4001116860947
1005002308858232
1005001354072688
4001260426340
4000346131281
4000209943544
1005002453684662
32662845751
1005001290034613
4000982822744
4000042401735
4001283917586
4000245001272
4000152545513
4000221914386
1005002224711104
1005002320872967
1005001923260028
1005002333847397
4000507095961
4001026592316
1005002309777048
1005002245441966
4001245078449
1005001728256006
1005002356478473
1005002395942624
1005002402202947
1005002278211223
32867101321
1005002069717433
1005001915740347
1005001380975052
1005001678281765
32964642060
1350590680
4000687009374
4000553392803
1005002026675090
1005001775212047
4000990830690
1005002324009275
1005002293144559
32788589003
1005002384439673
4001251290031
33040775385
1005001725396463
1005001686132468
4000718503052
4001291736107
32717829388
33015935397
32842928716
1005001927793318
1005002496343552
4000987190726
1005001427381197
4001057486625
1005002302871217
1005002302109921
1005002241478133
1005001599854790
32963555730
32981726153
1005001737946436
32947390934
33000327311
4001056001625
32812288018
1005001894251995
1005002339580751
1005002341214075
1005001817022443
1005002427371586
1005002141113329
32859898525
1005001901016502
1005002389001831
32980249816
1005001948619661
1005001320555682
1005002474908407
1005001523544729
1005001785633596
1005001640144037
32957441794
32885924442
4000123001913
1005002385284749
1005002314057004
1005002439257296
32992907823
1005002286876473
10000384965770
32699971377
4000478528598
4000537226238
32960412119
1005001848640254
1005002492610161
32952276643
32854555662
4000385036113
1005001412617595
1005002387406333
1005002395204341
32357518807
1005001586287711
1005001851841487
33007873803
32877807917
1005001844146291
32838324834
1005002346195895
4000088043165
4000155304219
1005002381543870
32704806481
4000960629619
4000335547684
33053565450
32802789939
1005002425658538
4001110286169
1005002071343401
1005002376490885
32897253875
4000434403356
1005002124696088
1005001329821633
1005001379827298
32591518299
1005002258183013
4001161105023
4000987338331
32833008514
1005002364458315
32862154638
1005002392931323
4000155514498
1005002329972410
1005001847655860
1005002249277313
32803466852
1005001954115274
4000627777857
10000085848677
1005001652652725
4001203429000
4000268365887
4000776691717
1005002275424188
1005001928162716