4001141866949
1005002392556724
32952410202
32984911801
1005002006647150
32666421639
32979180824
1005002167065999
1005002423926532
2050915501
1005002313559681
32811799119
1005002219735596
1005001348670736
1005002377666934
1005001399136949
1005001321708339
4000053198816
32999762557
1005002357729312
1005002337118071
32902362617
1005001555814524
1005001703198159
32796845864
32815028271
32920267759
1005002497436065
33040943599
1005002386825157
4000538651125
4000047215251
32946352941
1005002320049241
32859096038
32775963549
32821436725
1005002304044364
4000337617316
1005001570808160
4000897547316
32265473680
1005001590583162
1005002265322318
4000083476696
1005001921979230
1005002256688254
1005002317135014
1005001469249205
4001039190185
32774939654
33046052377
1005002281994986
1005002330043283
4001175773748
32476396643
4000172558789
4000220873748
4000344998682
4000496835184
1005002304988695
32670640142
1005001407184271
32996181473
1005002167326579
32998315422
32953163226
1005002074503325
1005002348649781
1005002401591072
1005002323783485
32661378110
1005002432441666
32987365531
33008382821
33004821286
1005002037149371
4001228004766
1005002316668576
4001126718322
1005001451714053
32796911599
1005001975964345
32975549211
32950518873
32406618130
32666741688
1005002393657961
1005002280640869
1005001603822647
1005001521872132
1005001918759282
1005002489661433
1005002399923595
32913617585
1005002262474244
1005001435696031
1005002211636275
1005002237820500
1005002489229952
4001256531235
4000717079374
1867915103
1005002261985955
1005002344146225
1005001770747100
1005002055739746
1005001748207986
1005002478242115
1005001580594939
33036738326
1005002205550658
1005002366140399
32616581557
1005001590123494
1005002318411588
1005002305668549
32896798518
4000987397846
4001187555702
4001274151385
1005002397863076
1005002450656017
1005001833698890
32968090367
1005001900572856
4000153561925
32999741919
1005002386895696
1005001515932415
1005002267991818
4000261709656
4000602912253
4000058611472
1005001594760161
1005002336129257
1005002389817047
32820163411
1005002378773721
1005002398570251
1005002361696402
1005001728332683
1005002252350426
1005001473481986
1005002338852339
32955425621
1005002362937431
1005001975261155
32844615397
33011975792
1005002375169434
32923762880
4000863722393
4001332674867
1005002310971920
32675966806
10000395825073
1005001744676302
1005002316693995
4000582759961
4000151850884
4000960203527
32649236670
1005001677723735
1005002080839981
4001105387122
32922231869
1005002371523196
32870378191
32888751500
1005001500024444
4001275038484
32870652445
1005002393986943
1005001965436273
423522416
1005001834223307
4000216982432
4001116178975
32922622914
4001183417888
1005001959965497
32573163704
32920788466
1005001556590245
1005002309373513
32871934799
1005001697394795
32856302146
1005002357635832
32819770382
32253678518
10000012354233
4001046176667
1005002315160825
33013696690
32919065231
1005002447936422
1005001705735148
1005002367946707
1005001321949629
10000128258339
1005002331723388
1005002252941528
4000039507578
1005001734563066
32812175500
4000433986961
32911813448
32994234782
32952665348
4000202150658
1005002270594867
1005001560160894
1005002417310754
1005002074974986
1005002378733406
32963730130
1005002216505794
32916776763
4001256237168
1005002316081176
4000970912574
1005001638232544
1005002314041305
4001359268687
4000640899972
1005002330895178
1005002029310342
4001228628919
32998280362
1005002052424393
32978699412
1005002401119653
1005002289297881
1005002323244877
1005002494986377
32976103188
1005002440635506
1005002426792029
1005001567383778
32891079803
1005001365716374
1005001614609661
4001223905876
4000206127821
32672356559
32848573371
1005002431717736
1005001280276968
1005001779654689
1005002435808670
32975293146
32998595276
4001339846413
4000625979618
1005001982572761
33000436558
1005001354576181
32363576413
33030210533
1005001794029075
1005001920546411
4001260489060
4000214552115
32921953518
32561226924
1005001671288943
1005002309068948
32918515543
1005001290042665
1005002340585065
32983405432
1005002359986457
1005002242264188
32831346835
1005002310026844
1005002377150766
1005002487977038
4000064413617
1005002241436866
1005001458036608
4000388865470
1005002299193649
32987817240
1005002167041165
33049660810
4001229800233
1005001768214304
1005001889777645
33040816382
32802364022
32911776783
750238685
1005001388833137
32968413437
32969184523
1005001495987686
4000415517374
32726267165
1005002014539612
1005002417009582
4000802447811
1005001914823970
33006422136
1005002374659730
1005002047202789
1005001698523015
10000402350356
1005002258672861
32869490972
1005002048784133
4000576593056
1005001439071652
32953605747
1005001393068751
1005001437963732
1005002328700682
1005001475087475
4000843031033
32227998648
1005001286537374
32820673616
1005002268871591
4000532670214
32967102785
1005002371565273
1005002313385662
32909342758
1005001943038329
1005002208613583
4001098732667
1005001825077894
4000154313064
1005002454046177
1005002324011347
32920417602
1005002346300610
1005001417028426
4001249504791
32969209997
1005002289744139
1005001834636124
1005002467978615
1005002303486512
1005002352335705
4000574620851
1005002328770199
4000143760383
1005002314389392
33056544798
32952681477
32816762051
4001226482430
32826755110
32926099201
32998013383
4000546627484
32838860598
33038877545
1005001973744435
1005002344707887
4001109114342
4001146539615
4000415750154
33011370211
1005002341717673
1005001982897132
1005002008055487
1005002286690622
4000348778861
4001038338985
1005001297077224
32833830923
1005002395992400
1005002260348758
33030438605
4000319111373
1005002314671982
1005001830377500
1005002314276201
4000794192385
1005002491452785
1005001564996743
33043403596
1005001776113002
1005002069214943
1005002439490286
4000695269749
33009448267
32867906055
4001156952269
1005002289034363
4001035761213
1005002098792899
1005002334312674
32717327504
32236800043
4000493131410
1005001869464930
32831104800
1005002451203612
1005001909597980
32595384741
1005001423442362
4000595447973
32887991596
33002477136
32988851171
4000765568242
1005001266923143
1005002337752282
1005001286136936
1005001370560709
1005002460503099
1005002350097849
32628602885
2038620433
1005002354643501
1005001727041010
1005001483469864
1005002419075507
1005001870097611
4001094795285
1005001900763297
4000418316817
1005001653642144
1005002426513681
1005001607491700
1005001638218988
32788024856
33044625772
1005002396437923
574809432
1005001874413842
33001305256
1005002460557321
1005001626529020
4000105870431
4000779334162
1005002027465313
4001247690882
32827594924
1005002365702582
1005002090963776
1005001804774249
1005002438161734
1005001499423724
10000323780793
1005002378063560
1005001431442212
4000127673008
1005001286230258
1005001284216736
1005002177007368
32923952361
1005002090071669
1005002381467412
1005002470200395
32857322252
1005002371512313
1005002297401062
33011756265
4000878279948
33012452549
4000699827208
32921020640
1005002262675135
4000982910025
1005002219979296
1005002199203595
1005002487545433
33002169675
4000369859641
32547369676
4000029890216
4001355475054
1005002281530293
1005002315413155
1005002292123112
1005002416181998
1005002370144200
1005001862550457
1005002042956072
1005002271759259
1005002442655304
1005002500275164
32960037527
32954011981
1005002452565034
10000179731548
4000361356311
1005002184828264
32814361553
32896661685
1005002394261314
1005001474020218
1005002247548778
1005002271827651
1005002406893886
32953847561
4000978975924
1005002314169644
33027464743
1005001364832010
32973922872
32975964312
4000688707042
32954241621
1005001877507511
1005002428435165
1005002314305419
4000989776903
1005002318109753
32898022798
32827360977
32972578364
4001264736022
1005002408134937
1005002396663820
1005001379846999
32566052356
1005002316093082
4000036284962
1005001288220752
4001233856120
32973561042
33013860712
1005002272081929
1005002342925846
1005001680564468
32962622794
32613722550
1005001830075355
4000733449005
32885103638
1005001977813683
1005001934449971
32959598478
32961235937
1005001430529191
4001037489293
1005001652327088
1005001666671499
32808513962
1005002432159616
4000028353401
32970486174
4000691119197
1948878315
4000944672878
4001312823871
1005001648077317
1005001445550951
4001024818315
4001315171090
32801504319
32893171967
1005002330907040
4001294626111
32908289704
4000762059448
1005001862422143
1005001431337641
4001101457819
4001032878752
1005002453156687
32981066827
32978235253
32799411112
4001286893359
1005002419602477
1005001714338996
32920347637
32834429717
1005001804343803
1005002314259928
1005002400006609
4000066710488
1005002400533441
4000837103961
4000994888993
1005001423650739
1005001824429308
32984639667
32917631159
1005002312370933
1005002247022667
4000848808853
32846044054
1005001823558733
1005001319548283
1005001670900232
4000081756028
10000339343404
1005001705607785
1005002361679637
1005001834499630
32920430885
32958231563
4000791263332
1005002122466657
4000118727615
4000637709718
1005002317316218
4000954630658
32806441176
4001078710144
1005002404295422
32954812230
32604787565
1005002337734526
1005002337062064
4001217805702
1005001525410214
4000571346232
1005001570690621
1005002303923983
1005002432429134
32985230741
4000655887258
4000739024018
1005002301337944
32952528624
1005001412255594
1005002233101845
4000224271959
1005001685986077
4000822842183
1005002395650833
4001279808877
1005002374980302
1005002039629073
1005002381746495
1005002368578088
32945918393
1005002421519406
32890302286
32921072621
1005001458914502
1005001995472725
1005002072388108
32793640198
1005002408445175
4001228664148
1005001803706508
1005001324421887
32854949284
32938019672
4000525925492
1005001884032135
32916838942
1005001441459161
1005002393173260
4000395945907
1005001447085707
4000607538639
4000210342298
1005002307830145
1005001566005425
33056926711
2044834270
4000224929993
32959160783
1005001585856849
1005001405426479
32955901473
32636557091
1005002395031710
4000232332639
1005002319244392
32395695892
1005001683787061
32642040071
1005002421405162
1005002345227226
32855679568
1005002278452989
1005001882433805
4000285472975
32464087094
4001253181041
1005002352016065
32962290419
4000837365346
1005001613179780
1005002318882580
1005001333192685
1005001556727324
1005002323474292
32855032676
4001276015651
32290943500
1005001671921021
4001275045023
32959874976
32882772736
32943989366
4000986815246
1005001587316006
1005001288102550
4000318306204
1005002466082436
4000601142625
4001209068727
1005001336061399
32963923649
33013802841
1005002357671321
1005002494084541
1005001867478740
4000336111060
33042602056
1005001456244303
1005002381267388
1005001640864813
4000910627647
32816853064
1005001525337633
1005002190286287
1005001515467606
4000287686930
4001268723130
1005001414293658
1005002081952364
4000061913347
1005001495951918
1005002323027265
32982246651
1005001670845299
1005001676809735
1005002318835103
4000169880393
4001237609786
33018236024
4000102276072
4000932680765
4000219241099
32942884152
1005002187755531
1005001716680812
32721104750
32856900070
4001107762039
32704607215
4000565981458
4001108214485
4001236501024
1005002384850600
1005002487948368
1005001830245837
1005002362338873
4000459881236
32835255685
1005002354801192
1005002343905768
1005002272860047
1005002121114888
1005001340217106
1005001652240455
2009463163
33007956592
4001063441459
1005001929310314
1005002213704089
1005001548886684
32850807346
1005001890239962
1005002376710051
32998946802
1005002495317447
1005001428762694
32813255757
1005002408503922
32435207010
1005002463211844
32920991879
4000246104444
4000237391721
1005002207331541
1005001519216068
1005002359720298
1005002433886033
1005002283511111
1005002275881084
1005002278810620
1005001620467187
4001263539155
4000186542792
4000159146659
32958326915
1005001658466380
33003235493
32866043270
4001306687617
1005001730656644
4001227980084
1005002313114276
1005002256442612
1005001863456814
4000318221832
32902527325
1005002366179019
1005001708353854
1005002012397545
32884577465
4001106070351
1005001341066792
1005002219362024
32660231469
32960347009
4000328715007
1005002352062360
1005002122586088
1005001896675161
4000931652702
1005002372744517
1005001484037734
4001254715670
4000460231734
1005001658401187
32860718241
1005001700876225
4001324231379
32824887234
1005002308558961
4000538516253
1005002352875670
32919498939
32863457433
33024136004
1005001337537460
4001078963684
1005002037452127
33042054404
4001265953728
1005002394292727
4000434916769
1005002378050684
1005002111364159
1005002320423305
1005001572786059
1005001442226637
32883711256
4001299260256
4000410569207
32909734595
1005002210522815
32952438990
4000318327890
1005002468315638
1005001349188386
1000008376071
1005001623562207
33014241874
33018504964
1005001668335379
4000590018029
1005001524657029
4000267414399
1005002119189203
1005001525478072
1005002482194616
4000116860234
1005002309370529
1005001344485600
1005002420567189
4000770084596
32596251673
1005001907097249
32926876253
1005002428148019
1005002150198974
1005002091349447
1005002211900794
4001294712927
1005002448664717
1005002362896096
32831648681
1005002400184216
1005002418280514
32251898527
1005002301497236
33049575329
1484598588
33029101624
4000315071186
1005002294747683
33008545883
4001345858349
1005002197117199
1005002007769383
4000238412216
1005002056213400
1005002363886091
32587038159
1005001314966398
4000166656586
4000842673380
1005001391743304
1005002213532264
4001053962629
1005002132901667
1005001515870564
1005002332603959
1000009125457
4000498956607
33010696316
4000043289780
4001126461372
1005002329762017
4000019391413
4000182955573
32930780508
923838151
1005001571253204
4000284864952
32833181875
1005001900155051
4000069556862
4000975000400
1005001713483692
4001219380262
32961688662
4001241752368
4000289090067
4000045889367
32975722736
1005001845533712
4000668859390
1005002285935547
4000127650525
1005001423617043
1005002317501213
4000709015444
32889945769
1005002369892543
4000450266894
33007001489
33005513826
4000971699730
1005002365126883
32961322078
4000588104523
4001052882860
1005001883722771
1005002175436953
33035619034
32369225511
33060300160
1005001961170087
1005002472632611
32587188227
1005002337153091
1005002313691640
1005002229786623
1005002408509422
32620541658
4000506060138
1005002038324582
33004063420
32810341218
1005002271698758
1005001617732133
1005002298183513
4000028041156
4000972356389
32893359666
4000397468838
1005001616443416
32846065532
4001279156143
1005002369170089
4000945538617
32894253171
1000004770632
32777470428
1005002307522604
4000682509057
10000069495061
1005002469007248
1005001441258813
32876250405
4000336061525
10000391343622
4000497967404
32815689883
841076803
33031907568
32851659637
32997465315
32968335178
32937498573
32499762282
32835700777
32972450439
1005001578819487
1005001980262124
1005002417896876
1005002253473555