33047742880
1005001908940386
4000489300655
1005002131322310
1005002094431489
1005001441408831
1005001402539918
1005001965087417
1005002382528000
1005001579753760
1005002046544499
32978363249
4001015929113
33055795411
1005002119075459
1005002411057502
4000959670526
32886264991
4000773494605
32921872451
1005001844290851
32859543282
1005001523633166
32950488708
32958865622
1005002284172221
4000392679820
32918146333
33002736649
4001360927106
1005002387250549
32830554900
1005002463284078
4000165630420
32837844339
1005002367137664
1005001799378963
1005002263548563
1005001948763747
4000550814131
32820858973
4000416714162
4001014354067
4000045258384
1005002377218144
4000426833680
1005002489846011
4001279467133
1005002492846500
4001202879764
32969790875
1005001382371338
32832513486
1005002325760209
1005002483659960
1005002312560017
1005002377796167
4000930909477
32957939513
4000196191089
1005002476613158
1005001388074705
1005002482801700
32978251957
1005002314329115
33016270367
4001185846454
1005001425557088
4000910905298
4000336878688
32911843384
1005002258422790
4000250348527
1005002231801737
1005002401373040
1005002364483523
1005002317009835
32861971188
1005001771514654
4000911924068
1005002111272442
1005002344345332
32897576718
1005002253413419
32950162432
4001035932102
1005002126174462
1005002339635389
1005002346353326
4000193304965
1005001768808991
4001036401492
4000761102731
1005002454330387
4000800476386
1005001540437456
32969603667
1005001850393525
4001172853667
32970059824
4000449507338
1005002270786474
33013587547
4000756188587
4000140879557
32391566130
1005002262012855
1005001834608412
4001079428638
4000661046757
10000291558125
1005002462109100
1005002283663548
33060132900
4001289544569
1005002122554217
1005002426716327
32990798778
4000941949015
4000234269316
4001300324550
1005002276987732
1005002329850672
4000322675255
1005002460813970
1005002468665086
32858091717
1005002282455987
4000397650771
1005002335210617
32302777604
32950417341
4001231508899
4001038328374
1005002319275395
32367929542
1005002099344460
4000013332161
32811945912
1005001893351114
1005001974163321
4001231831591
1005002198360714
2053573037
32930736051
1005001752617567
1005001872422356
1005001671995708
1005002314383635
4000370467771
4000168899478
1005002277623018
1005002442013775
1005001280022210
1005002450604460
1005002443127356
1005002211906969
1005002207907141
4000268221440
33008357538
1005002375941240
4000299808430
1005001658343061
1005001958697664
4000389031031
1005002272073191
4000967645852
32990042553
1005002321694642
1005002064406397
1005002238630527
32970513811
1005001970321207
1005001562555513
32829983295
4000449796143
1005002315420156
1005002431074821
1005002119590946
1005001923973999
32887418787
1005002068371352
1005002312246828
4000701492234
32796809861
32910508547
4000662617757
1005001902262688
4000929847808
4001297019366
4000922243955
32859977039
4000208354687
1005001401753830
1249821571
1005001857864633
1005002485023876
1005002389659706
4000034857818
1005002388402068
1005002364254798
32959569395
1005001835641411
1005002375266167
4000467420763
32886607650
1005001474148834
32851287332
1005001840022078
1005002314454114
32999800328
1005001479595053
1005002310532345
1005002401471570
1005001824758903
1005001559358879
32840232997
1005002225137361
1005001399093048
32869507045
4000306750457
1005001966412358
1005002392980397
4000326736484
32865700947
4000378728292
4001151893293
4001115758553
1005002378108445
1005002340587662
1005002091552444
32665363624
1005002454467031
1005002284677059
33030020614
4000479244757
1005001837254850
1005001914318874
32961373442
1005002448708474
1005002267646431
1005001955142478
1005002224161512
32783430713
1005002358063719
1005001750014924
32322561973
33005614670
4001121814947
32816249000
32963417711
1005002204378842
1005001843539559
1005001729015991
1005002120541365
1005001907124859
4001337972210
1005002091668206
32849653562
4001261262057
1005002356884886
4000974760187
1005001850785362
4000035116108
4000726629807
1005001592877175
1005001670539998
1005002306052104
4000903079604
32861979170
1005001489377646
4000283734005
1005001464823859
1429966381
33010413552
4001285340082
1005002002287496
1005002489836906
4001349815501
1005001966592220
1005002180777047
32998992515
1005001424770520
4000117865507
1005002369167574
4000902362760
1005002440119385
1005001591904120
32771833416
32824639011
1005002018599338
1005002352561641
1005001909019401
33046258835
1005001911535660
1005002482859717
33036940164
32348964375
33007880205
32879193298
4001116642175
1005002356092727
2038127057
4000036865766
4000059075663
32954087363
1005002408026180
32625328778
4000042906799
32987662855
32670789166
32880680445
1005002288181963
1005002342513655
32826081623
32570218730
1005001912478530
32969655470
1005002457479955
4000818995091
32944305490
1005002303588949
33053644309
1005002351162845
1005002421416730
33048022873
1005001586834807
4000835386129
10000306904999
1005002457005772
1005002364341288
1005002389265285
1005001937675733
1005001621473513
32626298496
1005002413984282
4000021365040
1005001710091201
4000987703837
2035173386
1005001997354022
10000032345753
32389859371
1005002038172915
1005002442813615
4001225170470
4000655827167
1005002262384031
4001272113402
32955546767
32662820868
1005001485493496
1005002330052846
33011656501
32989180042
1005002226490900
1005001384153318
33015712616
4000338576469
1005002002971576
32581803360
33018593454
1005002260691396
33004927504
1005001463983086
32770220644
1005001914729356
1005002368406121
32845224701
1005002291189587
4001023874083
32879864440
1005002423396223
32965877354
4000998392296
4001299021480
32823684864
32924334875
1005002434946764
1005001705874183
1005002310995360
32619535845
33002955252
4001115349825
1005001438851152
4000705644750
1005002495610216
4001165088433
4000756845658
1005001561238785
32841220669
4000378344707
1005002377395796
1005002199491862
32966294450
1005001842889268
1005001912761618
1005002387587807
32719065876
33025541602
1005002311721227
4000849944322
32951100413
1005001382138060
32828030707
32977186672
1005002166349327
32986752126
1005001350968904
4001356344932
4001309480860
4000387347364
32683338334
1005001905729258
1005002314633017
4000776023229
1005002465272655
1005002345440820
4001135721476
1005002401254988
1005002332842993
4001334390210
4000109751041
1005001406518077
4000357753382
32326147085
32965537183
4000346277512
4000771468806
32862682816
4000598935934
1005001430951242
1005002291719660
32645957280
1005001620857488
4001194201860
4000850167731
752521073
4000908782409
4001041062623
4000772452355
1005002364628506
4000516561352
32884356597
1005002307334442
1005001722023492
32886230225
4001102438703
1005002008485032
1005002485054448
1005002375173816
32822372320
1005002293572025
1005001540291396
4001293833231
1005001500227157
4000902718340
1005002318685364
1005002085622428
32999080963
1005002115216816
4000091940206
1005001935429359
32990485917
1005002304901175
1005002128305659
32867948522
4001209483229
32395624177
4000770214143
1005001978075754
1005002351308385
32968391242
1005002294506018
4001203593263
32978161356
1005001354395955
32861369565
1005002274113115
1005001511152711
1005001854817641
1005002258753652
32995586304
1005002220122500
32970878461
32887503659
4000974227439
1005001293559058
1005002365866847
32850809212
4000364713609
1005001413586353
32989678030
32862789602
1005002053151486
32633454061
1005002377824146
33004473062
1005001608447226
1005002272410420
1005002405423223
4000230954572
1005002388281963
32994700269
4000905649991
1930273523
32689956709
32906037267
32869674364
1005001938448314
1005002237894569
1005001529450539
1005002323561072
1005002084053217
32995693949
4001233617547
32263057315
32829252594
4000898618988
4001334416027
33055876565
1005002212163881
1005001634156838
4000781103836
1005002297588369
32978076975
1005001606369500
1005002315963541
1005002414504130
1005002412271220
1005002239522092
4001111077769
33026384218
10000371335910
1005002264786050
32994876405
4000597640732
32878715300
1005002126548020
1005002336465777
4000239531633
1005001470190762
4000177681526
1005002133580148
32828867950
1005001478922957
1005002347061471
4000722067055
32835209371
1005002033897492
4001066905030
1005002405419146
1005001681209539
33054769151
4001290544447
1005001586089621
32966688858
4001013896039
1005001494429050
1005001416987311
4000864136780
4000468389453
1005001475026344
1005001594653884
1005001859396634
32784007709
1005002483913572
32817464467
1005001838011751
1005002301465277
1005001453618601
1005002425648091
1005002023517489
1005001381282116
4000901861782
1005002370043690
1005002387860767
4000170381560
1005002376882072
1005001620713980
32975770601
32974716155
4001255742819
32877218793
1005001961305410
32969037113
1005002314592402
1005002332291177
32960169889
1005001817809627
32951585950
1005002087208387
10000056959267
1005001859364791
33010814886
1005002361263760
32887812679
32815758484
1005002314408313
1005002287457727
4001228286771
1005002448050743
4001146032029
32579722057
4000987561579
4000287360911
1005001476834559
32831884518
1005001867793251
1005001386383048
4000042554529
1005001863243228
1005002321327350
4001038827210
1005002051726504
1005002489151518
32814909254
1005002291368407
1005001516029136
1005001883646400
4000279956167
1005001921951667
32738589629
4000528911601
1005002185329154
4000626529744
33026907767
1005001387980999
1005001840065232
33026480475
32802521803
10000124064320
32961202777
32859404489
1005002042799720
1000007942173
32807482240
32841662871
1005001469399897
1005002472456111
1005001325130406
32854962375
1005002352228818
1005002357083027
32975319736
1005001625411524
1005001536867089
1005001586287560
1005002453620160
1005002204169297
1005002093148098
32946218316
32948717915
32956064821
1005002042182151
1005002469721457
4000152874265
1005001968115814
33041275266
1005002156953522
1005002383347593
33002771230
32903732253
4000695183442
4001042650896
1005002365078243
1005001483949729
4000029298734
1005001325401340
1005002448330510
4001155351995
4000088726134
1005001593055471
1005001603929386
4000070836720
1005002365440491
1005001975285667
32834195105
4001241785697
4001290558847
4000449192234
1005001362056882
1005002125243625
1005001794056052
1005001941063347
1005001478816200
32388865725
1005002453583937
1005002038418422
1005001524275139
1005001379540561
1782384004
1000006214606
32854601142
32969158997
1005001487423718
1005001868772810
32566917122
1005002318821399
1005001509732388
4001225204721
1005001315493608
4000848204484
1005002033521337
4001189362483
32626864363
1005001839906061
32978676793
4000726674699
4000982465657
32913850589
1005001469517802
4000990713604
1005001423399355
1005001868850292
1005002272326067
1005002357602036
32908092394
1005002197273591
1005001370277959
32621315225
32707542144
32816086527
4001287080627
4000419061316
33014003201
1005001353801144
10000052072159
1005001838381995
1005002391956251
4001321533481
1005001584642874
4001278984231
4000785578232
1005002467111935
1005002400627306
1005001611816207
1005002288536477
1005002282698688
33035006985
1005001688847158
1005001446481217
1005001840200248
33059783673
32707504207
1005002372738631
32976338822
1005001845499478
4000834234345
1005001490228536
1005002047692120
4000707281789
4001001945211
1005002282032437
32832226143
32862793587
1005001858307500
4001242392310
1005002286291278
4001069536148
1005002435298280
32720951680
1005002318385717
1005002304866288
1005002483676305
32791873000
32552555802
1005001899839493
4000916436946
4000709966905
1005002393527931
32806609351
1005001657438306
32986093082
1005002353076430
1005001965177365
1005001378251969
1005001302964377
32799952318
1005001441335541
32874693424
32838637706
32978876230
1005002458663221
4000153321729
1005001339851942
1005002294695828
1005001645310985
32881306187
1005002248836226
33008845206
32898644186
32885761502
1005002287311591
4001154312270
33032108896
1005002312131392
4000364436972
1005002267894609
32652644234
1005002070151582
1005001416940961
1005001645159906
1005001992525780
1005002319605669
1005002282366837
1005001792302593
32858386687
1005002314268852
1005002318463203
1005002390908952
1005001647269534
1005002417038358
1005001768042714
4000831070069
32560619469
4000384772176
4000687413072
1005001992301594
1005001656761958
1005001720617504
1005002111281173
33045628079
4000814893143
32901608088
4001238609566
1005001877375244
4000203730640
4001235920404
32970800265
1005002314366826
32443581174
32997705696
4001068503267
33012487709
1005002248201432
32817733637
33040009941
1005002446376133
1005001268822727
1005001469932584
32820878871
1005002277411956
1005001677688317
1005001667597421
33018475388
32590756219
10000122179376
32940229908
1005002468927549
32967053030
1005001834682601
1005002288904241
4001177817156
4000730267308
1005002284580362
32964415885
4001186018824
1005001670744719
33014374823
4001236534638
32834938227
1005001922839903
1005002481914547
32854556268
4000910463417
4000134767249
4000981740459
32413952719
1005002490544070
1005002281094987
32682473833
4000184253371
32805702832
1005001676699330
32835960654
4000114102166
1005002247032699
1005002072560603
1005001725370603
1005001706850236
1005002448018630
4001229936312
4000024082740
1005002231858839
32572853733
32990429134
1005002418088585
1005002246690248
1005002285723927
1005002181195584
32870491348
1005002286807863
32950379835
1005002337200602
1005001299511002
1005002264532061
32970114569
32615534397
1005001705042072
32897419279
4001115161992
33002208786
4000040540818
4000306508027
1005002428525760
1005001445672033
32901843524
1005001615941855
1005001524333277
1005002318788720
4001150817748
32901129285
1005002500432354
1005002058492824
1005002357510620
1005002307031504
1005001512023734
1005002339871731
1005001578476879
1005002267875993
4001308032687
32842309451
4001025101047
1005001894874679
4001365964536
1005001458239824
32862642360
33013738917
1005002291970642
1005002364212147
32843434274
33010269205
1005001395196436
1005001687774630
10000027891696
1005001671757873
4000318164663
4000910395385
33009357485
4001243991696
1005002477283550
4001230820910
4000675963619
1005001681707729
1005002291964025
1005001840484177
4000058587341
1005002298808604
1005002341108951
32908212068
4001359400901
1005001802129952
1005002310183050
1005001885027927
32830678331
10000181840339
4000348128270
1005001479859720
1005001380637089
1005002371296734
32892185784
1005002458937149
32966600473
4001137440349
1005001519498873
32856589966
1005002312201002
32981557240
4001216160965
1005002301230495
1005001756216070
1005001917288661
32784051419
32887098251
1005001993158773
32957240569
1005001447035965
4001092216478
4001056459519
32945179177
4000418406001
1005002448115734
4001153846887
1005002192560828
4000161215424
1005002237870004
1005001785416950
4001115353623
1005002416723156
33021257274
1005001924377320
1005002235601762
1005002269982590
1005002159038526
33037786011
1005002291118027
1005002039786566
4000945676209
32877555060