1005001439224029
33014450222
1005002458117553
33033812525
1005002449303962
4000934620674
32872848733
4000991123988
1005002361233571
4001136674853
1005002356173820
32584084013
1005002465447132
1005001616143665
33063438474
32764429981
33058658583
32837150924
1005002457470012
32983032219
32849446774
1005001617167851
4000482792859
4000874056437
33037450950
1005001562994095
4000852560145
1005002435999123
32819195750
32836927738
1005001529903002
1005002130010405
10000030176915
33031269662
1005002090901621
1005001923014518
4000898591766
1005001588219809
1005001724617075
4000066935107
33004564200
10000386639101
1005001659261029
4000006341560
1005001410701990
32974894781
32820746307
32926522283
4000979318505
1005002372173362
1005001325752474
4001174814916
32986875431
4000990921652
32938813643
4000934350233
1005001968199139
33022929420
1005002275966444
1005002246218319
32944423203
32861808421
32607559208
4001242554009
1005001301578345
32882025863
1005002284743222
33003665098
1005002334340417
1005001524573006
1005001477927461
1005001833393927
1005001685005117
1005001744119302
1005001845787580
1005002388807586
32974544790
4001294166569
4000956360294
1005002197997095
32947634571
1005001325020476
1005002454337528
4000007750789
1005001744175012
1005001612181075
4000983491079
4001173832483
1005002253634448
1005001678365738
4000386031231
1005002350767786
33014137697
4000465195858
1005002321380092
1005002129403589
4000780365175
32824397689
1005002405577790
1005001281957014
1005001603503727
32854441064
32822226218
1005001953762739
4001316370036
1005002412228048
33009489856
1005002287342136
1005002224900312
32676038545
1005001933113125
1005002321841224
32886296673
4000610411740
1005001549319692
1005001978146611
1709209364
33057457127
529639307
32818460677
1005001611808080
32923087691
4001185020649
1005002314251684
1005001737255069
4001113912405
1005001644615016
4000917508888
1005002028546260
1005002314349930
1005002326322512
1005001529282790
1005001487439969
1005002427784632
1005001854691099
4000433603393
1005002315033514
32797436555
4000818762981
1005002317136026
1005002317674278
1005001653012255
1005002400741608
1005001967455146
32970765626
4000677321967
1495161623
1005002244901600
1005002289741177
4001193280566
1005001859241817
32807683195
4001181317355
4000557936200
4000709170853
1005001556797793
4001035651959
1005002412024651
1005001927971867
32638749654
1005001437801581
1005002339609294
1005002437463805
1005001671108062
32851824913
4000648568212
4000662779262
4001242363019
1005002475502415
33005538584
1005002259140165
4001196390768
32965867603
32808853613
1005002358246097
33031780950
1005001547485268
32762385731
1005002393891102
32273733163
1005001942897612
1005002411042692
33002407263
1005002205657948
4001038333456
32926259515
4001199616525
1005002362337100
1005001873515554
1005002472872461
1005002225215296
1005002354467125
33002900575
1005001468431875
4001043247008
4001228433804
1005002312520503
1005001623450647
33000729346
1686299387
1005001690803344
4001172424788
1005002043538832
32843999972
1005002263494686
4000945595994
1005002357668818
4001015993539
1005001344897118
32788726673
1005002273526790
32709912588
1005001285186260
4001138028338
1005002023949297
1005002354199227
33034192341
574767850
1005002384874574
32963326314
1005002314399150
1005002447635688
1005001692610576
1005002103555963
1005002336150856
1005002003395523
1005001352075046
1005002365489951
1005002289571287
4000523679056
32717035589
33004585282
1005001977799467
1005002340087913
4001169769097
4001204844141
1005002364759993
32819965959
1005002400548031
10000002740361
1005002470746783
4000405542057
1005001445849867
32961622351
32970161695
1005002454350360
1005001671116242
1005002328609995
32718367680
4000814711917
33043156717
1005002360256639
32809637064
4000810042174
1005001864581023
1005002103874455
1005001793287057
4000538658420
4001038286079
1005001386257179
4000805306784
1005002241528820
33001246691
1005002211442595
32962091366
1005002463624016
1005002097382470
32875746048
1005002460506277
1005002287553231
32978823183
32973070084
32911999602
1005001735320560
1005002264597986
1005002328594934
32872965062
1005001862875363
4001237974920
32630650805
4000906448529
1005002356052528
1005002402435244
32921888808
1005002312010538
1005002337086424
4001039060752
33060890757
1005002412891136
32918890068
1005001949214428
4001215136627
4000979197607
32887195579
32869257370
1005002312238072
1005001840525055
1005001780724667
1005001437531578
1005001953216876
4000881192130
1005001556880271
32694491927
4000420379597
1005001438119838
1005002305660632
32906464397
1005002051900068
4001217711923
1005002313075653
1005001703573196
1005002395195628
1005002371679818
1005002193786628
1005001888832165
1005002211299783
4000153143644
1005001365094052
4000311896281
1005002330004530
1005002500465313
1005002327006778
33046504852
1005001334724571
1005002286022891
1005002439734969
32327180195
4001261577285
1005002419325261
1005002180379789
32367264037
4000859355317
10000395944148
32937479462
32854971719
1005002323428224
1005002314321675
4000207005505
1005001644353908
1005002317140887
4001179431261
1005002340222840
32968864321
1005002134568155
32862681328
4001224820003
1005002375773064
4001039234972
33049645507
1005001666177412
4000691981365
1005001706039590
1005002352513924
4001181429131
4000956213623
1005001470220052
4000988020470
1679957595
1005002137233963
1005002426428799
4001203453148
32855293397
1005002454390912
4000922157879
1005002038976813
1005002336979583
33049053746
4000286515350
1005001701262855
4000082997431
4000002526105
32886106001
1005001810284226
33052317753
1005001450812951
1005001488972424
1005001479728914
32968599959
1005001873301697
1005002310300748
1005002444836891
1005002082628580
32903699257
1005001648485102
1005002304330650
1005002440028754
32978338285
1005002180878280
871630958
32949813475
1005002310622286
4000960621462
4001004488714
1005002166690207
4001085360164
4001066153447
32964811550
1005002353266899
4000935743766
4000505994061
1005002441657357
1005002460414132
1005002122297840
1005002289159191
1005002109705762
32359430270
1005001843297991
32606397348
4001162263684
10000371536990
1005002246559017
32867462888
1005001863020809
1005002320956640
4001090000645
4000752555722
1005001841642809
4000458024897
1005002357728355
32665192176
1005002462864339
1005001572923580
4000349158863
32633461281
1005002302939843
1005001672318485
4000694467409
4000902575834
4000230853488
1005002299937949
32488030015
1005001494465731
4001315945361
1005002044698108
1005002228932786
1005002467444556
32916641208
1005002473927591
32828353929
4000859310286
32832084347
4001038503319
1005002252757450
1005002439960089
4000935943486
1005002259824320
1005001436018603
32833046474
1005002304377347
32837827665
32982655200
1005002290998489
32818443302
1005002400193194
1005002238880436
32903670257
1005002262123465
32998316128
1005002284746436
4000364424733
1005001940094643
1005002366236610
1005001699391497
4000499330524
32854534883
1005002340969723
4001041811294
4001147866091
4000077963492
33039251395
1005001559679776
32953041067
4000035772968
4001045215842
1005001976369275
33014952251
4001111996210
32932910782
4000542103752
32811336901
4000837117467
1005001406978326
4000022559274
1005002293528645
1005001905481802
1005002394516686
4001299972617
32962405847
4000627567778
32984123123
32547024763
1005001598470487
4001206277695
1005002468255377
1005001617098259
4001066520392
1005001863934486
4000220484541
1005002257792591
1005002309233355
1005001805596325
4000299819910
1005002327987011
4000466649453
32878903243
1005001442051534
32892267145
1005001869169137
1005002323216477
32470952195
1005002298466107
4000279693914
4001283527091
32965170766
1005001867719139
1005002388472256
1005002314192881
1005002241086050
32895648761
33026478562
1005002092543497
4000398379116
1005002336365154
1005002186374500
1005001361047084
1005002274736913
32970710634
1005001915162527
4000572767449
1005002314632642
1005001847789822
1005001823779663
4000167090569
32975772527
4000722883998
1005002128689865
4000230255540
1005001780550514
1005002496240182
4001234507235
32911728071
1005002363929457
4001290648004
33012359878
1005002305182007
4000975563981
4000215439955
32852311064
1005001631674539
1005002409828985
32921210381
32918214005
1005002278889795
4001055817592
1005002066144890
33025522068
1005002329826827
4000826104173
1005001574428785
1005002166587861
4000071706857
1005001888488127
4000829449994
1005002054611853
1005002332371449
32976767465
32960765023
4000087922809
1005002327644892
1005001980405434
1005002342730160
32947614836
10000052733795
33050382523
1005002312536415
1005001439027921
32971431409
32909733983
32970211548
4001238174560
1005001393499625
1005002340507140
4000308179737
32624441507
32902773873
1005002384301745
32995568503
32985447477
4000859334169
33002598168
1005002352954148
4000332880863
1005002303659285
4001313918296
32847845646
1005001848541787
1005001311311058
1005001657148372
32805541275
32664787155
1005002487849004
32761510931
1005002233983721
32778371938
1005001820641606
1005001977492142
1005001826243488
32666032210
1005002198735468
32945893045
33050363949
4000261615196
1005002485916154
33004231896
4001212531482
4001177072281
4000719600786
4001245088327
32993208764
1005002075137292
1005002224973544
1005002485521375
1005001858544390
4000556158438
32883461762
1005002383749286
4001118320023
4000059583075
33052212938
32794239968
1005002413378112
32819935184
4001361283855
33026979705
4001126621882
4000480405618
1005001704228297
1005001373527908
4001305657942
1005002286482477
32731542869
4000052832411
32626948494
1005002482433864
32908455329
32906105321
32788822532
1005002339811825
1005001670775160
32650677856
1005002376330475
1005002494335571
4001207282888
4000874315359
10000395959316
1005001873738046
1005002347858677
1005002304337611
33009827005
4000191101038
4000182954341
4001155348859
1005001803696544
1005002239290663
32222049174
1005002485315024
32348876427
4000959693967
1005002462700060
4000413386250
33057083472
33039954011
4000338759911
1765575711
32843817923
1005002097023127
32998107038
1005001646101554
1005001849782816
1005001659070795
1005002323197985
33042853238
33056262855
1005001954812623
1005002141140419
1005001867974386
1005001894275552
32857322792
33030030038
4000580919216
4000987148569
4000116002419
4000991034544
4000843235584
1005001713694592
1005001467771180
4001055633183
32869754981
1005002258060694
1005002337641649
32869160873
1005001524743828
1005002488797156
1005002307270114
32847526846
32855964336
10000029468712
4000595367158
4001064855829
32987936280
1005002301044700
32991343055
4001225264430
1005001990712148
1005001797457265
1005001511881024
32761468508
4000897397982
4001175785548
1005001597965081
1005001639479350
4001192995452
32808543365
4001341420934
32981149282
1005001309425230
1005001686159172
32860218668
1005001703706813
32890688763
1005002351770837
1005001388012197
1005002014711206
1005002186032962
1005002438596550
1005002110953762
4000843008543
33000885474
1005001836129780
4000777517226
1005002055755608
33011076913
33032738109
4001231833425
32869177235
32726476831
4000233786597
4000253470041
32798687247
4001255527277
32992755200
4001139735432
1005002417834188
1005001712975314
1005002413878167
4000167596191
32890447915
32915022274
1005001433977864
1005002066301162
1005002240324711
988388902
4001332408690
1005001501305117
4000709655601
1005001550736364
1005001429482376
1005002351856946
32397952406
1005002268845735
1005002388924463
33037490593
1005002252340457
1005002344245056
33036124869
1005002072370794
4000442620287
1005002245379897
1005002367646652
1005002253377970
1005001463227463
1005002490372521
33043517018
1005002340407547
1626089784
1005002169035496
4001106293724
1005002473657779
4000190965275
33000669365
1005001718656086
1005002357300488
1005002336059650
4000116729096
4000090469326
32834764829
32884593771
1005002417643643
32782244952
1005001573039643
33051012079
33011046679
32932900063
4000594633570
1005002059619577
4000566782993
32466940544
32855220787
1005001708076628
1005002253547060
32707276558
32921951016
1005001609781652
1005001709711758
1005002383282864
1005002465633755
4000067424222
1005001357712978
4000104555860
4000108993751
32855656782
1005001999022293
4001198974400
1005002398875944
1005001764768220
1005001268673836
1005002346343874
1005002355562732
1005002307508048
1005001840424617
1005002334916529
1005001478134638
32623803340
1005002413876860
4000095190863
4001081126895
4001314446924
1005002307201819
1005002053727810
32602934199
1005001617011509
1005002426266447
32757946676
32867599502
33012852705
33007000481
1005002242470764
33003219758
4000197825253
1005002346440534
32915997819
1005002375615822
1005002085690803
1005002382695849
32868906842
32861691731
1005001348957724
1005002393590758
33053842069
1005001774589951
32913724049
1005001591114182
1005001682344599
32811621044
1005001452620009
1005001670920219
32918810266
33027161083
1005002101906650
1005002090109745
1005001725323625
1005002167751480
4000342653137
1005002378335046
1005002356369823
4000826905486
1005002338862003
4000922318807
4000166636117
33008263071
1005002245738952
32959631440
32963209494
1005001838798016
32519009534
4000009761281
32918035474
32826738664
1005002459732130
1005002359530658
1005001923291305
4000096401469
32900905545
33057675949
1005001930897604
33061911048
1005002219421606
32804732788
1005002378368454
1005002398782706
4000272290046
1005001520277460
4001011305523
1005001376047648
1444885544
4001231097726
4000275118699
1005002306665439
1005001683309058
4001261541973
1005001649395859
1005001948834354
4000193482616
1005001477791235
32916692697
32986555318
4000198782799
32759019581
4001035656059
1005001831521779
4000589915835
4001167949794
1005002260188472
4000376214207
32929295801
4001053056192
4000397555140
4000421043845
1005002421091654
1005002068635114
1005002367949471
1005002079170407
1005002314324274
1005001881890510
1005001469578731
32897248386
4000236326632
32592776745
4001135266935
33032163307
32977667967
1005001679284125
4001031723844
1005002272270112
1005001553179202
1005002348343896
32489535550
32885094595
4000194862463
1005002298103966
1005002059954373
33053746369
1005002304054242
1005001983110675
1005001399979093
1005001614326750
1005001962303479
1005002368540981
1005002319459579
1005001397044921
1005002102908221
1005002431752640
1005002258277810
4000724119075
2032517308
1005002398053012
1005002498971633
4000624425949
32959659313
1005001998746311
32985625047
1005001685685010
1005002206386716
32802248132
1005002390412438
1005001839881782
4000280309600
33023595904
33001321257
1005002175612345
32886133254
1005001325018024
4001205053839
1005002236427406
1005002345740143
1005001310579530
32296481139
1005002323632133
4001265118656
1005002306216778
4000860280283
32968183845
1005002284042800
1005002314421710
33001770729
1005002186283523
1005001430981455
1005002377223545
1005001655297314
4001080709039