1005001921019886
4000888020079
32970616004
1005001895355018
1005002148055439
1005002400257227
1005002362401461
32899666249
4000310694002
4000464734852
1005001314771498
4001048611518
4000292908123
1005001470357968
4000719643567
1005002359700276
32984498276
4000082516280
32858827951
4000392530515
1005002435175435
10000369510287
4000927358090
32783909798
1005002033821955
32842466656
1005002357703267
1005002433357129
1005001884336307
1005002448747317
1005001450627749
1005002475847589
32801063827
1005002254193573
10000334013627
4000747026851
1005002307259626
1005002185197521
32505353077
4001214183825
32805111648
4001101569332
1005001748370012
4000703524373
1005002266343275
33009593818
33037557398
32565688771
1005002006740575
32919861458
4000866369355
4000324723718
4001339653237
1005002347883089
32922981800
1005002364966563
4001297822415
1005002079557260
4001291822502
1005001731980097
4000986358940
10000107992618
32581026991
32965297143
32972544277
1005001851335691
4001279055537
32796967074
1005002091401578
33004172573
1005002411539444
1005002300309586
32821057134
32813488867
32603243691
32975017307
1005002377514878
32954697306
1005002443469152
1005001912538797
1005002342255054
1005002264429263
1005001640698209
4001333048136
32923994957
1005002270794589
1005002340207011
4001039214173
32957827739
32912819508
1005001948142882
1005002484081531
1005002338787832
4000691750991
4001031704531
2028366400
4001257450402
1005001831041445
1005002314458449
4001065047333
1005001469057670
4000237814733
1005001360795387
1005001339079503
1005001471971731
32814668466
32842454676
4001117939079
1005001845072055
1005001679906448
32649796272
1005002413622613
1005002285666663
1005002234564160
1005001899925985
1005001355977382
1005002387861814
1005002388362453
1005002033150610
1005002307374079
1005001779419178
1005002340617120
1005002387477519
10000289554953
32931469207
33048526920
1005001615232927
1005001495658998
32810421254
1005001500454340
32827343569
1005002417570628
32953559971
1005002320696653
1005001894670186
32961701737
32730182828
4000960607238
4001000638095
10000406023353
4001320601696
33040701843
1005002346767137
1005002457389224
4000614384009
32916298101
1005002365197677
1005001525474281
4000557472239
4001262365203
33056731894
1005001907239898
1005001995953351
4000626141201
4000712230871
1005002424587281
1005001418508898
1005002171117085
1005001615651271
1005002374358436
1005002306899505
1005001891136822
32967879077
1005002235034081
1005001441449647
4001168459465
32996498906
4000217350842
1005002385684603
4001248600619
4001061105139
1005001488846273
1005001496996886
1005002353270418
4000442458379
1005002337321577
32860400640
1005002064334532
1005002225159120
4000714213031
4000505231357
32790721262
32823159779
1005002062045506
1005001671270377
1005001717398631
1005001939648730
33037592479
32841863609
32540628952
1005001566123873
32596714302
32816313923
4001183788451
32951723062
33005883202
4000124790396
1005001362562131
1005002239183824
1005002277865575
4000259954019
1005002347772273
32810493981
4000458000349
1005002374639767
32648608886
32803404428
4000026914008
4001287294952
1005001586543027
1005002370248009
1005001670883229
32946386758
1005001867267642
1005002298123273
1005002340257652
1005001881939171
4000570344870
1005002303792451
4001253464996
1005002327985721
10000323555210
1005002358555538
4000686030716
1005001438554984
1005002323262275
1005002326408886
1005002205726855
1005002359281830
4001010269492
4000125371890
4001358206634
1005002310799146
1005001586783940
32868328865
32975999903
33057444762
1005001448348329
1005002311028210
1005002400589178
33031695578
32961841315
1005002363192542
4000231599770
4000223528898
4000488717728
1005002288560826
4000464713268
1005002261748701
1005001942114671
4000004365115
1005002357244865
33047059455
4001009310364
32809598862
33027792894
1005002133227802
1005002129783811
32968628688
997554598
1005002304863704
33025333134
1005001667972048
4000588836202
1005001920628360
1005001828419033
32876124128
33020622841
1005001671029648
32831651110
10000279323106
1005002473774054
1005002314347222
4001253998042
4000961149100
33012958744
1005001364996109
1005001570435692
1005001738552332
1005002208081469
1005001392719619
1005001935428819
4000736906090
33031847905
1005002259381118
4001299858483
32987996957
32990123793
1005002467185646
1005002098842125
4001301513985
1005002263615137
33024679233
32763162414
1005002336542987
1005001871235066
4000378548073
1005002468167338
1005002283553008
1005002110035594
1005001843861136
4000261136550
1005002433941813
32861178621
1005002332258310
1005002127308020
4001294029630
1005001341102794
4000926442358
1005002323308331
32219494763
1005002233126787
33018685601
1005002447499721
1005001655340176
4000197525327
1005002426373392
1005002309418512
32770111816
1005001438941678
1005002346431558
4001141597660
1005002357413810
32818593268
32964494927
4001358851858
1005002364265611
32973579682
1005002162459556
1005002090632597
1005002262374033
4000929369710
33002325134
4001272548732
4001007679123
4000930344272
4001240267473
1005001325476122
32924443034
1005002339797478
4001252526833
4000686670891
32868730973
33034547792
32765146463
32962389725
1005002165797300
1005002095058416
1005002280614376
1005002314414030
4000099276899
1005001591603423
32251307226
1005001730561683
1005001970316907
1005002417924542
32947378441
1005002375079902
1005002224925313
1005002369624253
33011150899
1005002350839360
1005001840772714
1005002404710064
32748288059
32252514948
1005002252227565
32957223171
1005002304176985
1005001736754177
1005002330749198
4000799273736
1005002370234367
4000244988675
1005001783496268
4000960858762
1005001993268076
1005001665375087
4000483500676
1005002449679293
1005001791746724
1005002235199518
32835861219
4000801916478
1005002462211761
32971047669
1005002392812333
32844983106
1005002229547663
1005002058340088
1005002263946192
4000269330351
1005002361663131
32842833088
32819657752
1005002383207138
1005002346718928
10000424353571
32894296624
32711885263
32973050474
1005001469796663
32868820523
1005001382581027
10000395851770
32909647533
1005002370266104
4000696170453
32959250017
32950719385
32620524643
32980103998
33007383345
1005001573066576
33042095191
4000864153148
32915465805
32799252351
1005002315228415
1005002023798778
1005001632502065
1005002284293185
33044703639
4001241243072
4001249657990
4001344023365
1005002478558424
32834100891
32945597498
1005002448305612
1005002478756848
1005001502797322
4001042589273
10000137809251
32873089465
4000593853024
4001068095704
1005002087748876
1005002483516582
1005002238907954
4000452349812
32890007503
4001034731516
32919797220
32863888396
1005002044018575
1005001955089163
4000603343210
4000668213320
1005001779975898
33032664241
32841151548
1005002296969827
4000106126645
4000552159925
1005001607692805
1005001634930105
1005002432929764
1005001830265047
32313425044
4001207761992
1005002397152625
4000711201084
32919289601
1005002119825882
32805304219
1005001462653234
1005002413533037
4000404569796
1005002437839288
1005001732051215
1005002458607639
4000249843647
1005002381710339
4001234033816
1005002378831354
1005001612654668
4001350821068
32879604387
32321116838
1005001803263124
1005001475876189
1005002409504839
1005002090314560
1005002300132415
1005002300222997
4000620308668
32796135772
4000735789398
1005001651953683
1005002417996592
4001322777331
1005001361129545
1005002072217610
33043953300
4001159940119
1005001588177637
1005002383071032
4000860575794
4001219794581
1005001905487955
32957395615
1005001332402533
4000844735548
1005001928699777
1005002371818041
4001129311844
1005002298083247
1005001494325197
1005002261161822
1005002218765680
1005002307447154
32840915816
1005002352219401
32858531568
33039644936
4000253158883
1005002326198880
1005002355530040
1005001913485496
4001262843855
33022243003
32918360096
4000666412577
1005002038015672
1005002318681036
4000544801468
1005001798561571
32891871049
1005002281939168
4001320744528
1005002262465269
32943649610
33035749632
32921191050
1005001548502909
1005001620907649
4001302510562
1005002449715764
32803740651
4000418833177
32819556708
1005001999489547
1005002318880580
1005001285022354
32959633881
1005002453628434
1005001870621752
1005002283092970
32856452196
1005002495298942
4001273561259
1005002453459470
32877149339
1005002495329789
1005002287364825
32966953363
32842214549
4000626191366
1005001579445063
4000163890616
32868962205
1005002308660294
4000207788701
32838974301
33036459116
4000955906027
1005002223594188
32556692058
32833677888
32901275406
33005943862
1005002394543053
1005002341170041
32975090511
1005001369561628
902564817
32365347004
33064163253
1005002196685463
1005001429948831
1005002447940246
4001208898394
4000546056488
1005002483487807
1005002487422739
32848884526
1005002396815157
32904193263
32972069162
1005002140448187
32976800122
4000723882080
4000862493688
1005002235921098
32964942635
1005002270259405
1005002291931989
4000842872900
1005001761969781
32915078232
33015885459
4001248686256
1005001338379103
1005001936289895
1005002001310969
1005001511081120
1005002332458396
1005001727645720
4000956267621
1005002323442715
4000865400548
33003500786
32954771821
4001238064647
4001245315174
4001039252634
4001156895598
1005001897815429
32951533768
1005001517055749
1005002350657828
1005001908695973
1005001882848186
1005002357587794
4000123075734
1005002392563814
32907164913
4000641377939
1005001297222836
4000863329646
1005001265485695
32918780946
4000235431206
1005001637734574
4000080279161
32807182124
1005002072495485
1005002288159743
33057635702
4000768420866
4000277030596
1005001529913621
1005002286241215
4000987219756
1005001823947085
33012392937
1005001515979227
32909702450
1005002302414386
4000251720932
1005001999341849
4000971907664
4000320427427
4001254444360
1005002490907192
4000150476585
32270803538
1000008252904
4001340175818
1005002362280252
1005002482274027
1000008408278
32951823412
1005001286516948
1339896373
1005002332256218
1005002035090674
1005002084518093
32997384561
1005002289574259
4001345743314
1005001941012993
32924699923
1005002400851554
4000911592314
4000466139534
1005001980969390
1005002328821953
4000307002463
1005002281494760
4001205420715
4000271661523
1005001624758469
1005001419562162
32818626688
1005002382848304
1005002461067224
4001257333551
4001238106382
32817664236
1005001801028056
4000035069805
33003422373
1005002359806473
1005002179857419
33035141762
1005001779943856
1005002087186224
32919413181
32831798715
32894380252
1005001540598432
4000136381999
1005001824566771
1005002262128665
1005002431349086
4001277381396
1005001848761167
1005001295609253
1005001580510700
1005002353853252
1005001354384431
1005002297171962
1005002395154363
4000818181810
4001189379422
1005002322914563
4001012988833
4000740244420
1005002065531334
1005002435252630
1005002351413994
32860238832
1005002439592981
4000197642801
1005002222671590
4001241022850
1005001274083803
32831754401
1005002245102299
1005001992114052
32844192946
1005001489358640
4001171045339
1005001853439433
32966470252
1005001698626734
1005001574092124
4001160992992
1005002357286951
32847977416
32813865935
1005001488942049
1005002371474997
1005001899208097
32854996405
32700415247
32520961387
1005002225991881
32533939507
1005002181317616
4000111406591
1005002362411642
1005002483942924
1005002275459114
1005002485090999
1005002313936539
4000916505207
1005002462470925
4000742248971
4000843250422
1005001855076832
32473320685
1005002388398345
1005002075167565
1005002433116078
32904952380
32863621760
32914543152
1005002205800075
1005002185292863
1005002321456809
1005001878757710
32797189095
33023723268
1005001780700473
1005001951656077
1005002182386540
1005001547718628
4001022022954
32947588964
1005001902289622
32841900503
1684461869
1005002193974162
1005002307847222
4000389679159
32863427385
32635626057
33013927632
1005002122534264
32953826954
1005001667915824
1005002394822443
4001228718397
32905153839
32995516539
1005001570524018
1005001488418303
4000035915510
32371723333
4000420610692
4000780895549
10000400043159
1005001330410412
33044049883
1005002080686071
1005001463552997
32887303834
4001293592161
1005001695373790
4000013853884
4001023262495
32845009183
1005002490459189
4001201894785
1005002266620654
1005002069511705
1005002276484952
32637489217
4000184298512
32258900628
32861613097
32780966277
1005002271842578
1005002466692357
4000526275767
1005001315998385
1005002255480013
4001057966328
1005002431865826
1005001439106411
4001171546065
591062541
1005001737670045
1005002387969297
4001098601835
1005002312752005
32843963236
1005002386409617
1005001607927053
4000695055320
32857449725
33050311046
4000149897933
1005001445634811
1005002452445714
4000385848734
4000038468864
1005001430746179
1005002460400998
32823560316
1005002280860537
32950414277
4000270722335
4000315435306
4000442358977
32522018236
1005002065443791
1005002450572687
4000027105581
1453064676
1005001732426604
1005002120035729
1005001669806662
1005001869633491
32615669447
4001022997192
1005001459066562
1005002225388819
32668172160
4000203700619
4000382740770
1005002293295019
1005001467518364
32888540748
4001157022089
1005002260061863
32982867627
32848379654
32972612874
1005002284712151
32888483116
33033883731
1005001660295687
32849001593
4000996903821
1005002336925937
1005002297039664
32896297090
33010640271
1005002404954740
32994061461
4001103692058
1005002337819047
32949961213
1005002433673743
32829414700
1005002309765744
1005002140484598
1005001376321679
1005002500283508
32962574041
4001017462303
4001208579983
1005002357405498
1005002397881395
32814161239
1005002219458153
1005002272045434
1005001804227631
1005002324074051
1005002175925572
4000625568026
1005002233530773
1005001700516691
870384963
4000989263185
32910285422
32951662456
1005002420931374
4000929153704
4000120457559
4000561706222
1005002490518780
1005002103051649
1005002314301971
1005001881978206
1005001930720868
1005002213711100
33046255274
1005001969008872
1005001407061552
4000234379746
1005002279928806
4001025271334
1005002315013846
32708224421
32852868314
1005001939605676
32308087038
4000469017397
32952969260
32832885840
32890008375
10000344881082
1005001479698981
1005002333927894
1005002482940903
4001005290658
1005002015232787
1005001483385040
32972135905
1005002244320264
1005002350440027
1005002286710792
1005002287268334
1005001531654382
32890242224
4001317658421
1005001585348242
1005001869605761
1005001615330679
10000305403553
1005002344834682
4000297366972
32361490669
4000219897264
4001049941769
1005001927380915
32887555849
1005001652382616
1005002414502360
1005002314467083
1005002113214854
4001224803877
4001100100076
4001142042121
32603828968
32834527711
32897118460
1005001893694832
32391340843
1005002213602407
4000261640403
4001113938983
4000109370275
1005002233646084
32955669388
32975313072
32699413558
32988981370
1005001345338357
4000054985208
1005002400925894
32850963800
1005001326726684
1005002319890564
1005002336128718