33012511360
1005001785013524
4000287863986
4000825992126
4000416168599
4000116632683
32971559394
1005002348569377
1005002485955481
4000926280548
1005001291363028
32841298675
1005002357448868
1005002231629598
1005002351458893
32616553050
32843337516
4001130878856
4001189049537
4001330809430
4000459864241
1005002495042240
1005002420010947
33016862424
1005001812413527
4000783206586
1005002340250298
4001025385843
32242337397
1005001467857912
4001188292544
4001240927180
1005002119099621
4000126290709
1005001922969789
1005002264151015
1005002469373029
32949287665
1005001334429606
32873405053
1005001782895099
4000860544275
1005002310760562
1005002190666644
1005002353218398
1005001891778075
33033768224
4000594065329
4000042890745
4000308243200
32662652970
32985821229
32254511356
32828606669
1005002028255254
4000829339316
32998829796
33010800883
1005001350698446
32659349288
1005002193288791
33021664474
4000586275871
4001064766194
1005002443107359
1005002388832957
1005001506018829
33023887321
32871563012
33030121495
1005002106948978
32855583565
4000903356880
32571280777
1005002212474265
4000956078040
32806790621
4000910136949
4001196967995
1005002176324315
4000314406061
1005002384499662
1005002364850388
32710641347
1005001518089516
1005001608365943
1005002282383058
1005001614471735
609817920
32849538204
1005002261825476
1005002220242942
32996913003
4000532770752
1005002312397988
1005002316662541
32714399662
1005002413261579
1005001515270255
4000098258003
32677199478
1005001374064114
1005001813570940
1005002198814979
4000849743677
1005002086785128
1005001483769962
1005001842207684
4000186852467
4000704026862
33021707718
1005001990221026
32957481770
4000545839155
4001006004946
32983750728
1005002109892538
32365629045
1005001779264130
1005001675073394
1005002241680845
4000012286361
1005001604285003
1005001492975799
1005002306836386
1005001837265567
32647568328
1005002441223256
32970154701
1005002466084697
32863722079
4000380953285
1005002141221505
1005002353168450
1005001439035800
4000043750426
1005002340996271
1005002177355396
32959096914
1000007925444
1005002206357411
4001259664868
1005002316779758
1005001835711792
4001324385244
1005002389084600
4001162854494
4000070794154
4001345563774
4000982941513
4001030031191
4000155900594
1005002279137283
4000473447555
32859192853
4000108216193
32822321287
1005001839634408
1005002267558399
1005001894264802
1005002437806198
1005001299053518
4000286265803
1005002129786488
4001100096715
1005002330450201
1005001854985527
1005002350350171
1005001424595959
32984870447
1005002332901022
4001316787579
4001042591247
1005002018674200
1005002330705850
32654951133
32834248378
1005002318512708
4000468095757
1005002346187462
1005002259125760
32964814805
4000818703371
1005002288526343
4000960568853
1005002292309270
1005001670722952
1005002428539547
33006295864
1005001505773645
4000194662620
1005001686028646
1005001864135398
32776216247
1005001599135888
1005002363525478
1005002309361837
1005002239689483
4000211653125
1005002310935498
1005002461626598
1005001869058357
4001184594682
10000395942753
4001150004682
4001258360902
4001221314435
1005002029803426
1005001322866816
4001072129437
1005001439044905
1005001515885683
4001290960668
33031600578
32819256247
1005002264368722
1005002201790051
1005002028506385
32998079661
1005001604882097
33031559648
32562614911
4000332704325
1005001441372607
32859623129
32858908979
1005002441534443
1005002313168910
1005001354736100
1005001884628278
1005001404806540
4001259684517
1005001702940999
32922832444
1005002245194337
4001202516545
1005001760007009
32810508822
1005001759030433
32859107907
1005001686234205
1005002439005603
1005001686179133
4000419633019
1005002315334470
32888668534
4001227605630
4000907222328
1005001367504386
1005002278505139
4000430342351
1005002315809756
32991066590
1005002378849051
1005002196243952
33000070064
1005002272585186
1005001580365945
32812532251
32853538616
1005002425095553
1005001586661878
4000926758786
32918429278
33058014172
32996766654
32949276220
32816271690
4001080235295
4001108789081
10000416752092
1005002246715108
1005002378737935
4001112126475
1005002225110163
4000303328844
1005001536769354
32932740560
4001111494653
4001076801764
1005002133882509
1005002187425141
4001135938622
1005001642211352
1005001406786525
32705212175
1005002337296774
1005002359681827
4001148070788
32716963207
32878629994
1005001516347913
1005002474943479
4000678416860
32699892638
1005002281894478
1005002265875124
1005002030437514
4001316882944
1005002386451082
1005002425726420
1005002350112127
32878409541
1005001412694898
1005002094029875
1005001456132627
32916845982
33010036946
1005002371461620
1005002293034856
4001010647584
1005002402432999
32811240263
1005002286462087
1005002473395444
4001330684161
4000397435933
1005001593703754
1005002377088057
1005001816597796
32920623159
32737430314
1005002276110470
1005002395089809
1005001678971541
32807981326
1005001403116976
4000140445614
1005001905342691
32859039352
1005002345161368
33002772551
32908435454
1005002334701635
1005001993975156
4000074058248
1005002194622970
1005001710303059
1005002198346402
1005002448643249
4001339750887
1005002200820787
1005001972405614
1005001835693035
32859331119
32990208435
32920413103
1005001515830642
1005002276099728
4000143914812
32852366301
1005002016762755
1005002261123176
1005002187414328
4001339524991
4000356916316
4001209127757
4001137355386
1005001682477287
1005001654431178
4001153838143
4001297000807
32866561694
1005001895215244
32878461935
1005002409767161
1005002398834566
32859486798
1005001798895143
4001226215353
4000811760778
33033592917
32849181504
4000340959804
4000841496062
32872063707
32812485450
1005002420259880
32846599315
4000685216906
1005002277288072
4000494535590
4000794232107
33004497088
1005002458711479
4000078504759
1005001429391805
1005002264360891
4000885675831
1005001700808749
1005001351131295
1005002339972516
1005001670698360
32891623520
1005002358199814
1005002292769789
1005002166233126
4000926324203
4000041800533
1005002300966000
4000522086536
1005002335042229
4001227740185
33026347284
4000481625151
32946612811
4000622656081
4001201345202
4000221987675
4001031753566
1005002332214056
32900912306
1005002319158019
1005001984875963
1005001379788064
1005002383381006
1005001708321556
1005001757172099
32976143811
4000232207968
4000774112055
1005001506809517
32827100594
4001159022012
32456410028
32974596721
4001066804263
1005001624694131
32855161618
33036499758
4000258801754
1005002448850367
4000159507635
1005001961352680
1005002377888050
1005001809145488
1005002352794797
1005001546675188
1005002297539916
32698440580
32789122151
1005002467703015
32982316942
1005001418263349
4000940673217
32952743900
1005002262243314
32280876272
1005002404075907
1005001586657287
33022997102
1005001313100298
1005002239596318
32974472905
1005002254077545
4000959249085
1005001993418806
4000127868299
32910286561
32324323031
1005002337326744
1005001820310602
1005001320247349
4001138426197
1005002342802325
33004781082
1005002342004899
1005002394751141
4000570382548
1005002258963274
4000200402965
4000896102459
1005002272385197
1005001841728781
1005001957604075
32851284720
4000974553528
1005002254222635
4000579409599
1005002271508192
32765817757
1005002168173658
32798782479
1005002102400105
32919601661
32829418857
32305946505
1005002487258097
33015884922
1005001657738984
32857219583
33019362802
4000852805057
1005002264816922
1843900812
1005001529062346
4001065457329
1005001728072652
1005001775725432
1005001549768677
4000546823590
32802308039
4000970069650
4000979363824
1005002277414550
1005002060627281
4000310403657
1005001703390695
1005001297449344
1005002323587487
4001252414497
32780045445
1005002413471712
32770239464
32948520089
1005002423502656
1005002487497781
4001273294053
1005002340131994
4000087547230
4000857587683
1005002279010742
32880622661
1005002334054916
1005002424315217
1005001883409894
1005002301886341
1005002094043071
1005001399189686
1005002302528571
4000926624804
1005002431426477
32574399031
1005001758231137
1005002326173815
1005002470900253
32852086330
1005002184894836
1005001771298866
4000473369151
32899871088
1005001941969644
32664535540
1005002333055803
4000190978732
32301591473
1005001678993251
1005001631847811
1005002285931925
1005001853484718
4000144522763
32919616901
1005002465355746
4000033325197
32820785684
32960098557
32961051434
1005002350698852
33041851199
1005001834401856
4001002475847
4000850486963
1005002492921167
32946325326
1005002396719302
1005002222227393
4000989017851
32817826654
1005002332799926
32646551110
4000956403870
1005001717905418
32816420315
1005002402058891
32988997002
32670218156
4001034173781
4000554758761
1005002433518690
1005002092772333
32968283909
32971697650
1005001656945230
4000708285962
4000973457790
4001244609277
1005002037707850
1005002384389909
1005001488937462
1005001965870176
1005001596364165
1005002283405977
4001022410220
4000735470831
1005002362752589
4000068814532
1005002289107988
1005001671012597
1005001544390997
4001143287654
1005001349619575
4000843225714
33044151141
4001038909880
4000682720281
33035352455
4000181930713
33038256628
1005002323299591
32791836297
4001062421105
32802330898
1005001765515136
1005002376747555
32830565700
33026314652
1005001967130951
1005001329494988
4000291976748
33025543021
1005002288559532
32981063231
4000165205216
1005001731281926
32835125753
4000203675115
4000032717026
1005001857249152
32896043986
32847588129
1005002268010927
1005002176192288
4000804555900
1005001880142203
4001178388338
4000002738236
32844094939
1005002200977569
1005002481364333
1005002170850094
1005002482102742
4000449394536
1005002246831354
1005002245219638
1005002268883657
4000850205563
1005002204060098
32953825941
4001228649370
32868650263
33043465652
1005002467267896
32862944908
4001180367076
32921615675
1005002337710195
32683634232
32390974818
1005001570963358
1005001603815534
1005002367482288
1005001927485361
32790897618
32965707459
4001315468201
1005001463733154
4000407104569
4001170528947
32870461007
32954658190
1005002386997408
1005002484035063
4000017227390
32351156825
4001240966047
4000842638678
1005001778993731
33011380073
32801088180
1005002239941600
1005002239104656
4000600452824
1005002082484351
1005002345829101
1005001326058534
1005002089739394
1005001958632813
32776289043
1005002355877961
1005001295477024
1005001516002242
1005002339818645
1005002120399585
1005002314952050
32590803967
33005472589
10000055541621
4000162689928
1005001547901050
905506994
1005002255590535
4001260367875
1005002298022248
4000730591291
4000019037150
33031990191
4001344575876
1005002313983320
32820809749
1005002225976535
1005002418773335
1005001780180994
1005002267906135
1005002322860587
1005001410159071
1005002388407833
4000044230084
33052916183
4000287655454
32885823527
32917801409
1005001572016405
1005002266426768
1005002438866724
4001258034532
4001028034933
4000272849111
4001023176320
1005001958793266
4000509974398
4001007149192
1005001278615821
1005001703154178
4000182551665
32963863957
1005002416006361
32675259017
1005001522473236
1005001671938359
33045141749
32307808595
33007577981
1005002314322319
1005001591945612
4000278341067
1000005176938
32884936475
1005002339339782
1005002400500754
4000155093414
1005002362960288
4000709216372
1005001816747762
4000846824771
4000071853462
32978355071
32954476141
32854217943
32841866303
1005002113062968
32975298596
4000558476762
1005002443458786
32855111695
1005001992887413
32504037068
1005001706360500
1005001584453378
1005002233146981
1005001327820639
1005002353824863
4001264271329
1005002271964634
32996640706
4000986356014
32892319425
1005002176648001
32861645430
4001103963925
10000291250284
33004743380
4001110936799
4000836151118
1005002475251713
32613238271
4000789170086
4000416783859
1005001614745128
33031499425
32892767319
1005001454902180
33056906438
1005002358699722
1005001568951627
1005001465488230
4000274249841
1005001839210575
4001196293512
1005002204150941
32567910865
1005001457903651
1005001348924977
4000277318166
1005002233185134
1005001671605646
33006482708
1005001824290229
32950845982
1005001521488938
1005001392970752
1005001899831701
1005002283593309
1005001721183158
1005001871084779
1005002063065528
4001201796690
33005865549
1005002314583384
32749259053
10000381438079
1005002289284344
1005002318749879
4000877976453
32808935793
1005001834970252
4000748149369
1005002211976766
1005002239710754
1005002346341235
1005002359218477
1005002021817449
1005002302174069
1005002462491770
1005002329210019
4000766771280
33016218282
32993869166
4000789696445
4000627248423
1005002413378521
1005002370189831
1005001875409709
33010740856
32913050163
1005002080984778
1005001880119413
32897385691
4000720872461
4001229777674
4001210909537
4001219092030
4000096778567
32988364993
1005001518669154
1005002192565354
32699106263
1005001977238370
4001221046085
1005001596356514
1005001747343864
1005001548918602
1005001332454232
1005001687936887
1005002298371176
1005002492249124
32926112252
32859137004
1005002237585609
1005002264779837
1005002497105413
4001270823876
4001216743589
32960028498
1005001880403187
32860813590
1005001592982547
1005002068519807
4000766765998
4001141717528
1005001808434427
1005002280543208
1005002008832144
1005002282332722
1005001316609774
1005001754511790
4001025096816
1005001413822849
1005001705585253
32972515406
1005002322216247
32677577065
32815435255
4000975575841
33001854114
1005002224465301
1005002353844168
33034212056
32882745219
32842120269
32916092973
32981581077
4000919483203
1005002072459455
4001294086178
1005001647256717
4000640998212
1005002315821624
4001098658441
4000829374845
32886059550
1005002312194150
1005002259237277
32857637510
1005002304378679
1005001778675683
32783198640
1005002413707490
1005001964944642
32845811873
1005002313671965
1005001397641639
1005001493502634
1005002081778891
32807266478
32832191675
1005001329774814
1005002296503072
1005002471329509
1005002346257944
32926251251
33002258254
1005001952138569
1005002337345438
1005001552593699
4001272841745
1005002420755988
1005001720143756
32876450442
1005001840260360
10000183632784
4000325588319
4000159206244
32536009271
1005002263717878
32967541077
4000470517991
32895464866
1005001821135413
4000032409624
4000287383149
1005002238732666
4000183218596
1005001590934231
4001097468571
1005002384473536
1005001633936503
32995198929
2051039543
1005001825217918
1005001731769011
1005002214601962
1005001847526987
4001233287001
32842111181
1005002340576354
4000662889968
32933674504
1005002291762384
32888891476
1005001463921762
4000448243295
1005002426931784
4001116855945
32976554725
1005001658960030
4000427698075
4000162900113
4000888551924
1005002292866336
1005001922065270
4000258693290
1005001731891740
1005001894351487
32860052105
1005002295535603
1005001445052647
4001066970345
1005002264825178
4000722840016
1005001671620666
4001152167908
4000740115823
1005002347952651
1005002199778365
32513664799
1005002167886093
32819655172
1005002405060703
4001223844371
1005001324859663