4000246155717
4001293870349
1005001354526735
32843939972
1005002322778631
1005002420165881
1005002379228586
1005001625839373
32751064393
1005001540014048
1005002314359377
1005002388763762
4001038897750
4001163121057
32298574539
1005002276408300
1005002245892846
4001038312314
1005001577207979
1005001914236603
32296236985
1005002386022755
32978855030
10000283683039
4000015808615
32885757558
1005001279083940
1005002206479455
4000946511537
4000433554498
1005002224338394
32955265387
4001081548444
1005001769732814
1005002461183004
4000685565637
32988257047
1005001762540052
1005001572531004
4000534537136
32910053197
32485184920
1005002260275549
1005002439934949
1005002341305151
1005001731965183
32579742409
1005002219704473
1005001500066628
1005001431259053
32943431141
1005002329923652
1005002107830845
32836072973
32762270045
4000739486304
33003807395
1005002405962641
1005002418641734
32251541120
1005002424138044
1005002245155550
4000768054620
1005002233976783
1005002008683114
1005002431410830
4000048561690
1005001946443974
4000087755500
1005002107163539
32985507820
33028359220
1005002283774722
1005001355884687
4000708103685
1005002339174685
1005001825361779
4000807151932
1005001430630143
4000049594942
4000317612894
1005002368720343
4000754155651
1005002369470699
1005001350221769
1005001529772651
32951260653
1005002320797578
1005001593725537
1005002428584438
32921243583
1005001786005906
1005002344940881
4000739451871
32919359390
4000271909663
4000627264184
1005002269245540
1005002320213753
4000990779745
1005002359185215
32625105251
32932974493
1005001679801113
4000857676444
1005002352131667
1005001894265155
1005001620158222
1005001518729385
1005002120819662
4001200616140
32979215434
10000164719284
4001041085595
33010917872
1005001343348444
1005002423884704
1005001377935167
1005002363212945
32951642975
4000115128770
1005001566907357
32919144537
1005002481816323
32800599092
32879119055
32948152779
32956403997
4000036497862
32687353788
1005002435787961
32832318738
1005002314515214
1005001959879911
10000395355574
32777638669
1005002314714400
1005001365190806
1005002335111939
32794138849
1005002477454808
4001130780840
32368093610
1005001499640907
4000086299875
4001350595546
1005001770865019
4000033970851
4001259284955
1005002205262787
4001177772800
32994597442
1005002328170226
1005001652134788
1005002305500907
1005002167776534
32967583844
4001268486306
32887598432
1005001683232006
4001146693042
1005002344174042
1005002096040273
1005001731062895
10000399943789
4000829633774
1005001667790672
32948558868
4001171048039
1005001644924772
4000247188726
1005001777957085
32994581024
4001291044171
1005002265180779
32695389110
4000203023997
4000369568702
1005001483009727
32807692233
1005002326695708
1005001321614343
32926189258
1005001666120787
32950091406
1005001971217326
32863650993
1005002181329593
32779909159
32650196217
1005002314256836
4001196596812
1005002345988835
1005002225985843
1957185114
4000752501319
4000271139206
32960760110
1005001325617475
1005001481956074
1005002474941822
33028177861
1005001736776131
1005001476619215
1005002198596303
1005002032676164
32978510965
1000004781028
32964535823
4001207393593
4001002205331
32997525690
32973302647
32798148939
1005002313750620
1005002458793440
4000600209557
32997487124
1005002356819751
1005002171026425
1005002413323561
33013253746
4000016384199
1005002465953992
33038122569
1005002350880123
4000873770592
32958430755
32953989212
4001238675787
32957390167
1005002287666456
1005001493020407
10000414121888
4001027426910
4001153476149
1005002307329563
1005001672439916
1005002363821829
4000619503238
1005001452139084
1005002198274472
4000731073036
4001160300399
4001273063691
1005002408412347
4000891482534
1005001704116841
1005002457048370
4000216605865
1005002461858500
1005002422924192
1005002293818566
1005001640047998
1005002385866253
1005001850507886
32968602736
1005002426133280
4000246955648
32965724701
1005001919140579
32906138734
32992497878
1005002377347867
4000361079586
1005002108615233
1005001695567107
1005001615673110
32800592101
1005002242008090
33052692050
1005001525503244
32879176176
1005002474486246
4000993840425
1005001762173910
1005001695306403
32860878013
1005001504859355
1005002408872975
1005001371037699
4000241093347
1005001329727155
1005001909569990
1005002369385908
32973036155
1005001302117580
33020561942
1005001572241668
1005002068124569
32865496860
33046930373
1005002225185522
1005001843183459
4001254645639
1005001763947700
32837864695
32918145200
1005002080959477
32897590493
32957165361
32983016965
32832275644
1005002485020449
4001218354070
4000947886921
1005001816931556
1005002314346775
4000105785135
1005002330176263
33054057355
1005002118786956
1005002357470582
1005002413224770
1005001367032248
1005002457002818
1005002347170112
4001060850770
1005001950295208
32811343691
4001322699424
4000931079366
1005001587794124
32947325400
32870262039
1005001856824316
4001238203373
4000216870070
1005002457218124
1005002270761379
1005002341370185
1005001355649145
1005002276544110
1005002383214121
32957356369
4000340566840
1005001694132828
1005001304635791
32890317610
1005002347607353
4001052680572
1005002466048018
1005002270351050
1005002068356935
1005001572016572
32766974523
1005001625961769
32952852423
1005001895178542
1005001774878501
1005002346181361
1005002361949088
32953743944
33028875726
1005002053482258
4000429639217
1005002266476382
4000565852689
32804368528
4000678411351
1005002259522467
32849750611
32835380424
1005001780806194
1005002480750692
32985643965
32999024030
10000144423715
33020122269
1005002387236784
10000055659779
32957779807
1005001620702644
1005002453357794
4000049406775
4001233799533
1005001960405480
32536875688
1005002428042744
1005002451390955
1005002347678810
1005002341506157
1005001587572935
4000011811775
1005002480698040
1005002395745981
33010102733
1005001476781442
10000395949367
32723424385
4001334365732
4001062999004
32764273991
1005002389039165
1005002389606616
4001123791402
32461597501
32907706492
4000830491891
1005001412214314
32845659354
1005002394459266
1005002398540452
4000794143639
4000429536870
4001118632607
4000834449225
33003551262
1005001669485271
1005002393220411
1005002348745212
4000155943957
32787011536
32337096341
1005001512061134
1005002382004203
32793312855
1005001645321820
1005001849678113
1005001638369902
1005002300834479
33030956275
1005002346532921
32295221525
32658013526
1005002354246276
32468407698
1005002340620003
1005001802960452
32988084188
32921574305
1005001616061915
32299656512
1005002350660911
1005001593596177
1005001571645358
1005001692142423
32758285047
1005002317134635
32891216382
1005002159901892
32755399373
4000717212387
1005002371876328
32531272880
4000286418116
1005002247230227
4000026851137
4000155782411
1005001346385253
32860267984
1005001816657305
1005001795215683
1005002237757038
1005002480907489
4001053144699
1005002316630650
4000883705489
1005002464935635
32869029087
1005002331014171
33060523680
1005002426787904
33001750472
33005544248
1005002467848202
32864490119
4000995132264
1005001364819939
1005001474031121
32955776402
4000740237195
4000894151378
1908179483
4001309308128
1005001615524464
1005002351605355
32819609235
32969307911
32914276459
4000571076989
1005002235317809
32989483116
1005001833341559
1005002280292358
1005001297248025
4000089830110
32922310555
4001036637472
1005002313311904
1005002008411281
1005001612927212
1005001506352186
4000132403707
1005001802707813
1005002388892506
1005001943544465
1005001872986696
4000042389436
32852096979
1005001643902170
1005001993718268
1005001942971367
4000996146652
33057026785
1005002398730818
4000893008438
4000717543916
1005001567695094
1005002261010507
32812965428
4001251529691
4001270475546
32966084660
33028693160
1005001756900664
1005002458103511
1005002465515414
32278425149
1005001560618223
1005002487046977
1005001424387219
32617820561
4000163160702
32992962203
4001052636198
33001282874
1005001298493452
1005002056463890
1005002046148747
1005002239399999
32846129972
1005002021978067
33016567566
4001131507012
1005002339417942
1005001571312083
33041918322
1005002475872698
4000475148471
4000545910484
4000135846438
1005002317918683
1005001678478835
1005002428539729
1005001706251731
1005001914798009
1005001889023286
4000292945786
32805503788
1005002314384024
1005002460823069
1005001783328402
4000680833771
1005002324818093
1005002303780729
1005002234504324
1005002146980973
1005001640039695
1005001566639325
1005002412949620
1005002499251410
1005001875167832
1005002408396542
1005002311249370
1005002381826392
1005002419621396
4000372967990
32896421820
32892809419
1005002001792705
1005001723212008
1979586422
1005001435838852
32885887764
32873812466
4000106306764
32788674787
1005001864256085
1005002243068597
4001151249910
1005001298145769
4001350296907
1005001860656493
1005001868002201
1005001747032935
1005002400929655
32812027576
1005002289058772
1005002398283567
33023686445
32617570783
32706542150
1005001782516469
33024762231
32854054266
32946969093
1005002046559355
1005002291737256
1005001333334168
1005002357564664
1005002281950165
32849448320
1005002447650709
4000668988479
1005002119751461
1005002004873148
1005002367387951
32909668935
1005002107842743
1005001451030072
1005002496390681
32272432410
4000322973977
32963167557
4001189801900
1005001842870463
1000004768021
1005002368900798
1005002476122668
1005002288129658
1005002287188335
1005001763886239
330413888
4000420957492
1005002239552179
32859273753
32736041167
32907437503
1005001899333846
32955329163
1005002353563361
32905231425
32989943887
1005002394744945
1005002313789177
1005002198972689
32855735011
32610394678
32682581444
32811068741
4001038503817
1005001912516316
1005002226253079
4001110919265
1005001943580820
1005001703156556
32976004906
1005001296513275
32803495283
1005002401709971
1005001900571102
1005002040362454
32517736338
1005001274542840
1005001854670910
1005002494122023
4000286609883
1005001319847867
1005002297069358
1005002207930035
32865917566
32887948948
32888923199
32963330087
1005001622964156
32908056363
32895543902
1005001468127870
4000033005760
1005002427928881
32979466033
32669633532
33010550519
32352268229
32975665929
4001094022300
4000197881188
1005002339728291
32823141499
1005002246527499
4000366408310
33004416244
4001307525199
4001275875672
4000004762008
4000926433184
1005001883260082
32997167874
1005001384964324
1510661384
32910826913
1005002345142337
32821023963
1005001411616163
32654159447
1005002426341833
4000084522436
1005001791876430
1005002198244770
1005002423633657
32978651955
32954717084
1005002161566682
1005002192118517
1005002399632873
1005001839736837
4000505188853
1005001468569579
1005002213574601
33009035731
32950176905
4000308406606
1005002381838142
32978295957
1005002424370578
32822642401
1005002322773487
4001345683747
1005001793000377
32910540126
4001080193137
4000064841496
33004720092
4001096438376
32541750656
32926390495
1005001450809860
1005002480182304
1005002052651510
4001010438644
4000706604825
4001166055399
1005002364411204
32988324404
1005002150972068
32872629906
1005001326671239
4000321331888
4000715818172
1005002276897155
1005002264169278
4001331349352
1005002115762454
1005002288113121
32840718832
1005002427921186
4000038129826
1005002329860615
1005002438611941
4000894234481
1005002234488170
1005002320225754
4000983581472
32796044178
4000469695987
4000954951884
1005001334700632
1005001905187634
1005002139114335
32656012221
32860597103
4000701346167
33040420306
33015826133
33058307303
32978649883
1005002398575042
1005002190171873
32807649225
1005002289740414
32894379258
32991960669
4000611493457
1005002346270472
4000726941849
32902693904
4000234310700
1005001954065768
32918331543
1005001652287837
1005002367432382
1005002450682701
1005001494946502
1005002435962574
1005002289445127
4001071993571
1005002478450611
1005002416205961
33024458371
4000106878785
4001186503138
32858717620
4000832265774
1005001441361310
1005001608904688
33038310471
4000771345572
4000307642048
1005001571018788
32742711122
4001094581500
1005002160481296
4001258978655
1005001958646696
1005001303403872
32921156628
33030055356
1005002346304707
32885326628
4000022890929
10000395832875
1005001327780275
1005001988869100
32924893752
1005002278189134
32955480539
32961385803
4000706702510
4000472507073
1005002280851285
1005001885995099
1005002355984266
32882320421
4000808138952
1005001746983403
1005002289760218
32980708061
1005001859274201
4001147693400
1005001387009886
1005001560630021
1005002072459716
32902696880
4001033722336
32797881388
1005002376489176
4001154109002
1005002431166065
4000979361544
1005002110949042
1005002410054522
32937463841
1005001793360955
1005002368947518
1005001995826384
1005001961285930
33005026897
1005002018336306
1005002336562804
1005002319604451
32924342333
32703314498
1005002460881462
4000466424318
32860614039
1005001608536912
1005002314571264
32789445021
32796658579
1005001762194673
1005002460603337
10000306356204
1005001812054796
4000291391964
1005002334901423
1005002167837401
1005002167671913
1005001769010266
1005002064122428
4001146452042
4000837409691
1005001736644658
4000604462873
32902003140
4000580337901
1005001694544310
32888964140
1005002193978979
1005002315999538
1005002345183498
4000151450842
1005002277610390
32912030005
1005001579264306
4000562945447
1005001385625369
4000156169040
1005002279027980
1005002280572502
1005001814461936
32657983454
1005002408823339
1971095273
4001318330954
1005001511538534
1005002433246664
4001068808186
4001115433525
1005002301675762
1005001465386527
4000779938332
33015354106
1005001872516871
1005002237694996
1005001955191169
1005002150781101
32863672052
1005002282192423
32965125482
1005002265494022
1005002275758107
32903896279
1005001514224114
1005001615329690
1005002052415887
32998836557
4000816732810
1005002408423297
32975606311
1005001967083534
1005001688856429
1005001436489644
1005001587229067
1005002121184434
1005002100514732
4001208598515
32906073926
1005001493241066
32883691340
4001228815947
1005001703265014
1005002459680443
1005002012405645
1005002491242321
4001214690652
32964797115
4001315039155
4001364433870
1005001393486749
32867440435
1005002430416220
4000960750712
1005002454271555
1005002363719876
32886647986
1005002395098714
4000770154022
1005002490780898
1005002273961353
4000204254400
1005002184304516
1005001393666361
1005002411553083
1005001812944607
1984942237
1005002497214284
32887398659
1005001664170599
1005002317720183
32829950758
4000268791664
1005002240836175
1005002342710984
4000992108512
1005002234045824
1005002350576502
32991285259
1005002293115906
1005002095691133
4000251543459
4000905718093
32810530346
1005002268439745
32886046217
32880620761
4001287919724
1005001819244557
4001197716305
32810393817
32823595994
1005002467159638
1005002303969954
1005002278005074
1808339303
1005002457628626
1005002490380965
4001119124598
1005002283350546
1005001349098248
1005002318357610
1005001426236500
33026256893
1005001621645815
32838598769
1005001619789520
32839489276
32978306734
1005001844831473
1005002395684618