4000373868658
32994028821
4000080021740
32217844261
1005002395237658
32921266909
1005002418338699
4000837907858
1005002279272819
1005002482618457
10000002743062
32814145201
1005002022708965
1005002324640547
1005001775202786
1005002320741483
1005002246304217
1005001474777814
4001217742114
4000321448760
1005002417169638
32448809922
1005002105516958
4000397287701
1005002357410423
4001048086802
4001021805581
1005002261990344
32952400796
1005002381737821
1005002351289004
1005002368360017
1005001670575724
4000941858615
32902450628
32804653410
1005001955013910
1005001520417672
33053665986
4001032018186
1005002221142806
1005002341475194
32377943192
1005002238133710
1005002423491118
1005001968723172
1005001315439736
33017995339
1005002004883460
1005002461791715
1005002259971782
4001018308337
4001237056128
1005001645207423
1005001681763120
1005001279406049
1005001872254354
1005001808290132
1005002228265893
4001290322163
1005001339696556
1005002107569514
4000860072994
4000993216547
4000352655211
1005002027277716
33036099704
32755861678
1005002468143016
4000966886732
1005002440644938
32625848861
4000504536436
4000286310772
32951824656
1005001896049352
1005002122259835
1005002293272858
4000828411681
1005002428355772
33028008915
32966669721
32689111917
1005002219007768
32896497816
1005002243941471
4001259694352
1005002378845964
4000096642561
1005001769315925
1005002273804930
1005001430031353
4000048295323
33053095226
1005002246667860
1005002234006528
32993369911
32857588271
1005002334899036
32837017642
1005002432344633
1005001726851220
1005002346624997
1005002254011673
32916653299
1005001980323734
32832305326
1005002253703604
32814323273
32823402990
1005002144223834
4000107034667
32981147924
32758076785
32547180096
32971144178
32933039998
1005002079112047
4001277317590
1005002461553462
32985363137
4001125552659
1005002434198092
32951251342
4000364937649
1005002234721210
1005002279125435
1005002108494911
32649575501
1005001867948203
1005001361790218
1005001798679463
1005001807246674
1005001763076117
32804443354
1005002370069429
4000061972246
1005002306094361
32457849676
4000910899453
32959458034
32976409176
1005002306677538
4000070340642
1005002330799060
32830171327
32791676247
4001172515258
1005002185234608
1005002108631295
1005002461469677
1005002206459777
1005001843537192
32975387044
32813080606
4000114134316
4001277520358
32984286930
4000835017138
1005001771524713
1005002356889371
32805360911
1005002399790844
1005001284746705
33060216198
1005002232207982
1005001280076116
33056410900
1005002051639705
1005001438833496
1005002427913022
1005001681391825
1005002430826114
2043344190
32937495011
1005001963023392
32903222139
1005002255309077
1005002244948212
4001033176741
1005001687752204
33008299553
1005002488635881
1005002373473852
1005002310549861
32996629933
1005001845374274
4000377726624
32842561467
1005002358335935
1005002333448895
1005001998859324
1005001274416794
1005001766004279
4001210031729
32982418232
1005001518613423
4001040677928
33036439038
1005001351562902
1005002420262329
4000641067425
1005002316091509
32951442813
1005001669782830
32987362103
32958083602
4001346964616
1005001393216366
1005002080436223
32880902509
1005002261706637
32958214772
1005001727538728
1005001424739603
32967615810
1005002412960324
1005002064577111
1005002237671694
1005002469985172
32921538543
4000306554396
1005002435660199
33048576828
32854930337
32955368088
1005001600226505
32853117607
32961587067
4001186169924
4000937311849
1005001926708299
32892633662
4001223635197
1005001910176028
1005001799006332
1005002424082695
1005002293795175
4001333460352
1005002384617807
4001063408614
32868802382
1005002484317121
1005002413721115
4001228527836
1005001389065837
1005001886363470
32866721410
1005001853050678
1005001792417218
1005001987452250
32966461382
32822213764
32886252814
4000011120289
32867420392
1005002212628967
1005002384861307
1005002413257392
32981024796
1005002333490530
1005001830922163
32832513826
1005002265501376
33012405493
1005001555607021
1005002437623923
1005002276104120
32859735565
32869912199
1005002272976963
32830703210
1005001869180897
1005002384292942
4001103303455
32971244407
33031859259
1005002402070317
1005002241344104
4000831057705
1005002244057545
1005001770029894
32809402480
1005002443460519
1005001929365022
1005002307251846
1005002263867382
4000842964681
32769732396
1005002191709605
32982229859
32799622288
1005002337335340
1005001724730070
1005002225085832
1005002129836245
1005002376197437
1005002328382553
10000335714303
4001272021011
1005002314304852
1005002405546188
32863295300
32988260082
1005002280285717
33014156650
32785863533
1005002317722332
1005002070220166
32380086038
32913779956
4000241870126
1005002315003714
1005001888466459
1005002352659643
33005432313
32955984888
4001339515730
32997160550
32859596867
1005002400016662
4000837269070
1005001584688774
1005002273315141
4000532148170
1005002490006734
1005002467155267
4001290564500
1005002119539937
4000965769657
32975752826
1005002129598466
1005002190495081
4000771257394
1005001603978833
32462533208
32806625678
4001309054469
33027191877
4001169902611
1005002342696303
1005002361853492
1005001470978710
1005002461405009
1005001462331904
32963746723
32877686533
1005001731364760
4001121875849
1005002291230473
1005002072631035
1005002271191540
1005001543277180
4000850081288
1005002139218372
1005002297340035
1005002361734324
1005002334844163
4000194867628
32995554958
1005002087324823
32997359368
1005002281918282
1005002244186445
32813160724
1005002369953095
4000164281670
32876516246
4000415810804
1005002317084480
4001208561247
4001123053804
1005001414773046
1005002428567729
4001248831409
1005001943172847
1005002313586318
32848463778
32920850383
32979612007
4000452243808
4000326822166
1005001841795372
1005002324806510
1005002432410362
32993681669
4000211152926
1005001958464791
32912598096
1005001966561055
1005001987125106
32811202749
1005002330706617
1005002497120564
1005002264482745
1005002316103024
4000047536371
1005001896882240
4000154281874
1005002432353683
32889725597
2039619952
1005002473555162
1005002003119804
1005002307642096
1005001741382115
4001134062879
4000042277142
4001009863548
1005002211621151
1005002495766951
1005002086364244
1005001670988800
1000007850299
32870592530
4001361167310
32726829227
1005002177054119
1005002328250445
1005001407311890
1005001843223543
1005002278274627
1005002319299574
2049823385
1005002318021494
32848057046
4000350051857
4000287579676
1005002263989382
33050467244
33004538079
4001052026523
1005002073432805
1005001860829586
4000811067142
1005002262681352
1005002298482621
32830034547
33026240367
33006082622
1005002488603060
1005001731268105
1005001459459114
1005002223731024
4001268327520
1005001834619919
32784365202
1005001928465646
4000803524020
32856125044
4000539671527
4001276248271
4000750753628
1005002350501648
1005002342777184
1005002425094047
1005002213021201
4000199867477
1005002446751623
32746766237
1005002307965775
32999801433
32624104165
1005002326924873
1005002357841311
1005002199202615
1005001392479810
32604422819
4000097151722
1005002280581616
1005001779843143
32959141391
4000024897068
32821728343
32600723287
32861168410
4000699885277
32996012607
1005002404139292
4000864368781
4000623434703
1005001516547993
1005002355423957
33027307821
1005001976683685
32577762980
32775903272
1005002344289588
1005001714864261
1005001714264653
1005002483482682
32840087238
1005002115468697
4001356135567
1005002265776937
1005001708240627
32981461624
1005002315387325
33005688749
1005001802799297
1005001826835593
4001225082855
1005002213498082
1005002317309930
1005002337309472
1005002348201904
4000686785068
1005002212070879
32965117662
1005002051237425
4000033648217
32910320666
1005002412695698
1005002461256691
10000191965788
4000725876032
1005002489339386
1005002326600430
1005001458906363
1005002354611003
1005002330585138
1005002432145838
1005001877726565
33017211064
33055100312
1005002441709139
1005001494486682
1005001455954818
4001252159599
32870586649
4000708560902
4001334647982
1005002003504784
1005002384738808
1005002309896615
32921202646
4000764863328
32798463137
1005002001646128
1005002191592694
4001098583305
4000907211285
1005001426869355
4000127638788
1005001629070112
1005002351104606
32972968435
32895983946
32882386664
1005002468303365
1005001381730228
1005002405020659
4000404263657
4001190892228
33030921843
1005002031919989
4001287970995
2024539319
1005001669401974
4000051226014
33012974733
32675499466
1005002270720509
4001238336166
1005001666532095
32943877895
32959077146
1005001820926203
1005001325682589
1005001611725161
4001161077257
4001161912567
32682856766
4001039300488
32956267485
1005002315876731
1005001872559432
1005001875643675
1005002323598682
32966625068
4000884944006
33000286402
1005001298012400
1005002356656024
1005002413398604
1005001330500735
4000945177139
1005002352939839
1005001677631797
1005001820816270
4001208593759
1005001470744481
1005002378362458
4001014404968
32637892791
1005002314484823
32938151156
1005002319154540
32825236274
1005001504689609
1005002315746628
1005002071633397
1005001841608718
33010277096
32848873288
4001039328157
4001042076260
33051357101
32915040256
1005002253652036
1005001344044292
1005001966522415
32903166002
32973145761
4000418223414
32825819964
1005002337326525
32949622685
1005001847646006
32911770760
32942026837
4000684938196
1005001332598909
32813877289
1005001850551366
1005001319821064
32966413567
32974950092
32963067780
1005002272296873
1005001861361247
32878189283
1005001457723273
32887058231
1005002489993301
1005001793456763
4000077326969
32864730181
1005002301248334
4000906677075
1005001946845503
1005002470230753
1005001525245938
33026907136
1005002367787481
1005001627917528
4000205465912
1005002357585518
1005002359729731
1005002424129083
1005002467285122
33012392144
1005001380086305
1005001643698894
32950784202
4001145976581
1005001640673006
1005002367062881
32812203727
32882746832
1005001442018824
1005002287596094
1005002239737813
32982824151
1005002303976777
4000516552244
4000125176222
1005001609541012
4000613313880
1005002393313829
1005002435901831
32877050743
1005002284399297
32997160159
1005001597722011
4000968241634
1005001284559306
32989670850
1005002490480789
1005002420677673
4001216546060
32353760277
1005002304284868
1005002330622505
1000007048742
32831516323
1005001860243530
1000008130026
1005002368314483
32338981495
10000022139138
1005002389387638
1005001441848478
1005001893174706
4000910358256
1005001645831731
33049611229
32982185308
4001268617660
1005001785639340
32990122908
4000257939671
4000627371189
1005001875286781
1005001703697582
32849996899
32960297872
1005002157623453
33016862549
1005001972588575
33059258918
32890614911
4001270590257
1005002327328898
1005002180177412
4000064040898
1005001927905162
1005001900160493
4000850944260
32837336255
1005001975560410
4000686904782
1005002308750510
32812232826
4000986547267
1000007408501
32822565047
1005001669579569
1005001899901698
32773893813
1005002352539605
4000818826565
4000868371285
1005001722497906
4000780249862
32991080463
1005002448098424
32495016528
1005002125452874
4000204048135
33025220790
1005002310255086
32975794524
4000762245734
33022783662
1005002401102193
4001038531163
1005002305944349
1005002124054974
4000888660210
32921404049
4001064965528
4000762128957
4001225142984
1005002298485521
32703561819
1005001274365838
1005002125095078
1005001469100817
1005001853773162
4000640914887
1005001687809534
4001334124612
1005002128781067
1005001380408301
1005002431292863
32952979443
1005002385326937
1005001411764912
32930748782
4000944053419
1005002337123925
33057887494
1005001869058786
4000776579884
32842009368
4001005173546
1005002087522985
1005001947583217
32850183872
4001081930625
1005002333801495
4001259259469
32982286354
4001365229612
32945920503
4001359572788
4001273196755
1005002458620773
1005001718524633
33045702162
4001113188922
1005002426241543
32909102041
1005001571852823
4001163172856
32981105025
1005001519879303
1005001971472105
4000098505543
1005001393525417
1005002382641767
1005001836912449
4000335545705
4001316437677
32791802764
4000195410301
1005002497108854
1005001781545199
32953322693
1005002198845109
32820050780
1005001833271324
4001223069912
1005001934604781
4000071675072
1005001566166077
1005002485567628
1005002228131790
4001196359403
4000945576934
32885637730
1005002425614627
32838477107
32900870684
1005001571914914
4000571212823
4001153289314
32976222978
1005002255245307
32873774943
1005002347082091
1005002315363564
32875770204
4000386090104
4000714469183
1005002332885222
1005002086093152
1005002422069678
1005002390832717
1005002488967696
1005001942878641
4000417232372
1005002361728140
1005001555979228
4001231835827
4001215298133
4001061648447
4000272832258
1005001844307120
32804682455
1005001381586239
1005001705587670
32904633171
33055750264
1005002291071073
1005002362494586
1005002120892697
1005001579532750
33030744086
32852594861
4000405097558
1005002277517605
1005001471367115
1005002252731001
570715269
32978184962
4001261036734
32673691294
4000098374485
1005002259237539
1005002276441212
4000120479074
1005002376786814
4001257184135
1005001928642473
1005001555829517
4001131622105
32786849677
1005002211041877
33041174412
4000164522249
1005002125042854
1005002344852012
1005002166419948
4001144001944
1005002301437176
1005002449890454
1005001531183467
4000094415091
1005001840150017
1005002107889769
1005002424258592
1005001728458015
4001245302532
1005002007470773
32849387066
1005002059094773
4000989575813
32857756439
10000055747282
1005002287209557
4000624470690
32697958663
1005002253649191
1005002219465668
1005001895609643
1005002305491503
4000685657411
1005002358310693
1005001953949346
33033878682
4001107280511
4000530174823
32972898662
1005002282288603
1005002321720642
4001189766384
4000863686172
32878972023
33012777943
1005001844249240
4000708649864
4000248205427
1005002357444329
32888288659
1005002314300442
1005002288315891
1005002375591779
1005002466993100
1005001689719052
1005001905862710
4000747939253
32972026511
1005001828356928
685821469
1005002390549806
1005001398797342
4001322589262
32956800203
1005002334570868
1005002441456736
4001290591946
1005002315963910
32838802857
1005002276023979
1005002003376895
32860625124
4001220741108
1005002345980541
4001161737102
1005002245496046
1005002426999234
33004217163
1005001581467497
1005001793246522
1005002408677220
32977134961
1005001598661048
1005001351997509
4000402894405
32961613909
1005002476487700
32791381291
1005001436069694
4001070372846
1005002232975862
4001207547770
4001093640848
1005002218950392
1005002310158890
33042026115
1005001827329775
4000303324647
1005002100279174
1005002205234518
4001071910197
1005002122526005
1005001837189378
32667749623
32951320165
1005001736796285
1005002312117664
4001308128890
1005001452433012
4000987277498
4001210947589
1005001625432566
1005001695049554
1005001621006593
1005002187309807
1005002072250592
32866098442
32808961592
1005002311493193
4001150537554
4001221933787
1005001802940585
1005002032118507
4000346433215