1005001656656566
1005001351251306
1005002295135170
32811405752
4000627247176
1005001952947087
1005002440039906
4001152379303
1005001695372902
32851721911
4001229599139
32884965408
32858546547
1005002412144820
1005002329575621
1005002288125747
32984558160
1701362286
33040917015
32830003440
1005002336749208
1005001621967948
1005001287166989
1005002319177258
32837308302
32985912554
1005002258503844
1005002364375330
32989557330
1005002097266113
1005002289890671
32861847997
1005001690800458
32794842927
4000907422957
32757171735
32857454283
4000827850689
32801018594
1005002324142586
1005002152329989
1005002345336420
32994560604
1005001953271160
1005002392054026
32982272005
32906997706
4000459926163
1005001359204090
4000157507775
32954171135
4000038309921
32890954643
4000538578628
1005001942903371
32914878942
1005002416780402
4000360567160
1005002284948018
32994054822
4000832704752
4001108247678
1005002203672972
4001112556433
32898950931
1005002394163325
4000095029281
2045483364
1005002369599901
1005001860117746
1005001804232551
4001215438531
1005002266650831
32961623125
32505222431
1005002469192740
1005002342762414
32683011987
32945265765
32885733594
1005001775569899
1005001810689782
4001058233536
4000717566214
1005002198698516
33043109642
1005002276622366
1005002317266047
1005001742507226
1005002370095321
1005001316858872
1005001614462469
4000594030122
1005001348677544
4001254337474
1005001365007576
1005001884318459
1005001848872671
1005002384899850
32954902223
1005002026916590
32959620335
32840417908
32809631865
4000193973590
32866685023
1005002300961067
32836938852
10000335987975
1430290408
4000266827898
4000592461859
1005002398280105
1005002423864524
4000959241521
32807982638
33000811645
32992430752
32970392050
1005002499298183
1005001695281917
1005002008256669
4001225197261
1005001309213825
1005002060178772
32896394859
1005001921100340
1005002074250464
33017815892
1005002475905930
32831597623
4001237839251
1005002274943825
32995177042
1005002414331748
1005001907315469
1005001882564826
1005002302769855
1000005596845
1005002059086643
1005001370470625
4000527859001
32999369661
1005002277486622
4001160888707
1005001507482568
32897568800
32868213013
1005002317878886
33030217742
1005002167795430
1005002467541183
1005002341342154
1005001778998884
32808191966
1005002280969982
1005002494189427
32960094849
32296031993
1005002263876383
32905742998
1005002271259644
32972581805
32840766674
4001220522673
4000630098928
4000136400007
33021706974
1005001598900868
1005001592590657
1005002375027653
32990213709
1005002373028587
1005002089955172
32654626382
32799105766
1005002221281892
1005001520619523
32827219720
32976406136
4000030650724
1005002383462095
1005002334445053
4000074592820
32971680455
1005001891071222
1005001993593300
32962673286
32711353957
1005002378835240
1005001431552517
33006328851
10000391355297
32871067426
32962048279
4000168015712
4001364831326
1005001949509014
32887318999
1005002475460815
4000748344418
1005002467726550
32652844361
4000893852590
33037525279
4000762403109
1005002358370008
33046926897
4001327240767
32975241362
1005001600847486
1005002275253456
32935015761
4000672802447
1005002219478366
1005001681560550
1005002361564332
4000720264501
4001167929204
1005002357931983
1005001709247684
32984470846
1005002032932780
32299173326
4001286734052
1005001787722202
1005002425791216
4000098263471
1005002439755065
4001045295971
1005002350306775
1005001368614419
32918584874
4001218004063
32738543818
1005002344632871
4000109589733
4000706680838
1005001423967763
1005001873819497
4000756124529
32771793918
4000800798710
1005001882495130
1005001388655639
1005002167807419
4001226903802
1005002327635468
1005002033711227
1005002206393886
1005002428270110
1005001484251021
1005001927717465
1005001930295226
32828419817
1005001848401818
1005001609044848
1005002495734658
1005001868608269
1005001537221850
4000955795284
4001072046973
4001255120520
1005001734463631
1005002307669720
1005001370525107
33001553468
32811031185
1005002023081969
4001216270033
4000897487667
1005002253778039
1005001835488577
1005002381646401
4000842658794
4000990830215
10000341658756
4000703857897
32412930737
1005002322505949
1005002012139024
1005002207694779
4001327846842
1005002237844161
33009331445
1005002122324536
4000985337965
4000786977363
4000101039372
1005001349853474
4000459316984
32908968716
32908349647
10000350827874
32754724713
1005002395195079
1005001518611535
1005002449137258
32956710296
1005002367456102
1005001620284678
1005002000146003
4000829506221
32365665327
1005001928113304
1005002329252619
1005001858714911
4001015888127
1005001666250041
32986785940
1005002327918558
1005001487218978
4001305377206
1005001617856777
32866822351
32617902788
4000108450971
4001307468639
32840667169
1005002396574327
1005002029210137
4001142800954
32918252418
4000793966821
1005001300235602
1005002490554552
32425468873
1005001728479756
32983734894
1005002252151412
1005001790191269
1005001900624644
1005002363058307
1005001895407199
1005002048391156
1005002308515455
1005002350297593
1005002256896017
1005001973960689
1005002396512755
4001254284424
32947769040
1005002122562100
1005001984792111
1005002382603087
4000782118144
1005001572659479
1005002167120368
1005001506775949
1005001467792737
1005001793789065
1005001816173048
33005827522
1005001790399698
32908096095
4001174374657
1005002397686578
1005002409712614
10000397729635
32605486157
1005002486115684
1005001398626594
1005002444192865
4000341171633
33055532045
1005002197922777
1005002400907123
1005002219424826
33039230097
1005002315235419
10000127937681
32862321567
1005002206446447
1005001918181328
4001131592255
1005001403199720
4001089434456
1005001958735655
4001061227894
1005001597317589
4000620327748
1005001889451223
1005002475339801
4000182308995
1005002108881066
32836570511
1005002052325348
32946542880
1005001681678733
1005001948248475
1005001892315113
1005001560682157
1005002357698553
1005002314324135
1005002252208752
1005002345630610
32653484027
1005002006554579
1005001625509278
1005001425202533
1005001868190285
4000357873191
4000626961852
1005001703155984
1005002380565049
1005002225926829
1005001704159591
33026956827
1005002253411482
4000929471123
1005002329650999
4000790975512
4000188230791
1005002107140331
4000249705386
32907285322
32848577319
4000726746181
1005002388526763
32903547733
1005001942780142
4001127964101
1005002340660709
1005001970109981
32817468493
1005001578868061
1005002385603532
32826304496
1005001563211233
10000044794040
32861461634
1005002287504449
32812020880
1005002172866724
1005002318630857
1005002449527721
32810964995
1005002433988165
1005001362555038
4000244789083
4000783056327
1005001441284899
1005001999741861
32752626599
32949184373
32879445598
4000574483692
4000704068456
4000540169794
4000575840014
4001335680546
1005001670852479
1005002171927578
1005001580450695
1005002469282823
1005001659178449
1005002277406658
32814036940
1005002005976432
4000994044606
1005002271965163
32948522309
32959465859
1005002340473918
4000086275707
1005002069706638
1005002353399226
1005002363859163
1005002443397785
4000315336859
4000326443353
4000959718578
444703723
32989456196
1005002454763570
32946376646
32991627616
32891978550
4000112533045
32976014722
1005002459709762
1005002244894364
4000805096005
4001111324560
1005002357226109
1005001525382468
32612021762
4000717385531
1005002368683302
4001242704991
1005002435907490
32887201944
4000843280120
1005001512017150
1005001805736659
4001221906821
32917745773
1005002213679636
1005002176895463
32803323893
32870883177
1005002010762288
1005001810721758
32879440768
4000071263090
1005001482095081
1005002229422993
32975512830
1005001791628115
32911048616
33040015002
1005002045761737
1005001659483987
1005002401058924
1005002340223473
4000959875690
1005002314390313
32724504479
1005001930839947
1005001821856076
33017391133
1005002235199146
1005001731299493
32977359766
1005001893696163
32962831271
32611056831
1005002315671283
1005002411974186
33029068747
1005002494394292
33007891462
4000089717557
33033757169
1005001670963013
33004517648
32833234028
1005002316745277
4000133629718
1005001381231284
4000538277373
4001220842231
4001134962936
1005002289049744
4000868374140
32954034205
1005002424818643
32812567484
32950170950
1005002069541805
4001090455732
32904550228
4000092868548
1005002010440822
32824564236
32481646324
32888563108
4001090591662
4000275467295
1005002408966420
1005001949064081
4001263269925
32967694944
1005002433682016
1005002444492334
1005002365770440
1005002319188611
4000247518384
1005002388368254
1005002461073904
1005002289086622
1005002340875464
32847610638
1005002144149299
1005001722176949
4000310379666
1005002368496637
1005001523942508
4000655837943
1005002372039139
4001207116145
1005001900059800
1005001444118673
4000008790871
33030026001
4001085278875
1005001506456816
32861030490
1005002239684468
1005002206239821
32965855166
4001223681940
32862594726
1005002147048835
1005002318140002
4001364279014
32792253912
32995438952
4001238028542
1005001658247957
1005001824928771
1005001953386853
1005002167396607
4000432678500
4000854931588
1005002206436824
1005002492168833
1005001439074895
32281252348
33038834036
4001066890754
4000961747336
32741180420
32842416231
32997754983
4000546468929
1005001747544898
32858121473
1005002288417670
1005001714473964
4000731346965
4001201385422
32830359521
1005002050652076
32883827956
32971018368
1005002346647976
1487384436
32958144665
1005001315895454
1005001579050364
32976906386
32837723953
1005002454289393
1976796687
1005001661333552
1005002442568151
32901323765
1005002443571779
1005002114768064
1005002419713347
1005002351251113
33025898023
4000001590357
1005002167284850
1005001682062978
1005002219972996
4000413600898
4000944559881
32243427443
1005001917707443
1005002099107736
1005002362091701
1005001834999755
1005002379035166
32833807412
4001046381010
1005001505893231
33007486272
1005002319123704
1005002273596310
1005002124787527
1005002404261708
32869173204
32976206429
32970932144
1005001316489017
1005002255002106
1005001865200912
1005002386424169
1005002405593237
4000226846978
1005002459029095
1005001765014914
32817778308
4000315336634
4000299995456
32937218919
4000148529649
4001086497608
33055893471
1005002355776692
4000842243686
1005002433396277
1005002350945970
1005002413436281
1005001652225510
1005002115650040
1005002302354024
32815810117
4001291211675
1005002281336939
1005002254850111
1005001584932169
1005001477830416
1005002267299932
10000356388368
4000505663049
1005002287395770
1005001817975957
1005002484620672
32885452538
1005002500360207
4000249979045
32919061837
1005002319091359
32920930007
32909701038
4001208518251
4000253017067
32995112951
10000396765398
4000849711765
4001080515402
33004994476
4001300100337
33051111264
1005002386616600
1005002439271340
10000399988931
1005002330705510
1005002273923046
1005001557378640
1005002448699657
33048500742
4000310417151
1005002347021805
1005002363318574
4000189234668
1005002387902983
32881887762
32934554701
1005001633487500
1005002297532118
1005001983827247
32821553306
1005002447035103
1005001962193200
2014357013
1005001727391059
1005002418058445
32545453428
32857458241
4001163132269
1005001829721059
4000098803406
1005001490716697
1005001479188156
4000627166294
4000217085397
1005001536351891
32572250877
1005002242783210
1005002377106909
1005002376145676
4000849944097
1005002405056184
1005002007856256
1005002245707767
4001282021543
32952229445
32860060754
32905378000
1005002176925939
32921029271
1005001563683954
32918908450
1005001776128310
4000106457404
1005002204297061
4000419863875
33021492714
32680754338
33047644336
1005002368987106
32792058679
32597943433
1005002481675422
4001155005698
1005001516687589
1005002447838229
1005002046826415
633200839
32999465500
1005001610314321
1005001644919676
1005001989708280
33021694402
1005001556134792
1005001556414074
32860947095
1005002462293861
1005001398528903
32798414561
32953724113
1005002395049857
4000156079060
1005001446678363
1005002460345005
32811682585
4000922456310
1005002485667425
1005001575416331
32845282498
32371927148
1005001666330032
4000986459979
1005001271810304
32975801870
1005001495056217
1005002265072934
1005001858207939
1005002374888324
33010713995
1005002191627353
4000810879964
4000098849570
4000866597435
1005002169156900
32953871722
1005002428436322
32859370699
1005002359907504
4000833786636
32792516700
32840354579
1005001559834288
4001107836313
1005002095033751
32726577368
1005002274149673
1005002387912604
1005002371608733
32933869921
1005001412101081
1005001997341637
1005001423242065
1005001620722408
32826564896
33049607256
1005002497493929
4000214599586
4000039125927
1005002427505386
1005001429423986
1005002171503718
32916386759
1005002401004858
32965607079
4000089177075
4000116183012
1005002089151300
32820810338
1005001684962756
32960695461
32883090742
4000402408073
1005002469212500
4000926725014
1005001519836766
32861499326
1005002313928969
4000265870684
1005002039268762
32590687575
1005002220743693
1005002467357021
1005001781032708
1005002409363057
1005002328767721
1005002065781065
1005002423794849
1005001638161759
4000321791239
1005001775086797
32961334342
4000226576516
4000940878334
32994605075
4001036641029
4000312311284
1005002166471002
4000315496295
1005002418601714
32668126725
4000406855810
32600685293
4001219401993
4000870922216
4000548634973
1005001947905941
1005002394269593
1005001478799072
1005002255332303
1005002432077961
1005002282925517
4001301676213
1005002181326595
1005002012165055
1005001338854292
33007025324
32562106879
4000274859063
33012242615
1005002318137721
1005001805160325
1005002212109700
4001062589820
32806539834
1005001670672247
1005001340312713
1005001817420754
4001077689757
1005002304656093
4000902137576
33001650857
1005002330227414
1005001729717951
32759019528
32965143849
1005002316574667
1005001441330386
4001262355118
4000399111837
32881620606
1005002488531380
32702585284
1005002425804413
1005002324696890
1005001992659423
32965151497
32983677140
1005001612506696
1005001333608009
1005002460575631
1005002490020891
1005002244892789
32843462452
1005002439038627
1005001375522138
4000492492324
4001066628143
4001094704379
1005001352508825
4001099214247
1005002219543403
32827004255
32947975122
1000005765163
1005002323263801
1005002297013590
1005002211379136
33054506299
1005001940917269
4000764171640
4000989828846
1005002456878474
1005002431013225
4001294623259
4000479596660
4000224127271
1005002276143332
4000660997492
32385926847
4001062181144
1005002461960629
1005002336079285
32975337124
4000807668461
1005001397511698
1005002434081335
32837838132
1005002193848660
1005001561477474
1005002271285163
4000225671331
32816356594
4000384728394
1005002491039840
32849765848
1005001495901571
4000124348917
32795705248
32859363460
32975041675
4001102713725
4000898133187
1005001424270410
1005001717737535
1005002219254879
1005002054989072
1005002080840437
1005002312136600
1005001922050647
1005002058692979
1005002246345563
1005001293099818
1005002358291059
32984850102
32836312097