4000077197317
4000215628570
1005002318946526
1005002276285448
33017369450
32835190533
4001214241545
1005002371679251
1005002332269727
1005001332698516
33059451383
1005002398324636
32956681986
32335178274
4001244818498
1005001922962067
1000007446604
1005002295392471
1005001531046447
4001136421623
32963103739
4000900194619
1005002297181849
4000163169103
1005002332308994
4001034557790
33031851647
4000032929589
1005002453034918
1005002253504914
1005001877702821
1005001505616037
4000093586612
4001282084187
4000064580309
1005001995520550
1005001693194396
32392421925
4000529028144
4000096170007
1005001701277017
1005002297314096
1005002272207805
32947586606
4000112077131
4001289273971
4000685548679
32849317533
1005001567709099
1005002221208919
1005001694750578
1005002263941020
1005002383107534
1005002259182866
1005002263552232
1005002301852467
4001211922601
32807966031
1005001720686219
32832663420
32827664110
32970778066
1005002453250854
1005002272585697
4000791656066
1005001779872571
32518203569
1005002339875492
1005001939196702
4001068552987
32884130431
32853750594
4000378047571
1005002399785632
4000248343183
1005002474872648
32863842815
32992318076
32970163501
32836459577
1005002365381454
32863932547
33007907861
32984192041
1005002011731255
1005001845645673
4000617921812
4001083516660
32970698604
33028456930
1005002458761016
32720501944
32949836638
1005001831085279
1005002220892525
1005001933292011
1005001780743026
33004426087
32804298507
32802618181
4000899775186
1005001703179600
32973627051
4000739447173
32785342362
32982208396
1005002146209479
1005002084536024
4001119488375
32962153764
1005002432560665
1005001860454262
4000694056029
4000661530511
1005002283351172
1005001351908780
4000977624870
1005001494151602
1005002338986787
1005002322897217
1005002300312484
1005002254985677
1005002232993480
4001305537032
32812778231
1005002500203939
4000623229603
1005002306895662
1005002353428121
4000329912084
1005002322537627
4001110236332
32999580943
32951890465
4000015684394
1005002376318671
4000294665363
4000813469655
32922901202
4000837891952
1005001762288704
1005002376144776
4000853132003
10000354546241
4000479650319
1005002353790001
32953363461
1005002254469217
1005002293431719
1005001438884366
1005002276094736
32921850280
4000607067840
4000855620639
1005001645330604
4001332464971
4001226355650
32805004598
4000522202397
32818788741
32960745941
4000695646727
4000868728580
32958025643
32840056545
32923179880
4000528264173
33018385388
1005002340804029
1005002443425815
1005001577375857
1005002389874143
1005002493101525
1005002347873135
32816842473
4000742083367
32850902776
4001279141617
1005002240485110
1005001882025930
1005002314363937
1005002489828516
32834581426
32275640599
1005001608790850
1005002189489944
1005002227859029
1005002307840295
10000317786876
1005002019048612
1005002328795672
32825446642
4001144914589
1005002010741978
1005001566047551
32794334585
32849858168
32370798037
4000625688489
32970501073
33007235103
32580156602
1005001898756586
32889573836
32733128464
1005002203679082
1005002118830254
4001046573420
1005002460510058
1005002353150294
1005002349534718
1005002423141675
1005002260790183
1005001842341060
4001294123723
1005001525780082
32972716221
1005002341014252
32890989937
32795475687
32999018644
1005001671007733
1005001906487713
1005001360848296
1005002270997890
1005001657221664
1005001999452432
33024363687
33041666584
33010300721
1005002431009457
33047312212
1005001836881049
1005001806114550
1005001700533853
1005002266105671
1005001350544003
1005002299480639
1005001389134925
1005002175828081
32861489482
1005002314394046
1005002209995284
32789418664
33010732727
32825498043
1005002283775014
1005002252543912
1005001917717823
1005001419447398
1005001380937841
4000603785292
4000570908444
32926128159
32980069176
1005002264855793
4000459189788
32777533217
1005001939989471
32796062788
1005001753754457
1005001848681668
32971487791
4001218790383
4001163083038
1005001731728937
1005002314410633
32783462989
1005002244072964
1005002428400502
1005001359661343
1005001889901292
1005002301888934
32836894549
1005001872529785
4000773884706
4000272195401
1005002484672486
32890200373
1005002368288819
4000258686663
4000563891862
32961236236
32981307272
1005002300686281
33005743838
1005002058428387
32843372736
1005001356522999
32823162434
32999054513
4000964766127
1005001623516726
1005001644505272
1005002492844241
4001301579420
4001313587255
1005001768116884
1005001953401583
1005002337248156
32869499458
1005002457733393
1005002368850076
1005002443077794
1005002316619928
1005001369205335
32962218534
4000754853987
4001170758486
1005002315929711
32817341887
33046161898
1005002085529327
1005001676910701
1005002280500416
4001045023782
1005002314348082
1005001779968324
1005002092311395
1005001758517483
1005001349952440
32856377935
1005002205896178
4000546593325
1005002092604321
1005001324764220
1005001711803368
32732616210
32947730999
4000426745849
4000767827456
32856121911
4001107768856
1005002298581623
33012086656
32982116609
1005002052178794
32506195196
4000468813235
32889615760
32845054361
4001233514828
32754203654
1005002318548539
4000551686731
4001139115755
33016937583
1005002399569740
1005001863806922
1005002416791936
32776211584
32850889691
1005001427515473
1005002206165314
1005002466140350
4001127268255
1005002094307367
4000224439403
1005002330968438
1005002028087531
1005001786319961
32832482707
1005001860273309
4000027854146
32987426015
1005001437119910
1005002089353600
1005002416278970
1005001587681878
4000193140316
1005002238658850
1005002411534355
4001256374097
4000789986749
32265263254
1005001444562003
4000483805244
4000845242072
1005001985407206
4001284197503
1005002432339926
1005001830827838
1005002029344315
4000248888702
1005001773777660
32970872790
4000899657123
4000595623582
4001343949043
4001295793096
4001271884586
4000955993696
4000938231594
1005001992439619
4000058116710
4000362624909
1005001868462015
1005002187233076
1005002033021970
4001297570629
1005002280716672
32948196811
4001177881990
4000010562260
4000796654850
1005002318352725
1005001644979328
1005002208451157
1005002482372443
1005001355397407
32894826908
1005001934554158
32975236258
4000378878282
1005002318111175
4000850591241
1005001547267503
32780200721
1005002245231475
1005001626416575
33025449586
4000620098912
1005001666002327
33036756724
1005002475764092
1005002201106350
33004906625
1005002426109338
1005002419692605
33042675673
32668080962
4001114623822
32767494001
4001205037582
1005002378915146
32956247910
1005002236500482
1005002338842370
1005002314701877
1005002280708653
1005001605178644
1005002298786211
4000599016284
1005002323227241
4001050257220
32812054180
32988858379
4001143001438
4001250901535
4000409145952
32888290692
4001203572153
32976202025
4000614487937
32975337022
32966283261
1005002136568180
1005001313337945
1005002080622378
32849135601
1005002355717871
1005001472202267
32964703232
4000862993526
32882089294
32951876531
1005002046407262
1005002468017142
32849008747
33049092815
1005001829292838
33011209044
1005001999588959
1005002261462872
1005001671571026
4001274178145
1005002382305859
32995368662
1005002129340253
1005002276216657
4000132368657
1005001831119295
1005002241996830
33037070636
32963238081
32680065599
4000183761765
1005002063175975
1005002357285343
4000916715513
10000349354132
32790800837
1005002307009048
1005001731140665
32832657591
1005002454279941
4000120405959
4000692729222
1005002344982331
1005002284768190
1005002466993797
4000398036242
32535127682
1005002421664430
4000628142348
1005002172338119
1005001703907480
1005002281190497
1005001566032168
32832656248
1005002259522576
1005001824963248
4001277785803
32694036088
1005001586851220
4000789453488
4001127420207
32913886129
1005002344957435
32831036275
1005002288880982
1005001355421846
1005001972229546
1005002405739440
32865775234
4001062368502
32844953693
1005002125687220
1005002095800419
32977590466
1005002297697776
4001326071530
1005001515819789
1005002388799479
1005002134569641
32884956954
1005001779926270
1005001877696167
1005001447448523
4001292322680
1005002480135712
1005001446442447
32857019898
1005001616906281
1005002484827274
4001114928478
32850227891
1005002426060246
1005002269027873
1005002319470965
1005002485741450
32853395812
32970814662
1005002255938182
32953023029
1005002309110418
1005002427519657
1005002214782452
1005001290813120
1005001657807794
1005001896137333
1005002219609199
1005002454486537
1005002021445247
4000036118821
1005002065276543
1005002345031137
4001030293145
32821360874
1005002321941090
4000886380715
32986185095
1005002267485877
32828040207
1005002296387645
1005001565697018
1005001620346507
10000318256352
1005001782811641
1005001990795710
32967099916
1005001512855267
4000082609429
1005002382830088
4001252643028
33016620831
1005002360184135
1005002287718613
4000929633320
32621123091
1005001626864223
1005001436074599
1005002292344886
32918355762
1005002054157192
1005001947649527
1005001298979467
32957370048
1005002495307371
4001076559989
1005002293829167
32840010749
1005001841466678
1005002058506317
1005002309150166
1005001608444222
1005002335359489
4001277496737
32803911482
32859922085
32948433447
4000895960047
32984203787
1005002402013031
1005002076609424
1005002072333258
1005002495205526
4001282497436
32807173021
1005002264728475
33013762692
1005002376195093
32857689672
1005002387336002
1005001927116831
4001339256112
1005001351530362
4000910810539
32830111391
1005002440975294
1005001686203354
4001093850534
1005001460393143
32857572146
4000277407725
1005002220265176
33000478522
4000197456250
4000797390890
1005002330774046
4001294770710
32962801338
1005002434793360
4001214334967
1005002235132415
1005002294193547
1005002085910769
1005001456493636
4000370324517
1005001856778984
4000310859431
1005002337519258
33011512751
32918047529
1005001405783746
4000769376808
1005001546520510
4000474925815
4001010597658
10000405786859
4000903637362
1005002337704245
10000364779414
33046300311
4000904478437
4000283399265
1005002245403860
1005002432516463
4000682379888
32926133959
1005002345426342
1005002279572322
32972592347
1005002369903773
4000844248490
1005002450719775
1005001928398428
32270808457
4001189360270
1005002382645314
4001265844341
1005001785790845
33056605544
1005002468350076
1005002277547066
1005001873001022
1005002242253322
1005002394369966
32800729782
4000066970760
1005001495225220
32961870131
1005002346905432
718287704
32968712422
32715326803
4000960106659
32953060355
4000314512347
1005001918119589
1005002137289712
4000542578612
1005002198201869
1005002340274381
1005002061434778
1005002430435897
32862007870
33000794756
32849865547
1005001401838383
32597824715
1005002421659416
33005346206
33023234859
1005002103169168
32314635781
4001170404591
1005002200651969
4000111931896
1005002433425241
1005001705591134
33013025134
1005001670656898
1005001684058025
32919518623
32825314437
4000140186035
32998196309
1005001584470350
4000410687383
1005001567196305
1005001538044940
1005002099002240
1005002340916565
4000065493605
33059459022
4001085901928
1005001840586109
1005002447847290
32889318539
32976132198
1005002468788347
33012266788
32960525481
1005002397743894
1005002023146332
1005002341297772
4001062088879
33005794799
32950534717
4001131970697
4000079186685
4001296161290
4000850468031
4000789297305
4000628754952
32891335431
1005002291268880
33056189887
32920748728
4000897883299
1005001629232899
1005001735181761
1005002003966879
1005001590645090
32905639003
33013071830
1005002280045901
1005001665378485
1005002356220450
4000600257367
33000511076
32463856558
4000850619980
1005002364161057
10000302676255
33032688761
1005002494447749
32838954808
32970561790
1005002481320491
32933049254
4001160929097
1005002286368977
1005001703873934
4000188036966
1005002314318869
4000544140233
1005001370155903
4001209696992
1005002291546586
1005002166444809
32850834036
32809438282
1005002321741493
1005001823357046
1005002312431135
1005001525412522
1005002443615782
4000274256147
33027493987
32897050891
1005002322693949
4001089564029
1005002348275982
1005001610148029
1005001522428739
1005002342178140
4001289129746
1005002346235011
33012461826
32732555065
1005001565309344
1005001802810267
1005002294076009
1005002384305519
32973277616
1005002167380471
1005001521096919
32797223905
4000740833487
1005002319151841
32736401195
4000749927780
1005002492504122
1005002167081938
33052600738
1005001485418065
1005001930899599
1005002289678509
1005001764058908
32997008640
1991240247
32853770987
4001174921411
1005002159501372
1005001881711999
33028287978
32487697170
4001044992533
1005002258881278
4001245929099
4001243486507
1005002297804510
4000017148052
4001305278003
32729438812
1005002413899161
1005002263696172
1005002004332853
1005001435671504
4001102019537
10000281052231
4000204534069
1005001721755961
1005002482143930
1005002275993035
4000969622215
32966924433
1005001693389877
1005002357185352
1005001934850910
4000571466813
4000485854285
1005001517976419
1005001405661129
32917817476
4000995193535
1005002133587847
4001043314657
1005002314336896
4001039241840
4001323815253
1005002318371085
1005001351268401
32794474154
1005002279232039
32849222927
1005002291030220
32928119381
32810752487
32818437540
1005001406345054
1005001645261644
4001202026022
32918867736
1005001464992372
4000794249359
1005001418514064
32968509573
32610828168
1005001281879193
4001241028958
4000939464740
32810501725
1005001402453027
32808076890
1005002356706775
1005001815690473
32572992389
32819481204
4000430194001
4000142404879
4001293712900
1005002433894658
1005001894780697
4001022294197
32933262766
1005001269346326
4001163077396
1005002311177954
4000169869775
4000544668487
1005002122298530
32841678076
32961602172
10000343290614
1005001797152166
32868429658
1005002320950729
33038838490
32829761275
32487754681
1005002467448529
32970309209
4001230902145
32722588474
1005002373090778
32845959095
32962129015
1005001510850545
32967887180
1005002241045634
4001076050260
4000252620625
33008433086
1005002368998860
1005001593209231
1005001905198719
1005002268437252
32949232210
4000712523376
32962035446
1005001507738720
4000991912280
1005002281896492
4000376017296
32750022232
1005001315471776
1005002377110236
1005001989311814
32791806813
32559202715
1005001556725611
32961304660
32851793927
32895865981
4001280533878
1005002177854951
1005002343149127
1005002357030801
33032517342
4000730414125
32823085775
1005002282861899
1005001763213286
1005002288952924
1005001582460707
4001034121965
1005001639705038
1005002476046738
1005001695328742
1005002292657352
1005002053577307
4000915709994
4000879023229
1005001935450557
1005001290336198
4000622863227
33005617026
1005001495149000
1005001304285621
4000175545768
1005001602851876
1005002081894664
4000593678822
4001252332731
1005001333467417
1005001488507742
1005002301349980
32983684282
1005001644695636
1005001972821090
1005001525395545
4000016725812
32891966255
1005002361646095
1005002357129716
32904773785
1005001859022139