32960867442
32870625561
33062046983
32875544914
1005002423959264
32906275695
4001275798628
32943405761
32890347427
1005002378924914
4000798312384
33007598782
32891023382
33002926378
33025875772
4001100414115
1005001946572538
1005002304243280
32959436667
1005001807478874
1005002317576980
1005001285835028
1005002234106633
32703604956
32955545040
1005001729241966
4000933412831
1005001594538386
4000111805395
1005002401132426
1005001321923287
1005002329462061
1005001322971005
1005002337291286
32950366472
1005001556123931
1005002276895833
1005002355442003
4000434190425
32885867311
1005002260957204
1005002399563351
32991972134
1005002340618692
4000437580886
1005002439182638
1005001874883023
1005002447901377
1005001411659278
32998044161
1005002308634449
32947913256
1005002278893304
4001097059903
32831868904
32826530596
4001250963196
4001227632815
32853291159
1005001369954794
1005001580679692
1005002250765167
1005002454434140
4000104999462
10000397077667
32837480798
1005001998084170
1005001491185345
1005001469920482
32969299418
32961251684
1005002323218130
4000295454153
1005002055123783
1005002028520635
1005001994259172
4001324235961
33025870861
1005001471353255
1005001829036027
1005001972351249
1005002316053268
1005002454416397
1005002386682069
4001280317319
1005002296736910
4000956523643
4000583637727
1005002054883140
4000341701028
32387892455
33030108132
1005001909888794
1005002211984670
1005002341245986
1005002372188331
4001103851446
32243178980
4000124866228
4000907924615
4001268307372
1005001702395757
4001156577686
1005001830865643
32563887068
1005002315655821
32894398790
1005001411475565
4001032184632
4000227186874
4001203464662
1005001569048568
1697279978
33033748108
1005002116270203
4000174710776
1005001587829602
4000004351520
1005002443481790
4001119351548
32786916321
4001037454896
1005001446527887
1005001901548561
32807619133
1005001956371077
1005001966153419
1005002138982481
33031119553
4001080828123
4000581957471
32665035551
4000902222663
1005002382731896
4001093965819
4001218216129
1005002278978921
32920822925
1005002078895891
32899372954
32963339503
1005002454303231
1005002478497722
1005002066498075
1005002258682472
32854177014
1005002406545711
32676691237
1005002490739231
1005002259321681
32931625104
1005002426101221
1005002259781535
1005002277544390
4001274992893
1005001884517094
32755956452
33001749898
4000842986346
32820604179
1005002007955605
1005001729315033
32974031023
4001254491535
1005002181489289
1005002032835697
1005002311577370
1005002440190473
4000251598602
32668794148
32890081477
32945116158
1005002034351132
1005002329200647
1005001905786034
1005001600154928
1005001769288784
1005001406100861
32885821841
33051011508
32951700101
1005002258813934
4000433908764
1005002471039938
1005002406686412
32918130876
1005001770318832
1005002330707670
32976405429
32903847715
4001179151035
4000927749529
1005002338095827
4000919382692
1005002107613848
1005002490377597
1005002404747972
4001135268878
1005002454337706
32946942653
1005002283565403
1005002455752195
32792944148
1000006346763
4000118843257
1005002052817082
4001283881126
1005002256620821
4000907044350
4001290782737
10000285646767
1005001515968091
1005002314328079
1005001818018649
1005001592656865
1005001405424646
1005001459467090
1005002400605558
1005001507576246
32837642169
32902979045
32361211636
1005001966175854
33008106081
1005001460549962
4000516926710
33021310264
4001156039516
32825126704
32676110700
4000852611199
32882750156
1005001801189297
4000281300782
1005001793671896
902564897
32848827420
32962503493
4000029364402
4001335654926
4001183770594
1005002008556691
33021760278
33014220352
33039853422
1005001836685537
1005002281287936
32916414590
1005002351363881
33000091221
32954239261
4001004617176
4000857424445
4000100637178
32828323963
4000300219556
1005001878051590
4000000748893
32912383585
1005002454002175
4000241814642
4001167916091
1005002093893466
1005002287660647
4000393726046
32892599573
32934413974
1005002494016828
32829199058
32919000092
1005001980480836
4000935129731
1005001334543849
32825692976
4000787359486
1005001483043479
4000182608684
4001056037368
1005002361936469
1005001981831881
32953176092
32863748796
1005002463263583
1005001421430455
32995196926
1005001329745857
4000853645556
32861672710
1005002358313860
4001045775231
1005002416949236
32806446959
1005002357378861
1005001984143797
1005002242296371
1005001889725026
4001215747544
4001127022920
32298586779
1005002294823360
4000335738565
32868620822
1005001887810088
1005001665946197
1005002372503569
1005001525480243
1005002442352616
4000934364422
1005002341311819
4000611589360
1005001585311680
32882707596
1005001489565356
1005001522260808
32858316358
1005002417248141
1005002469241361
1005002387323266
1005002340768737
1005001805112356
32917507769
4001118963748
32981718294
1005002341613303
1005002413051680
32646755959
4000631962407
1005002306314474
4001110265736
4001119838323
33038510612
32480625330
32475424378
4000504747866
1005002298634063
1005002382241242
4001278672744
1005002115910938
1005001835017620
4000357573531
4001223053196
1005001987698348
4001280536493
4000120536436
1005002233254055
32798085633
4001294583392
1005002224470129
1005002337229419
4000838142508
4000150142817
4000398085355
1005002351333213
1005001791837181
4001313615460
32971017966
4001155152909
10000396915600
1005001738028803
4001132201359
1005002418604230
33019974083
1005002427871397
1005001704756253
1005002033584390
1005002325587025
1005002314413285
4001251628098
32797436214
1005002252575011
1005002384301111
4000442430123
32915080488
1005001729152696
32779993668
4000990954700
1005002292388303
4001200404690
33007174190
4000397495095
32437096760
1005002352278190
1005001455843666
4001158765462
1005002309618117
32792977380
1005001347095188
1005002284492643
32861996647
1005001691062866
1005001311762267
1005001411243806
1005001496076063
4001242665315
1005001667027180
1005002007180193
32960235543
32804350934
4000062588025
32898885612
1005002066328297
1005002432076940
1005002051425261
32864131189
1005002250948454
32336492521
32998965944
32970667335
4001219075869
4000580029020
1005002282944309
33010752975
4000482911085
4001141760035
1005002191747597
1005002410862842
4000343854121
32920903501
4000331095470
4001354576293
1005001831158938
1005002352150166
4000207471584
1005001958978405
32859094156
1005001360592496
4000242597204
1005002308237312
1005001926971985
1005002366625454
4000606213745
1005002003884379
4000920190479
1005002446859624
4001001051263
1005002441912379
1005001433680117
33057921147
1005002175989145
4001338487035
1005001713157958
1005002380890188
32882769301
1005001770998714
1005001561642471
1005002440118172
4000589664615
1005001774942736
4000777622967
1954121006
33004962216
1879216503
32920796092
32888957119
1005002077314560
1005002363703709
32641827159
32965813846
32830899538
33034276157
1005002119070729
32991935310
10000117891474
1005001705731240
32916599529
32947654759
4000096303267
4001217279945
1005002429434240
32850079907
1005001487917199
32957301666
1005001627088648
1005001388039118
1005001858584577
4000095266646
1005002122373513
1005001869236732
1005002388323292
1005002376455775
33058418005
1005001297737001
1005001342604841
4000598233156
1005001353664480
1005001944548205
10000053466374
4000971015931
4000707704156
4000292619757
1005002461950459
1005001275177761
1005001877679389
1005001656618106
32862818211
33039735185
32985275512
1005001295813712
4000150753598
32904811383
32842517711
1005001727337380
4000802536293
1005002365048044
4000265171899
1005002033063591
32955896294
1005001895975349
1005002001465551
1005002119052662
1005001954765907
4000356304777
1005001478251706
1005002383979851
1005001656287521
32785346068
1005002474012709
1005002453352125
1005002431843082
10000422125585
1005002210460525
4000385897458
4000904479532
1005001812940689
32990351354
1005002400016144
1005001452793353
1005002231836929
32831994974
4000436542672
1005002373129682
32875211328
1005002253558201
1005001905603212
1005001368513382
1005002496063242
33028975662
1005002384540075
33043228132
4000052721936
32847888096
32888987508
32815439940
1005002416569197
32849433766
4001058895884
32816803437
32521159602
10000356267204
4000985492059
32956686210
32885960905
32375521342
1005002248891478
1005002087772479
32311777633
4000206961825
32845010312
1005001614251792
1005001872449782
32959558179
1005002274218726
1005002099249942
1005002292490092
1005001320511068
4000327425930
10000003202771
4000708707980
1005002328110271
4000895349643
4001267886144
1005002025580762
32850853821
1005002345081170
33008788262
1005002338636176
1005002465066793
1005001942325381
32913373601
1005002399728643
4001272458528
4001076372043
1005002323740925
1005001768902718
1005001868609819
1005002350764015
32806809125
4001158634511
4001302787387
1005002428632229
4000954744093
1005002462582280
1005001688203157
32901816959
4001122904085
10000281120484
32872407655
33013390750
1005002042248735
1005002309342963
1005001908752584
4000238573317
32899056823
33005205766
32954367278
1005001792983775
1005002213123992
1005002030527120
32984416733
1005001752112690
1005002314345355
1005001981262060
1005002359658765
1005002494410414
4000747513830
1005002325324914
4000077564569
32895532041
32990513847
1005002284556815
32867282518
32977055915
10000423727953
1005002315268714
4000557646634
32837065579
32923413441
1005001844761969
4000510987758
32769272638
32945668527
1005001873204883
1005002388306641
32903617977
4000984531188
1005002060204847
4000987864268
1005002371603998
32792236744
1005002425114824
997981634
1005002408370565
1005001812903774
1005002271680274
32960130978
4000865079917
1005002289879293
4000833272228
1005001645289412
33040084752
4000166524893
4000965323716
4000232816707
1005001484955495
4001066600596
32859232351
1005001855222244
4000734477777
1005002287650596
32691556944
4001265924326
1005002375078783
1005002330672706
1005001456376225
1005001746737450
32820692264
1005002355565835
4000432944518
1005002205690214
1005002315739054
1005001356289984
4001208049555
32846692387
4000893273472
32974072641
4000318127182
1788293700
32958118651
4000307866510
1005002301723782
1005001438922884
32862529092
1005002186020485
4001096742238
32787308125
1005002271436443
1005002305365806
1005002017126236
1005002329756068
1005002080915110
32914697175
1005001438647009
32976854496
4001218752965
4000277425842
4000187373398
1005002287807860
1005002343533927
1005002310895694
1005001763780763
1005001704217529
1005002032476249
4000698577678
1005001638927505
1005002488996633
4000698781905
32700178111
32983567687
1005001710729124
1005002365291318
1005001887723496
1005001854797312
4001035104642
32947263886
32885785728
1005002003502855
1005001764061190
1005002387417622
1005002128473292
32577701225
1005001489441320
1005001820392188
33058659478
1005002312633913
33030669585
1005001947922073
32519446214
1005001459399930
4000648739412
1005001619443437
1005002459862661
1005002460459457
32949715404
32916559734
1005002419394624
32808593505
1005002405198094
4000189232250
1005002240324369
32994795431
1005001519513840
4000860114525
32814376667
1005002459150723
1005002261637972
1005001809835491
1005001807721608
4001091341369
1005001385242333
1005002272404662
1005002062157075
1005002323603402
1611817455
1005002122303817
1005002079274971
1005001621721741
1005002254586871
32811709465
1005001355389960
1005002364025521
1005002433490183
1005001664353245
32989500224
1005002378750361
1005001475190094
4000711458709
32985900213
32999134679
4000335556611
4001301976821
1005001657611945
1005002010915861
4000295181955
32880222533
1005001305244724
1005001670915079
4001266668516
32993200873
1005001902009356
1005001935438662
32573563776
1005001665864049
4000004120114
32421172326
1005002347153666
1005001532257020
32815391370
1005001525297832
4001291540909
1005002154503216
30000000655213
1005001325925929
4001066109629
1005001764538331
1005002193043790
1005001650088086
1005001915227368
4000720128403
1005002197227422
4001045662253
1005002307794818
1005001839102236
1005002304357539
33008219058
32458949244
33042256787
4000201215357
32884840083
1005001417075360
4000954979848
1005002017872392
1005002027521053
1005001446936702
1000008316419
4000902132655
1976883052
4000035644594
4001216552495
1005002258845627
1005002336133963
32897832131
1005002480213627
32806517810
1005001833810445
4001137708709
1005002476960283
1005002211761337
1005002271461681
4000170423328
1005001887740982
4000007316946
32481000217
4001103423865
4000878865232
1005002317640813
1005002351775712
4001217899582
4001327650392
1005002375636427
4001201468240
1005002233690528
1005002181104559
1005002272397702
4000023468401
1005002247802433
32991690182
1005002309885156
1005002307473688
4001273171513
1005001511146983
10000084040271
4001247192251
4001359964858
32878223045
1005002063463171
32990480188
1005001575829127
1005002044758560
1005001758734564
4000125080498
32798640325
1005002439133600
1005002332541761
1005002301923313
2011917233
1005001524962717
32811187796
32974924172
1005001839703481
1005001854444155
1005001556885265
1005001720552826
1005001972750405
4001288998463
1005001652531117
4001360759243
32975498493
4001293890377
1005002319206105
1005002246022465
4000827089358
32967156562
10000402340566
1005001423888425
32949401495
4001287091529
4000758003839
1005002259310145
1005001308873135
4001275057150
33059503736
4000774987524
4000715055096
1005002281166357
32957969204
32916725666
32880931453
32963873786
32966188232
1005002179801487
32857257147
32793872511
1005001768258521
1005002438304883
4000438674761
4001220466078
4001294598360
33038921406
1005001470892991
32627653276
33026419566
1005002219659294
1005001686200780
1005001604085978
1005001714805028
1005001493628642
1005001848732829
4000737287179
1005001495561199
1005001525445352
4000714947999
1005001830051658
1005001339480640
1005001813451823
4000116619709
1005002286047189
32978627012
4000932385413
1005001838129826
4000983213818
4001274255170
32868750182
1005002467220607
4001079313878
1005002334862650
1005001553925193
4000183262897
4001187214981
32707399551
32293498849
1005002316760878
32870210338
32951509305
4000811209918
4001236790769
32363219455
32979333047
32830373411
4000078439968
4001220427535
4000865431124
4000188290568
1005002307198179
1005002320799104
1005002137003001
1005001304439599
4000402141146
1005001942930293
1005002472698217
33046157924
1005002065391667
32831293505
33042853611
1005001291417511
1005002076746212
4000889162210
1005001489468379
4000212229954
1005001914281775
32815470149
1005002000780796
32853572621
32980826090
4000240592602
1005002492780620
1005001652761407
32890376536
32902164413
32735530446
32862215689
32971365742
1005002197627404
1005002418693488
4000058478349
32887000226
1005002347793760
4001248992998
4000000755975
32719613251
4001268791234
4000126895934
32765663865
32970214181
4000922588755
33037922418
1005002317044591
1005002368376023
32846478720
4001257535909
1005001616002095