32979336659
1005002260419713
32959239866
4001189560448
33049640964
4000427634972
4000538214343
1005002307213196
1005001948171515
4001138658636
4001295211017
32856726021
1005002406418055
1005002396109702
4001347048258
1005002292459559
33002097901
4000092992210
1005001635631546
1005002494850870
1005001463036577
32974295307
1005002313086631
32989407232
32933672858
32945384555
4000009702140
32753606269
4000384555495
4001239778544
4001040650950
4000037675798
1005002258158163
32703525445
32792253367
4000796527461
1005001704357976
1005002310568051
33001940150
32854316362
32848081605
1005001350129101
1005002424792000
1005002252875656
1005001970771249
1005001830356059
32984554890
4000917922049
32935043309
4001239406508
1005002375696910
32975189487
1005002423486037
10000013111709
1005002357414214
4000953428008
1005002311449522
1005002386143693
1005001899082788
1005002474874656
1005001718856496
4001275381651
1005002341076360
1005002289638147
32742056393
4000049388968
1005002319365310
32790727415
4000941239670
1005002099838062
1005002014450742
1005001795649482
1005002259186523
32916016942
1005002260648553
4001133764470
1005002314378614
1005002279736178
32855779200
1005001334226099
1005002198219408
1005002173042076
4000822990943
4001200791708
32668734251
1005002387272922
32982680407
10000032946685
32915911451
1005002313485089
33019908487
1005001829698482
4000190160602
1005001608774207
32911335852
1005002454854855
1005001419821651
1005001922384220
1005002428692975
1005002292203953
1005001352008581
1005002365674703
4000225744827
1005002332649585
1005002197674970
4000520202831
4000057846377
1005002362845568
4001192674353
1005001389337521
4001230675281
1005001587821984
1005002293275125
32954764468
4000786765527
1005002333753360
4000931775966
4000556070643
1005002066634535
33031753425
1005002316560034
1005002389368816
1005001659066760
1005002344771847
1005002413246631
1005002317043753
1005001920654468
4001041101075
1005002126760069
4001227428839
1005002378405541
32969415504
1005002394968596
1005002205896486
32721224250
4001241451182
1005002248669253
32580275725
1005002467764534
32809665418
1005001660152193
1005002482123573
32812940872
1005002167819531
1005002288762572
32902181541
4001304853090
4000313263373
1005002244608816
1005001679465015
1005001888869842
1005001614328538
4000036231418
1005002388911352
1005001488463265
1005002333658869
1005001902970670
4000135140971
1005001633724632
4001307407114
4001039408485
4000117606971
1005002362841748
10000400053038
32603397425
4000547941993
4000146175370
1005002037542736
1005001899149594
32863222139
1005001431455877
1005001835105701
32953904669
1005001610038850
1005002440241048
1005002268206753
32976706455
1005001794332121
33058813465
1005001736848474
32791196200
1005001481494612
1000006874717
1005002484755696
1005002350933977
1005002472937524
33027359286
1005002319156134
32462567328
32842637164
32972586495
4000268650175
1005002233915821
1005002310825470
1005002290101033
4000641173511
32880985873
1005002384002368
1005001913754103
4001038815364
1005002117649229
1005002456409697
1005002092463839
32963978286
32635759716
1005002408819496
1005002235660020
4000992946882
32921372423
32793523728
32682481088
1005002318826879
1005002080221418
32817935677
32977338016
4001025357099
32953659853
4000058820937
10000395830936
32777250478
32962947553
4000369200426
1005002317597396
4000725218829
32954854673
1005001768395972
33045331880
4001062310169
1005002431098354
1005001823171132
1005001831113563
4000635261241
4001249050295
1005002253921127
1005001557371874
4001273233012
32957409934
1005001441291686
4000200659377
33042053008
1005002427889207
1005002268278516
4000642309159
1005002406094785
4000842977880
10000323720993
32758853709
10000395864234
4001270491515
33011544239
1005002315816967
32948807715
32906040226
1005001598922060
4000098715343
1005001593011791
32898765156
4001297612224
1005001605625827
32922311561
1005002233394068
1005002358185249
4000597329412
1005002430152014
1005001534972292
4000344419576
1005001579811663
32973837602
1005001605750337
1005001666121447
1005002351452933
1005001555121370
1005002423065550
32921319075
4000353099483
4000817650908
32849458394
1005002346336342
32869925965
1005002395007646
32948171568
1005002306970956
1005001954108185
32963460045
1005002055190372
32824595908
1005002322494851
1005001867318594
4000601740279
33005862102
1005002485871059
33031859374
1005002159647056
1005002350723286
32879988587
4001108884382
32902347419
1005001507217390
1005002037425256
1005002110542080
1005002010867705
33058714009
32858534923
4000482838930
1000008421407
4001356776311
4000561589613
4000987346332
32986460509
1005001703402986
4000915629067
4000881680685
1005002297013296
32800881498
4000777904466
4001094296065
33024670092
32885878793
1005001555510608
33028975464
1005002356898344
4000505374581
1005001595827953
32940244070
4000311893086
1005001430049732
1005001379156373
32961959389
1005002003993069
1005001861565170
1005002198832045
4001065471786
1005001860807487
1005002231671972
1005001863525987
4001050395631
1005002433754035
1005002374807383
1005001341141158
32962617712
4000385963466
32848488626
1005002475294816
32619282065
1005001850650993
32921753543
32410346984
1005002383870810
32973556226
4001275640399
1005002471420558
1005002337195487
4001232981167
4001026728903
1005002367924771
1005002332263202
32888483042
32816092257
1005002089251666
1005001495281395
1005001545179665
1005002286969861
10000039199472
32799428671
1005002106421367
32971074499
4000969775812
1005002292421793
33025560543
32569134994
1005001369865214
1005002287559854
1005001849886684
1005002399279099
1005001351066329
4000203685313
1005002382180650
32978253609
1005002453540853
1005002340516979
1000006116978
1005002287955473
1005002296355888
1005002143014414
4000751707550
1005001592041924
1005002471053070
33050448500
1005002218589748
1005002428462868
33044648080
1005001835048153
4000903200287
4001038814875
32900009378
1005002276521652
32987368252
1005002217269584
4000049519962
1005002413347975
32804094093
32855626168
32800089574
32954137219
1005002325196365
32862638238
4001049023070
1005002382219978
4001205743373
1005002440840978
1005001943747249
1005001928556884
1005002454271509
4001219476790
32849581748
1005001858372080
1005002313040065
1005001614967243
4000063949567
4001072990637
4000747535586
32989049654
1005002143626922
4001108908215
10000262016010
1005002282199600
1005001456804955
4001279113130
1005001511144921
4001065354123
33023491036
1005002447545533
32862982525
1005001770533014
1005002397830120
4001316483066
1005001954986267
32882103650
4000992644248
1005002389003211
33018031694
33025206153
1005002263610760
4001218524283
1005002311931087
1005001273835690
1005002044660829
4000362438569
1005001779338494
1005002263908738
1005002314227971
1005001812036562
1005001303366611
1005002454224845
1005002382033592
1005001568431098
1005002310172892
4000200605866
1005002352658507
1005001446041071
4000516508128
1005002334274250
1005002329500962
4000092221321
1005002390136350
1005002381925870
32949431375
1005002424221609
1005002213928460
4000279940478
1005001598724362
1005002357387012
1005001966161903
1005002273474615
1005002225943203
32899192444
1005002439538414
4000247361070
1005002317085083
1005001403932148
32793809532
32882311255
1005002233759201
1005002117267942
4000830186908
33042880266
1005001962972185
1005002273005575
1005001636428608
32607953395
4000222621157
1005001312017055
4001337852431
1005002398865934
4001253633211
4001141580108
4000207779223
1005001598142623
1005002301230756
4000966453229
4000194089380
32865414595
1005002176039383
1005002053561381
32963895302
1005002448441704
1005002270224124
32950992498
32976950055
32773769157
4000141014017
1005002213261107
32780431434
32953782286
1005001858898446
1005002010533852
32792498129
1005001928367791
1005002318452159
1005001373996905
1005002234044241
32906971717
4000439971497
1005002461302107
32481747467
1005002408307983
1005002151295655
32845463172
1005001980099431
1005002372346917
1005001780270588
33025727855
1005001799424451
1005002262716062
1005002348453049
32890081524
1005002079040853
1005001922347062
4001143347481
1005001538619634
1005001287693434
4000848877219
1005001931047223
1005002119892194
32879564936
1005001453403241
1005002490148593
1005001858910024
32982936940
32999652811
4000044025994
33054765448
4000004998452
1005002326033735
10000323809292
4000850616181
1005002242791350
32763117175
33057658135
1005002337121670
4001179464502
1005002239678431
32998369728
1005002104731699
1005002370552134
1005002084663857
1005002282248442
32969707184
4001156373713
33048143897
1005002385405125
1005002452994561
4000788189443
33003205536
1005002159455481
1005002167537249
483728685
1005001278691967
1005001966840755
32803749797
4000590848484
32960062518
32833428814
32817907069
32997344884
1005002484409344
4000241526798
1005001783079980
1005002338595368
32907921091
32952383400
1005001889317031
4001289913139
1005001527751465
1005001514846823
1005002365545417
32872779629
1005001719081509
1005002292858743
32896907224
32860395859
1005002423736130
4001344112526
1005002398946186
1005002460276574
32984082991
32980924371
1005002426017825
1005002474634465
1005002027850600
1005002477917678
1005001499684566
1005001339025193
32821125813
33012710613
32916065891
4000986664930
1005001952874822
1005002327420378
32376855498
32907855534
33015904062
1005002264675100
1005002260770922
32619954879
32919459294
1005001780825152
33011962332
1005002375145870
1005002008726811
4001295168047
1005001807640353
32981694606
1005002284451279
4000576920511
1005001398369833
1005001670781605
4000941820749
33011317803
1005002104976630
1005001506731004
32410771279
1005002314542163
32797469496
1005001848925784
32932484304
4001326063701
1005002217337940
1005001640232625
32986399034
4001077062308
4000987282485
33029008061
1005002454339808
32991328137
1005001855396078
1005002416432629
1005001617042222
33025182793
32965637696
1005002419533762
1005002137038287
1005002125683189
32530168360
1005002408224339
32891060326
1005001809323871
32400688243
1005001464219142
1005002253933141
1005001575053159
4000048209549
4000747597518
1005001631982877
32963640078
4000964214844
4001137821148
1005002441857155
4000917391964
1005002342654205
32948627622
33042834562
1005002483920810
4000247503692
1005002256286392
1005002398771612
4000506466122
4000296161690
4000762183737
1005002330807760
32817411507
4001347382558
1005002263675869
32992692394
4000661190054
1005002471469480
1005001974970924
1005002318431926
1005002008017985
32764244728
32857301685
1005002220017327
32987796046
1005002080439464
1005001954390797
4000910552341
32541660474
1005002041695454
1005001462454758
1005002413353746
33015422097
33057132342
32952194174
1005002355343972
1005002333894745
1005002372374964
32898870996
1005002307114477
1005002059875344
1005001713697826
1005002046408454
1005001644365374
4000613921757
1005001966492360
1005002311361579
1005001586729361
1005001562949532
1005002316960212
32968814050
1005001624176392
4001257143312
1005002414437653
1005001441444267
1005002400979361
32951908844
1005002100834473
1005002245862146
4000546578166
4001028003607
32862967802
1005001999420621
1005001419609014
1005002345670949
4000894888534
1005001474767052
10000027084005
32973661572
32885973405
32993159259
1005002382797732
4000817264871
4001140528048
32956848900
1005002361421613
4000803894257
32983087688
1005002308128164
32996649884
1005001834366596
32907767157
1005001520547347
32773267363
1464734694
32957837735
1005002144153089
1005001966844096
1005002491833518
1005002364031740
1005002323047516
1005002058531263
1005001587547000
1005002420560451
1005002434234887
4001232464375
1005002481460332
4000448166628
1005002275944191
4001138237862
4000371179346
1005002467528081
4001282515447
1005001650862272
32805797808
32694934649
4001031053357
1005002264177195
4000385913621
4000686712611
1005001335169760
1005002066288359
1005002424114463
1005002466145444
32859755560
1005002327997352
1005002490481378
32805861650
32916174070
1005001672134202
32222402069
32860274253
32918534118
1005002314341791
1005002376598545
1005001709709386
4000725232744
1005002416970407
1005002387199222
1005002206454828
4000721074425
32857662393
32976888860
4001045204507
1005002396486808
1005001873071009
32816082067
32922206320
32905294510
32804701239
1005001553655077
1005001465144864
1005001764649809
4000834164126
4001226713997
1005001619933268
32967396870
33011220518
4000344534667
1005001844449304
1005001567171584
32966299613
1005002487870096
1005001851405524
32872890809
1005002003095504
1005002301093768
4000626129314
1005001445077926
1005002396340418
1005002423940416
1005002362532626
33012699913
1005001728727332
32737520426
32351659885
1005001792303874
4000009105704
1005002020674260
32504575806
1005002378876365
1005001393170158
1005002192658558
32981942290
1005001580188293
1005001858708559
32878465083
1005001297786680
1005001913911370
32971306458
1005001567327605
1005002332873327
32998773956
1005002495762683
1005002328141592
32918966748
33026380887
1005002206349671
1005002265494232
32846050137
1005002200581444
1005002495531948
10000412022398
1005002041550678
1005002314411833
1005002337524205
1005002478604629
33015033689
4000862869665
1005001565209613
1005002285761236
32687883544
4000017926574
10000277072105
1005002287010058
4000828771526
1005002480600080
32736605263
1005001591291133
1005001770457768
1005002224849996
32823863271
1005002454427428
1005001843930312
1005002086053540
1005001854171593
33040043503
32795434787
1005001729366241
1005002310953289
1005001516284188
1005002030618184
1005002260899705
32930436741
1005001809714049
4000052115664
1005001499048782
4001257084234
32894328059
1005001893290346
1005001926960635
4000837132916
1005002028758299
1005001961973874
4000792762061
32899719082
1005002376090637
4000270052494
1005002289523689
1005001993434957
1005001834670298
1005002388167392
1005001952593725
1005002311839855
1005002274054767
1005002304052251
4000835051770
1005002500529296
1005002081778784
32987684635
1005002262878091
4000723866226
4000032572877
32852296321
1005001501936288
1005001279741165
32924806020
1005002484266087
4001230400179
32963685984
4000198917270
4000171137735
4000981392185
32596731507
4001228649112
1005002325452334
32938687429
4000546571889
4001137862970
32981070683
1005002349828444
32616924333
1005002304163852
32377329640
32885421369
33013208041
1005002372105810
1005002090458119
1005002319212680
4001164160943
1005002006976706
1988716999
4000641356489
32963972784
1005002279833329
32932927797
33014866220
1686628574
1005002413328712
1005002234032098
1005001598820149
4000367919355
4001179619364
1731827121
1005002299378161
4000076841501
32444435937
4000850242502
1005002270324139
1005001758631382
1005002371536130
4001118983495
4001189660102
1005002271960114
1005001895610798
1005002358136914
4001083908640
1005001850872298
4000306701872
4000681112596
4000973109018
33024440076
32794648602
33032654161
1005001666767768
1005002314187934
32963267305
32992664491
1005001438812516
1005002330455920
1005002285635339
1005001820920304