1005002440144672
4000912432621
32666125983
1005002019318686
1005001525378477
4000242163516
1005002068448487
32983823053
32789452374
1889289879
4000988158248
1005002313744169
1005002287425272
1005001834530575
32821133915
1005001818019730
4000340184251
4001085025763
32459451645
4000410099419
32971008868
1005001956683504
1005002040265113
4001211911323
32965150603
4001220528434
4000594689783
32990232183
32856861821
1005001814679826
32496580671
4001240247905
4001165790808
33001814338
4001275121446
1005001280045455
1005001736738260
1005001437079924
1005002271957492
32610524741
1748960601
4000364685271
1005002288212372
32907179540
1005002273720373
4001197942189
4000212836421
32391476274
1005002254037755
1005001330194859
1005001444463724
32883890707
1005002459332424
32972475125
1005001621166051
1005002068929594
1005002182462445
1005001658269711
1005002311470396
1005001942429704
1005001998699293
4000386152279
1005002480289987
32958387050
1005002466866913
32979645124
32825957583
1005002443665504
4000175469815
32976932704
4001042015197
32772344414
1005002334525463
1005002224544544
1005002268361303
1005002281506961
1005002344683233
1497143025
4000909313262
32921654956
32822766132
32676239303
4001205954196
1005001670554967
1005002310533589
32826542258
1005002186494302
1005002196848937
4001054333751
1005001609499657
1005002442742315
1005001698644364
1005002377994583
1005002393105240
1005002288309173
1005001975099273
1005001577241438
32649794216
4001287259191
4001120737628
1005002276105466
1005001825847470
32814790743
1005002359240003
4001215979647
32982429342
1005001625924327
1005002022836598
1005002211488218
1005002324173373
1005001927847278
1005002314614719
1005002197321563
32844032773
1005002086505371
32847999490
32852289774
1005001857216177
1005002205800968
1005002370285624
1005001779728787
1005001879067746
32976113925
4000746666136
1005002367699238
1005002495949312
1005001475692273
32861406470
32984599253
10000372135095
1005001611273684
32959826394
32803191716
1005002400583295
1005002497305652
1005002059553369
1005002365247941
1005001479921079
1005002364105462
32901889934
1005001859374719
4000747399015
4000935486432
1005001573763782
1005002357479692
1005002282278802
32530284884
33056049576
1005002262778543
1005002357742548
32555773455
1005001413886749
1005001826040448
1005001833251917
1005001913114089
1005002262403630
32857756939
1005002485299559
33004609585
4001061663072
4000227910376
32673603926
32920399519
1005001457017707
1005001462466049
1005002395545769
33001896766
1005002323150176
1005001722000559
1005001500868342
4000986875966
1005001954426618
1005002403861977
32861301059
1005002248368512
32699045423
32851183060
1005001784958300
32912199718
4001044174050
1005002108105661
1005001676426058
4000469467721
4000302728194
4000901508374
32958853284
4000854746979
1005002351700482
1005002341712734
1005001462048315
1005002160321275
1005001891628306
32820831240
4001147540433
4000376806012
4001088831013
4001244265616
1005001934260301
4000498210104
4001361238419
4000983976071
4001063715336
4000873114485
32975450302
1005002260121493
1005001585147648
4000399749276
1005002370620130
1005001666661007
1005002289833934
1005001597721981
1005002399215884
1005002357613766
10000055547569
1005002317022570
1005002254119248
32830208985
1005002374420062
1005001345113101
1005001787260012
4000679413354
4000077340947
4000977817528
1005002431461008
4001335468422
33016630973
1005002382746123
1005002358037912
32909153899
1005001889931679
4001335517606
33046453225
4001145684476
4001019412284
1005002298308439
33010085001
1005001573089909
1005002318691751
4001049797760
32918305206
1005001990510776
32913065854
1005001942859832
4001296270687
32808325735
33010295451
33063554286
32792480060
1005001305637953
32959724567
4001065066586
1005002302551948
1005002056369512
1005002103863306
1005002278975790
4000385925316
1005001966845023
1005002175969122
32959723454
4000333637497
1005002197457875
4000253199358
4000427499820
1005002351178236
1005001899433602
1005001962701189
1005001907720740
1005001872829648
32878960382
33001410673
1005002365830959
1005001638547601
1005001585086946
4000510764389
1005001556812842
32968084819
33002133688
4000096033682
1005002220969380
1005001413091759
10000413460508
1005002193791995
1005001425476544
1005002231685240
4000551355950
1005001797779350
4000070814647
1005001993563268
1005002003459568
4000300668838
1005002362326592
32857166003
1005002310937374
4000065438411
1005002051060544
1005002337926499
4000531916849
1005002481510045
1005001507839079
33049874082
4000982795975
1005001525351609
32886748861
4000380803144
1005002181593619
1005001882456438
1005002458020936
1005002314260034
4000105502621
1005001611655704
1005002353403454
1005002070111974
4000466087823
4000124084580
1005001412668557
4001223103700
1005001677977669
4001228706676
32965418679
1005002384748376
4001039084312
32979311117
1005002086130846
4001271006505
32986545821
1005001559331794
33045494183
1005002372267642
1005002357404320
1005002353314204
32861688086
4000926429816
32788777150
4001350307352
32849273008
1005002089670587
4000134174088
1005001717785690
1005002105315977
32663516125
4001023845639
32973355990
32984030953
32988093813
4000105707508
1005002262053929
4000119827828
4000121370636
1005002245351960
1344488468
33003918705
1005002167865897
1005002467062223
1005001764115259
1005001895146938
1005001872802308
1005002340231794
4001231914365
32974720377
1005002394914495
1005001450208902
1005001495139701
32979217989
1005001696068463
32885240691
32811627326
4000070254625
1005002421687408
32962395508
33039662724
1005002284856205
4000026058494
1753767043
1005002329207761
32965956771
33056590538
1005002432303479
4000909824663
10000369389236
1005001433219149
1005001694610118
1005002175774789
1005002241082175
4000800832641
32869617868
4000039601397
1005001546420378
1005002259409140
1005002456651679
1005002342885100
4001030996319
1005002334552379
1005001755393895
33007556821
32799693503
4000927246015
1005002376135096
32997493198
33048177150
1005001799643738
1005002337284746
4001059454903
32726972233
32881318979
1005001568512626
4000955803590
1000007934975
32845986178
1005002213374562
4001031156380
1005001430047923
1005002310286430
32816413856
1005002122287865
1005001700011478
1005002340124281
1005001859257369
1005002474183938
1005002389688065
1005002246837988
1005002334093177
1005002336983683
32882358130
1005001708921409
1005001857077553
1005002305310985
1005002465396877
32879696189
4000990831528
1005002371867534
33000623116
1005001816628152
1005002253795250
1005002364487923
32608915292
1005001913205887
1005001623512850
1005002297809928
1005002476878176
1005001698572916
4000043777119
2036668241
32882779641
1005001883747356
1005002254653300
1005001838603938
1005001831072192
1005002454259545
32824586825
1005002039578102
33012349251
1005002312747779
4000049024529
1005002346148516
1005002022764166
1005002298575208
1005001898826879
4001187072164
32846742750
32847705435
32986527014
10000395858820
32981072089
4000346139902
32605807327
32976129961
1005002310281540
1005002305040012
1005002340257617
4000815019137
1005002271330535
1005001848467500
1005001634654313
1005001977754346
4000419345730
1005001734322858
4000966751775
1005002150477955
1005001770557949
4000501956672
32776222673
4000384409582
1005002273392679
1005002383233619
1005002500590026
4000141560053
32908052146
32686138612
1005002363311456
4001097522042
4001247148991
32970534294
32915534142
32315417401
1005001537787429
1005001942982526
1005002390878150
32969319487
32989823814
4001133884872
4000755401947
1005001731953119
1005001612202002
1005002466911476
4000888402464
4000580786873
4000059399009
32707915909
1005001587359685
32563453354
4000703928741
1005001883455008
1005001859476670
1005002396182253
4000593682041
1005002324023578
32601485792
1005001445512857
32866971976
1005002270407549
1005002346363160
1005002125091686
10000023295415
32790914964
32970817788
1005002280367628
4001107168297
1005001654995542
1005001632017805
1005001524954406
1005002307287547
32948339359
1005002314099589
32829018520
4000076152961
4000313509352
10000232609107
32845942673
1005001482849039
1005002231778078
1005002199413494
32863057776
1005002130345925
4001153871136
1005002223832468
32841532401
1005001457557937
4000874824400
1005002089454422
32852986434
33001086890
1005002345750737
1005002482394260
1005002283279909
1005001362386698
4000695518687
1005002398822173
1005001972093049
1005001431519145
1005002211003434
4000897331220
32980384140
1005002416271049
32965081457
4001220471666
1005001568789481
1005002081634391
32555569094
1005002351752160
4001193412206
1005001389826051
4001111719535
1005001952868120
1005001894501602
32913713008
4000919735462
1005002369272527
4000833195293
1005001836121153
1005002426361807
1005001506608070
32952584648
32853502980
4000755425342
4000028706049
33010191742
1005002448316473
32893231959
4001270412953
1005002120468559
4001358185827
32865517472
1005001727977715
33008341647
32238048979
32841354684
1005001840375485
1005002353843547
1405310608
1005001482576910
1005002338511709
1005002383173579
4001179697770
4000459846461
1005002277415323
1005002022260126
32405453074
1005002015365952
1005002443608948
4000870460041
4000129678488
1005002286293882
32909000877
1005002187875204
1005002387363037
1005002450759632
1005002262510598
342678729
1005002497382817
1005002207547567
1005002482925699
1005002499521071
1005002097318853
32977913516
4000650287746
4000100362702
4001166173311
4000031832607
32971456694
32865250807
1005002181488070
1005002167852408
4000333291198
33027429487
32728214413
1005001627204509
4000917684025
1005001699687219
32832221757
1005001441382681
1005002033791294
1005002008373647
1005001640787023
1005001682269606
4000170332604
32976464772
33044446824
756491492
1005001314626073
32710456870
1005002258757069
4000538657050
1005001304389609
33012800080
1005001883776786
4001306615566
33047097335
1005002487220221
1005002497303673
1005002303842720
4001228491427
4000595185915
1005002341793292
32882193714
1005001286025487
32851469747
10000006199996
1005001868169966
32851352151
32998221634
1005002440040869
4001090012008
32908345695
1005001512977724
32923607771
1005002310883767
1779806853
1005001868463953
1005002432416886
1005002357261085
33032906137
1005002244037872
1005002304366486
1005002450531950
1005001995672811
1005002483433057
1005001267089481
33017775269
32996764061
1005002398859453
32710972373
32946783189
4000051410242
1005002425175240
1005002372093512
1005002350728470
1005002315344628
1005002293575750
1005002233338526
4000630474245
1005001993865096
1005001333947028
4001060765107
1005001899020652
1005002270193921
4000389421136
4000064701430
1005002051806046
32852501528
32974780259
32689197106
1005001794037084
1005002345755611
1005002252583378
1005001831882010
1005002319066003
32981030940
1005002146904318
32867458097
4001166970516
1005001705263017
32972752717
1005001934101178
1005001424389460
33027557300
4001290981303
32785554558
4000152595837
1005002321695397
32619008696
1005002327309516
1005002434669864
32917797415
32975504989
4000002724676
1005002369923023
1000006079576
1005002374663760
1005001570698145
1005001887675266
1005002259004437
1005002395208455
1005002404300965
4000546632125
32898429000
33001243461
32682572750
1005002314245908
4001038547486
1005002464435395
1005001288151355
1005002392470711
1005002365913243
33039399070
4000466566749
32836210295
4001179686950
4001131535927
1005002473612748
1005002338194746
1005001883103930
32709944093
1005002287825491
4000259968762
1005002427804844
1005002412009607
32857113846
32845718693
32947686072
1005001877932179
4000899523440
1005002338796729
1005002089291371
4000987287617
1005001671225745
32969209637
33030924877
33024090100
4001290090775
32933106843
4000335036417
32765562856
1005001870400855
32986765333
1005002307966167
1005002441851101
4000294682295
4000530173185
32986233662
10000376217718
32952888241
32674225183
1005002011858869
1005001525489324
32694394116
4001313183017
1005002342871320
4000492811025
4000036763025
1005001585316121
1005001489817020
4000188159897
4000216074856
32577177648
1005001802723504
1005001354330256
1005001763852649
4000404890820
33035260031
1005001715500712
1005002039942027
4000856499487
1005002456941880
1005001718745164
1005001429628955
4001155775405
32967434817
4000875298331
33002376531
1005001463806851
32579775040
1005001552590847
4000769605953
1005002496614306
33024572410
1005002105933253
1005001617626215
32712707951
4000429557446
1005002316088612
1005001995264265
1005002483656625
4001076696469
33007756595
4001150667986
4001266772656
33037639649
1005002324154361
1005002318261655
4000393684993
32814972534
1005002115324735
4001084935572
1005002377727944
32887410662
4000906675475
1005001925312286
4001130842160
1005002477315840
1997323713
1005002259512260
4001298644389
1005001500481618
1005001304426578
1005002280695203
33040881523
1005002224595922
4000182157620
1005002382318364
1005001587696731
32790057795
1005002294081114
32914307730
32568843490
32764062441
33019338546
1005001469026153
1005001742753103
33013715809
4001252440554
4000944846386
4000199685229
4001040971969
32374059992
1005002006959430
1005002297226503
33045045101
32875142053
1005002240285539
4000065042275
4000176450714
1005001436178316
4000283515067
1005002054642986
4001066525823
32955099151
32950506542
32949643097
32889274746
1005001836217712
4000976583409
1005002376166626
1005001955286122
4001077528905
1005002338005037
1005002452854659
33005165881
1005002419969718
1005002226408523
4000343867044
1005001391328383
32823650675
1005002166221096
33064247087
32859388216
1005001514914023
1005001530536357
32850215188
4001227423005
1005001402426386
1005001834433814
32833048687
1005002390893859
32946200250
1005002319307546
1005002427340506
1005002443451512
1413955658
1005002305070050
1005001570316119
4001150331888
4000067707929
1005002250023889
4000311937033
33041300753
4001251392369
32961746191
1005002490115222
4000777081032
1005001567174689
1005002299100490
32975601202
4001104562133
4001015235025
1005002373186975
32982230899
32974634627
4000663638281
32896853392
32852953902
4001360705433
10000399954478
1005002314429027
1005002387586795
4001074049989
4001091990729
32918534037
4001335366417
32831263447
1005002400026922
1005002318886746
1005002341003166
4001062284466
4001153046927
33035877028
32684274225
1005001962743740
1005002419656271
1005002377206193
4001105146148
1005001387886346
1005001966754169
4001294269178
32997833076
4000740322276
1005001452543729
32930452515
4001283134941
1005002304727754
32626229211
1005001809985397
4000631312764
1005001295168348
1737911549
1005002114789238
4000241078780
1005002412311668
33040994248
10000024039712
32865771243
1005001279229475
1005002430719809
1005002487087930
32589212201
1005001990323282
4000474029008
33044663582
1005001721665426
1005002409261348
32831119996
1005002390854285
4001278876799
1005002211484844
1005002055293125
4000484208893
33010297775
4001053391356
1005002469158955
1005001407456174
1005002192093375